100 390 5
0 1 1 1 0 1 1 0 1 1 0 0 0 0 1 1 1 1 0 0 0 0 1 0 1 0 1 1 0 1 0 1 1 1 0 0 0 0 1 0 1 1 1 0 1 0 1 1 1 0 1 1 1 1 0 0 1 0 0 1 0 0 1 1 0 0 0 0 1 0 1 1 1 0 0 0 1 0 0 0 0 0 1 0 0 0 1 1 1 1 0 0 1 0 0 1 1 1 0 1
0 0 0 1 0 1 1 0 1 0 0 0 1 1 0 1 1 0 0 0 1 1 0 0 0 1 1 1 0 1 0 0 1 0 1 0 0 1 0 1 0 0 0 0 1 1 0 1 0 0 0 0 1 0 0 0 0 1 1 0 1 1 1 0 0 1 1 1 1 0 0 1 0 0 0 0 1 0 1 0 0 0 1 1 1 0 1 1 0 1 0 1 1 0 1 1 1 0 0 0
0 0 0 0 0 1 1 1 0 0 1 1 1 1 0 0 1 0 1 0 0 1 1 0 0 0 0 1 0 0 0 0 0 1 1 0 0 1 1 0 0 0 1 0 0 0 0 1 0 1 0 0 0 1 0 1 0 1 0 0 1 1 0 1 1 1 0 0 0 0 1 1 0 0 1 0 1 1 0 1 0 1 0 1 0 0 1 1 1 1 0 1 0 0 0 1 1 0 0 1
0 1 0 0 0 1 0 1 0 0 1 1 0 1 0 0 1 0 0 0 0 0 1 0 0 0 0 0 0 0 1 1 1 0 1 1 0 0 1 1 0 1 1 0 0 0 1 1 0 0 0 1 0 0 1 1 0 1 0 1 1 1 1 1 0 1 0 0 0 0 1 1 1 0 0 0 1 1 1 0 0 0 0 0 0 1 1 1 0 1 1 1 1 0 1 0 1 0 0 1
0 1 1 0 1 1 1 0 1 1 1 1 1 1 1 1 1 1 1 1 0 0 0 0 1 1 1 1 1 1 0 1 1 0 0 0 1 0 0 1 1 1 1 1 1 0 1 0 1 0 0 1 0 0 0 0 1 1 0 0 1 1 0 0 0 0 0 1 1 0 0 1 0 0 1 1 0 1 1 0 0 1 0 1 0 1 0 0 0 1 0 0 0 1 0 1 0 1 1 1
0 1
0 2
1 2
0 3
1 3
2 3
0 4
1 4
2 4
3 4
3 5
4 5
0 5
2 5
3 6
5 6
4 6
0 6
1 7
5 7
6 7
0 7
3 8
0 8
6 8
7 8
1 9
3 9
5 9
0 9
7 10
2 10
4 10
3 10
5 11
0 11
9 11
3 11
7 12
8 12
6 12
9 12
12 13
5 13
0 13
2 13
6 14
9 14
3 14
5 14
10 15
4 15
0 15
1 15
9 16
5 16
11 16
4 16
10 17
4 17
3 17
6 17
1 18
11 18
12 18
3 18
1 19
11 19
8 19
7 19
4 20
0 20
3 20
10 20
19 21
6 21
15 21
3 21
9 22
5 22
1 22
20 22
6 23
10 23
0 23
3 23
7 24
8 24
1 24
0 24
13 25
0 25
6 25
1 25
3 26
0 26
24 26
8 26
7 27
4 27
0 27
24 27
3 28
24 28
4 28
11 28
22 29
20 29
7 29
14 29
3 30
6 30
18 30
28 30
21 31
19 31
20 31
15 31
18 32
4 32
8 32
2 32
7 33
28 33
24 33
6 33
4 34
32 34
6 34
18 34
1 35
8 35
4 35
23 35
28 36
1 36
4 36
14 36
10 37
0 37
22 37
31 37
16 38
11 38
0 38
31 38
5 39
21 39
20 39
1 39
4 40
29 40
31 40
7 40
32 41
14 41
28 41
40 41
3 42
12 42
10 42
1 42
14 43
28 43
3 43
41 43
1 44
11 44
17 44
12 44
7 45
24 45
5 45
8 45
23 46
0 46
6 46
12 46
7 47
9 47
38 47
37 47
4 48
3 48
14 48
11 48
31 49
33 49
19 49
13 49
6 50
14 50
10 50
12 50
0 51
3 51
27 51
40 51
6 52
44 52
8 52
38 52
1 53
13 53
39 53
44 53
12 54
18 54
1 54
4 54
18 55
8 55
0 55
6 55
44 56
11 56
22 56
10 56
4 57
55 57
2 57
13 57
41 58
16 58
4 58
11 58
53 59
8 59
19 59
9 59
0 60
12 60
57 60
8 60
41 61
14 61
51 61
1 61
1 62
9 62
3 62
10 62
0 63
1 63
10 63
5 63
18 64
37 64
13 64
34 64
62 65
34 65
23 65
32 65
42 66
35 66
38 66
41 66
1 67
20 67
60 67
8 67
54 68
51 68
31 68
57 68
28 69
38 69
12 69
31 69
38 70
27 70
34 70
14 70
49 71
5 71
29 71
18 71
22 72
29 72
46 72
0 72
44 73
32 73
8 73
19 73
58 74
41 74
36 74
63 74
69 75
60 75
42 75
12 75
3 76
11 76
20 76
16 76
28 77
36 77
3 77
60 77
41 78
16 78
12 78
0 78
38 79
41 79
52 79
74 79
70 80
44 80
5 80
34 80
13 81
22 81
4 81
8 81
46 82
9 82
18 82
68 82
26 83
39 83
1 83
3 83
44 84
41 84
70 84
55 84
52 85
50 85
24 85
8 85
49 86
8 86
41 86
28 86
59 87
12 87
0 87
32 87
67 88
3 88
61 88
20 88
31 89
85 89
41 89
11 89
4 90
30 90
41 90
52 90
84 91
11 91
56 91
69 91
1 92
44 92
32 92
2 92
84 93
46 93
23 93
30 93
16 94
3 94
50 94
2 94
72 95
84 95
7 95
4 95
34 96
5 96
0 96
12 96
19 97
15 97
88 97
92 97
24 98
28 98
3 98
7 98
8 99
34 99
24 99
31 99