100 390 5
1 1 0 0 1 1 0 1 0 1 0 0 0 0 1 0 0 0 1 1 0 1 1 1 0 0 1 1 0 0 0 1 0 1 0 1 1 0 0 0 0 1 0 0 0 1 1 0 0 0 1 0 1 0 1 1 0 1 1 1 0 1 0 0 1 0 1 1 0 1 1 1 0 1 1 0 1 0 1 1 0 0 1 1 0 1 1 1 0 1 0 0 0 0 0 1 0 0 1 0
0 1 0 1 0 0 0 0 1 1 1 1 1 1 1 1 1 1 1 1 0 1 1 1 1 1 0 1 1 0 1 0 1 0 1 1 0 1 0 1 1 0 1 0 0 0 0 0 1 1 0 1 1 0 1 1 0 0 1 0 0 1 1 1 1 1 1 0 1 1 1 1 1 0 0 0 1 0 1 1 0 0 1 1 0 0 1 1 1 1 0 0 0 1 1 1 0 0 1 1
1 0 0 1 0 1 0 0 0 0 1 0 0 1 0 0 0 0 0 1 0 0 0 0 1 1 1 1 1 1 0 1 0 0 0 0 0 1 1 0 0 1 0 0 0 1 1 1 0 1 0 1 1 0 1 1 0 0 0 0 0 0 1 0 0 1 1 1 0 0 0 0 1 1 0 1 0 1 1 1 0 1 1 1 0 1 1 1 1 1 0 1 1 0 1 0 0 0 0 1
1 0 0 0 0 0 0 1 0 1 1 0 0 1 0 1 1 1 0 0 1 1 1 0 1 0 0 1 1 1 0 0 1 1 0 1 1 1 0 1 1 1 1 1 0 0 0 0 0 1 0 1 1 0 1 0 0 0 1 1 0 1 1 1 0 1 1 0 1 1 1 0 0 1 0 0 0 1 1 0 0 1 0 0 0 1 1 1 1 1 1 0 1 1 1 1 1 0 0 0
0 0 1 1 1 0 1 1 1 1 1 0 0 0 1 1 0 0 0 1 1 0 1 1 0 1 0 0 0 0 0 1 0 1 1 1 1 1 1 0 1 0 0 1 0 0 0 0 0 0 0 0 0 1 1 1 0 0 1 0 0 1 1 1 1 1 1 1 0 0 0 1 1 1 1 0 0 0 0 1 0 1 1 1 0 1 1 1 0 1 1 0 0 0 1 1 1 0 1 1
0 1
0 2
1 2
0 3
1 3
2 3
0 4
1 4
2 4
3 4
2 5
0 5
1 5
3 5
2 6
1 6
4 6
0 6
4 7
6 7
2 7
1 7
5 8
6 8
3 8
7 8
3 9
4 9
1 9
0 9
1 10
7 10
4 10
0 10
10 11
3 11
4 11
9 11
9 12
4 12
6 12
0 12
4 13
3 13
5 13
9 13
1 14
7 14
4 14
8 14
12 15
9 15
10 15
1 15
4 16
14 16
10 16
1 16
1 17
13 17
12 17
2 17
9 18
0 18
4 18
7 18
15 19
3 19
12 19
5 19
1 20
12 20
19 20
18 20
1 21
18 21
6 21
11 21
19 22
9 22
17 22
18 22
11 23
12 23
4 23
2 23
12 24
13 24
7 24
18 24
1 25
0 25
12 25
6 25
10 26
15 26
9 26
1 26
24 27
21 27
23 27
4 27
11 28
9 28
5 28
1 28
14 29
2 29
7 29
16 29
19 30
17 30
12 30
13 30
27 31
18 31
9 31
25 31
11 32
27 32
20 32
0 32
0 33
1 33
17 33
27 33
0 34
16 34
21 34
7 34
21 35
1 35
32 35
7 35
35 36
21 36
9 36
4 36
9 37
15 37
5 37
27 37
1 38
5 38
18 38
19 38
12 39
25 39
38 39
34 39
12 40
3 40
28 40
0 40
7 41
12 41
2 41
1 41
24 42
18 42
10 42
0 42
4 43
15 43
10 43
2 43
14 44
4 44
2 44
24 44
12 45
40 45
3 45
24 45
30 46
38 46
36 46
17 46
31 47
6 47
4 47
37 47
1 48
13 48
24 48
10 48
40 49
6 49
33 49
12 49
23 50
37 50
9 50
32 50
13 51
5 51
24 51
1 51
2 52
45 52
46 52
42 52
29 53
51 53
42 53
18 53
2 54
3 54
9 54
21 54
8 55
23 55
48 55
14 55
2 56
7 56
4 56
21 56
4 57
21 57
38 57
39 57
17 58
28 58
5 58
51 58
29 59
32 59
6 59
0 59
48 60
1 60
20 60
18 60
57 61
3 61
12 61
26 61
32 62
36 62
3 62
16 62
58 63
29 63
14 63
36 63
16 64
11 64
28 64
0 64
15 65
36 65
18 65
64 65
19 66
1 66
33 66
61 66
1 67
35 67
0 67
12 67
44 68
13 68
14 68
5 68
23 69
12 69
18 69
5 69
10 70
5 70
25 70
3 70
17 71
3 71
14 71
1 71
30 72
27 72
7 72
19 72
68 73
21 73
2 73
3 73
71 74
4 74
31 74
53 74
55 75
48 75
32 75
7 75
4 76
7 76
9 76
28 76
70 77
12 77
68 77
7 77
20 78
47 78
39 78
59 78
59 79
28 79
31 79
22 79
20 80
24 80
9 80
71 80
22 81
5 81
0 81
37 81
0 82
77 82
68 82
3 82
29 83
59 83
61 83
0 83
24 84
21 84
55 84
67 84
82 85
26 85
7 85
32 85
25 86
9 86
5 86
31 86
40 87
69 87
9 87
6 87
4 88
25 88
38 88
12 88
25 89
29 89
66 89
0 89
18 90
45 90
1 90
3 90
25 91
19 91
55 91
1 91
37 92
4 92
38 92
49 92
9 93
21 93
76 93
53 93
17 94
24 94
64 94
34 94
9 95
37 95
10 95
51 95
21 96
38 96
90 96
59 96
73 97
56 97
23 97
14 97
1 98
0 98
72 98
86 98
29 99
6 99
14 99
39 99