100 390 5
0 0 0 1 0 1 0 1 1 1 0 1 0 1 1 0 0 0 0 1 1 1 1 0 0 0 0 1 0 0 0 0 0 1 1 0 1 0 1 0 1 1 1 0 0 1 1 0 1 1 1 0 0 1 0 1 1 1 0 1 1 1 0 0 0 0 0 1 0 1 0 1 1 0 1 1 1 0 0 1 1 0 1 0 1 0 1 0 0 1 1 0 1 1 0 0 0 1 0 1
0 1 1 0 0 0 0 0 1 1 1 1 0 1 1 1 1 1 0 0 0 0 0 1 0 0 0 1 1 0 0 1 1 0 0 0 1 0 1 0 0 0 0 1 0 1 0 1 1 0 1 1 1 1 0 1 1 1 0 1 1 0 1 1 1 0 1 0 1 0 1 0 1 0 0 0 0 1 1 0 1 1 1 0 1 0 0 1 1 0 1 0 1 1 1 0 0 0 0 1
1 0 0 1 1 0 1 0 0 0 1 0 0 0 0 0 0 1 1 0 0 0 1 0 0 0 1 0 0 1 1 1 0 0 0 1 0 1 1 1 0 0 0 1 1 0 0 0 0 1 1 1 0 0 1 0 1 1 1 0 0 1 0 1 1 0 1 0 0 0 0 0 0 1 0 0 1 1 0 0 1 0 1 1 1 1 1 0 0 1 1 0 1 0 1 0 1 0 0 0
0 0 1 1 0 0 1 1 1 1 1 0 0 0 1 0 0 1 0 1 0 1 0 0 0 1 1 0 1 1 0 1 0 1 1 0 0 0 1 1 0 0 0 1 0 0 0 1 1 0 1 1 0 1 1 1 0 0 0 1 0 1 0 1 0 0 1 1 0 1 1 0 1 1 0 0 1 0 1 1 1 1 0 0 0 0 0 0 0 0 1 0 0 0 0 0 0 0 1 0
1 0 0 1 0 0 1 1 0 0 1 0 1 0 1 0 0 1 1 1 0 1 0 0 0 0 1 1 1 0 1 1 1 1 0 1 0 0 1 1 0 0 1 1 0 0 1 1 1 1 0 1 1 0 1 1 1 1 1 0 1 0 0 1 0 0 0 1 1 0 0 0 1 1 1 1 0 0 1 0 0 1 1 1 0 1 0 1 1 1 1 1 1 0 1 0 1 0 1 0
0 1
0 2
1 2
0 3
1 3
2 3
0 4
1 4
2 4
3 4
0 5
4 5
3 5
1 5
0 6
3 6
5 6
4 6
4 7
5 7
1 7
6 7
5 8
4 8
6 8
0 8
8 9
3 9
2 9
1 9
3 10
7 10
0 10
6 10
6 11
4 11
9 11
1 11
5 12
2 12
0 12
4 12
7 13
4 13
12 13
8 13
5 14
2 14
10 14
1 14
5 15
8 15
0 15
14 15
12 16
0 16
9 16
4 16
8 17
5 17
2 17
7 17
11 18
1 18
0 18
8 18
10 19
3 19
6 19
18 19
18 20
1 20
4 20
8 20
0 21
4 21
10 21
7 21
12 22
7 22
4 22
1 22
17 23
20 23
3 23
21 23
1 24
4 24
8 24
3 24
3 25
10 25
1 25
22 25
12 26
9 26
8 26
23 26
9 27
6 27
12 27
0 27
18 28
3 28
4 28
16 28
8 29
4 29
26 29
2 29
9 30
11 30
8 30
23 30
8 31
9 31
6 31
5 31
1 32
3 32
6 32
29 32
26 33
10 33
17 33
12 33
25 34
4 34
12 34
7 34
5 35
9 35
10 35
8 35
25 36
5 36
33 36
8 36
30 37
3 37
16 37
6 37
27 38
4 38
8 38
5 38
4 39
24 39
3 39
36 39
12 40
21 40
0 40
15 40
11 41
28 41
39 41
9 41
30 42
20 42
39 42
6 42
20 43
3 43
9 43
4 43
5 44
19 44
11 44
0 44
1 45
16 45
10 45
36 45
11 46
9 46
18 46
2 46
36 47
23 47
7 47
0 47
3 48
11 48
44 48
43 48
17 49
31 49
20 49
9 49
30 50
1 50
3 50
4 50
0 51
28 51
42 51
20 51
31 52
33 52
12 52
0 52
15 53
0 53
8 53
2 53
6 54
51 54
10 54
0 54
11 55
52 55
41 55
25 55
0 56
12 56
1 56
31 56
27 57
42 57
25 57
3 57
57 58
3 58
20 58
43 58
24 59
13 59
8 59
1 59
30 60
8 60
0 60
21 60
4 61
12 61
10 61
17 61
31 62
0 62
58 62
4 62
48 63
29 63
4 63
8 63
1 64
5 64
18 64
3 64
20 65
8 65
19 65
4 65
8 66
62 66
39 66
64 66
8 67
60 67
23 67
6 67
6 68
1 68
30 68
63 68
35 69
51 69
8 69
3 69
0 70
15 70
43 70
20 70
41 71
62 71
9 71
36 71
60 72
20 72
62 72
49 72
52 73
22 73
59 73
12 73
9 74
59 74
55 74
17 74
9 75
12 75
14 75
36 75
60 76
52 76
1 76
33 76
15 77
51 77
54 77
7 77
29 78
23 78
8 78
12 78
27 79
2 79
12 79
23 79
10 80
72 80
3 80
4 80
4 81
7 81
32 81
8 81
52 82
61 82
10 82
33 82
16 83
71 83
8 83
3 83
71 84
36 84
20 84
2 84
7 85
59 85
73 85
2 85
1 86
68 86
71 86
21 86
19 87
24 87
3 87
68 87
1 88
68 88
3 88
72 88
39 89
4 89
31 89
0 89
44 90
12 90
73 90
51 90
46 91
62 91
15 91
66 91
17 92
27 92
2 92
29 92
18 93
8 93
36 93
1 93
82 94
28 94
50 94
8 94
9 95
89 95
49 95
72 95
16 96
3 96
28 96
95 96
82 97
22 97
78 97
8 97
41 98
27 98
97 98
5 98
96 99
73 99
40 99
19 99