100 390 5
1 0 0 0 1 0 1 1 0 0 0 1 0 0 1 1 0 0 1 0 1 0 1 1 0 0 1 0 0 0 1 1 1 1 0 1 1 1 1 1 0 0 0 1 0 1 0 0 0 1 1 1 1 0 1 1 1 1 0 0 0 0 1 0 0 0 0 0 0 1 0 1 0 0 1 1 0 0 1 1 1 0 0 0 1 1 1 0 1 1 0 0 1 1 0 1 0 0 0 0
0 1 0 1 1 0 0 1 1 0 0 0 0 0 1 1 1 0 0 0 1 1 0 1 1 0 0 1 1 0 1 1 1 0 0 1 0 0 1 1 1 1 0 1 0 1 1 0 1 1 1 0 1 1 1 0 0 0 1 1 0 0 0 1 0 1 0 1 1 1 1 0 1 0 0 1 0 0 0 0 1 0 0 1 1 0 1 0 1 0 0 1 1 1 0 1 1 1 0 0
1 0 0 0 1 1 0 0 1 1 1 0 0 0 1 1 0 1 0 1 1 0 0 1 1 1 0 1 1 0 1 0 1 0 0 0 0 0 1 1 0 1 1 0 0 0 1 1 1 1 1 1 1 0 1 1 1 0 1 0 1 1 1 1 1 1 1 1 0 0 1 0 0 1 1 1 1 0 0 1 1 1 1 1 1 0 1 0 0 1 0 1 1 1 1 1 0 1 1 0
1 0 0 1 0 0 0 1 1 1 1 1 0 0 1 0 0 0 0 1 1 0 1 0 0 1 1 0 0 0 1 0 1 1 0 1 1 0 0 1 1 0 1 1 0 0 0 1 1 1 1 0 1 1 1 1 1 0 0 0 0 1 0 0 0 0 0 1 1 1 1 1 1 0 0 0 1 1 1 0 1 0 1 0 1 1 1 0 0 0 0 0 0 0 0 0 0 0 1 1
1 1 1 1 0 1 1 1 0 1 0 1 1 0 1 0 1 1 1 0 1 0 1 0 1 0 1 0 0 1 0 0 0 1 1 0 1 1 0 0 0 0 0 1 1 0 0 0 0 0 0 0 1 0 0 0 1 0 1 1 1 1 0 0 0 1 1 0 1 0 1 0 1 0 0 1 1 1 0 0 0 1 0 0 0 0 1 1 0 1 1 1 1 0 1 0 0 0 0 0
0 1
0 2
1 2
0 3
1 3
2 3
0 4
1 4
2 4
3 4
0 5
2 5
3 5
1 5
4 6
3 6
1 6
5 6
4 7
1 7
2 7
3 7
2 8
1 8
7 8
4 8
5 9
8 9
0 9
7 9
6 10
7 10
2 10
1 10
2 11
8 11
4 11
5 11
9 12
1 12
4 12
2 12
6 13
0 13
2 13
7 13
1 14
12 14
7 14
10 14
13 15
1 15
7 15
4 15
5 16
4 16
14 16
12 16
2 17
10 17
9 17
5 17
11 18
17 18
1 18
7 18
3 19
1 19
7 19
8 19
6 20
18 20
2 20
9 20
5 21
7 21
17 21
4 21
14 22
3 22
10 22
12 22
8 23
2 23
3 23
12 23
7 24
13 24
12 24
6 24
9 25
6 25
1 25
10 25
23 26
17 26
5 26
10 26
6 27
7 27
18 27
5 27
22 28
8 28
18 28
0 28
1 29
16 29
23 29
4 29
5 30
28 30
4 30
19 30
14 31
0 31
22 31
1 31
0 32
16 32
1 32
3 32
30 33
7 33
18 33
3 33
9 34
0 34
11 34
3 34
6 35
29 35
4 35
7 35
28 36
13 36
7 36
5 36
5 37
16 37
0 37
23 37
27 38
2 38
11 38
4 38
5 39
8 39
37 39
12 39
37 40
12 40
19 40
17 40
5 41
8 41
40 41
31 41
8 42
0 42
41 42
14 42
21 43
5 43
7 43
28 43
16 44
5 44
4 44
25 44
10 45
34 45
38 45
41 45
4 46
30 46
1 46
5 46
5 47
38 47
34 47
11 47
21 48
39 48
19 48
2 48
1 49
15 49
2 49
0 49
8 50
0 50
24 50
31 50
50 51
2 51
41 51
46 51
8 52
27 52
41 52
0 52
18 53
2 53
31 53
15 53
2 54
25 54
33 54
23 54
7 55
17 55
43 55
4 55
30 56
15 56
24 56
0 56
9 57
7 57
38 57
42 57
30 58
31 58
16 58
5 58
4 59
31 59
9 59
46 59
17 60
18 60
4 60
37 60
1 61
15 61
44 61
58 61
1 62
25 62
5 62
2 62
18 63
5 63
1 63
15 63
44 64
33 64
4 64
22 64
19 65
4 65
17 65
51 65
1 66
27 66
43 66
16 66
61 67
41 67
18 67
38 67
32 68
58 68
30 68
62 68
29 69
61 69
11 69
58 69
57 70
4 70
43 70
54 70
8 71
22 71
59 71
46 71
8 72
3 72
63 72
30 72
41 73
63 73
67 73
20 73
26 74
24 74
61 74
7 74
23 75
26 75
7 75
25 75
41 76
65 76
75 76
44 76
4 77
40 77
18 77
35 77
1 78
75 78
39 78
45 78
65 79
54 79
49 79
55 79
51 80
27 80
4 80
52 80
7 81
37 81
13 81
58 81
52 82
64 82
42 82
55 82
2 83
36 83
17 83
7 83
22 84
23 84
39 84
77 84
6 85
23 85
35 85
4 85
28 86
5 86
8 86
33 86
12 87
16 87
54 87
31 87
7 88
15 88
21 88
16 88
38 89
74 89
1 89
28 89
37 90
61 90
5 90
7 90
50 91
88 91
44 91
2 91
27 92
49 92
11 92
84 92
9 93
88 93
31 93
39 93
42 94
13 94
19 94
73 94
23 95
10 95
19 95
1 95
15 96
3 96
53 96
40 96
0 97
54 97
3 97
16 97
65 98
94 98
22 98
55 98
71 99
39 99
22 99
0 99