100 390 5
1 1 0 0 1 0 1 1 0 0 1 0 0 1 1 1 1 0 0 0 0 0 1 1 0 0 0 1 1 0 1 0 1 1 0 1 1 0 1 1 1 1 1 1 0 0 0 1 0 0 1 0 0 0 0 0 1 0 0 1 0 1 1 1 1 0 1 0 0 1 0 0 0 1 1 0 1 1 1 0 1 1 0 1 1 1 0 0 0 1 0 1 0 1 0 0 0 1 0 0
0 1 1 1 1 1 0 1 0 1 1 0 1 0 0 1 0 1 1 0 0 0 0 0 0 0 0 1 0 0 0 1 0 1 0 0 1 1 0 0 0 1 0 0 1 1 1 0 0 0 1 1 0 1 1 1 1 1 1 1 0 0 1 0 1 1 1 1 1 0 1 0 0 0 1 0 1 1 1 1 1 0 1 0 1 0 1 1 0 1 0 1 0 1 1 0 0 0 0 0
0 0 1 0 0 1 0 1 1 1 0 1 0 0 1 0 1 0 0 0 1 1 0 1 0 1 1 1 0 0 0 1 1 0 1 0 0 1 1 1 0 1 0 0 0 0 0 0 0 1 1 1 0 1 1 1 1 1 1 0 0 0 1 1 0 0 0 0 0 1 0 0 0 1 0 0 1 0 0 0 1 1 0 1 0 1 0 0 1 1 0 0 1 0 0 0 0 0 0 0
0 0 0 1 0 0 0 0 0 1 1 0 0 1 1 1 0 0 0 1 1 1 0 0 0 0 0 0 1 0 0 1 0 0 1 0 1 1 0 1 0 0 1 0 0 1 0 0 1 0 1 1 1 1 0 0 1 1 0 1 0 1 1 1 0 0 1 0 0 1 1 1 1 1 0 0 1 1 0 0 0 1 0 0 0 0 0 0 1 0 0 0 0 0 1 0 0 1 1 0
0 0 1 0 0 1 0 0 0 0 0 0 0 1 1 1 0 0 1 0 1 1 0 1 0 0 0 1 1 0 0 1 0 0 0 0 0 0 0 1 0 0 0 1 1 0 1 0 0 0 1 0 1 0 1 1 1 1 0 1 1 1 1 0 1 0 1 0 0 1 0 1 1 1 1 0 0 1 1 0 1 1 1 1 0 0 1 1 1 0 0 1 0 1 1 0 0 1 0 0
0 1
0 2
1 2
0 3
1 3
2 3
0 4
1 4
2 4
3 4
4 5
2 5
3 5
0 5
0 6
5 6
3 6
4 6
0 7
3 7
4 7
2 7
6 8
0 8
4 8
3 8
6 9
0 9
1 9
7 9
9 10
5 10
2 10
7 10
2 11
4 11
9 11
8 11
10 12
4 12
5 12
8 12
6 13
4 13
1 13
3 13
11 14
10 14
5 14
2 14
3 15
6 15
8 15
2 15
5 16
14 16
9 16
10 16
2 17
8 17
4 17
16 17
1 18
7 18
4 18
0 18
6 19
2 19
4 19
3 19
1 20
19 20
10 20
6 20
4 21
13 21
15 21
12 21
4 22
7 22
0 22
11 22
19 23
1 23
6 23
15 23
15 24
18 24
10 24
21 24
6 25
11 25
8 25
9 25
15 26
13 26
6 26
24 26
1 27
24 27
0 27
4 27
0 28
14 28
4 28
19 28
24 29
0 29
28 29
22 29
28 30
13 30
7 30
4 30
9 31
6 31
2 31
0 31
2 32
20 32
7 32
1 32
11 33
3 33
32 33
16 33
24 34
9 34
23 34
2 34
5 35
16 35
4 35
28 35
29 36
25 36
27 36
31 36
9 37
5 37
25 37
6 37
9 38
5 38
2 38
24 38
3 39
9 39
15 39
36 39
35 40
28 40
3 40
24 40
3 41
8 41
5 41
9 41
30 42
16 42
32 42
11 42
5 43
3 43
20 43
0 43
32 44
9 44
6 44
8 44
25 45
13 45
29 45
10 45
10 46
35 46
18 46
11 46
3 47
8 47
13 47
32 47
35 48
30 48
6 48
29 48
2 49
30 49
34 49
14 49
0 50
2 50
21 50
35 50
24 51
41 51
23 51
1 51
13 52
22 52
25 52
27 52
19 53
12 53
21 53
22 53
35 54
21 54
9 54
24 54
15 55
42 55
41 55
6 55
19 56
28 56
3 56
21 56
4 57
27 57
21 57
18 57
31 58
7 58
15 58
14 58
35 59
2 59
43 59
23 59
45 60
0 60
56 60
59 60
28 61
54 61
7 61
24 61
6 62
3 62
5 62
18 62
11 63
30 63
37 63
22 63
2 64
49 64
0 64
10 64
32 65
35 65
9 65
14 65
30 66
4 66
28 66
37 66
53 67
6 67
24 67
3 67
57 68
11 68
12 68
63 68
3 69
27 69
54 69
6 69
52 70
0 70
2 70
3 70
18 71
8 71
23 71
43 71
35 72
65 72
14 72
70 72
39 73
67 73
70 73
16 73
15 74
65 74
12 74
4 74
49 75
37 75
9 75
47 75
36 76
28 76
0 76
20 76
12 77
8 77
35 77
53 77
70 78
23 78
6 78
64 78
4 79
25 79
2 79
19 79
24 80
32 80
36 80
10 80
11 81
4 81
28 81
45 81
3 82
66 82
2 82
28 82
31 83
50 83
24 83
33 83
32 84
8 84
27 84
15 84
29 85
45 85
6 85
24 85
56 86
18 86
30 86
6 86
33 87
1 87
55 87
0 87
49 88
59 88
12 88
87 88
37 89
45 89
84 89
75 89
58 90
79 90
38 90
52 90
23 91
38 91
14 91
29 91
44 92
54 92
18 92
19 92
30 93
23 93
9 93
44 93
4 94
2 94
20 94
8 94
38 95
0 95
50 95
7 95
0 96
19 96
34 96
7 96
54 97
77 97
75 97
44 97
8 98
30 98
79 98
42 98
35 99
3 99
6 99
1 99