100 390 5
1 1 0 1 1 1 1 0 0 1 0 0 0 0 1 1 1 0 0 1 1 0 1 0 0 0 0 0 1 0 1 1 1 1 1 0 1 1 0 1 1 1 1 0 0 1 0 1 1 1 1 0 0 1 1 0 0 1 0 0 1 1 0 1 0 1 1 1 0 0 1 1 0 1 0 1 0 0 1 0 0 1 1 0 0 0 1 1 1 1 1 0 0 1 1 1 0 0 0 1
1 0 1 0 1 1 1 0 0 0 0 0 1 1 1 1 0 0 1 0 1 0 0 1 0 0 1 1 1 1 0 0 0 1 0 1 1 0 0 0 1 1 1 0 1 1 1 0 1 0 0 0 1 0 1 0 1 1 1 0 1 1 0 1 1 1 0 1 1 1 1 1 1 1 1 0 0 0 1 1 1 1 0 1 0 0 0 1 0 0 0 1 0 0 1 1 0 0 1 0
1 1 1 0 0 0 0 1 1 1 1 0 0 0 0 1 1 1 0 1 1 0 0 1 0 1 1 0 1 0 1 1 1 0 0 0 1 1 0 1 1 0 1 1 1 1 1 1 0 0 0 0 0 0 0 0 0 1 1 1 1 1 0 1 0 1 1 0 1 0 1 0 0 0 1 0 0 0 0 1 0 0 0 1 0 1 1 0 0 1 1 0 1 1 0 0 1 0 0 1
1 1 0 0 1 0 0 1 0 0 1 0 0 1 1 0 0 0 0 0 0 0 1 0 0 0 0 0 1 0 1 1 1 1 1 1 1 1 1 0 0 0 0 1 1 0 1 0 1 0 0 0 1 1 1 1 1 1 1 0 0 0 1 1 1 1 0 0 1 1 0 0 1 0 0 1 0 1 1 0 1 0 1 1 0 1 0 0 0 1 0 0 0 0 0 1 1 0 0 1
1 1 0 1 1 1 1 1 1 1 0 0 1 1 0 0 1 0 1 1 0 0 0 1 1 1 1 0 0 1 1 1 1 1 0 0 1 1 0 0 1 1 0 0 1 1 1 0 0 1 0 1 1 0 0 0 0 0 1 0 1 0 1 0 0 0 0 1 1 1 1 1 1 1 0 0 1 0 1 1 1 0 0 0 0 1 0 0 1 0 1 1 1 1 0 0 1 0 1 1
0 1
0 2
1 2
0 3
1 3
2 3
0 4
1 4
2 4
3 4
4 5
1 5
3 5
2 5
0 6
1 6
3 6
5 6
5 7
0 7
2 7
1 7
6 8
1 8
7 8
4 8
2 9
6 9
0 9
4 9
7 10
6 10
4 10
9 10
6 11
5 11
2 11
9 11
5 12
1 12
6 12
7 12
11 13
5 13
9 13
1 13
0 14
3 14
13 14
11 14
1 15
11 15
0 15
7 15
3 16
7 16
14 16
1 16
0 17
4 17
2 17
16 17
14 18
4 18
6 18
3 18
4 19
16 19
18 19
0 19
16 20
11 20
17 20
1 20
16 21
4 21
7 21
3 21
4 22
9 22
6 22
13 22
17 23
5 23
11 23
18 23
6 24
10 24
9 24
7 24
8 25
14 25
20 25
9 25
10 26
7 26
20 26
8 26
7 27
22 27
17 27
8 27
0 28
19 28
16 28
27 28
4 29
17 29
19 29
12 29
13 30
20 30
0 30
6 30
30 31
1 31
28 31
11 31
18 32
4 32
16 32
12 32
2 33
1 33
7 33
16 33
12 34
18 34
14 34
5 34
3 35
1 35
7 35
4 35
29 36
1 36
3 36
6 36
22 37
12 37
32 37
11 37
13 38
31 38
4 38
8 38
22 39
6 39
18 39
35 39
15 40
19 40
1 40
18 40
2 41
14 41
1 41
4 41
18 42
16 42
14 42
23 42
1 43
19 43
26 43
11 43
1 44
6 44
43 44
5 44
1 45
26 45
41 45
13 45
15 46
31 46
6 46
14 46
15 47
44 47
20 47
37 47
23 48
6 48
46 48
7 48
18 49
5 49
1 49
6 49
2 50
5 50
16 50
6 50
11 51
16 51
27 51
29 51
37 52
1 52
46 52
36 52
7 53
20 53
19 53
1 53
7 54
21 54
18 54
34 54
38 55
42 55
34 55
29 55
22 56
5 56
54 56
4 56
13 57
11 57
4 57
48 57
40 58
19 58
2 58
8 58
21 59
11 59
29 59
15 59
53 60
12 60
39 60
21 60
11 61
3 61
45 61
53 61
1 62
42 62
27 62
22 62
5 63
52 63
34 63
0 63
53 64
4 64
3 64
1 64
23 65
48 65
30 65
21 65
6 66
26 66
49 66
29 66
52 67
14 67
63 67
16 67
19 68
28 68
64 68
7 68
19 69
37 69
4 69
14 69
42 70
8 70
1 70
32 70
46 71
13 71
69 71
11 71
44 72
7 72
36 72
53 72
16 73
11 73
20 73
71 73
21 74
30 74
2 74
4 74
18 75
23 75
7 75
27 75
3 76
7 76
66 76
39 76
38 77
12 77
43 77
11 77
61 78
43 78
39 78
14 78
45 79
16 79
28 79
39 79
30 80
45 80
3 80
63 80
70 81
3 81
61 81
20 81
9 82
40 82
16 82
32 82
4 83
3 83
10 83
11 83
0 84
9 84
19 84
30 84
52 85
12 85
1 85
42 85
66 86
78 86
1 86
5 86
4 87
55 87
6 87
35 87
53 88
31 88
78 88
4 88
7 89
12 89
8 89
57 89
17 90
5 90
4 90
53 90
16 91
55 91
12 91
24 91
33 92
11 92
7 92
4 92
10 93
1 93
30 93
70 93
31 94
5 94
0 94
8 94
18 95
9 95
46 95
88 95
94 96
52 96
34 96
19 96
40 97
56 97
46 97
61 97
0 98
72 98
89 98
3 98
49 99
88 99
13 99
1 99