100 390 5
0 0 0 1 1 1 0 0 0 1 0 1 1 1 0 0 1 1 0 0 0 1 1 0 1 1 0 1 1 1 1 1 0 0 1 0 0 1 0 0 0 1 1 0 0 1 0 0 1 0 1 1 0 0 0 0 1 0 0 0 0 0 0 1 0 0 0 0 0 1 1 1 0 1 0 1 0 0 0 1 0 1 1 0 0 0 1 0 0 1 0 0 1 1 0 1 0 1 0 1
0 0 1 0 1 1 0 0 0 0 1 0 1 0 0 0 1 1 0 1 0 1 1 0 1 0 0 0 1 1 0 0 1 1 1 1 1 0 0 1 1 1 1 1 1 1 1 0 0 1 0 0 0 1 1 0 1 1 0 0 1 1 0 1 0 1 0 0 1 1 1 0 1 1 0 0 1 0 0 0 0 0 0 1 1 0 0 1 0 0 1 0 1 1 1 1 0 1 1 0
0 0 0 1 1 1 0 1 1 1 1 1 1 1 1 1 0 1 1 0 0 0 0 0 0 1 1 1 0 0 1 1 0 1 1 1 1 0 0 1 1 1 1 0 1 1 0 1 0 1 0 1 0 0 0 0 1 0 1 1 0 0 1 0 1 0 0 1 1 1 1 0 1 0 1 0 0 0 0 1 0 0 1 1 1 0 0 1 1 1 0 0 1 1 0 1 1 1 1 1
1 1 1 0 1 1 1 1 1 1 0 0 1 1 1 0 1 1 1 0 1 1 1 1 0 0 0 1 1 1 0 0 1 1 1 0 1 0 0 0 0 0 1 1 0 1 1 1 0 0 0 0 1 0 1 0 0 1 0 1 1 1 0 0 0 1 1 1 1 0 1 1 0 1 1 0 0 0 1 0 0 1 1 0 1 1 0 0 1 0 0 1 1 1 1 0 0 0 1 0
1 0 1 0 1 0 1 0 0 1 1 1 0 1 0 1 1 0 0 1 0 0 0 1 1 1 0 0 1 1 0 0 0 1 1 0 0 1 0 1 1 0 0 1 1 0 0 1 0 0 0 0 0 0 1 1 0 0 1 0 1 1 1 0 1 1 0 1 0 1 0 1 0 0 1 0 1 0 1 0 0 1 0 1 0 1 0 0 1 0 1 1 1 1 0 0 0 1 1 0
0 1
0 2
1 2
0 3
1 3
2 3
0 4
1 4
2 4
3 4
2 5
1 5
0 5
3 5
2 6
4 6
3 6
0 6
5 7
2 7
6 7
1 7
3 8
6 8
0 8
7 8
4 9
7 9
0 9
6 9
0 10
1 10
6 10
4 10
0 11
8 11
10 11
2 11
1 12
3 12
4 12
0 12
6 13
1 13
3 13
0 13
3 14
1 14
2 14
4 14
1 15
2 15
12 15
6 15
14 16
0 16
2 16
10 16
6 17
3 17
13 17
4 17
12 18
14 18
17 18
3 18
0 19
17 19
3 19
1 19
17 20
19 20
12 20
0 20
1 21
17 21
15 21
0 21
13 22
20 22
1 22
8 22
18 23
17 23
15 23
0 23
10 24
20 24
3 24
4 24
20 25
12 25
9 25
10 25
3 26
18 26
14 26
12 26
5 27
26 27
4 27
15 27
18 28
23 28
17 28
1 28
3 29
27 29
8 29
25 29
2 30
5 30
22 30
3 30
22 31
7 31
19 31
0 31
26 32
0 32
15 32
2 32
0 33
15 33
3 33
17 33
8 34
1 34
3 34
17 34
3 35
5 35
10 35
13 35
8 36
12 36
2 36
34 36
24 37
0 37
10 37
1 37
8 38
35 38
15 38
28 38
27 39
9 39
4 39
21 39
1 40
3 40
2 40
27 40
20 41
2 41
5 41
34 41
21 42
1 42
31 42
15 42
7 43
6 43
38 43
0 43
13 44
34 44
18 44
1 44
0 45
15 45
23 45
5 45
0 46
42 46
44 46
3 46
46 47
44 47
0 47
4 47
28 48
38 48
6 48
15 48
24 49
12 49
47 49
6 49
37 50
9 50
5 50
0 50
1 51
29 51
22 51
50 51
3 52
5 52
0 52
51 52
4 53
7 53
19 53
32 53
20 54
43 54
25 54
2 54
6 55
0 55
17 55
28 55
7 56
48 56
0 56
43 56
7 57
51 57
46 57
3 57
5 58
13 58
35 58
3 58
46 59
19 59
1 59
21 59
36 60
56 60
33 60
20 60
6 61
17 61
3 61
2 61
0 62
58 62
8 62
6 62
8 63
2 63
33 63
14 63
0 64
9 64
35 64
62 64
46 65
14 65
4 65
17 65
2 66
36 66
16 66
43 66
15 67
18 67
20 67
55 67
34 68
46 68
14 68
3 68
26 69
38 69
0 69
51 69
20 70
3 70
61 70
66 70
8 71
34 71
2 71
0 71
9 72
15 72
8 72
49 72
3 73
13 73
34 73
8 73
34 74
23 74
71 74
52 74
13 75
0 75
70 75
60 75
1 76
17 76
15 76
2 76
51 77
0 77
37 77
18 77
27 78
2 78
50 78
72 78
11 79
2 79
39 79
72 79
0 80
50 80
4 80
31 80
49 81
9 81
75 81
63 81
50 82
1 82
57 82
12 82
0 83
7 83
32 83
15 83
24 84
0 84
77 84
53 84
51 85
48 85
70 85
14 85
64 86
54 86
14 86
29 86
67 87
5 87
72 87
39 87
10 88
73 88
3 88
8 88
1 89
18 89
54 89
39 89
19 90
1 90
47 90
5 90
3 91
16 91
50 91
30 91
55 92
52 92
73 92
39 92
50 93
24 93
51 93
17 93
44 94
81 94
54 94
57 94
17 95
61 95
3 95
79 95
1 96
2 96
43 96
79 96
9 97
89 97
25 97
80 97
50 98
22 98
69 98
87 98
34 99
3 99
9 99
53 99