100 390 5
1 0 0 1 0 0 1 1 1 1 1 0 1 0 0 0 1 0 1 0 0 0 0 0 0 0 0 0 0 1 0 0 0 1 0 0 0 0 1 1 0 1 0 0 0 1 0 0 0 1 0 0 0 1 0 0 1 0 0 0 1 1 0 1 0 1 1 1 0 1 1 1 1 0 0 0 0 0 1 0 1 0 1 0 0 0 1 0 0 0 1 0 1 0 1 1 0 1 1 1
0 1 0 1 0 1 0 0 0 0 1 0 0 0 1 1 0 0 0 0 1 0 1 1 0 0 1 1 1 1 1 0 1 0 1 1 0 0 1 1 1 0 0 1 0 1 1 1 1 0 0 1 0 1 0 0 1 0 1 1 0 0 0 1 1 0 0 0 0 0 0 0 0 0 0 1 1 0 0 0 1 0 0 0 1 0 1 1 0 0 0 1 0 0 1 1 0 0 1 0
1 0 1 0 1 1 0 0 1 0 1 1 0 0 0 0 1 0 0 0 0 1 0 1 0 1 1 0 1 0 0 1 1 1 0 0 0 1 1 1 0 1 1 1 0 0 1 0 1 1 1 0 0 1 1 1 0 1 1 0 1 1 1 0 0 1 1 0 0 1 0 1 0 0 0 1 0 1 0 1 0 1 0 0 0 0 0 0 0 0 1 0 0 0 0 0 1 1 1 0
0 0 1 1 1 0 0 0 0 1 1 1 1 0 1 1 1 1 0 0 1 0 1 0 1 0 0 1 0 0 1 1 1 0 1 0 1 0 0 0 1 1 1 1 1 0 0 1 1 0 1 1 1 0 0 0 0 0 1 1 1 1 1 0 0 1 1 1 1 0 0 1 1 0 0 1 1 0 0 1 0 0 0 0 1 1 1 1 0 0 1 1 0 1 0 1 0 1 0 1
0 0 1 1 0 0 0 1 1 0 1 1 0 0 1 1 1 0 1 1 0 1 1 0 1 1 1 1 0 1 0 1 1 0 0 1 1 0 1 0 0 1 0 0 1 1 1 0 0 0 0 0 1 0 1 1 1 0 0 0 1 0 0 1 1 1 0 0 0 0 0 1 1 1 0 0 1 1 1 0 1 0 1 0 0 1 0 0 0 1 0 1 0 1 0 1 0 1 1 0
0 1
0 2
1 2
0 3
1 3
2 3
0 4
1 4
2 4
3 4
4 5
2 5
0 5
3 5
2 6
5 6
1 6
4 6
3 7
4 7
6 7
0 7
3 8
4 8
5 8
0 8
3 9
5 9
0 9
4 9
1 10
4 10
0 10
2 10
0 11
2 11
10 11
6 11
5 12
4 12
0 12
8 12
1 13
0 13
7 13
4 13
0 14
13 14
7 14
3 14
3 15
0 15
10 15
6 15
12 16
2 16
0 16
1 16
14 17
2 17
8 17
10 17
10 18
0 18
5 18
4 18
8 19
2 19
3 19
10 19
4 20
5 20
7 20
12 20
10 21
5 21
4 21
18 21
5 22
3 22
20 22
12 22
3 23
0 23
16 23
19 23
1 24
5 24
0 24
7 24
24 25
10 25
14 25
1 25
25 26
8 26
0 26
4 26
8 27
0 27
16 27
3 27
24 28
8 28
3 28
6 28
3 29
16 29
22 29
15 29
4 30
12 30
13 30
29 30
1 31
27 31
0 31
15 31
7 32
3 32
13 32
4 32
0 33
3 33
29 33
4 33
8 34
10 34
0 34
26 34
0 35
27 35
12 35
5 35
31 36
5 36
15 36
6 36
26 37
36 37
0 37
10 37
19 38
7 38
29 38
1 38
8 39
25 39
35 39
3 39
27 40
7 40
3 40
12 40
2 41
36 41
1 41
30 41
39 42
37 42
25 42
5 42
12 43
10 43
24 43
5 43
43 44
33 44
13 44
5 44
5 45
33 45
2 45
44 45
3 46
32 46
24 46
9 46
26 47
12 47
32 47
8 47
2 48
33 48
15 48
3 48
39 49
4 49
30 49
47 49
0 50
3 50
9 50
8 50
35 51
5 51
9 51
0 51
6 52
15 52
17 52
19 52
27 53
38 53
19 53
3 53
18 54
29 54
37 54
2 54
19 55
44 55
16 55
18 55
28 56
16 56
37 56
1 56
31 57
47 57
5 57
39 57
32 58
7 58
35 58
31 58
32 59
13 59
3 59
14 59
2 60
57 60
33 60
0 60
10 61
6 61
38 61
37 61
7 62
0 62
15 62
12 62
12 63
38 63
29 63
4 63
27 64
4 64
30 64
28 64
0 65
35 65
47 65
9 65
5 66
30 66
27 66
20 66
20 67
51 67
43 67
54 67
7 68
4 68
24 68
16 68
12 69
3 69
24 69
53 69
19 70
34 70
4 70
58 70
41 71
9 71
59 71
11 71
53 72
52 72
30 72
3 72
43 73
37 73
20 73
22 73
59 74
68 74
53 74
10 74
3 75
11 75
16 75
54 75
37 76
1 76
11 76
35 76
33 77
71 77
0 77
43 77
5 78
3 78
7 78
39 78
5 79
26 79
11 79
2 79
16 80
74 80
30 80
40 80
9 81
5 81
0 81
39 81
34 82
0 82
33 82
39 82
42 83
65 83
7 83
9 83
26 84
60 84
69 84
40 84
9 85
8 85
3 85
40 85
0 86
31 86
63 86
79 86
25 87
65 87
42 87
1 87
21 88
6 88
52 88
54 88
43 89
5 89
79 89
4 89
36 90
1 90
82 90
78 90
75 91
29 91
37 91
22 91
73 92
33 92
30 92
43 92
8 93
84 93
64 93
17 93
35 94
17 94
38 94
42 94
47 95
10 95
3 95
0 95
16 96
21 96
4 96
61 96
46 97
3 97
83 97
52 97
16 98
93 98
32 98
35 98
78 99
33 99
50 99
40 99