100 390 5
1 1 0 0 0 1 1 1 1 0 0 0 0 1 1 0 1 0 1 0 0 1 1 0 0 1 0 1 0 1 0 1 1 1 0 1 0 1 1 1 1 0 0 1 1 1 1 1 0 1 1 0 1 1 1 1 1 0 0 0 0 1 0 1 0 0 0 1 0 1 0 1 1 1 0 1 0 1 1 1 0 0 0 1 1 0 0 1 0 1 0 0 0 1 0 0 0 0 1 0
0 0 1 0 1 0 0 1 1 1 0 0 0 0 1 0 0 0 1 0 0 1 0 1 1 1 0 0 0 1 1 0 0 1 0 1 0 0 0 1 0 0 1 1 0 0 1 1 0 0 0 0 0 1 1 1 0 1 1 0 1 1 0 0 0 1 1 0 1 0 0 1 0 0 1 1 1 0 0 1 1 0 1 0 0 1 1 1 0 0 1 1 0 1 0 0 0 1 0 1
1 1 0 1 0 0 0 1 1 0 1 0 0 1 1 0 0 0 1 0 0 0 1 1 1 0 0 1 0 0 1 0 0 1 1 0 1 0 1 1 0 1 0 0 1 1 1 1 0 1 0 0 0 0 1 1 0 1 0 1 1 1 0 0 1 0 0 1 1 0 0 1 1 0 1 1 0 1 0 1 0 1 0 0 1 1 0 0 1 1 1 0 0 0 0 0 1 0 0 0
1 0 1 1 1 0 1 0 0 0 1 0 1 1 1 1 0 0 0 0 0 1 1 0 1 1 0 1 0 1 1 0 1 1 1 1 1 0 1 0 1 0 1 1 0 1 1 0 1 0 0 0 1 0 0 0 0 1 0 0 0 0 1 0 1 0 1 0 0 0 0 0 0 1 0 0 0 1 1 0 0 1 0 0 0 0 1 0 0 0 0 0 1 0 0 0 0 0 0 1
0 0 0 1 1 0 1 0 0 0 0 0 0 1 1 1 0 0 1 1 1 0 1 1 1 0 0 1 1 1 1 1 1 1 0 0 1 0 1 1 0 0 0 0 0 1 0 1 0 1 1 1 1 1 1 1 0 0 1 1 1 0 0 1 1 0 1 1 1 1 0 1 0 0 1 1 1 0 0 1 1 1 0 1 1 1 0 0 1 1 0 1 0 0 1 0 0 0 1 0
0 1
0 2
1 2
0 3
1 3
2 3
0 4
1 4
2 4
3 4
0 5
1 5
4 5
2 5
3 6
4 6
1 6
5 6
3 7
5 7
4 7
2 7
1 8
2 8
7 8
4 8
6 9
0 9
3 9
5 9
1 10
7 10
5 10
8 10
9 11
10 11
1 11
0 11
4 12
2 12
6 12
5 12
6 13
4 13
9 13
3 13
6 14
3 14
12 14
10 14
7 15
2 15
6 15
0 15
5 16
1 16
12 16
2 16
13 17
5 17
14 17
4 17
16 18
4 18
9 18
7 18
6 19
0 19
4 19
5 19
12 20
5 20
18 20
7 20
5 21
13 21
7 21
9 21
4 22
18 22
16 22
21 22
0 23
10 23
4 23
12 23
6 24
9 24
5 24
2 24
16 25
18 25
8 25
7 25
13 26
6 26
21 26
9 26
1 27
13 27
26 27
0 27
3 28
5 28
21 28
6 28
14 29
17 29
1 29
21 29
0 30
29 30
3 30
15 30
24 31
15 31
5 31
3 31
15 32
17 32
13 32
14 32
24 33
25 33
1 33
7 33
29 34
11 34
12 34
10 34
22 35
4 35
17 35
6 35
5 36
17 36
26 36
8 36
27 37
12 37
34 37
9 37
0 38
19 38
25 38
8 38
14 39
10 39
5 39
3 39
3 40
16 40
2 40
17 40
8 41
20 41
10 41
39 41
30 42
9 42
5 42
21 42
23 43
18 43
32 43
42 43
34 44
5 44
17 44
33 44
0 45
17 45
16 45
21 45
9 46
10 46
11 46
4 46
2 47
7 47
42 47
0 47
5 48
22 48
18 48
0 48
23 49
0 49
13 49
17 49
22 50
28 50
29 50
3 50
40 51
41 51
5 51
0 51
48 52
17 52
15 52
37 52
9 53
30 53
20 53
7 53
44 54
13 54
11 54
3 54
3 55
17 55
8 55
7 55
41 56
0 56
38 56
8 56
14 57
48 57
2 57
40 57
6 58
36 58
12 58
16 58
28 59
10 59
30 59
57 59
58 60
21 60
30 60
44 60
17 61
2 61
35 61
3 61
38 62
0 62
61 62
4 62
23 63
8 63
5 63
30 63
19 64
4 64
0 64
39 64
13 65
25 65
8 65
15 65
1 66
16 66
23 66
33 66
40 67
33 67
45 67
9 67
4 68
39 68
3 68
22 68
41 69
60 69
22 69
3 69
10 70
7 70
30 70
58 70
8 71
5 71
21 71
14 71
21 72
26 72
44 72
20 72
17 73
64 73
62 73
53 73
64 74
46 74
38 74
0 74
40 75
24 75
5 75
15 75
5 76
13 76
37 76
34 76
6 77
7 77
28 77
13 77
54 78
0 78
13 78
3 78
40 79
17 79
78 79
2 79
55 80
53 80
76 80
15 80
19 81
21 81
7 81
57 81
22 82
23 82
4 82
62 82
28 83
69 83
51 83
75 83
16 84
0 84
56 84
29 84
8 85
15 85
30 85
45 85
60 86
25 86
58 86
37 86
57 87
74 87
4 87
80 87
30 88
78 88
86 88
11 88
21 89
17 89
7 89
41 89
48 90
6 90
74 90
32 90
38 91
15 91
79 91
4 91
5 92
65 92
36 92
14 92
9 93
17 93
40 93
85 93
6 94
5 94
7 94
91 94
19 95
76 95
79 95
23 95
84 96
2 96
1 96
41 96
6 97
33 97
78 97
32 97
53 98
1 98
32 98
41 98
0 99
14 99
43 99
66 99