100 390 5
1 0 1 1 1 0 1 0 0 0 1 0 0 0 1 0 1 0 0 0 0 0 0 1 1 1 1 0 1 1 1 1 0 1 1 0 0 1 1 0 1 1 1 0 0 0 1 1 0 0 1 0 0 0 1 0 0 0 0 1 1 1 1 0 1 0 0 1 0 1 0 1 1 0 1 0 0 1 1 1 0 0 1 0 0 0 0 0 1 0 1 1 1 0 0 0 0 0 0 1
1 1 0 1 1 1 0 0 1 1 0 1 0 1 0 1 1 1 1 0 1 0 1 0 0 1 1 0 1 1 0 1 1 1 0 0 0 1 0 1 0 0 0 0 0 0 0 0 0 0 0 1 1 1 0 0 1 0 0 1 0 1 1 0 0 0 1 0 0 0 1 0 0 1 1 0 1 1 1 1 0 1 0 0 0 1 0 1 0 1 0 1 1 0 1 0 1 1 1 0
1 0 1 0 0 1 1 1 0 1 0 1 0 1 0 1 0 0 1 0 1 0 1 0 0 1 1 0 1 1 1 0 0 1 0 0 0 1 0 1 1 1 1 1 0 1 1 0 1 1 0 1 1 1 1 1 1 1 1 0 0 1 1 0 1 0 0 0 0 0 1 0 0 0 1 1 1 0 0 1 0 0 0 1 1 1 1 0 1 1 1 1 0 0 0 0 1 0 1 0
0 0 1 0 0 1 0 0 1 0 1 0 0 0 0 1 0 1 0 0 0 0 0 0 0 1 1 1 1 0 1 0 1 1 0 0 0 1 1 0 1 1 1 1 0 1 1 0 1 0 1 0 0 1 0 1 1 1 1 1 0 0 1 1 0 1 0 0 1 1 1 1 0 1 0 0 1 1 1 1 1 1 0 1 1 0 0 0 0 1 0 0 0 1 1 0 1 0 0 0
1 0 1 0 1 0 0 1 0 1 0 1 0 0 0 0 1 1 0 0 1 1 0 0 1 0 0 0 1 0 0 0 0 0 1 1 1 0 0 1 1 1 1 0 1 1 1 0 1 0 1 1 1 0 1 0 0 0 0 1 0 0 1 1 0 1 0 0 0 0 1 0 1 0 0 0 1 1 0 1 0 1 0 1 1 1 1 1 0 1 0 0 0 1 1 0 0 0 0 1
0 1
0 2
1 2
0 3
1 3
2 3
0 4
1 4
2 4
3 4
3 5
1 5
4 5
0 5
4 6
3 6
2 6
5 6
3 7
5 7
2 7
6 7
6 8
3 8
2 8
5 8
0 9
2 9
5 9
3 9
2 10
5 10
4 10
3 10
2 11
3 11
10 11
6 11
2 12
0 12
10 12
5 12
10 13
3 13
5 13
0 13
13 14
5 14
12 14
6 14
7 15
11 15
10 15
0 15
13 16
1 16
7 16
12 16
3 17
0 17
12 17
6 17
2 18
8 18
0 18
5 18
10 19
17 19
18 19
16 19
3 20
1 20
9 20
2 20
4 21
8 21
0 21
3 21
8 22
1 22
2 22
5 22
10 23
8 23
20 23
6 23
2 24
18 24
4 24
5 24
23 25
2 25
6 25
13 25
3 26
16 26
0 26
2 26
8 27
2 27
1 27
15 27
5 28
15 28
10 28
4 28
1 29
2 29
28 29
14 29
3 30
21 30
9 30
26 30
4 31
27 31
29 31
12 31
11 32
17 32
30 32
6 32
4 33
12 33
1 33
18 33
6 34
0 34
18 34
15 34
32 35
2 35
18 35
12 35
25 36
4 36
21 36
0 36
16 37
1 37
21 37
33 37
36 38
0 38
19 38
2 38
10 39
37 39
16 39
0 39
27 40
10 40
33 40
23 40
36 41
38 41
5 41
15 41
21 42
3 42
23 42
2 42
20 43
30 43
15 43
23 43
4 44
10 44
16 44
40 44
20 45
36 45
41 45
13 45
39 46
6 46
18 46
31 46
0 47
35 47
3 47
24 47
14 48
39 48
8 48
18 48
9 49
21 49
27 49
22 49
13 50
0 50
16 50
3 50
6 51
14 51
45 51
5 51
3 52
26 52
39 52
1 52
0 53
44 53
25 53
31 53
12 54
38 54
2 54
51 54
24 55
34 55
16 55
11 55
9 56
32 56
7 56
38 56
10 57
0 57
9 57
5 57
2 58
7 58
25 58
10 58
22 59
34 59
54 59
31 59
39 60
11 60
17 60
6 60
46 61
24 61
15 61
10 61
53 62
60 62
57 62
32 62
17 63
11 63
2 63
9 63
4 64
15 64
1 64
42 64
40 65
44 65
25 65
31 65
5 66
36 66
1 66
22 66
6 67
22 67
1 67
16 67
44 68
0 68
6 68
13 68
20 69
39 69
5 69
10 69
9 70
7 70
8 70
46 70
6 71
29 71
37 71
48 71
65 72
58 72
9 72
10 72
7 73
4 73
2 73
35 73
1 74
16 74
44 74
39 74
21 75
55 75
5 75
6 75
66 76
18 76
11 76
73 76
7 77
40 77
53 77
54 77
5 78
20 78
0 78
15 78
18 79
22 79
61 79
21 79
10 80
20 80
79 80
11 80
47 81
5 81
67 81
48 81
1 82
19 82
61 82
33 82
73 83
31 83
50 83
81 83
21 84
2 84
58 84
13 84
44 85
18 85
4 85
20 85
22 86
67 86
1 86
21 86
73 87
31 87
27 87
1 87
51 88
47 88
0 88
8 88
71 89
18 89
47 89
21 89
66 90
80 90
53 90
84 90
39 91
73 91
8 91
1 91
20 92
27 92
1 92
39 92
11 93
14 93
22 93
49 93
36 94
19 94
82 94
8 94
30 95
5 95
0 95
83 95
5 96
9 96
61 96
45 96
29 97
70 97
2 97
4 97
82 98
51 98
59 98
35 98
2 99
20 99
42 99
35 99