100 390 5
1 1 0 1 0 0 1 1 1 0 0 0 1 0 0 0 0 0 1 1 1 0 1 1 0 0 0 1 1 0 0 0 0 0 1 1 0 1 0 0 0 0 0 0 0 0 1 0 0 0 1 0 0 0 0 1 1 0 1 0 0 1 0 0 0 1 0 1 0 1 1 0 0 1 1 1 1 0 0 1 0 0 1 0 1 1 0 1 0 1 1 1 1 0 1 1 1 1 1 0
0 1 0 0 0 0 0 1 0 1 0 0 1 0 0 0 0 0 0 1 1 1 0 1 1 0 1 1 1 1 1 1 1 1 0 0 1 0 0 0 1 1 0 0 0 0 0 1 0 1 1 1 1 1 0 0 0 0 0 1 0 1 1 1 0 1 1 0 0 1 1 1 0 0 1 0 0 0 0 0 1 0 0 0 1 0 1 1 0 1 1 1 0 0 0 1 0 0 0 1
1 1 0 1 1 0 0 0 0 1 1 0 1 1 0 1 1 0 1 0 0 1 0 1 0 0 1 0 0 0 1 1 1 0 0 0 1 1 0 0 1 0 1 1 0 1 1 0 0 0 0 1 0 1 0 0 1 1 0 0 0 0 1 0 0 1 0 0 1 1 1 1 1 1 0 0 1 0 1 0 0 0 1 1 0 0 0 0 0 1 0 1 0 0 1 1 0 0 1 1
0 0 0 0 1 0 0 1 1 1 1 1 1 1 1 1 1 1 1 0 0 0 1 1 1 1 0 0 1 0 0 0 1 1 1 0 1 0 1 1 0 1 1 0 1 1 1 1 0 1 1 0 0 0 0 1 0 0 1 1 1 0 0 1 1 1 1 1 1 0 1 0 1 1 1 0 1 1 1 0 1 1 0 0 0 1 1 1 1 0 1 1 1 0 1 0 1 1 1 1
0 0 0 1 0 0 1 0 0 0 0 1 1 1 1 0 0 1 1 1 1 1 0 0 0 1 1 0 1 0 1 0 1 0 0 0 0 1 1 1 1 1 1 0 1 0 1 1 0 1 0 1 1 1 1 0 1 0 0 1 0 0 0 0 1 0 0 0 1 1 0 1 0 0 1 0 1 0 0 0 1 1 1 0 1 1 0 1 1 1 0 0 0 1 0 1 1 0 1 0
0 1
0 2
1 2
0 3
1 3
2 3
0 4
1 4
2 4
3 4
0 5
2 5
1 5
4 5
0 6
1 6
4 6
2 6
1 7
2 7
4 7
0 7
2 8
4 8
3 8
1 8
1 9
0 9
4 9
8 9
2 10
8 10
0 10
4 10
4 11
1 11
5 11
0 11
1 12
0 12
4 12
9 12
4 13
6 13
1 13
11 13
0 14
5 14
1 14
12 14
1 15
0 15
4 15
2 15
1 16
0 16
7 16
15 16
14 17
16 17
4 17
9 17
17 18
10 18
13 18
0 18
0 19
11 19
16 19
3 19
0 20
7 20
6 20
10 20
7 21
14 21
1 21
19 21
15 22
4 22
3 22
21 22
15 23
16 23
2 23
7 23
23 24
15 24
11 24
8 24
9 25
23 25
21 25
4 25
1 26
4 26
23 26
24 26
2 27
1 27
5 27
24 27
14 28
22 28
4 28
10 28
15 29
1 29
23 29
10 29
26 30
11 30
16 30
8 30
4 31
14 31
0 31
8 31
2 32
30 32
18 32
0 32
11 33
15 33
5 33
20 33
10 34
28 34
1 34
23 34
33 35
26 35
15 35
27 35
23 36
1 36
4 36
22 36
26 37
35 37
8 37
0 37
20 38
0 38
24 38
18 38
6 39
29 39
20 39
0 39
19 40
31 40
20 40
0 40
23 41
12 41
2 41
4 41
41 42
24 42
21 42
0 42
39 43
7 43
4 43
21 43
27 44
22 44
28 44
4 44
24 45
10 45
43 45
3 45
4 46
9 46
24 46
1 46
31 47
4 47
9 47
0 47
13 48
19 48
24 48
36 48
9 49
4 49
21 49
15 49
15 50
40 50
41 50
25 50
4 51
43 51
15 51
0 51
0 52
4 52
2 52
37 52
8 53
40 53
19 53
5 53
4 54
18 54
48 54
22 54
34 55
9 55
19 55
0 55
23 56
11 56
54 56
27 56
0 57
4 57
24 57
41 57
54 58
2 58
1 58
0 58
21 59
43 59
16 59
57 59
57 60
1 60
18 60
9 60
11 61
0 61
58 61
34 61
4 62
10 62
7 62
6 62
15 63
0 63
3 63
24 63
9 64
21 64
14 64
49 64
34 65
59 65
4 65
18 65
31 66
4 66
2 66
57 66
26 67
24 67
28 67
64 67
7 68
4 68
15 68
6 68
36 69
37 69
9 69
4 69
26 70
2 70
6 70
33 70
37 71
35 71
59 71
68 71
11 72
24 72
18 72
12 72
22 73
15 73
18 73
57 73
60 74
64 74
73 74
4 74
8 75
18 75
64 75
12 75
14 76
1 76
2 76
54 76
15 77
70 77
5 77
24 77
26 78
24 78
3 78
15 78
61 79
76 79
14 79
52 79
22 80
17 80
4 80
20 80
24 81
12 81
79 81
9 81
5 82
20 82
16 82
12 82
18 83
19 83
46 83
0 83
64 84
19 84
16 84
54 84
33 85
18 85
55 85
19 85
60 86
78 86
56 86
2 86
74 87
57 87
50 87
19 87
12 88
13 88
61 88
82 88
9 89
18 89
7 89
24 89
86 90
4 90
60 90
50 90
28 91
81 91
48 91
7 91
18 92
40 92
74 92
23 92
59 93
10 93
57 93
16 93
5 94
78 94
27 94
24 94
34 95
1 95
62 95
26 95
0 96
25 96
80 96
23 96
60 97
64 97
24 97
56 97
18 98
11 98
26 98
87 98
75 99
20 99
0 99
4 99