100 390 5
1 1 0 0 1 0 0 0 1 0 0 1 1 0 0 1 0 0 0 0 0 1 1 1 1 0 1 0 1 1 0 0 0 1 0 0 1 0 1 0 0 1 0 0 1 1 1 0 0 1 1 0 1 0 0 1 1 0 1 0 0 0 1 1 0 0 0 0 1 1 1 1 0 0 0 1 1 0 0 0 0 0 0 1 1 1 1 0 1 0 0 0 0 1 1 1 1 1 0 0
1 1 0 1 0 0 1 0 1 0 1 0 0 1 1 0 1 1 0 1 0 0 0 1 1 0 0 0 0 1 1 1 1 0 0 1 0 1 0 0 0 0 0 1 1 1 1 1 1 0 1 0 0 1 0 1 1 0 1 1 0 1 1 0 1 0 1 1 1 1 0 0 0 0 1 1 0 1 0 0 0 1 0 1 1 0 1 0 0 1 0 1 0 1 0 0 0 0 1 1
1 0 0 0 0 0 1 1 0 0 1 0 1 1 0 0 0 0 1 0 0 1 1 1 1 0 1 0 1 0 1 0 1 1 0 0 0 1 0 0 1 1 1 0 0 0 0 0 0 1 0 1 1 1 0 1 1 0 1 0 1 1 1 0 1 0 1 1 0 1 0 1 0 0 0 1 1 1 0 0 0 1 0 0 1 1 0 0 0 0 0 0 0 0 0 1 0 0 1 1
0 0 1 0 0 0 0 0 1 1 1 0 1 1 1 0 0 1 0 1 1 1 0 0 0 1 0 0 1 0 1 1 1 0 0 0 1 0 1 1 0 1 1 1 1 1 0 1 0 0 1 1 0 0 0 0 0 1 1 0 0 1 0 0 0 1 1 0 1 0 1 0 1 0 1 1 1 0 0 1 0 0 0 1 0 1 0 1 1 1 0 1 1 1 1 0 1 0 0 0
0 1 1 0 1 1 0 1 0 0 1 1 1 1 0 1 0 1 1 1 1 0 1 1 0 0 0 1 0 1 0 1 0 1 0 1 1 1 1 1 1 0 1 0 0 0 0 0 0 0 1 0 1 0 1 0 1 1 0 1 1 1 1 0 1 1 1 1 0 0 1 0 0 1 1 1 0 0 0 1 0 0 0 0 0 1 1 0 0 1 0 0 1 0 0 1 0 0 0 1
0 1
0 2
1 2
0 3
1 3
2 3
0 4
1 4
2 4
3 4
3 5
4 5
2 5
0 5
1 6
3 6
0 6
2 6
4 7
2 7
3 7
6 7
3 8
6 8
0 8
2 8
4 9
0 9
3 9
2 9
0 10
4 10
8 10
7 10
6 11
3 11
7 11
0 11
3 12
2 12
5 12
0 12
2 13
0 13
3 13
5 13
1 14
0 14
11 14
10 14
12 15
5 15
6 15
10 15
4 16
15 16
1 16
3 16
6 17
1 17
4 17
3 17
10 18
3 18
7 18
6 18
2 19
5 19
0 19
1 19
3 20
2 20
0 20
19 20
6 21
10 21
1 21
3 21
9 22
11 22
0 22
8 22
9 23
8 23
15 23
0 23
12 24
6 24
15 24
11 24
19 25
0 25
9 25
15 25
5 26
3 26
24 26
15 26
12 27
10 27
2 27
13 27
4 28
6 28
0 28
12 28
13 29
10 29
2 29
9 29
10 30
2 30
4 30
0 30
3 31
0 31
21 31
15 31
20 32
9 32
11 32
16 32
30 33
26 33
6 33
31 33
1 34
11 34
23 34
3 34
2 35
20 35
21 35
13 35
24 36
26 36
34 36
33 36
2 37
30 37
25 37
32 37
11 38
2 38
21 38
27 38
34 39
3 39
0 39
37 39
10 40
12 40
14 40
0 40
17 41
29 41
24 41
0 41
7 42
2 42
24 42
31 42
11 43
9 43
37 43
19 43
10 44
17 44
6 44
35 44
20 45
4 45
29 45
3 45
17 46
3 46
2 46
1 46
13 47
6 47
3 47
44 47
21 48
17 48
0 48
24 48
37 49
42 49
8 49
30 49
3 50
8 50
27 50
6 50
25 51
21 51
22 51
45 51
0 52
37 52
25 52
20 52
2 53
28 53
8 53
3 53
9 54
3 54
7 54
5 54
27 55
17 55
19 55
2 55
48 56
2 56
3 56
12 56
19 57
7 57
15 57
26 57
12 58
50 58
7 58
22 58
49 59
56 59
3 59
2 59
0 60
13 60
24 60
2 60
17 61
43 61
8 61
29 61
2 62
57 62
6 62
54 62
53 63
29 63
8 63
43 63
6 64
57 64
54 64
10 64
54 65
13 65
35 65
37 65
12 66
13 66
61 66
63 66
64 67
21 67
0 67
61 67
53 68
31 68
0 68
61 68
62 69
27 69
56 69
4 69
1 70
15 70
2 70
6 70
31 71
60 71
24 71
59 71
5 72
57 72
11 72
23 72
40 73
12 73
5 73
61 73
49 74
15 74
29 74
17 74
4 75
71 75
24 75
0 75
11 76
23 76
32 76
2 76
2 77
8 77
12 77
13 77
0 78
34 78
73 78
55 78
24 79
40 79
44 79
25 79
10 80
5 80
22 80
25 80
29 81
5 81
13 81
21 81
41 82
26 82
2 82
79 82
73 83
6 83
17 83
58 83
67 84
6 84
61 84
28 84
34 85
10 85
4 85
12 85
0 86
15 86
73 86
84 86
73 87
53 87
58 87
3 87
83 88
8 88
76 88
59 88
32 89
33 89
26 89
11 89
10 90
71 90
56 90
12 90
2 91
10 91
81 91
37 91
36 92
69 92
25 92
1 92
10 93
12 93
78 93
26 93
63 94
6 94
3 94
5 94
0 95
29 95
47 95
53 95
95 96
0 96
30 96
61 96
5 97
3 97
10 97
41 97
13 98
76 98
56 98
31 98
50 99
3 99
66 99
11 99