100 390 5
1 0 1 1 1 1 1 1 1 0 0 0 0 0 0 1 0 0 1 0 1 1 0 0 1 1 1 0 0 0 1 0 1 0 1 1 1 1 0 1 0 0 0 0 1 1 1 0 0 0 0 1 1 1 1 1 1 0 1 1 0 1 1 1 1 1 1 1 1 0 0 1 1 0 0 0 1 0 0 1 1 0 1 0 1 1 0 0 1 0 0 1 1 0 1 0 0 1 0 1
0 1 0 0 1 1 1 0 1 0 1 0 0 0 0 0 0 0 1 0 1 1 0 1 1 0 1 1 0 1 1 0 0 0 1 1 1 0 0 1 1 0 0 1 0 0 0 0 1 0 1 0 0 0 0 0 1 1 1 1 1 0 1 0 0 1 0 1 1 1 0 1 1 1 0 1 1 0 0 0 0 1 0 1 1 0 0 0 0 0 1 0 1 0 1 0 0 1 0 1
1 1 1 1 1 1 0 1 1 0 0 1 1 0 1 1 1 1 0 0 0 1 1 0 1 0 1 1 0 1 0 1 1 0 0 1 1 1 1 0 0 0 1 1 1 0 0 0 0 1 1 0 1 0 0 0 1 1 0 0 1 1 0 1 0 1 1 0 0 0 0 1 0 1 1 0 1 1 1 1 0 0 1 1 0 1 0 0 1 1 0 0 0 1 1 1 0 1 1 0
0 1 0 1 0 0 1 0 1 0 0 0 0 0 1 0 1 0 1 0 0 1 1 0 1 1 0 0 1 1 1 0 1 0 0 1 0 0 1 0 0 0 1 0 0 1 0 0 1 1 1 0 1 1 0 1 0 1 0 0 1 1 0 0 1 0 1 0 1 1 1 1 1 0 1 0 1 1 1 1 1 1 0 0 0 0 0 0 0 0 1 0 0 0 1 0 1 1 1 1
1 1 1 1 0 0 1 0 0 0 0 1 0 0 1 1 1 0 1 0 1 0 0 1 0 0 0 0 0 0 1 0 1 0 0 0 0 0 1 1 1 1 1 1 0 1 1 1 0 1 1 0 1 0 0 0 1 1 0 1 1 1 0 0 1 1 1 1 0 1 1 1 0 0 1 0 1 1 0 0 1 0 1 1 0 1 1 1 0 0 1 1 0 0 0 0 1 1 1 1
0 1
0 2
1 2
0 3
1 3
2 3
0 4
1 4
2 4
3 4
4 5
1 5
0 5
2 5
1 6
2 6
3 6
4 6
0 7
1 7
4 7
6 7
0 8
5 8
3 8
2 8
1 9
4 9
5 9
2 9
6 10
0 10
8 10
7 10
2 11
0 11
6 11
9 11
5 12
9 12
10 12
11 12
7 13
2 13
12 13
1 13
7 14
6 14
11 14
13 14
5 15
6 15
2 15
7 15
7 16
9 16
13 16
5 16
6 17
2 17
10 17
14 17
2 18
9 18
1 18
6 18
0 19
2 19
10 19
6 19
6 20
1 20
2 20
16 20
19 21
13 21
10 21
11 21
2 22
12 22
6 22
0 22
2 23
0 23
11 23
17 23
21 24
11 24
5 24
7 24
12 25
4 25
2 25
14 25
5 26
20 26
17 26
13 26
0 27
26 27
10 27
11 27
10 28
9 28
2 28
24 28
4 29
11 29
16 29
22 29
6 30
21 30
19 30
2 30
13 31
9 31
2 31
5 31
5 32
16 32
9 32
0 32
27 33
6 33
2 33
1 33
2 34
32 34
19 34
18 34
6 35
28 35
17 35
13 35
17 36
4 36
5 36
6 36
2 37
30 37
16 37
6 37
27 38
7 38
21 38
24 38
5 39
2 39
13 39
17 39
25 40
19 40
7 40
28 40
6 41
12 41
14 41
40 41
39 42
5 42
40 42
28 42
34 43
0 43
23 43
8 43
2 44
32 44
28 44
19 44
22 45
7 45
17 45
24 45
32 46
2 46
13 46
31 46
32 47
7 47
13 47
10 47
1 48
4 48
42 48
28 48
34 49
22 49
9 49
6 49
4 50
9 50
16 50
7 50
0 51
47 51
35 51
9 51
21 52
45 52
9 52
32 52
23 53
0 53
33 53
7 53
0 54
12 54
19 54
9 54
18 55
15 55
34 55
48 55
47 56
46 56
28 56
40 56
8 57
7 57
24 57
37 57
20 58
0 58
30 58
48 58
32 59
18 59
28 59
6 59
0 60
30 60
2 60
32 60
36 61
9 61
11 61
52 61
5 62
38 62
54 62
41 62
15 63
19 63
28 63
4 63
53 64
16 64
27 64
47 64
36 65
59 65
58 65
46 65
39 66
19 66
0 66
12 66
51 67
40 67
1 67
50 67
29 68
40 68
39 68
9 68
4 69
64 69
18 69
1 69
53 70
28 70
1 70
21 70
4 71
57 71
2 71
38 71
5 72
7 72
58 72
19 72
60 73
6 73
62 73
27 73
57 74
31 74
37 74
70 74
32 75
2 75
61 75
60 75
69 76
74 76
39 76
57 76
76 77
32 77
54 77
61 77
22 78
69 78
46 78
13 78
9 79
2 79
4 79
19 79
49 80
76 80
12 80
55 80
76 81
17 81
57 81
12 81
65 82
79 82
4 82
9 82
29 83
17 83
28 83
18 83
0 84
1 84
24 84
12 84
2 85
79 85
32 85
34 85
76 86
66 86
51 86
80 86
56 87
44 87
46 87
27 87
82 88
87 88
71 88
3 88
0 89
56 89
21 89
60 89
48 90
51 90
7 90
24 90
26 91
22 91
73 91
55 91
0 92
45 92
9 92
21 92
28 93
6 93
2 93
5 93
63 94
89 94
86 94
37 94
86 95
38 95
54 95
9 95
44 96
24 96
10 96
71 96
35 97
48 97
12 97
38 97
87 98
78 98
33 98
52 98
10 99
94 99
12 99
7 99