100 390 5
1 1 1 0 0 0 0 0 0 1 1 1 1 0 1 0 1 0 0 1 1 1 0 0 0 1 0 0 0 0 1 1 1 0 0 0 1 1 0 0 1 0 0 1 0 1 1 1 0 1 0 1 0 0 1 1 0 0 0 0 1 1 0 0 0 0 0 1 0 1 1 1 0 1 1 0 1 0 1 0 0 0 0 0 0 0 0 1 1 1 1 1 0 0 1 1 1 1 0 1
1 1 0 0 0 0 1 0 1 1 1 0 1 0 0 1 0 0 1 0 1 0 1 0 1 0 0 0 1 1 0 1 0 0 1 0 0 0 0 0 0 0 1 0 1 0 1 0 0 1 1 1 0 0 0 0 1 1 0 1 0 1 0 1 0 1 1 0 0 0 0 1 0 0 1 0 0 0 1 0 0 1 1 0 1 0 1 1 1 1 0 0 0 1 1 0 0 0 1 1
1 1 1 0 0 1 0 1 1 1 0 0 1 0 1 1 0 0 0 0 1 0 1 0 0 1 1 0 1 0 1 0 1 0 0 0 1 0 1 0 1 0 1 0 0 0 1 1 0 1 0 0 1 1 0 0 0 0 1 0 0 1 0 0 0 0 1 0 1 0 1 1 0 0 1 1 1 1 1 1 0 0 0 1 1 1 0 0 1 1 1 0 0 0 1 1 1 1 1 0
1 0 0 0 0 0 0 0 1 0 0 1 1 0 0 1 0 0 0 0 1 0 1 1 0 1 0 0 0 0 0 1 1 0 0 0 1 1 0 0 1 0 1 0 1 1 0 1 1 1 0 1 1 0 1 0 1 0 1 0 1 1 1 1 0 0 0 1 0 1 0 1 0 0 1 1 0 1 0 1 0 0 1 0 1 1 0 0 1 1 0 0 1 0 1 0 0 0 1 1
0 0 1 1 0 0 1 0 0 0 1 0 1 0 1 1 1 1 0 0 1 0 0 0 1 0 1 1 0 0 0 0 1 0 1 1 0 1 0 0 0 0 1 0 1 1 0 0 0 0 1 1 1 0 1 0 0 1 0 1 0 1 0 1 1 1 0 1 0 0 1 0 1 0 0 0 1 0 0 1 0 1 0 1 1 1 1 0 1 1 1 1 0 0 0 0 0 1 1 0
0 1
0 2
1 2
0 3
1 3
2 3
0 4
1 4
2 4
3 4
4 5
3 5
0 5
2 5
3 6
0 6
4 6
5 6
6 7
0 7
2 7
4 7
0 8
4 8
3 8
6 8
3 9
4 9
1 9
6 9
8 10
9 10
2 10
6 10
6 11
4 11
3 11
8 11
7 12
6 12
2 12
9 12
0 13
3 13
4 13
8 13
12 14
13 14
6 14
4 14
2 15
5 15
6 15
0 15
6 16
4 16
8 16
2 16
2 17
0 17
9 17
3 17
4 18
16 18
5 18
17 18
8 19
0 19
3 19
12 19
1 20
4 20
0 20
3 20
20 21
8 21
3 21
0 21
3 22
6 22
12 22
8 22
4 23
7 23
2 23
9 23
16 24
19 24
7 24
23 24
2 25
0 25
16 25
18 25
12 26
11 26
4 26
0 26
21 27
12 27
13 27
8 27
3 28
13 28
19 28
7 28
2 29
16 29
0 29
20 29
18 30
9 30
12 30
10 30
24 31
17 31
20 31
18 31
2 32
5 32
3 32
25 32
0 33
22 33
18 33
27 33
25 34
30 34
3 34
9 34
0 35
4 35
17 35
27 35
35 36
21 36
5 36
6 36
25 37
8 37
36 37
22 37
17 38
26 38
23 38
12 38
36 39
21 39
12 39
26 39
11 40
12 40
34 40
4 40
1 41
2 41
23 41
4 41
3 42
35 42
38 42
8 42
32 43
30 43
8 43
34 43
21 44
13 44
42 44
18 44
2 45
22 45
32 45
31 45
40 46
9 46
18 46
3 46
33 47
30 47
0 47
23 47
4 48
0 48
3 48
7 48
23 49
32 49
9 49
21 49
0 50
31 50
22 50
9 50
13 51
19 51
3 51
10 51
50 52
21 52
31 52
6 52
32 53
50 53
19 53
9 53
36 54
30 54
23 54
10 54
38 55
32 55
15 55
18 55
43 56
26 56
3 56
0 56
40 57
53 57
12 57
3 57
9 58
3 58
23 58
14 58
54 59
8 59
21 59
56 59
47 60
38 60
6 60
4 60
13 61
43 61
31 61
47 61
9 62
59 62
42 62
21 62
34 63
18 63
19 63
5 63
32 64
13 64
52 64
28 64
9 65
2 65
6 65
20 65
54 66
6 66
19 66
12 66
6 67
48 67
50 67
20 67
19 68
2 68
44 68
32 68
1 69
29 69
14 69
4 69
61 70
14 70
5 70
67 70
52 71
61 71
5 71
30 71
23 72
22 72
52 72
62 72
10 73
67 73
45 73
3 73
2 74
19 74
30 74
31 74
23 75
2 75
57 75
38 75
5 76
27 76
2 76
26 76
5 77
23 77
24 77
43 77
2 78
76 78
0 78
64 78
22 79
71 79
60 79
21 79
61 80
17 80
36 80
7 80
56 81
44 81
4 81
73 81
5 82
26 82
58 82
6 82
8 83
4 83
19 83
0 83
41 84
61 84
10 84
30 84
29 85
6 85
18 85
56 85
8 86
78 86
20 86
36 86
28 87
24 87
45 87
42 87
86 88
81 88
70 88
2 88
14 89
47 89
19 89
82 89
76 90
9 90
14 90
30 90
70 91
9 91
48 91
20 91
43 92
24 92
3 92
15 92
2 93
58 93
6 93
0 93
73 94
8 94
78 94
10 94
18 95
55 95
81 95
40 95
31 96
0 96
34 96
14 96
25 97
38 97
4 97
23 97
40 98
14 98
19 98
2 98
11 99
30 99
77 99
10 99