100 390 5
1 1 1 0 0 0 0 1 0 1 0 1 0 1 1 0 1 1 1 1 0 1 1 1 0 1 0 1 0 1 1 0 0 1 0 0 0 1 0 0 1 0 1 1 1 0 0 0 0 0 0 1 1 1 0 0 0 0 0 0 1 0 0 0 1 0 0 0 0 0 0 1 0 1 0 1 1 0 0 1 0 1 0 0 0 0 0 0 1 0 0 1 0 1 1 0 1 0 1 1
1 1 0 1 0 1 1 0 1 0 1 0 0 0 1 1 1 1 1 0 0 0 0 0 0 1 0 0 1 0 0 0 0 0 1 0 1 0 1 0 1 1 1 0 0 1 0 1 0 0 0 1 0 0 0 1 1 1 0 1 0 1 0 1 0 1 1 1 0 0 1 0 0 0 0 1 1 0 0 1 1 1 1 1 1 1 0 1 0 0 1 1 0 0 1 0 1 1 1 0
0 1 0 1 0 1 0 1 1 1 1 0 0 1 0 0 1 0 1 1 0 1 1 1 1 0 0 1 1 0 1 0 0 1 1 1 0 1 1 1 0 1 0 1 0 1 1 0 1 1 0 1 1 1 0 0 1 1 0 1 0 1 1 1 0 0 1 0 0 1 1 0 0 1 0 1 0 1 1 1 0 0 1 1 1 1 0 0 0 1 0 0 0 0 0 0 0 1 0 1
1 1 0 0 0 0 1 1 1 0 0 0 1 0 1 0 0 0 0 1 1 1 1 1 0 0 1 0 0 0 0 1 0 0 0 1 1 1 1 1 1 1 0 0 1 0 1 0 1 0 1 1 0 1 1 1 0 0 0 0 0 0 1 0 0 1 1 0 1 0 0 0 1 0 1 0 0 0 0 1 0 0 1 0 1 0 1 1 1 1 1 1 0 0 1 1 1 1 1 1
1 1 0 1 0 1 1 1 1 0 0 1 0 0 0 0 0 0 0 1 1 1 1 1 0 1 0 1 0 1 1 1 0 1 1 1 0 0 1 0 1 1 0 0 0 0 1 1 0 1 1 1 0 0 1 1 1 1 1 1 0 0 0 0 1 0 1 1 0 1 1 0 0 1 0 1 0 1 0 1 0 1 0 1 0 1 0 1 0 1 0 1 1 1 0 0 1 1 0 0
0 1
0 2
1 2
0 3
1 3
2 3
0 4
1 4
2 4
3 4
2 5
1 5
4 5
0 5
2 6
4 6
5 6
1 6
4 7
0 7
5 7
3 7
4 8
5 8
1 8
6 8
5 9
7 9
0 9
4 9
9 10
0 10
3 10
5 10
6 11
0 11
7 11
5 11
7 12
8 12
0 12
1 12
7 13
4 13
5 13
11 13
7 14
1 14
11 14
6 14
0 15
13 15
9 15
4 15
9 16
10 16
12 16
7 16
1 17
0 17
4 17
9 17
7 18
11 18
1 18
3 18
6 19
1 19
11 19
8 19
3 20
5 20
13 20
2 20
0 21
6 21
10 21
5 21
0 22
2 22
13 22
16 22
0 23
15 23
20 23
12 23
17 24
15 24
4 24
1 24
1 25
20 25
11 25
8 25
9 26
23 26
1 26
8 26
14 27
2 27
0 27
7 27
17 28
25 28
5 28
10 28
5 29
2 29
1 29
7 29
7 30
17 30
24 30
6 30
7 31
3 31
23 31
17 31
16 32
5 32
11 32
28 32
27 33
3 33
8 33
11 33
7 34
15 34
18 34
17 34
19 35
5 35
8 35
32 35
14 36
33 36
29 36
21 36
13 37
5 37
34 37
15 37
31 38
0 38
7 38
27 38
11 39
12 39
15 39
4 39
22 40
37 40
2 40
14 40
3 41
29 41
9 41
2 41
1 42
33 42
6 42
37 42
28 43
17 43
10 43
41 43
35 44
24 44
5 44
13 44
34 45
18 45
9 45
7 45
43 46
41 46
29 46
11 46
23 47
34 47
37 47
3 47
0 48
40 48
33 48
15 48
17 49
7 49
15 49
5 49
3 50
18 50
16 50
15 50
6 51
11 51
7 51
49 51
29 52
2 52
5 52
13 52
3 53
12 53
45 53
22 53
5 54
3 54
8 54
13 54
7 55
10 55
37 55
28 55
38 56
0 56
31 56
52 56
32 57
3 57
20 57
28 57
44 58
11 58
3 58
17 58
7 59
40 59
5 59
26 59
39 60
58 60
0 60
11 60
15 61
7 61
19 61
55 61
4 62
13 62
37 62
40 62
11 63
16 63
19 63
9 63
21 64
1 64
15 64
26 64
36 65
13 65
38 65
5 65
43 66
49 66
15 66
21 66
22 67
12 67
38 67
7 67
49 68
48 68
17 68
29 68
5 69
52 69
17 69
59 69
0 70
12 70
21 70
30 70
27 71
37 71
56 71
50 71
65 72
29 72
47 72
0 72
8 73
30 73
71 73
29 73
18 74
7 74
4 74
52 74
67 75
74 75
68 75
11 75
18 76
20 76
3 76
31 76
9 77
8 77
7 77
1 77
39 78
47 78
57 78
15 78
0 79
30 79
1 79
20 79
76 80
48 80
29 80
7 80
16 81
0 81
56 81
35 81
71 82
0 82
38 82
32 82
13 83
7 83
27 83
15 83
11 84
4 84
14 84
49 84
11 85
9 85
38 85
21 85
38 86
1 86
11 86
16 86
78 87
8 87
71 87
29 87
22 88
24 88
26 88
40 88
52 89
81 89
11 89
1 89
3 90
61 90
0 90
50 90
13 91
5 91
56 91
71 91
0 92
9 92
10 92
71 92
85 93
7 93
56 93
61 93
70 94
85 94
55 94
1 94
24 95
19 95
16 95
46 95
4 96
6 96
5 96
48 96
78 97
24 97
89 97
17 97
15 98
83 98
1 98
3 98
20 99
22 99
41 99
8 99