100 390 5
1 0 0 0 1 1 1 0 0 1 1 1 1 0 1 0 0 0 0 1 1 0 0 1 0 1 1 1 1 1 0 0 0 0 0 0 1 0 1 0 0 1 1 0 0 1 0 0 1 0 0 0 0 0 0 0 1 0 1 1 1 0 0 1 0 0 0 1 0 1 0 0 0 0 0 0 0 1 1 1 0 1 1 1 0 0 0 0 0 0 0 0 1 0 1 0 0 1 0 0
0 0 1 0 0 1 0 0 0 0 1 1 0 1 1 0 1 0 1 0 1 0 0 0 1 1 1 0 1 1 1 0 0 1 0 0 0 0 1 0 1 1 0 0 0 1 1 0 1 1 1 1 0 0 0 1 1 0 1 0 1 0 1 1 0 0 1 1 0 1 1 0 1 1 1 0 1 0 0 0 1 1 1 0 0 0 0 1 1 0 1 0 0 1 1 1 1 0 0 1
0 0 1 1 1 0 1 1 0 0 1 1 1 1 0 1 0 1 1 0 1 1 1 1 0 0 1 1 1 0 1 0 0 1 0 0 0 1 1 1 1 1 1 0 0 0 0 0 0 1 1 1 0 1 0 1 0 1 0 0 1 1 1 0 0 1 0 0 1 1 1 1 1 1 1 1 0 0 1 1 0 0 1 0 1 1 0 1 0 1 1 1 1 1 0 1 0 0 1 1
1 0 1 1 1 0 1 1 0 0 0 0 0 0 0 1 0 1 1 0 0 0 0 1 1 0 0 1 0 0 0 0 1 0 0 1 0 0 1 0 0 1 0 1 0 0 0 0 1 0 1 0 1 1 0 0 0 1 1 1 0 0 0 0 1 1 1 0 1 0 1 0 1 1 1 1 1 0 0 0 0 0 0 1 0 0 0 1 1 0 1 0 0 1 0 0 0 0 1 0
1 1 0 0 1 1 1 0 1 1 0 1 1 0 1 1 0 0 1 1 0 0 0 0 0 0 0 1 0 1 1 1 0 0 0 0 1 0 1 1 0 1 0 1 0 1 0 0 1 1 1 1 0 0 1 0 0 0 1 1 1 1 0 1 0 1 0 1 0 0 1 1 1 1 1 1 1 1 0 0 1 1 1 1 1 0 0 1 1 1 1 0 0 0 1 1 1 1 1 1
0 1
0 2
1 2
0 3
1 3
2 3
0 4
1 4
2 4
3 4
3 5
0 5
4 5
2 5
4 6
1 6
3 6
2 6
3 7
2 7
0 7
4 7
1 8
3 8
6 8
7 8
3 9
1 9
4 9
8 9
8 10
9 10
2 10
4 10
7 11
3 11
6 11
1 11
5 12
4 12
2 12
10 12
1 13
2 13
5 13
10 13
13 14
0 14
8 14
2 14
8 15
6 15
1 15
3 15
4 16
1 16
10 16
15 16
6 17
2 17
0 17
13 17
12 18
10 18
5 18
4 18
6 19
5 19
0 19
10 19
13 20
10 20
8 20
6 20
1 21
18 21
5 21
8 21
2 22
11 22
20 22
7 22
5 23
6 23
17 23
16 23
9 24
3 24
10 24
15 24
3 25
6 25
22 25
8 25
23 26
6 26
4 26
7 26
26 27
1 27
23 27
16 27
5 28
25 28
0 28
22 28
9 29
7 29
23 29
12 29
1 30
6 30
21 30
13 30
24 31
4 31
25 31
5 31
27 32
30 32
16 32
3 32
24 33
17 33
3 33
25 33
9 34
30 34
24 34
10 34
5 35
9 35
3 35
18 35
3 36
10 36
23 36
33 36
9 37
2 37
23 37
0 37
6 38
22 38
21 38
1 38
35 39
10 39
27 39
34 39
1 40
8 40
11 40
3 40
32 41
38 41
25 41
3 41
8 42
38 42
34 42
23 42
3 43
18 43
6 43
37 43
4 44
38 44
17 44
24 44
4 45
14 45
32 45
6 45
7 46
23 46
36 46
19 46
4 47
23 47
16 47
9 47
4 48
23 48
32 48
14 48
1 49
22 49
23 49
48 49
27 50
10 50
4 50
3 50
1 51
8 51
34 51
19 51
1 52
0 52
7 52
10 52
23 53
7 53
9 53
18 53
48 54
1 54
33 54
23 54
35 55
26 55
33 55
32 55
50 56
39 56
31 56
18 56
21 57
0 57
24 57
10 57
3 58
20 58
26 58
0 58
42 59
17 59
20 59
16 59
5 60
4 60
33 60
36 60
50 61
49 61
27 61
4 61
25 62
17 62
27 62
33 62
13 63
12 63
4 63
40 63
55 64
26 64
40 64
34 64
8 65
62 65
35 65
14 65
43 66
18 66
4 66
17 66
6 67
64 67
52 67
2 67
5 68
49 68
27 68
11 68
17 69
0 69
39 69
66 69
36 70
2 70
46 70
62 70
1 71
50 71
10 71
0 71
1 72
0 72
63 72
21 72
21 73
61 73
50 73
17 73
8 74
21 74
60 74
73 74
29 75
24 75
73 75
2 75
16 76
17 76
34 76
25 76
25 77
5 77
57 77
30 77
33 78
67 78
46 78
23 78
23 79
4 79
38 79
0 79
47 80
8 80
2 80
17 80
34 81
8 81
59 81
12 81
17 82
60 82
48 82
28 82
75 83
42 83
34 83
9 83
73 84
39 84
31 84
43 84
17 85
18 85
53 85
82 85
77 86
62 86
7 86
23 86
5 87
70 87
23 87
3 87
36 88
2 88
10 88
4 88
6 89
70 89
72 89
13 89
37 90
54 90
0 90
23 90
10 91
35 91
88 91
54 91
64 92
39 92
8 92
31 92
86 93
66 93
2 93
15 93
73 94
1 94
36 94
46 94
23 95
32 95
11 95
80 95
23 96
3 96
36 96
50 96
3 97
69 97
25 97
17 97
38 98
17 98
89 98
54 98
52 99
26 99
34 99
25 99