100 390 5
1 0 0 1 0 1 0 1 1 0 0 1 0 1 1 0 0 1 0 1 1 0 1 0 0 0 1 1 0 0 0 1 0 1 1 0 1 1 0 0 1 0 1 0 1 0 0 1 0 1 1 0 0 1 1 0 1 0 0 0 0 0 0 0 1 1 0 1 1 1 1 1 1 1 1 1 1 0 1 1 0 1 0 1 1 0 0 1 1 1 0 1 0 1 0 1 1 0 0 1
0 0 1 0 0 0 0 1 0 1 0 0 0 0 1 0 1 1 1 1 1 1 1 1 1 1 1 0 1 1 0 1 0 1 1 1 0 0 0 0 0 1 1 1 1 0 1 1 0 0 0 1 1 0 1 0 0 0 1 0 1 1 1 0 1 1 1 0 0 1 0 0 1 1 1 1 0 0 1 1 0 0 1 0 0 1 0 1 1 0 0 1 1 1 0 0 1 1 1 1
1 1 0 1 0 0 0 1 1 1 1 0 0 0 1 0 0 1 0 0 0 0 1 0 1 0 1 0 1 0 1 0 1 1 1 0 1 1 1 0 1 1 0 1 0 0 0 1 0 0 0 0 0 0 0 0 0 0 0 1 0 1 1 1 0 1 0 0 1 0 1 0 0 0 0 1 0 1 1 1 0 0 1 0 0 0 0 0 0 0 1 0 0 0 0 0 1 0 0 1
0 1 1 1 0 1 1 0 0 1 0 0 1 1 1 1 1 0 0 0 1 0 0 1 1 1 1 0 1 1 1 1 1 0 0 1 1 1 1 0 1 1 0 1 0 0 1 1 1 1 1 0 1 1 1 0 1 1 0 1 0 1 1 1 1 1 1 0 0 0 0 1 1 1 0 0 0 1 1 1 0 1 1 0 1 0 0 1 1 0 0 0 0 0 0 1 1 0 0 1
1 0 0 0 0 0 1 0 1 0 1 1 1 0 0 0 1 0 0 1 1 0 1 0 0 0 1 1 1 0 1 1 0 1 0 0 1 0 0 1 0 1 0 1 0 0 1 0 0 0 1 1 1 0 0 0 0 1 0 1 0 0 1 0 0 0 0 1 0 0 1 1 1 0 1 1 0 0 0 0 0 1 1 0 0 1 0 0 1 1 0 0 0 1 0 0 0 1 1 1
0 1
0 2
1 2
0 3
1 3
2 3
0 4
1 4
2 4
3 4
2 5
4 5
0 5
1 5
4 6
1 6
2 6
0 6
4 7
2 7
6 7
0 7
5 8
3 8
7 8
4 8
2 9
0 9
8 9
7 9
4 10
5 10
8 10
6 10
9 11
3 11
8 11
5 11
7 12
1 12
4 12
3 12
3 13
8 13
2 13
6 13
8 14
0 14
13 14
9 14
9 15
2 15
11 15
8 15
13 16
7 16
3 16
9 16
2 17
3 17
0 17
8 17
8 18
0 18
9 18
14 18
2 19
8 19
16 19
4 19
6 20
7 20
12 20
0 20
10 21
6 21
3 21
16 21
7 22
2 22
1 22
9 22
1 23
2 23
8 23
9 23
7 24
8 24
9 24
12 24
17 25
14 25
15 25
21 25
5 26
9 26
7 26
6 26
7 27
17 27
23 27
0 27
0 28
19 28
8 28
6 28
2 29
7 29
18 29
10 29
14 30
11 30
13 30
9 30
19 31
8 31
15 31
16 31
6 32
13 32
26 32
0 32
12 33
3 33
15 33
8 33
8 34
25 34
29 34
26 34
8 35
5 35
13 35
33 35
0 36
10 36
21 36
29 36
2 37
24 37
10 37
14 37
26 38
2 38
37 38
9 38
11 39
35 39
22 39
13 39
16 40
19 40
14 40
12 40
3 41
18 41
32 41
11 41
2 42
17 42
3 42
5 42
9 43
21 43
34 43
18 43
31 44
35 44
9 44
19 44
32 45
16 45
2 45
29 45
8 46
16 46
17 46
2 46
10 47
19 47
0 47
35 47
25 48
33 48
36 48
5 48
9 49
31 49
37 49
27 49
27 50
16 50
44 50
2 50
5 51
19 51
2 51
17 51
36 52
39 52
31 52
17 52
21 53
25 53
5 53
45 53
0 54
21 54
42 54
17 54
5 55
37 55
34 55
6 55
27 56
23 56
36 56
8 56
10 57
34 57
2 57
8 57
57 58
9 58
37 58
48 58
22 59
0 59
31 59
15 59
36 60
56 60
29 60
44 60
2 61
4 61
0 61
15 61
0 62
41 62
20 62
37 62
2 63
7 63
3 63
55 63
5 64
14 64
20 64
2 64
53 65
8 65
4 65
45 65
38 66
52 66
8 66
2 66
47 67
30 67
36 67
5 67
4 68
33 68
29 68
27 68
41 69
54 69
2 69
24 69
49 70
12 70
8 70
17 70
17 71
9 71
40 71
42 71
16 72
45 72
8 72
47 72
6 73
29 73
68 73
9 73
29 74
10 74
39 74
19 74
18 75
8 75
71 75
62 75
29 76
7 76
3 76
32 76
67 77
30 77
9 77
11 77
40 78
37 78
13 78
14 78
27 79
39 79
2 79
30 79
6 80
4 80
2 80
10 80
77 81
68 81
13 81
29 81
10 82
51 82
63 82
7 82
0 83
30 83
12 83
2 83
69 84
2 84
7 84
59 84
19 85
20 85
32 85
16 85
21 86
19 86
47 86
8 86
15 87
39 87
10 87
12 87
2 88
83 88
14 88
62 88
79 89
13 89
36 89
22 89
31 90
37 90
4 90
24 90
80 91
10 91
86 91
33 91
19 92
8 92
6 92
25 92
35 93
71 93
32 93
45 93
8 94
70 94
14 94
13 94
64 95
66 95
78 95
68 95
5 96
14 96
24 96
12 96
10 97
40 97
14 97
32 97
28 98
0 98
77 98
14 98
79 99
42 99
82 99
17 99