100 390 5
0 1 0 0 1 1 0 1 1 0 0 1 1 1 0 1 1 0 0 0 1 0 1 1 0 1 0 1 1 1 1 0 0 0 1 1 0 1 0 1 0 0 1 1 0 1 0 1 1 0 0 1 1 0 1 1 1 0 1 0 1 0 0 0 1 0 1 0 0 1 1 0 1 1 1 1 0 0 0 0 0 1 1 1 0 1 1 0 0 0 0 0 1 1 0 0 1 1 0 1
0 1 1 1 1 1 1 1 1 0 0 1 0 1 0 0 1 0 1 0 0 0 0 1 1 0 0 1 1 1 1 1 1 0 1 1 1 1 1 0 0 0 0 1 0 1 0 0 0 0 1 0 1 0 0 0 0 1 0 0 0 1 0 1 0 1 1 0 0 0 0 0 1 1 0 1 0 0 1 0 0 0 1 0 1 1 0 0 0 0 0 0 1 1 0 1 1 0 0 1
1 0 1 1 0 1 0 0 0 1 1 1 1 1 0 1 0 0 1 1 0 1 0 1 1 0 1 0 1 0 1 0 0 1 0 1 1 0 0 1 1 0 0 0 1 1 0 1 1 0 1 0 0 0 0 1 0 0 0 1 0 0 0 1 0 1 1 1 0 0 1 1 0 0 1 1 0 0 1 0 1 0 1 1 0 0 0 0 0 1 0 1 0 1 0 1 0 0 0 1
0 1 1 1 1 0 0 1 1 0 0 1 0 0 1 0 0 0 0 1 1 0 1 0 0 0 0 0 0 1 1 1 0 1 0 1 0 1 0 1 1 0 1 0 0 1 1 0 0 0 0 0 0 1 0 0 1 0 0 0 0 0 1 1 0 1 1 1 0 0 0 0 0 1 1 0 1 0 1 0 1 0 0 0 1 1 1 1 0 0 0 0 0 0 0 1 0 0 1 0
1 0 0 0 1 0 0 1 0 0 0 0 1 1 1 0 0 1 0 1 0 0 1 1 0 1 0 1 1 0 1 1 1 0 1 0 1 1 0 1 0 1 1 0 0 1 0 0 0 1 1 0 1 1 1 0 0 0 1 1 1 1 0 0 1 0 1 0 0 1 0 1 0 0 1 0 0 1 1 1 1 1 1 1 1 1 0 0 0 0 0 0 1 0 0 0 0 0 1 1
0 1
0 2
1 2
0 3
1 3
2 3
0 4
1 4
2 4
3 4
1 5
4 5
2 5
0 5
4 6
3 6
0 6
2 6
5 7
0 7
3 7
2 7
3 8
0 8
5 8
7 8
2 9
8 9
6 9
5 9
0 10
1 10
3 10
2 10
1 11
8 11
5 11
3 11
2 12
7 12
0 12
8 12
9 13
7 13
3 13
10 13
11 14
5 14
9 14
0 14
1 15
14 15
5 15
10 15
8 16
14 16
5 16
6 16
14 17
10 17
15 17
0 17
3 18
2 18
8 18
17 18
8 19
13 19
0 19
1 19
13 20
11 20
7 20
10 20
9 21
19 21
13 21
1 21
4 22
21 22
17 22
20 22
4 23
3 23
13 23
14 23
8 24
20 24
5 24
22 24
0 25
16 25
10 25
11 25
2 26
7 26
15 26
19 26
5 27
23 27
9 27
0 27
4 28
5 28
0 28
3 28
0 29
1 29
5 29
6 29
28 30
5 30
10 30
23 30
28 31
11 31
8 31
10 31
13 32
6 32
11 32
7 32
13 33
3 33
11 33
8 33
2 34
3 34
8 34
1 34
14 35
1 35
8 35
11 35
6 36
0 36
8 36
5 36
0 37
13 37
8 37
16 37
0 38
24 38
37 38
14 38
36 39
6 39
34 39
10 39
17 40
4 40
32 40
28 40
17 41
8 41
18 41
21 41
1 42
32 42
0 42
4 42
18 43
26 43
6 43
7 43
32 44
10 44
2 44
5 44
6 45
31 45
4 45
23 45
1 46
8 46
20 46
35 46
1 47
43 47
26 47
42 47
1 48
31 48
8 48
2 48
46 49
6 49
24 49
15 49
15 50
4 50
10 50
1 50
0 51
31 51
8 51
40 51
18 52
9 52
0 52
23 52
8 53
35 53
29 53
46 53
2 54
22 54
43 54
47 54
18 55
22 55
50 55
45 55
42 56
22 56
9 56
13 56
55 57
15 57
21 57
14 57
49 58
15 58
40 58
22 58
33 59
14 59
17 59
19 59
0 60
5 60
22 60
29 60
31 61
2 61
3 61
20 61
0 62
4 62
21 62
17 62
55 63
22 63
35 63
24 63
40 64
24 64
37 64
58 64
42 65
57 65
61 65
4 65
37 66
19 66
9 66
11 66
33 67
8 67
6 67
36 67
25 68
63 68
40 68
3 68
27 69
8 69
3 69
6 69
8 70
47 70
7 70
22 70
48 71
8 71
44 71
45 71
37 72
11 72
2 72
52 72
1 73
43 73
7 73
19 73
1 74
46 74
68 74
28 74
45 75
55 75
15 75
39 75
23 76
50 76
47 76
0 76
56 77
1 77
0 77
14 77
70 78
43 78
4 78
20 78
57 79
74 79
24 79
15 79
5 80
34 80
55 80
51 80
56 81
20 81
50 81
24 81
8 82
51 82
72 82
13 82
15 83
5 83
34 83
58 83
3 84
32 84
11 84
47 84
2 85
4 85
51 85
3 85
5 86
38 86
24 86
82 86
65 87
71 87
31 87
1 87
11 88
56 88
87 88
81 88
13 89
6 89
12 89
28 89
35 90
3 90
8 90
87 90
24 91
57 91
21 91
69 91
1 92
44 92
22 92
10 92
5 93
8 93
3 93
2 93
68 94
11 94
67 94
29 94
17 95
91 95
15 95
61 95
72 96
20 96
4 96
35 96
3 97
5 97
68 97
64 97
17 98
35 98
8 98
10 98
54 99
3 99
63 99
45 99