100 390 5
1 0 0 1 1 1 0 1 1 1 0 0 1 1 0 0 0 1 1 0 0 1 1 1 1 1 0 1 1 0 1 1 0 1 1 0 1 0 0 0 0 0 0 1 1 0 1 1 0 1 0 1 0 1 1 0 0 0 0 1 0 1 0 0 0 1 0 1 1 0 0 1 0 0 1 1 0 1 0 1 1 1 1 0 1 0 1 0 1 0 1 0 1 0 0 0 1 0 1 0
1 1 0 1 1 0 0 0 0 1 1 1 0 0 0 0 0 1 1 0 1 0 1 0 0 0 1 1 1 0 1 0 1 0 1 1 1 1 1 1 1 0 1 0 0 1 0 1 0 1 1 0 1 0 0 0 1 0 0 1 1 0 0 0 1 0 0 1 1 0 1 0 1 1 1 1 0 1 1 1 0 1 0 1 0 1 0 1 1 0 0 1 1 1 1 1 1 0 1 1
1 1 1 1 0 1 0 1 1 0 1 0 0 1 1 1 0 0 1 1 1 0 0 1 1 0 0 0 0 0 0 1 0 0 1 0 1 1 1 0 1 1 1 1 1 1 1 1 0 0 1 0 0 1 0 0 0 1 0 1 1 0 0 0 1 1 0 1 0 0 0 1 0 0 1 1 0 0 0 1 1 1 0 1 0 0 0 0 1 0 1 0 0 1 1 1 0 0 0 1
0 1 1 0 0 0 1 0 1 0 1 1 1 1 1 1 1 1 1 0 0 1 1 0 0 0 1 0 1 1 1 1 1 1 1 1 0 1 1 1 1 0 0 1 0 1 1 0 0 1 1 0 0 0 1 0 0 1 0 0 1 1 1 1 1 0 0 1 0 0 0 1 1 1 0 0 0 0 0 0 0 0 0 1 1 0 1 0 0 0 0 0 0 1 0 0 0 1 1 1
0 1 0 0 0 1 0 0 0 1 1 1 0 1 1 1 1 0 0 1 1 1 1 1 1 0 0 0 1 0 0 0 0 0 1 0 0 1 0 0 1 0 0 1 0 0 1 1 1 1 1 1 1 1 0 1 0 1 0 1 0 1 0 1 1 1 0 1 1 0 0 1 1 1 1 1 0 1 0 1 1 1 0 1 0 1 1 1 1 0 1 0 0 0 0 0 0 0 0 0
0 1
0 2
1 2
0 3
1 3
2 3
0 4
1 4
2 4
3 4
4 5
1 5
0 5
2 5
3 6
5 6
0 6
1 6
1 7
0 7
5 7
3 7
5 8
0 8
1 8
7 8
1 9
3 9
0 9
7 9
5 10
3 10
1 10
0 10
3 11
1 11
2 11
7 11
1 12
10 12
3 12
7 12
4 13
0 13
8 13
12 13
11 14
5 14
2 14
1 14
0 15
8 15
3 15
11 15
2 16
3 16
7 16
15 16
9 17
4 17
1 17
5 17
5 18
0 18
17 18
2 18
9 19
15 19
3 19
16 19
15 20
6 20
7 20
2 20
6 21
0 21
2 21
14 21
3 22
15 22
8 22
16 22
3 23
1 23
8 23
0 23
12 24
20 24
18 24
3 24
4 25
8 25
1 25
2 25
1 26
4 26
12 26
7 26
10 27
4 27
0 27
21 27
1 28
3 28
26 28
7 28
23 29
24 29
4 29
20 29
21 30
7 30
22 30
24 30
0 31
7 31
18 31
27 31
22 32
16 32
17 32
12 32
32 33
21 33
2 33
28 33
10 34
20 34
4 34
19 34
18 35
17 35
2 35
7 35
0 36
16 36
10 36
15 36
16 37
0 37
5 37
4 37
23 38
18 38
4 38
24 38
11 39
26 39
10 39
12 39
21 40
7 40
17 40
0 40
8 41
27 41
15 41
5 41
34 42
2 42
0 42
4 42
0 43
33 43
11 43
14 43
10 44
27 44
19 44
5 44
39 45
3 45
12 45
10 45
5 46
14 46
32 46
12 46
32 47
2 47
10 47
0 47
37 48
7 48
20 48
13 48
20 49
6 49
40 49
36 49
38 50
4 50
8 50
45 50
47 51
3 51
0 51
32 51
12 52
2 52
3 52
4 52
49 53
35 53
1 53
32 53
5 54
31 54
10 54
27 54
12 55
25 55
45 55
29 55
0 56
18 56
1 56
8 56
8 57
34 57
56 57
26 57
33 58
11 58
18 58
7 58
15 59
53 59
10 59
18 59
32 60
45 60
0 60
2 60
12 61
38 61
50 61
54 61
0 62
21 62
56 62
32 62
26 63
18 63
54 63
8 63
45 64
18 64
22 64
5 64
8 65
10 65
4 65
32 65
32 66
27 66
1 66
14 66
3 67
46 67
16 67
62 67
35 68
3 68
54 68
63 68
2 69
8 69
20 69
18 69
4 70
11 70
7 70
39 70
3 71
23 71
53 71
46 71
18 72
23 72
34 72
50 72
72 73
5 73
28 73
14 73
60 74
1 74
22 74
8 74
45 75
4 75
52 75
16 75
2 76
5 76
12 76
1 76
42 77
12 77
69 77
45 77
15 78
20 78
48 78
57 78
20 79
11 79
50 79
7 79
53 80
22 80
70 80
2 80
12 81
5 81
53 81
72 81
21 82
20 82
23 82
12 82
54 83
9 83
35 83
3 83
76 84
58 84
10 84
9 84
8 85
42 85
12 85
16 85
18 86
11 86
15 86
27 86
23 87
86 87
4 87
3 87
55 88
80 88
6 88
5 88
76 89
15 89
41 89
47 89
79 90
15 90
48 90
1 90
5 91
52 91
6 91
51 91
26 92
0 92
18 92
2 92
21 93
80 93
53 93
36 93
14 94
2 94
49 94
15 94
49 95
47 95
56 95
17 95
0 96
94 96
82 96
80 96
4 97
0 97
59 97
12 97
54 98
4 98
0 98
55 98
82 99
55 99
71 99
8 99