100 390 5
1 0 0 1 1 1 1 1 0 1 0 1 0 1 1 1 0 1 1 0 0 1 1 1 1 0 0 0 0 1 1 1 1 1 0 1 1 1 1 0 1 0 0 0 1 0 0 0 0 1 1 1 1 1 1 1 1 0 1 1 1 0 0 0 1 1 0 0 0 0 1 1 1 0 0 1 0 1 1 0 0 1 1 0 1 1 0 0 1 1 0 0 1 0 0 0 1 1 1 1
0 0 1 1 0 1 1 1 1 0 1 1 1 0 1 0 1 1 0 0 0 1 0 0 0 0 1 0 1 1 1 0 1 1 0 0 1 0 0 1 1 0 0 0 1 0 1 0 1 0 0 1 0 1 1 0 1 0 0 1 0 0 1 1 1 0 0 0 1 0 0 0 1 1 1 1 0 1 0 1 1 0 1 0 1 1 1 0 0 0 1 1 1 1 0 0 0 1 0 0
0 1 1 1 0 1 1 1 1 0 0 1 1 1 1 0 1 1 0 1 0 0 1 0 1 0 0 1 0 1 0 1 1 1 1 0 1 0 0 1 1 1 1 0 1 1 0 1 1 0 0 1 0 1 0 0 0 1 0 1 1 1 1 1 1 1 1 0 0 1 1 1 0 0 1 1 1 0 0 0 0 0 1 0 0 0 0 1 0 0 1 1 0 1 1 0 0 1 0 1
0 0 1 0 1 1 1 1 1 0 1 0 1 0 1 1 1 1 1 1 1 1 1 0 1 1 1 1 0 1 0 1 0 1 1 1 0 0 1 0 1 1 0 1 0 0 1 0 0 1 0 1 1 0 0 1 1 0 1 0 0 1 0 0 0 0 0 0 0 0 1 1 0 0 0 0 0 0 1 1 1 1 1 1 1 1 1 0 0 1 1 0 0 1 0 0 1 1 0 1
1 0 0 1 1 1 1 0 1 1 0 0 1 0 0 1 1 0 0 1 1 0 1 1 1 1 1 0 0 1 0 1 1 0 0 1 0 0 0 1 0 0 0 0 0 0 1 1 1 1 1 0 1 0 1 0 1 1 0 1 1 0 1 1 1 1 0 0 1 0 1 1 1 1 0 1 0 1 0 1 0 1 0 0 0 1 0 1 0 0 1 1 1 1 0 1 0 1 1 1
0 1
0 2
1 2
0 3
1 3
2 3
0 4
1 4
2 4
3 4
1 5
0 5
2 5
4 5
5 6
1 6
2 6
3 6
2 7
5 7
4 7
1 7
5 8
1 8
7 8
6 8
0 9
1 9
2 9
5 9
5 10
6 10
2 10
8 10
5 11
6 11
1 11
9 11
6 12
1 12
4 12
8 12
8 13
2 13
1 13
5 13
7 14
2 14
5 14
12 14
12 15
0 15
6 15
1 15
1 16
13 16
7 16
4 16
3 17
4 17
5 17
7 17
5 18
16 18
1 18
9 18
3 19
18 19
10 19
5 19
5 20
13 20
1 20
3 20
5 21
8 21
4 21
7 21
19 22
3 22
9 22
4 22
16 23
5 23
10 23
19 23
9 24
5 24
7 24
22 24
5 25
15 25
13 25
9 25
6 26
8 26
16 26
3 26
3 27
19 27
4 27
15 27
16 28
5 28
25 28
4 28
13 29
26 29
14 29
27 29
0 30
27 30
7 30
18 30
15 31
1 31
10 31
0 31
22 32
4 32
9 32
13 32
7 33
15 33
22 33
9 33
27 34
1 34
17 34
22 34
26 35
9 35
15 35
2 35
30 36
4 36
34 36
1 36
6 37
0 37
9 37
4 37
27 38
7 38
15 38
3 38
9 39
5 39
3 39
15 39
24 40
26 40
27 40
1 40
3 41
0 41
1 41
30 41
6 42
17 42
8 42
7 42
4 43
13 43
19 43
5 43
3 44
6 44
23 44
1 44
5 45
32 45
20 45
3 45
12 46
1 46
4 46
3 46
15 47
45 47
3 47
25 47
35 48
6 48
2 48
18 48
4 49
26 49
8 49
19 49
3 50
33 50
15 50
7 50
22 51
12 51
7 51
48 51
28 52
3 52
7 52
21 52
8 53
29 53
19 53
9 53
39 54
4 54
8 54
30 54
10 55
1 55
6 55
24 55
49 56
15 56
9 56
16 56
44 57
55 57
12 57
11 57
51 58
11 58
34 58
19 58
24 59
19 59
17 59
55 59
7 60
8 60
17 60
11 60
25 61
3 61
10 61
57 61
15 62
5 62
16 62
4 62
22 63
55 63
37 63
7 63
61 64
8 64
19 64
45 64
8 65
22 65
9 65
1 65
3 66
1 66
9 66
36 66
1 67
19 67
38 67
39 67
5 68
6 68
57 68
2 68
32 69
56 69
5 69
53 69
14 70
9 70
69 70
66 70
20 71
49 71
15 71
13 71
47 72
39 72
57 72
7 72
5 73
49 73
9 73
24 73
5 74
17 74
59 74
3 74
4 75
43 75
16 75
48 75
17 76
72 76
6 76
51 76
70 77
41 77
9 77
22 77
13 78
9 78
10 78
5 78
3 79
18 79
5 79
22 79
41 80
3 80
5 80
16 80
34 81
63 81
79 81
12 81
13 82
4 82
0 82
6 82
30 83
75 83
80 83
19 83
19 84
15 84
2 84
44 84
3 85
9 85
22 85
64 85
8 86
49 86
56 86
1 86
39 87
72 87
50 87
42 87
22 88
58 88
86 88
25 88
27 89
11 89
33 89
6 89
30 90
22 90
0 90
6 90
42 91
19 91
8 91
79 91
9 92
90 92
75 92
83 92
16 93
50 93
32 93
63 93
19 94
41 94
5 94
15 94
46 95
68 95
9 95
63 95
11 96
8 96
69 96
17 96
90 97
48 97
57 97
40 97
87 98
55 98
2 98
8 98
77 99
4 99
6 99
19 99