100 390 5
0 1 0 0 1 1 1 0 1 1 1 1 1 1 0 1 0 1 0 0 0 1 0 0 1 1 0 0 0 0 0 0 1 1 0 1 0 1 1 0 0 0 1 1 0 0 0 1 0 0 0 1 1 1 1 1 1 0 0 1 1 1 0 0 0 0 1 0 1 1 1 0 1 1 0 1 1 0 0 1 0 0 0 1 1 0 1 1 0 0 0 0 0 0 0 0 0 1 0 0
1 1 0 1 0 1 0 0 1 0 0 1 1 1 1 0 1 0 0 0 0 0 1 0 1 1 1 1 1 1 1 0 1 0 1 1 0 1 1 0 1 0 1 0 0 1 1 1 1 0 0 1 1 0 1 0 0 1 0 0 0 1 0 0 0 0 1 0 1 1 0 0 1 0 0 1 1 1 1 1 0 0 1 0 1 1 0 1 1 0 1 0 0 1 0 1 0 1 1 0
1 1 0 0 0 1 0 0 1 0 0 0 0 1 0 1 0 1 1 1 0 0 1 1 1 0 0 0 0 1 0 0 1 0 0 1 0 0 0 0 1 0 0 0 1 1 1 1 1 0 0 0 1 1 0 1 1 1 1 0 1 0 1 1 1 1 0 1 1 1 1 0 1 0 1 1 0 0 1 0 1 0 0 0 1 1 0 0 1 1 0 0 1 0 1 1 0 1 1 0
1 0 0 0 0 1 1 0 1 1 0 0 0 0 1 1 1 0 1 0 1 0 1 0 0 0 0 1 1 0 0 0 0 0 1 1 1 1 1 0 0 1 1 0 1 0 1 1 0 0 0 1 0 1 1 0 1 1 0 1 0 1 1 0 1 1 0 1 1 0 0 1 1 0 1 1 0 1 1 1 0 0 0 1 0 0 1 1 0 0 0 0 0 0 0 1 1 1 1 0
1 1 1 0 0 1 1 0 0 1 0 0 0 0 0 0 1 1 0 0 0 0 0 0 1 1 0 0 1 0 0 0 0 0 1 1 1 1 1 0 1 1 0 0 0 1 1 1 1 0 0 1 0 0 0 0 0 1 0 0 0 0 0 1 1 1 1 0 1 1 1 0 0 0 0 1 1 0 0 1 1 0 1 1 1 0 0 1 1 1 0 0 0 1 0 1 1 0 0 1
0 1
0 2
1 2
0 3
1 3
2 3
0 4
1 4
2 4
3 4
2 5
3 5
1 5
0 5
5 6
0 6
3 6
2 6
6 7
3 7
4 7
2 7
6 8
7 8
5 8
2 8
2 9
0 9
3 9
1 9
9 10
4 10
3 10
7 10
10 11
9 11
2 11
4 11
4 12
11 12
9 12
8 12
3 13
2 13
8 13
5 13
3 14
2 14
7 14
6 14
7 15
3 15
2 15
4 15
6 16
4 16
5 16
2 16
3 17
16 17
7 17
2 17
11 18
14 18
8 18
10 18
16 19
4 19
7 19
10 19
3 20
7 20
8 20
4 20
17 21
4 21
6 21
2 21
2 22
14 22
10 22
0 22
1 23
3 23
21 23
17 23
18 24
9 24
4 24
21 24
18 25
2 25
13 25
5 25
3 26
7 26
4 26
11 26
11 27
19 27
3 27
4 27
20 28
0 28
10 28
2 28
3 29
21 29
17 29
2 29
9 30
12 30
2 30
0 30
13 31
4 31
7 31
17 31
5 32
29 32
0 32
28 32
31 33
10 33
24 33
19 33
26 34
32 34
3 34
2 34
11 35
2 35
25 35
31 35
19 36
21 36
8 36
17 36
30 37
11 37
36 37
21 37
7 38
11 38
17 38
1 38
19 39
9 39
2 39
12 39
6 40
18 40
28 40
11 40
8 41
6 41
3 41
11 41
5 42
18 42
4 42
2 42
2 43
7 43
3 43
20 43
35 44
19 44
0 44
9 44
25 45
4 45
33 45
0 45
8 46
30 46
37 46
1 46
43 47
28 47
22 47
36 47
8 48
20 48
6 48
3 48
37 49
33 49
5 49
38 49
5 50
19 50
12 50
4 50
28 51
2 51
39 51
23 51
30 52
24 52
50 52
28 52
28 53
19 53
7 53
9 53
0 54
2 54
5 54
36 54
4 55
13 55
20 55
35 55
5 56
34 56
3 56
1 56
6 57
55 57
3 57
37 57
19 58
2 58
8 58
56 58
21 59
17 59
7 59
14 59
3 60
12 60
5 60
44 60
35 61
48 61
59 61
51 61
6 62
0 62
4 62
35 62
32 63
7 63
11 63
19 63
25 64
8 64
28 64
44 64
18 65
0 65
54 65
4 65
2 66
1 66
5 66
13 66
3 67
45 67
63 67
9 67
59 68
35 68
61 68
0 68
7 69
32 69
14 69
21 69
14 70
5 70
4 70
3 70
5 71
6 71
49 71
0 71
9 72
2 72
36 72
10 72
60 73
25 73
68 73
3 73
53 74
9 74
37 74
50 74
16 75
34 75
19 75
7 75
75 76
4 76
37 76
5 76
25 77
14 77
27 77
10 77
8 78
19 78
74 78
51 78
25 79
67 79
2 79
53 79
2 80
39 80
5 80
17 80
55 81
33 81
2 81
7 81
22 82
30 82
70 82
2 82
81 83
66 83
7 83
5 83
2 84
33 84
1 84
7 84
20 85
0 85
9 85
29 85
4 86
69 86
80 86
8 86
2 87
11 87
35 87
57 87
5 88
70 88
9 88
42 88
59 89
1 89
28 89
55 89
3 90
35 90
14 90
57 90
3 91
25 91
0 91
53 91
6 92
75 92
25 92
79 92
7 93
29 93
48 93
23 93
72 94
0 94
4 94
30 94
65 95
11 95
24 95
10 95
31 96
2 96
25 96
64 96
2 97
80 97
5 97
49 97
0 98
33 98
12 98
91 98
69 99
23 99
5 99
1 99