100 390 5
0 1 1 0 1 0 0 0 1 1 1 1 0 0 1 1 0 0 1 1 1 0 1 0 0 0 0 0 0 0 0 1 0 0 1 1 1 0 0 0 0 1 0 0 0 0 0 1 1 0 1 1 0 0 0 0 0 1 0 1 1 0 0 1 1 1 1 1 0 1 1 0 1 1 0 1 0 0 0 0 1 1 0 0 0 1 0 0 0 1 1 1 1 0 1 1 1 0 0 0
0 1 0 0 0 0 1 0 1 1 0 0 0 1 1 0 0 1 0 0 1 1 1 1 1 1 1 0 1 1 1 1 0 0 1 1 0 1 1 0 1 0 1 1 0 0 0 1 1 1 0 1 0 1 1 0 0 1 0 1 0 1 1 1 1 1 1 0 1 0 0 1 1 1 0 1 0 1 0 1 0 0 1 1 0 1 1 1 1 1 1 1 0 1 1 0 0 0 1 0
1 1 1 0 1 0 0 1 1 1 0 0 1 0 0 0 0 1 0 1 1 1 0 1 1 1 1 1 1 1 1 1 1 1 0 1 1 1 0 0 0 1 1 1 0 0 1 0 0 1 1 0 0 1 1 0 1 0 0 0 0 1 1 0 1 0 1 0 1 1 0 1 0 0 0 1 1 0 0 0 0 1 0 1 1 1 0 1 1 0 1 1 0 0 0 0 0 1 0 1
0 1 0 0 1 1 1 0 0 1 1 0 0 0 0 1 0 0 1 1 0 1 1 0 0 1 1 0 1 1 1 0 0 0 1 0 1 1 1 0 1 1 0 0 0 1 0 1 1 0 1 1 1 0 0 0 0 1 1 0 0 1 1 1 1 1 0 0 0 0 1 1 1 0 0 1 1 0 1 1 1 1 1 1 1 0 1 0 0 1 0 0 0 1 0 1 0 1 1 0
0 1 1 1 0 1 0 0 1 1 0 0 1 0 1 0 1 0 1 1 1 0 1 0 1 1 0 1 1 1 0 1 1 1 0 1 0 0 1 1 1 0 1 0 1 1 0 1 0 1 1 1 1 1 1 0 0 1 0 1 0 0 1 1 1 1 1 1 1 1 0 1 0 1 0 1 1 1 0 0 1 0 1 0 1 1 1 0 1 0 1 1 0 0 1 0 1 0 1 1
0 1
0 2
1 2
0 3
1 3
2 3
0 4
1 4
2 4
3 4
4 5
0 5
2 5
3 5
3 6
2 6
4 6
0 6
0 7
1 7
3 7
6 7
3 8
1 8
0 8
7 8
3 9
6 9
1 9
7 9
3 10
0 10
6 10
1 10
4 11
0 11
10 11
1 11
2 12
1 12
7 12
6 12
2 13
10 13
3 13
6 13
5 14
0 14
3 14
2 14
1 15
3 15
7 15
2 15
2 16
0 16
8 16
1 16
2 17
14 17
3 17
10 17
9 18
0 18
1 18
6 18
15 19
3 19
11 19
2 19
3 20
2 20
14 20
7 20
4 21
1 21
14 21
0 21
18 22
5 22
10 22
9 22
16 23
7 23
11 23
18 23
17 24
0 24
3 24
8 24
1 25
6 25
24 25
4 25
2 26
21 26
10 26
3 26
26 27
2 27
6 27
23 27
3 28
18 28
5 28
4 28
2 29
23 29
4 29
21 29
1 30
29 30
4 30
3 30
13 31
2 31
22 31
7 31
29 32
8 32
23 32
9 32
0 33
13 33
3 33
4 33
7 34
2 34
4 34
25 34
0 35
11 35
3 35
1 35
11 36
14 36
30 36
6 36
6 37
9 37
5 37
12 37
20 38
0 38
14 38
33 38
25 39
0 39
14 39
27 39
34 40
26 40
13 40
11 40
19 41
30 41
0 41
6 41
19 42
15 42
2 42
4 42
1 43
8 43
14 43
29 43
19 44
7 44
17 44
25 44
6 45
1 45
34 45
27 45
31 46
2 46
9 46
39 46
3 47
10 47
19 47
7 47
2 48
0 48
10 48
19 48
1 49
3 49
0 49
2 49
5 50
3 50
38 50
1 50
28 51
36 51
0 51
4 51
3 52
33 52
19 52
2 52
19 53
2 53
3 53
33 53
26 54
21 54
0 54
47 54
1 55
21 55
33 55
19 55
12 56
3 56
5 56
18 56
1 57
24 57
11 57
4 57
30 58
4 58
13 58
10 58
3 59
32 59
33 59
44 59
10 60
32 60
48 60
5 60
53 61
0 61
19 61
33 61
13 62
1 62
6 62
3 62
28 63
48 63
2 63
61 63
21 64
31 64
1 64
19 64
18 65
52 65
9 65
6 65
24 66
3 66
37 66
11 66
17 67
57 67
18 67
0 67
2 68
10 68
19 68
17 68
3 69
66 69
4 69
57 69
7 70
33 70
6 70
15 70
0 71
2 71
3 71
7 71
41 72
18 72
33 72
0 72
0 73
22 73
5 73
19 73
7 74
49 74
33 74
4 74
30 75
0 75
65 75
3 75
67 76
69 76
57 76
23 76
21 77
3 77
62 77
18 77
17 78
21 78
47 78
7 78
0 79
2 79
12 79
38 79
14 80
2 80
20 80
10 80
11 81
17 81
29 81
1 81
68 82
77 82
32 82
38 82
28 83
20 83
78 83
44 83
8 84
6 84
4 84
79 84
38 85
40 85
7 85
71 85
84 86
57 86
83 86
19 86
4 87
71 87
41 87
68 87
69 88
32 88
0 88
85 88
5 89
66 89
7 89
85 89
7 90
26 90
68 90
38 90
19 91
6 91
13 91
81 91
1 92
16 92
2 92
42 92
49 93
68 93
76 93
90 93
80 94
11 94
86 94
26 94
68 95
79 95
37 95
6 95
16 96
14 96
50 96
0 96
68 97
28 97
41 97
75 97
14 98
81 98
80 98
50 98
19 99
6 99
77 99
42 99