100 390 5
0 0 0 0 0 0 1 1 1 1 1 0 0 0 1 1 0 1 0 1 0 0 1 1 1 0 0 1 1 0 1 1 1 0 0 1 1 0 0 1 1 1 0 0 0 1 0 0 1 1 1 0 0 0 1 1 1 1 0 1 0 1 1 0 1 1 0 1 0 0 0 1 0 1 1 1 0 1 0 1 1 0 0 0 0 0 1 0 1 1 0 1 1 1 1 1 1 0 0 0
0 1 1 0 1 0 1 0 0 1 1 0 1 1 0 0 1 1 1 0 0 1 0 0 0 0 1 1 1 0 0 0 1 0 0 1 0 0 1 1 0 0 0 0 1 0 1 0 0 1 1 1 0 1 1 0 1 1 1 0 0 0 0 0 1 0 0 0 0 0 0 1 1 1 0 1 1 1 1 1 0 1 1 1 1 1 1 0 0 0 0 0 0 0 1 1 0 0 1 0
1 0 0 1 0 1 1 1 1 0 1 1 0 1 0 0 0 1 0 1 1 1 1 0 0 1 1 0 0 1 1 1 0 0 0 1 0 0 0 1 1 1 0 1 0 1 0 1 1 1 1 1 1 1 1 1 0 0 1 1 0 1 1 0 1 1 1 1 1 1 1 0 0 0 1 1 1 0 1 1 0 1 0 1 1 0 0 0 1 0 0 1 1 0 0 0 0 1 0 0
1 0 0 0 0 0 0 1 1 0 1 1 1 1 0 1 1 0 0 1 1 0 1 1 1 0 1 1 1 1 0 0 0 1 1 1 0 1 0 1 0 0 1 1 0 0 0 1 1 0 0 1 1 0 1 0 1 1 0 0 1 0 1 0 1 0 1 0 0 0 0 1 0 1 1 0 0 1 0 0 1 1 1 0 1 1 0 0 0 1 0 1 1 0 1 1 1 0 1 0
0 0 0 0 1 1 0 1 1 0 0 0 1 0 1 1 1 1 0 0 0 0 1 0 1 1 1 1 0 1 0 1 1 0 0 1 0 0 1 1 1 1 0 0 0 0 1 1 1 1 1 0 1 1 1 1 1 0 1 1 1 0 1 1 0 0 1 1 1 1 0 0 1 0 1 1 0 0 0 0 0 0 0 0 1 1 0 0 1 0 0 0 1 1 1 1 1 0 1 1
0 1
0 2
1 2
0 3
1 3
2 3
0 4
1 4
2 4
3 4
1 5
0 5
4 5
3 5
0 6
1 6
4 6
2 6
5 7
1 7
0 7
3 7
0 8
1 8
3 8
5 8
6 9
3 9
7 9
2 9
3 10
5 10
0 10
7 10
3 11
6 11
0 11
7 11
6 12
11 12
10 12
0 12
3 13
0 13
1 13
10 13
6 14
3 14
12 14
0 14
10 15
8 15
0 15
4 15
12 16
15 16
4 16
5 16
5 17
14 17
13 17
2 17
3 18
17 18
14 18
2 18
13 19
16 19
11 19
2 19
1 20
5 20
0 20
3 20
10 21
14 21
3 21
16 21
13 22
12 22
11 22
19 22
22 23
5 23
18 23
14 23
11 24
16 24
3 24
12 24
5 25
6 25
24 25
2 25
9 26
2 26
24 26
13 26
3 27
10 27
11 27
15 27
17 28
6 28
13 28
15 28
13 29
3 29
4 29
25 29
3 30
17 30
19 30
10 30
2 31
5 31
4 31
19 31
0 32
17 32
24 32
27 32
12 33
11 33
14 33
21 33
5 34
3 34
9 34
30 34
22 35
18 35
32 35
13 35
12 36
10 36
9 36
19 36
3 37
29 37
30 37
6 37
31 38
8 38
14 38
25 38
21 39
29 39
32 39
0 39
24 40
2 40
0 40
21 40
31 41
11 41
28 41
0 41
32 42
9 42
3 42
11 42
32 43
10 43
4 43
0 43
8 44
11 44
20 44
27 44
7 45
4 45
38 45
19 45
24 46
22 46
11 46
13 46
33 47
29 47
11 47
2 47
28 48
38 48
16 48
41 48
37 49
1 49
24 49
39 49
2 50
10 50
36 50
38 50
4 51
6 51
38 51
20 51
37 52
19 52
0 52
3 52
50 53
26 53
11 53
10 53
23 54
20 54
3 54
43 54
9 55
7 55
8 55
17 55
24 56
2 56
27 56
42 56
6 57
12 57
29 57
9 57
20 58
1 58
17 58
43 58
48 59
0 59
3 59
8 59
19 60
2 60
20 60
17 60
19 61
18 61
13 61
21 61
32 62
55 62
42 62
33 62
21 63
33 63
61 63
18 63
24 64
17 64
57 64
36 64
36 65
50 65
51 65
62 65
32 66
6 66
43 66
42 66
61 67
0 67
25 67
19 67
8 68
36 68
1 68
20 68
18 69
13 69
48 69
20 69
2 70
38 70
44 70
50 70
13 71
21 71
17 71
1 71
41 72
11 72
3 72
24 72
49 73
12 73
30 73
2 73
29 74
6 74
62 74
32 74
34 75
1 75
14 75
54 75
19 76
12 76
72 76
38 76
14 77
73 77
65 77
19 77
17 78
1 78
27 78
28 78
65 79
3 79
47 79
39 79
21 80
69 80
65 80
15 80
7 81
43 81
34 81
71 81
11 82
39 82
25 82
3 82
35 83
19 83
9 83
66 83
3 84
50 84
52 84
36 84
2 85
61 85
84 85
5 85
62 86
67 86
63 86
79 86
27 87
17 87
4 87
70 87
62 88
82 88
43 88
80 88
24 89
11 89
20 89
61 89
76 90
21 90
84 90
3 90
3 91
46 91
24 91
74 91
64 92
14 92
6 92
3 92
58 93
62 93
90 93
17 93
11 94
70 94
22 94
71 94
93 95
61 95
1 95
20 95
86 96
62 96
4 96
85 96
11 97
21 97
12 97
4 97
4 98
10 98
64 98
26 98
13 99
34 99
24 99
61 99