100 390 5
0 1 0 1 0 1 1 0 0 1 1 1 0 0 0 1 0 1 0 1 0 0 0 0 0 1 0 0 1 1 1 0 0 0 1 0 1 0 0 0 1 1 1 0 0 0 1 1 1 0 1 1 1 0 0 1 0 1 0 0 0 0 0 1 1 1 0 1 0 0 0 1 1 0 0 0 1 0 0 1 0 0 1 1 1 1 0 1 1 0 0 0 1 0 0 0 0 0 1 1
0 0 1 0 1 0 0 0 1 0 0 1 1 0 1 1 0 1 0 0 0 1 1 0 0 0 1 0 0 1 1 1 0 1 0 0 0 1 1 1 1 0 0 1 1 0 1 0 1 1 0 1 1 0 0 1 0 0 0 0 0 0 0 0 1 0 0 1 0 0 1 1 1 0 1 0 1 1 0 0 0 1 1 0 1 1 1 0 1 1 0 1 0 1 1 0 1 1 1 1
0 0 1 1 1 1 1 0 1 0 1 1 0 1 0 1 0 1 0 0 1 0 0 1 1 1 1 1 0 0 1 0 0 1 1 1 1 0 1 0 1 0 0 0 1 0 1 0 0 0 0 0 0 0 1 0 1 1 1 1 1 1 1 1 1 1 0 1 1 0 0 0 1 0 1 0 1 0 0 1 1 0 0 1 1 1 0 1 0 1 0 0 0 0 0 1 0 0 0 0
0 0 0 0 1 0 0 1 0 0 0 1 1 1 1 0 0 0 0 0 0 0 1 1 1 1 0 1 0 1 1 1 1 1 0 1 1 1 0 1 0 1 0 1 1 1 1 1 1 1 1 1 0 0 0 1 1 1 1 0 0 1 0 1 0 1 1 1 0 1 0 0 1 0 0 1 0 1 1 1 1 0 1 1 0 1 1 0 0 1 0 0 1 0 0 1 1 0 1 1
1 1 0 1 1 1 0 1 0 0 0 1 1 0 0 1 1 0 1 0 0 1 0 1 1 0 0 0 1 0 0 1 0 1 1 1 1 0 0 0 1 1 1 0 0 0 0 0 0 1 1 1 1 0 0 1 0 0 0 1 0 1 1 0 1 1 1 1 0 0 1 1 1 0 1 0 0 0 0 0 0 1 1 0 0 1 0 1 0 1 0 1 1 0 0 0 1 1 0 1
0 1
0 2
1 2
0 3
1 3
2 3
0 4
1 4
2 4
3 4
3 5
2 5
4 5
0 5
2 6
3 6
0 6
5 6
0 7
1 7
2 7
4 7
4 8
3 8
0 8
2 8
0 9
8 9
1 9
4 9
0 10
7 10
6 10
2 10
9 11
3 11
7 11
8 11
3 12
11 12
2 12
0 12
2 13
7 13
5 13
3 13
9 14
3 14
11 14
0 14
5 15
0 15
4 15
12 15
5 16
7 16
2 16
3 16
5 17
3 17
9 17
11 17
15 18
12 18
13 18
7 18
2 19
3 19
7 19
4 19
16 20
15 20
2 20
12 20
0 21
15 21
14 21
17 21
3 22
2 22
7 22
0 22
2 23
8 23
19 23
3 23
1 24
0 24
7 24
4 24
13 25
5 25
3 25
8 25
15 26
12 26
5 26
18 26
4 27
0 27
11 27
17 27
3 28
0 28
7 28
13 28
16 29
7 29
8 29
4 29
3 30
1 30
5 30
15 30
30 31
4 31
3 31
0 31
21 32
14 32
11 32
16 32
11 33
13 33
29 33
14 33
12 34
26 34
14 34
13 34
16 35
15 35
4 35
3 35
20 36
14 36
6 36
0 36
16 37
8 37
20 37
36 37
24 38
19 38
0 38
25 38
3 39
13 39
4 39
7 39
20 40
31 40
19 40
5 40
3 41
36 41
38 41
24 41
17 42
2 42
0 42
11 42
20 43
17 43
4 43
19 43
23 44
9 44
43 44
3 44
13 45
40 45
6 45
23 45
18 46
30 46
13 46
31 46
16 47
36 47
9 47
31 47
12 48
35 48
45 48
40 48
26 49
3 49
16 49
34 49
0 50
28 50
49 50
20 50
34 51
14 51
2 51
1 51
1 52
13 52
0 52
26 52
8 53
3 53
48 53
32 53
21 54
32 54
27 54
33 54
17 55
14 55
6 55
2 55
0 56
5 56
44 56
31 56
47 57
55 57
14 57
3 57
56 58
5 58
16 58
3 58
5 59
19 59
57 59
39 59
47 60
2 60
7 60
0 60
32 61
60 61
27 61
46 61
56 62
33 62
52 62
58 62
7 63
5 63
0 63
20 63
36 64
2 64
9 64
11 64
14 65
50 65
3 65
53 65
54 66
11 66
19 66
41 66
17 67
59 67
29 67
45 67
45 68
4 68
39 68
26 68
4 69
13 69
18 69
15 69
47 70
22 70
31 70
64 70
66 71
3 71
2 71
27 71
35 72
23 72
3 72
49 72
0 73
46 73
12 73
8 73
33 74
32 74
45 74
60 74
49 75
16 75
64 75
3 75
16 76
4 76
57 76
3 76
27 77
35 77
1 77
58 77
13 78
44 78
35 78
0 78
46 79
3 79
77 79
12 79
14 80
43 80
3 80
40 80
3 81
60 81
8 81
40 81
0 82
65 82
67 82
13 82
31 83
19 83
5 83
59 83
18 84
82 84
4 84
47 84
6 85
21 85
17 85
5 85
47 86
52 86
0 86
32 86
74 87
1 87
78 87
44 87
19 88
13 88
5 88
43 88
10 89
16 89
82 89
8 89
64 90
81 90
60 90
15 90
62 91
40 91
34 91
48 91
0 92
29 92
11 92
85 92
8 93
2 93
14 93
63 93
52 94
69 94
34 94
0 94
0 95
16 95
29 95
47 95
39 96
55 96
5 96
19 96
3 97
1 97
4 97
5 97
57 98
2 98
56 98
44 98
52 99
94 99
9 99
63 99