100 390 5
1 0 0 1 1 0 0 0 0 1 0 0 1 1 1 1 0 1 1 0 1 0 0 1 0 0 0 1 0 1 1 0 1 0 0 1 0 1 0 0 1 1 0 0 0 1 0 1 1 0 1 1 1 0 1 0 0 0 0 0 0 0 0 1 0 1 1 1 0 0 1 0 0 0 1 0 1 0 0 0 0 1 1 0 1 1 0 0 0 1 1 0 1 1 0 1 0 1 0 1
0 0 1 1 1 0 1 1 0 0 1 0 0 0 0 1 0 0 1 1 1 1 1 1 1 0 1 0 0 1 1 1 1 0 1 1 0 0 1 0 0 1 1 1 1 1 0 1 0 0 0 1 1 0 1 0 0 1 1 1 1 0 0 1 0 1 1 0 1 1 0 0 0 1 0 0 0 1 0 1 1 1 0 0 0 0 1 0 0 0 0 0 0 0 1 1 1 0 1 0
1 0 1 0 0 0 0 1 1 0 0 1 0 1 0 1 0 0 0 0 1 1 1 1 1 0 0 0 1 1 0 0 0 0 1 1 0 1 0 0 0 0 1 1 1 1 0 0 0 0 1 0 0 1 1 0 0 1 1 0 1 0 1 0 0 1 1 0 0 0 0 1 0 0 1 0 0 1 1 1 0 0 0 0 1 0 1 1 1 1 1 0 1 0 1 1 1 0 0 1
1 1 0 1 0 0 1 0 1 1 1 1 0 1 1 1 1 0 1 0 1 1 0 1 1 0 0 0 0 1 1 1 0 1 1 0 1 0 0 1 1 0 0 1 0 1 0 1 0 0 1 1 1 1 1 1 1 1 1 0 1 0 0 0 0 0 1 1 1 1 1 0 1 0 0 1 1 0 1 1 0 0 1 1 1 1 1 0 0 0 0 0 0 1 0 0 1 0 0 0
0 0 0 0 0 1 1 0 0 1 0 0 0 1 1 0 1 0 0 0 1 1 1 0 1 0 1 1 0 0 1 1 0 0 0 0 0 0 1 0 1 0 0 1 0 1 0 0 1 0 0 1 1 1 0 1 0 0 1 0 0 1 1 1 0 0 0 0 1 0 0 1 1 1 0 0 1 0 1 1 0 1 1 1 0 1 1 1 1 0 0 0 1 0 1 0 1 1 1 1
0 1
0 2
1 2
0 3
1 3
2 3
0 4
1 4
2 4
3 4
4 5
0 5
1 5
2 5
0 6
3 6
5 6
2 6
0 7
1 7
6 7
5 7
7 8
1 8
0 8
2 8
6 9
2 9
8 9
4 9
2 10
5 10
4 10
9 10
9 11
4 11
8 11
3 11
5 12
4 12
8 12
9 12
3 13
12 13
4 13
9 13
9 14
5 14
8 14
1 14
4 15
9 15
7 15
8 15
0 16
4 16
9 16
8 16
2 17
1 17
4 17
11 17
0 18
2 18
6 18
8 18
0 19
11 19
5 19
2 19
2 20
12 20
4 20
7 20
5 21
2 21
8 21
18 21
5 22
18 22
4 22
10 22
4 23
8 23
20 23
5 23
9 24
2 24
18 24
21 24
8 25
0 25
17 25
2 25
0 26
6 26
12 26
4 26
5 27
3 27
6 27
8 27
15 28
11 28
8 28
1 28
8 29
16 29
4 29
5 29
12 30
29 30
6 30
27 30
9 31
1 31
0 31
5 31
30 32
6 32
28 32
3 32
4 33
1 33
16 33
0 33
29 34
10 34
18 34
1 34
23 35
34 35
28 35
8 35
17 36
29 36
10 36
21 36
3 37
25 37
20 37
21 37
16 38
4 38
1 38
5 38
25 39
0 39
7 39
16 39
18 40
14 40
8 40
29 40
30 41
1 41
4 41
25 41
0 42
33 42
8 42
5 42
42 43
2 43
38 43
34 43
30 44
20 44
28 44
23 44
11 45
2 45
42 45
41 45
18 46
2 46
21 46
37 46
5 47
37 47
29 47
45 47
5 48
11 48
23 48
4 48
11 49
21 49
18 49
3 49
37 50
45 50
20 50
13 50
42 51
28 51
46 51
19 51
40 52
14 52
2 52
46 52
39 53
45 53
41 53
31 53
3 54
5 54
11 54
16 54
8 55
18 55
7 55
41 55
24 56
40 56
45 56
0 56
52 57
35 57
19 57
12 57
29 58
3 58
42 58
18 58
0 59
38 59
17 59
42 59
9 60
6 60
29 60
8 60
1 61
48 61
2 61
4 61
41 62
28 62
2 62
34 62
20 63
23 63
45 63
4 63
63 64
36 64
4 64
47 64
6 65
38 65
13 65
1 65
16 66
11 66
50 66
29 66
18 67
44 67
56 67
49 67
18 68
24 68
60 68
46 68
47 69
9 69
1 69
2 69
10 70
25 70
68 70
41 70
6 71
38 71
61 71
22 71
2 72
23 72
38 72
1 72
31 73
0 73
8 73
19 73
29 74
71 74
0 74
6 74
6 75
59 75
26 75
7 75
41 76
35 76
49 76
74 76
8 77
29 77
66 77
5 77
8 78
18 78
37 78
14 78
21 79
8 79
14 79
3 79
37 80
35 80
20 80
1 80
0 81
23 81
10 81
53 81
44 82
17 82
3 82
37 82
21 83
22 83
0 83
1 83
50 84
18 84
6 84
3 84
74 85
17 85
8 85
41 85
74 86
81 86
7 86
31 86
2 87
38 87
41 87
59 87
81 88
13 88
11 88
38 88
56 89
42 89
37 89
3 89
34 90
29 90
55 90
5 90
17 91
4 91
21 91
87 91
18 92
8 92
74 92
89 92
27 93
6 93
9 93
33 93
3 94
31 94
72 94
53 94
0 95
52 95
79 95
77 95
67 96
17 96
6 96
8 96
7 97
5 97
16 97
83 97
74 98
81 98
11 98
9 98
94 99
3 99
45 99
33 99