100 390 5
1 0 0 0 1 0 1 1 1 0 0 1 0 0 0 0 1 0 1 0 0 1 1 1 1 0 0 0 1 0 1 0 1 0 0 0 0 1 1 0 0 0 0 1 1 1 0 0 0 1 0 0 0 1 0 1 0 0 1 0 1 1 1 0 1 1 1 0 0 0 1 1 0 1 0 0 1 1 1 1 1 0 1 1 0 1 1 1 0 0 0 1 1 0 1 1 0 0 1 1
1 0 0 0 1 1 0 0 1 1 1 1 1 0 0 1 1 1 1 0 0 0 0 0 0 0 0 0 0 0 0 1 1 1 1 0 0 1 1 1 0 1 0 0 0 0 0 1 1 0 0 1 1 1 0 0 1 1 0 1 0 1 0 1 1 1 1 0 1 0 1 1 0 0 1 0 0 1 1 1 0 1 0 0 1 1 1 0 1 0 0 1 0 0 1 0 0 0 0 1
0 1 0 1 0 0 1 1 1 0 0 1 0 0 0 0 0 0 1 0 1 0 1 1 0 0 1 1 0 0 0 1 0 1 1 0 0 0 0 0 0 1 1 1 0 1 1 0 0 0 1 0 1 0 1 0 0 1 1 1 0 0 1 0 0 0 0 1 0 1 1 1 1 0 0 1 0 1 1 0 0 1 0 0 0 0 1 0 1 1 1 0 1 1 0 1 1 1 0 0
0 1 0 1 0 1 0 0 1 1 1 1 0 1 0 0 0 0 0 1 0 0 0 1 0 0 1 0 1 0 0 0 0 0 1 1 0 0 1 0 1 1 0 0 1 1 1 1 1 0 1 0 1 0 0 0 1 0 0 1 1 1 1 1 1 0 0 0 0 1 0 1 1 0 1 1 1 0 1 0 1 1 0 0 0 1 1 1 1 0 1 1 1 0 0 0 1 1 1 1
1 1 0 1 1 0 1 0 0 0 1 0 1 0 1 0 0 0 1 1 1 1 1 1 1 1 1 0 1 1 1 0 1 1 1 1 0 1 1 1 1 1 1 1 0 0 1 1 0 1 0 0 0 0 0 1 0 1 1 1 0 0 0 1 1 0 0 0 1 0 1 0 1 0 0 1 1 0 0 1 1 1 1 0 1 0 1 0 1 0 1 0 0 0 0 0 1 1 1 0
0 1
0 2
1 2
0 3
1 3
2 3
0 4
1 4
2 4
3 4
1 5
0 5
2 5
4 5
5 6
0 6
1 6
4 6
2 7
4 7
0 7
6 7
7 8
2 8
1 8
5 8
0 9
3 9
2 9
4 9
6 10
0 10
3 10
4 10
1 11
2 11
4 11
3 11
9 12
7 12
11 12
2 12
4 13
1 13
0 13
5 13
12 14
11 14
6 14
13 14
3 15
2 15
4 15
12 15
9 16
10 16
2 16
11 16
13 17
4 17
6 17
7 17
10 18
6 18
3 18
14 18
16 19
4 19
2 19
10 19
0 20
1 20
4 20
2 20
0 21
3 21
14 21
4 21
17 22
12 22
0 22
1 22
4 23
7 23
17 23
1 23
6 24
23 24
0 24
3 24
19 25
5 25
1 25
9 25
4 26
0 26
22 26
19 26
15 27
24 27
12 27
3 27
21 28
2 28
3 28
12 28
22 29
28 29
2 29
15 29
8 30
16 30
9 30
24 30
24 31
26 31
17 31
1 31
2 32
0 32
30 32
14 32
32 33
12 33
13 33
11 33
4 34
14 34
22 34
13 34
8 35
6 35
7 35
1 35
13 36
4 36
9 36
22 36
27 37
31 37
1 37
13 37
27 38
3 38
22 38
4 38
2 39
4 39
1 39
31 39
15 40
1 40
22 40
3 40
34 41
13 41
9 41
36 41
15 42
22 42
2 42
4 42
12 43
6 43
3 43
19 43
16 44
4 44
20 44
12 44
10 45
0 45
5 45
9 45
40 46
4 46
36 46
3 46
16 47
10 47
5 47
2 47
9 48
8 48
43 48
0 48
14 49
39 49
16 49
28 49
6 50
11 50
22 50
40 50
0 51
43 51
14 51
35 51
43 52
5 52
24 52
38 52
0 53
40 53
2 53
9 53
48 54
27 54
51 54
15 54
22 55
12 55
52 55
49 55
4 56
19 56
14 56
51 56
1 57
51 57
0 57
15 57
41 58
55 58
57 58
2 58
13 59
45 59
35 59
29 59
16 60
7 60
9 60
50 60
0 61
9 61
3 61
5 61
2 62
4 62
52 62
5 62
12 63
2 63
38 63
15 63
19 64
27 64
11 64
49 64
18 65
30 65
60 65
5 65
2 66
55 66
27 66
51 66
24 67
4 67
27 67
30 67
27 68
39 68
5 68
26 68
62 69
6 69
54 69
14 69
22 70
48 70
19 70
53 70
47 71
16 71
48 71
22 71
46 72
20 72
33 72
6 72
43 73
55 73
14 73
2 73
0 74
30 74
14 74
40 74
51 75
15 75
33 75
30 75
12 76
67 76
57 76
69 76
70 77
9 77
3 77
54 77
4 78
30 78
23 78
5 78
9 79
73 79
43 79
49 79
27 80
4 80
16 80
15 80
25 81
51 81
70 81
2 81
2 82
51 82
77 82
34 82
38 83
4 83
14 83
3 83
83 84
4 84
12 84
38 84
14 85
17 85
15 85
8 85
47 86
19 86
84 86
54 86
24 87
4 87
2 87
47 87
1 88
8 88
3 88
39 88
35 89
82 89
13 89
7 89
11 90
50 90
38 90
59 90
4 91
21 91
65 91
0 91
78 92
49 92
56 92
29 92
0 93
45 93
52 93
2 93
26 94
18 94
40 94
14 94
52 95
36 95
34 95
15 95
32 96
31 96
77 96
43 96
25 97
20 97
22 97
75 97
79 98
91 98
31 98
68 98
40 99
6 99
2 99
24 99