100 390 5
1 0 1 1 1 0 0 0 1 0 1 1 0 0 1 1 1 1 0 1 0 1 0 0 1 0 1 1 1 0 0 0 0 1 1 1 0 0 0 0 1 1 1 1 1 1 0 0 1 0 1 0 0 1 0 0 0 1 1 1 0 0 0 0 0 1 1 0 0 1 0 1 1 0 0 0 0 1 1 0 1 0 1 0 1 0 0 1 1 0 0 0 1 1 1 0 0 1 0 0
0 1 0 1 1 1 1 1 1 0 0 0 1 1 0 1 1 1 1 0 1 0 0 0 0 1 0 0 1 0 1 1 0 0 1 1 1 0 1 1 0 0 0 1 0 1 0 1 1 1 1 0 0 0 0 0 1 0 1 0 1 0 0 1 1 1 1 0 1 0 1 0 0 1 1 1 0 0 1 1 1 0 0 0 0 0 0 1 0 0 1 0 0 0 1 0 1 0 1 1
1 1 1 1 0 0 0 1 0 1 0 0 0 0 0 0 1 0 1 1 0 1 1 0 0 0 0 1 0 1 1 0 1 0 1 0 1 0 1 0 0 0 1 1 0 0 1 0 0 0 0 1 1 0 1 0 0 1 0 0 0 0 1 0 1 0 1 1 0 0 0 0 0 1 0 0 0 1 0 1 0 0 1 0 0 1 1 1 0 1 1 1 0 0 1 1 0 0 1 1
0 1 1 1 0 0 0 1 1 1 0 0 0 1 0 1 1 0 1 1 1 0 1 0 0 0 1 0 0 1 0 1 1 1 1 0 0 0 1 1 1 1 0 1 1 1 1 1 1 0 1 1 0 1 0 1 0 1 0 0 1 0 1 0 0 0 0 0 1 0 1 1 0 1 0 1 1 1 1 0 1 1 1 0 0 0 1 1 0 0 0 0 0 1 1 0 1 0 0 0
1 0 0 0 1 0 0 1 1 1 0 1 1 0 1 1 0 0 1 1 0 0 1 0 0 1 1 0 1 0 1 0 1 1 0 0 0 1 1 1 0 0 1 0 0 1 0 1 1 1 1 1 0 1 0 1 0 1 1 0 1 1 0 1 1 0 1 0 0 0 1 1 1 0 0 1 0 1 1 0 0 0 1 1 1 0 1 0 1 1 1 0 1 1 0 1 1 0 1 0
0 1
0 2
1 2
0 3
1 3
2 3
0 4
1 4
2 4
3 4
0 5
3 5
2 5
4 5
5 6
0 6
3 6
2 6
5 7
4 7
1 7
6 7
0 8
3 8
6 8
5 8
6 9
0 9
3 9
7 9
9 10
6 10
8 10
4 10
5 11
0 11
4 11
1 11
7 12
3 12
0 12
4 12
4 13
7 13
5 13
0 13
9 14
0 14
2 14
3 14
4 15
9 15
3 15
11 15
6 16
7 16
2 16
13 16
11 17
6 17
4 17
1 17
15 18
4 18
16 18
3 18
14 19
1 19
8 19
0 19
9 20
0 20
11 20
5 20
4 21
20 21
0 21
7 21
11 22
7 22
14 22
3 22
12 23
17 23
3 23
14 23
22 24
9 24
3 24
4 24
14 25
1 25
4 25
10 25
15 26
12 26
9 26
4 26
2 27
18 27
19 27
0 27
2 28
18 28
0 28
6 28
2 29
6 29
26 29
13 29
28 30
3 30
2 30
0 30
0 31
6 31
4 31
3 31
25 32
4 32
26 32
14 32
26 33
22 33
12 33
7 33
28 34
4 34
9 34
7 34
19 35
33 35
18 35
30 35
2 36
22 36
4 36
27 36
6 37
34 37
0 37
27 37
9 38
16 38
0 38
36 38
32 39
29 39
5 39
16 39
16 40
20 40
4 40
5 40
30 41
38 41
33 41
3 41
21 42
31 42
5 42
2 42
0 43
38 43
31 43
29 43
38 44
2 44
26 44
4 44
0 45
22 45
8 45
37 45
15 46
8 46
26 46
37 46
27 47
14 47
39 47
25 47
25 48
37 48
28 48
14 48
5 49
22 49
7 49
48 49
31 50
14 50
38 50
3 50
30 51
26 51
31 51
42 51
18 52
30 52
34 52
7 52
2 53
9 53
33 53
5 53
9 54
4 54
31 54
6 54
28 55
27 55
38 55
23 55
2 56
27 56
44 56
31 56
9 57
18 57
48 57
53 57
36 58
4 58
39 58
33 58
5 59
7 59
21 59
4 59
9 60
53 60
8 60
5 60
6 61
23 61
4 61
13 61
2 62
48 62
5 62
26 62
54 63
26 63
52 63
25 63
2 64
9 64
4 64
0 64
26 65
2 65
4 65
16 65
39 66
26 66
4 66
30 66
18 67
60 67
26 67
11 67
50 68
5 68
48 68
41 68
58 69
33 69
5 69
51 69
39 70
0 70
31 70
16 70
20 71
62 71
3 71
49 71
62 72
68 72
16 72
50 72
21 73
48 73
34 73
1 73
19 74
14 74
57 74
9 74
15 75
3 75
42 75
4 75
5 76
7 76
54 76
73 76
4 77
1 77
76 77
5 77
52 78
12 78
24 78
7 78
53 79
31 79
38 79
68 79
43 80
59 80
9 80
67 80
67 81
1 81
59 81
78 81
41 82
65 82
48 82
22 82
25 83
42 83
78 83
3 83
26 84
34 84
0 84
11 84
6 85
33 85
42 85
26 85
31 86
44 86
85 86
4 86
83 87
28 87
2 87
9 87
81 88
3 88
14 88
47 88
37 89
30 89
5 89
6 89
19 90
31 90
11 90
28 90
42 91
81 91
13 91
36 91
69 92
38 92
33 92
91 92
27 93
4 93
0 93
54 93
42 94
58 94
37 94
3 94
44 95
32 95
50 95
22 95
71 96
27 96
25 96
57 96
63 97
43 97
59 97
2 97
36 98
6 98
37 98
43 98
70 99
25 99
4 99
3 99