100 390 5
0 0 0 1 0 1 1 1 1 1 1 0 1 1 1 1 1 1 0 0 1 0 1 1 1 0 1 1 0 0 1 1 0 0 1 1 1 0 0 0 0 0 0 1 0 0 0 0 0 1 1 0 1 1 1 1 0 1 0 0 0 1 0 1 1 1 1 0 0 0 0 0 1 0 1 0 0 1 0 1 0 0 1 1 1 0 1 1 0 0 1 1 1 0 1 1 0 0 0 1
1 1 0 1 1 0 1 0 1 1 0 1 1 1 0 1 0 1 1 0 1 1 0 0 0 0 1 0 0 0 0 1 0 0 1 1 0 1 1 1 1 0 0 0 0 0 1 1 1 1 0 0 1 0 0 1 1 0 1 1 0 1 0 1 0 0 0 0 1 0 1 1 1 1 0 0 0 1 0 1 1 1 1 1 0 1 0 1 1 1 1 1 0 0 1 0 1 0 0 0
0 0 1 0 0 1 0 1 1 0 1 1 0 1 0 1 1 1 0 1 1 1 1 0 0 0 0 0 1 1 0 1 1 1 0 1 0 1 0 1 1 0 1 0 0 0 0 1 0 0 0 0 0 0 0 1 0 0 1 0 1 0 1 1 0 1 0 1 1 0 0 0 1 1 1 1 0 0 1 1 1 0 1 1 0 1 0 1 0 1 0 1 1 0 0 1 1 0 0 1
1 1 0 0 1 0 1 0 0 1 0 0 0 1 1 1 1 0 1 1 1 0 0 1 1 1 1 0 0 0 1 1 1 1 1 1 0 0 1 0 0 1 0 0 1 1 1 1 1 0 0 0 1 0 1 1 1 0 1 1 1 0 0 0 0 0 0 0 1 1 1 1 1 0 0 1 1 1 1 0 1 0 1 1 1 0 0 0 1 0 1 0 0 0 0 0 0 1 1 0
1 0 0 0 0 1 1 0 0 0 0 0 1 0 1 0 0 0 0 1 1 0 1 0 0 1 0 0 1 1 0 1 0 0 0 0 1 1 1 0 1 0 0 0 1 0 1 0 0 1 1 1 0 0 0 0 0 0 0 1 1 1 0 1 0 0 0 0 0 1 1 1 1 0 1 1 0 0 0 0 1 0 0 1 1 0 1 1 0 0 1 0 0 0 0 0 1 1 0 0
0 1
0 2
1 2
0 3
1 3
2 3
0 4
1 4
2 4
3 4
4 5
0 5
1 5
3 5
5 6
1 6
0 6
3 6
6 7
5 7
4 7
0 7
7 8
2 8
0 8
5 8
0 9
3 9
6 9
5 9
5 10
3 10
8 10
1 10
0 11
8 11
5 11
9 11
5 12
3 12
9 12
0 12
11 13
6 13
1 13
0 13
10 14
0 14
3 14
1 14
10 15
1 15
7 15
0 15
6 16
14 16
9 16
1 16
4 17
14 17
10 17
9 17
15 18
6 18
5 18
0 18
14 19
4 19
1 19
6 19
9 20
4 20
15 20
5 20
9 21
15 21
8 21
10 21
18 22
7 22
3 22
6 22
17 23
14 23
9 23
4 23
5 24
11 24
0 24
19 24
10 25
1 25
20 25
16 25
20 26
4 26
25 26
3 26
5 27
14 27
0 27
18 27
6 28
14 28
11 28
15 28
10 29
9 29
28 29
19 29
14 30
11 30
5 30
9 30
9 31
16 31
25 31
4 31
6 32
19 32
3 32
4 32
5 33
25 33
0 33
7 33
2 34
31 34
3 34
10 34
29 35
12 35
15 35
7 35
32 36
5 36
14 36
25 36
1 37
7 37
4 37
9 37
5 38
4 38
22 38
3 38
5 39
9 39
11 39
4 39
12 40
15 40
1 40
7 40
14 41
27 41
6 41
22 41
25 42
4 42
33 42
32 42
32 43
14 43
11 43
4 43
38 44
5 44
6 44
10 44
6 45
7 45
20 45
2 45
32 46
34 46
14 46
2 46
30 47
5 47
0 47
31 47
34 48
14 48
7 48
5 48
3 49
25 49
35 49
28 49
18 50
1 50
49 50
15 50
5 51
4 51
3 51
46 51
15 52
46 52
22 52
1 52
17 53
6 53
25 53
38 53
53 54
41 54
7 54
25 54
10 55
22 55
27 55
2 55
5 56
38 56
42 56
9 56
38 57
29 57
6 57
1 57
15 58
1 58
5 58
25 58
30 59
32 59
23 59
4 59
6 60
14 60
35 60
4 60
3 61
46 61
5 61
18 61
21 62
11 62
43 62
14 62
1 63
19 63
35 63
40 63
61 64
28 64
11 64
30 64
30 65
0 65
1 65
56 65
19 66
4 66
10 66
25 66
4 67
6 67
10 67
11 67
5 68
3 68
14 68
16 68
9 69
17 69
14 69
32 69
39 70
18 70
30 70
6 70
52 71
7 71
36 71
4 71
10 72
25 72
40 72
7 72
36 73
27 73
31 73
5 73
9 74
51 74
37 74
6 74
3 75
64 75
0 75
74 75
69 76
10 76
71 76
14 76
18 77
58 77
23 77
7 77
14 78
5 78
57 78
31 78
4 79
56 79
61 79
64 79
30 80
10 80
66 80
39 80
78 81
5 81
71 81
57 81
9 82
42 82
23 82
15 82
76 83
9 83
69 83
28 83
6 84
34 84
3 84
53 84
1 85
0 85
28 85
20 85
11 86
85 86
31 86
23 86
76 87
56 87
22 87
14 87
14 88
3 88
0 88
1 88
36 89
2 89
65 89
30 89
20 90
8 90
7 90
80 90
6 91
17 91
5 91
60 91
82 92
30 92
4 92
31 92
88 93
19 93
1 93
7 93
15 94
17 94
19 94
1 94
29 95
53 95
50 95
9 95
19 96
5 96
89 96
44 96
31 97
12 97
0 97
65 97
32 98
11 98
12 98
16 98
1 99
55 99
58 99
6 99