100 390 5
0 0 1 1 0 0 0 1 1 0 0 1 1 0 1 1 1 1 0 0 1 1 1 0 0 1 0 0 1 0 1 0 1 1 0 0 1 1 1 0 0 1 1 1 0 0 1 1 0 0 1 0 1 0 1 0 0 1 0 0 0 0 1 1 0 1 0 1 0 0 0 0 0 0 0 0 0 0 1 0 0 1 1 1 1 0 1 0 1 1 1 1 0 1 1 0 1 0 0 1
1 0 0 0 0 1 0 1 0 0 1 0 0 1 0 0 0 1 1 0 0 1 0 1 1 1 0 0 0 1 1 0 1 1 0 0 1 1 0 0 1 1 1 1 1 1 0 1 0 0 0 0 1 0 0 0 1 0 1 0 0 1 1 1 0 1 1 1 0 1 1 1 0 0 0 0 0 1 1 1 1 1 0 1 0 0 1 1 1 0 0 0 0 0 0 0 0 0 1 1
0 1 1 0 1 1 0 1 0 0 1 1 1 0 0 0 1 0 0 0 1 0 1 1 0 1 1 0 1 0 0 0 1 1 1 0 0 1 0 1 1 1 0 0 0 0 0 1 1 1 0 1 0 0 1 1 1 0 0 1 0 1 0 0 1 1 0 0 1 1 1 0 1 0 1 1 1 1 0 1 0 1 1 1 0 1 1 0 0 1 1 0 0 1 0 1 1 0 0 1
1 1 1 0 1 0 1 1 1 0 0 0 1 0 1 0 0 1 1 1 0 0 0 1 0 1 0 0 1 0 0 1 1 0 1 0 0 1 1 1 1 0 0 1 1 0 0 0 0 1 1 0 1 1 1 1 0 1 1 0 0 0 0 0 1 0 1 1 1 1 0 1 1 1 0 1 1 0 0 0 0 0 0 1 1 1 1 0 1 0 0 0 1 1 0 1 1 0 1 1
0 0 0 0 1 0 0 1 1 1 0 0 0 1 1 1 0 0 0 0 0 1 0 1 0 0 0 0 0 0 1 0 1 0 0 0 1 1 0 0 1 0 1 0 0 0 0 0 0 0 0 0 0 1 1 1 1 0 0 0 0 1 1 1 1 0 0 1 1 0 0 0 1 0 1 1 1 1 0 1 1 0 1 0 0 0 0 1 1 1 1 0 0 1 1 0 0 1 1 1
0 1
0 2
1 2
0 3
1 3
2 3
0 4
1 4
2 4
3 4
1 5
0 5
3 5
4 5
1 6
0 6
3 6
5 6
0 7
1 7
4 7
5 7
2 8
0 8
3 8
5 8
1 9
6 9
0 9
2 9
3 10
8 10
9 10
6 10
10 11
9 11
4 11
5 11
0 12
6 12
7 12
2 12
4 13
0 13
9 13
7 13
9 14
5 14
10 14
3 14
5 15
2 15
13 15
9 15
2 16
9 16
3 16
5 16
1 17
2 17
16 17
12 17
9 18
7 18
3 18
4 18
3 19
10 19
16 19
2 19
3 20
5 20
18 20
12 20
1 21
0 21
2 21
14 21
2 22
7 22
1 22
5 22
19 23
9 23
7 23
11 23
3 24
21 24
12 24
18 24
16 25
17 25
18 25
14 25
1 26
12 26
23 26
10 26
13 27
2 27
11 27
7 27
4 28
0 28
7 28
11 28
10 29
1 29
9 29
25 29
26 30
24 30
1 30
7 30
18 31
0 31
9 31
2 31
5 32
2 32
25 32
26 32
5 33
15 33
1 33
2 33
2 34
19 34
6 34
7 34
12 35
21 35
11 35
13 35
24 36
5 36
23 36
0 36
6 37
12 37
5 37
23 37
7 38
1 38
4 38
28 38
13 39
27 39
35 39
36 39
12 40
15 40
19 40
3 40
6 41
12 41
11 41
0 41
32 42
11 42
9 42
17 42
1 43
12 43
25 43
6 43
26 44
25 44
17 44
40 44
5 45
39 45
41 45
38 45
25 46
6 46
11 46
37 46
38 47
18 47
29 47
7 47
16 48
45 48
3 48
9 48
4 49
41 49
24 49
27 49
34 50
49 50
9 50
43 50
18 51
19 51
0 51
11 51
27 52
49 52
47 52
0 52
21 53
46 53
1 53
51 53
7 54
3 54
17 54
15 54
47 55
8 55
13 55
3 55
36 56
11 56
29 56
4 56
17 57
47 57
7 57
9 57
2 58
54 58
9 58
35 58
9 59
50 59
12 59
41 59
2 60
56 60
6 60
27 60
9 61
7 61
33 61
49 61
26 62
27 62
2 62
54 62
14 63
37 63
60 63
2 63
39 64
9 64
28 64
43 64
2 65
39 65
26 65
42 65
38 66
2 66
63 66
62 66
43 67
23 67
14 67
15 67
7 68
10 68
9 68
11 68
6 69
54 69
53 69
13 69
32 70
7 70
64 70
52 70
13 71
10 71
47 71
57 71
8 72
27 72
9 72
43 72
5 73
12 73
65 73
31 73
49 74
4 74
41 74
9 74
14 75
31 75
7 75
18 75
7 76
67 76
30 76
68 76
5 77
9 77
59 77
13 77
23 78
9 78
13 78
68 78
41 79
54 79
5 79
46 79
49 80
39 80
68 80
58 80
0 81
40 81
37 81
42 81
13 82
17 82
8 82
39 82
15 83
67 83
12 83
44 83
5 84
46 84
2 84
9 84
37 85
12 85
11 85
33 85
1 86
2 86
8 86
54 86
25 87
18 87
46 87
77 87
13 88
34 88
1 88
68 88
47 89
0 89
23 89
21 89
15 90
1 90
37 90
25 90
46 91
16 91
1 91
88 91
7 92
17 92
34 92
19 92
11 93
2 93
49 93
38 93
29 94
24 94
2 94
5 94
11 95
51 95
68 95
78 95
59 96
58 96
1 96
5 96
14 97
9 97
34 97
3 97
39 98
1 98
65 98
9 98
6 99
13 99
4 99
27 99