100 390 5
0 0 0 1 0 1 0 1 1 1 1 0 1 1 1 1 0 0 0 0 1 1 1 0 1 0 0 1 1 0 1 0 1 1 0 1 0 1 1 0 1 0 0 0 0 0 1 1 0 1 1 0 1 0 0 1 0 0 0 0 0 0 0 1 0 0 0 1 0 0 1 0 1 0 1 1 0 0 0 0 0 0 1 0 1 1 0 0 0 0 1 1 0 1 1 1 1 1 0 1
0 1 0 0 0 0 1 0 1 1 1 1 0 0 1 0 0 0 0 0 1 1 0 0 0 1 1 1 1 1 0 1 0 0 1 1 1 1 1 0 1 1 1 1 1 0 0 0 0 1 0 1 1 0 1 1 1 0 0 0 1 0 0 1 0 1 0 1 0 0 0 0 0 0 0 0 1 0 1 0 0 1 1 1 0 0 1 1 1 0 0 0 1 0 1 0 0 1 1 1
1 0 0 0 1 1 1 1 1 0 1 0 0 0 0 0 1 1 1 1 0 0 1 0 0 0 1 1 0 1 0 1 1 0 1 1 0 0 0 1 1 1 1 0 1 0 1 1 1 1 0 1 1 1 0 0 1 1 1 1 0 1 1 1 0 0 1 0 0 1 0 0 1 0 0 0 1 1 1 1 0 0 1 1 0 0 0 0 1 1 1 1 0 0 1 0 1 1 1 0
0 1 0 1 1 0 1 0 0 0 0 0 1 0 0 0 0 1 1 0 1 1 1 1 0 1 1 1 1 1 0 0 1 0 0 1 1 1 1 1 0 0 0 0 1 1 0 1 1 1 0 1 1 0 0 1 1 0 1 0 0 1 0 0 0 0 0 1 1 0 0 0 0 1 1 0 1 0 1 0 1 0 0 1 0 0 1 1 1 1 1 1 1 1 1 0 1 0 0 0
1 1 0 1 1 0 0 0 1 0 0 1 0 0 0 0 0 0 1 0 1 1 0 0 0 1 0 1 1 0 1 0 1 1 0 0 1 1 1 0 0 1 1 1 1 0 0 1 0 0 0 1 0 0 1 0 0 1 1 1 0 1 0 1 1 0 0 0 1 1 1 0 1 1 0 0 0 0 0 0 0 1 1 1 1 1 1 1 1 0 1 1 0 0 1 1 1 0 0 0
0 1
0 2
1 2
0 3
1 3
2 3
0 4
1 4
2 4
3 4
0 5
1 5
3 5
2 5
5 6
0 6
2 6
1 6
6 7
5 7
4 7
3 7
1 8
3 8
6 8
4 8
5 9
4 9
3 9
0 9
5 10
0 10
3 10
9 10
1 11
6 11
8 11
4 11
4 12
1 12
0 12
11 12
3 13
7 13
9 13
6 13
9 14
4 14
3 14
1 14
13 15
14 15
0 15
8 15
13 16
3 16
8 16
5 16
4 17
10 17
15 17
3 17
6 18
9 18
16 18
10 18
5 19
4 19
10 19
16 19
13 20
5 20
7 20
4 20
1 21
16 21
18 21
5 21
10 22
16 22
21 22
7 22
8 23
7 23
0 23
15 23
16 24
13 24
17 24
21 24
7 25
3 25
15 25
0 25
10 26
8 26
4 26
11 26
7 27
26 27
4 27
5 27
16 28
3 28
18 28
0 28
16 29
11 29
9 29
26 29
3 30
19 30
22 30
8 30
4 31
12 31
0 31
2 31
13 32
25 32
8 32
6 32
0 33
24 33
6 33
26 33
19 34
12 34
5 34
6 34
16 35
7 35
5 35
22 35
10 36
21 36
26 36
15 36
20 37
23 37
27 37
6 37
13 38
16 38
32 38
4 38
20 39
16 39
4 39
32 39
36 40
34 40
32 40
24 40
16 41
26 41
30 41
19 41
13 42
33 42
25 42
28 42
31 43
7 43
25 43
3 43
13 44
18 44
8 44
0 44
43 45
0 45
32 45
29 45
22 46
29 46
18 46
20 46
46 47
5 47
9 47
23 47
20 48
26 48
31 48
35 48
31 49
3 49
0 49
38 49
13 50
5 50
9 50
41 50
4 51
16 51
8 51
26 51
2 52
14 52
35 52
22 52
13 53
0 53
36 53
23 53
13 54
9 54
52 54
0 54
1 55
11 55
32 55
15 55
37 56
32 56
13 56
30 56
0 57
13 57
23 57
20 57
20 58
28 58
15 58
52 58
3 59
19 59
48 59
4 59
38 60
28 60
21 60
15 60
9 61
53 61
15 61
1 61
28 62
18 62
13 62
8 62
18 63
36 63
47 63
1 63
6 64
60 64
16 64
23 64
22 65
20 65
48 65
5 65
18 66
37 66
42 66
4 66
50 67
13 67
24 67
15 67
10 68
3 68
41 68
62 68
3 69
26 69
13 69
0 69
28 70
1 70
3 70
67 70
43 71
32 71
26 71
54 71
3 72
34 72
16 72
6 72
18 73
52 73
46 73
53 73
16 74
47 74
59 74
3 74
2 75
20 75
37 75
1 75
57 76
10 76
3 76
38 76
62 77
76 77
68 77
0 77
8 78
53 78
36 78
32 78
7 79
19 79
13 79
10 79
12 80
38 80
25 80
77 80
26 81
41 81
11 81
44 81
22 82
25 82
8 82
14 82
57 83
0 83
65 83
13 83
22 84
25 84
16 84
48 84
23 85
8 85
3 85
63 85
13 86
67 86
85 86
65 86
3 87
66 87
13 87
2 87
82 88
46 88
60 88
36 88
19 89
2 89
0 89
57 89
13 90
10 90
27 90
5 90
14 91
64 91
19 91
80 91
54 92
60 92
3 92
10 92
33 93
2 93
53 93
23 93
6 94
4 94
33 94
10 94
6 95
12 95
19 95
5 95
13 96
77 96
26 96
7 96
78 97
25 97
3 97
18 97
0 98
52 98
46 98
13 98
4 99
41 99
43 99
11 99