100 390 5
0 1 0 1 0 1 1 0 0 0 0 1 1 1 1 0 1 0 1 0 1 1 0 0 1 1 1 1 1 0 0 1 0 0 1 0 0 1 0 0 1 0 0 0 1 0 0 1 0 1 1 0 1 0 0 0 1 1 1 0 0 0 0 1 0 0 0 1 0 1 1 0 0 0 1 0 1 1 1 0 1 0 0 0 0 0 1 0 1 0 1 0 0 1 0 0 0 0 1 0
0 0 1 0 1 0 1 0 0 0 1 0 1 1 1 1 0 1 0 1 0 1 0 0 0 1 1 0 1 1 1 1 1 0 0 0 1 1 1 0 1 1 0 1 0 1 0 0 1 1 0 0 1 0 0 1 0 0 0 1 1 0 0 1 1 1 1 1 0 1 0 1 1 0 0 1 1 1 0 0 1 0 0 1 0 0 1 1 1 0 0 1 1 1 0 0 1 0 1 0
1 0 1 0 0 0 1 0 1 0 1 0 1 1 0 1 0 1 1 0 1 1 1 0 1 0 1 0 0 1 1 0 1 1 1 0 1 0 1 0 0 1 0 1 1 1 1 1 0 0 1 0 0 0 1 0 0 0 0 0 1 1 0 1 0 1 1 0 1 0 0 1 1 0 1 0 1 1 0 0 1 0 0 0 1 1 1 0 1 1 1 0 1 0 0 1 1 0 0 0
1 0 0 0 0 0 0 1 0 1 0 1 0 0 1 0 0 1 1 0 0 1 0 1 1 1 0 0 1 1 0 0 0 0 0 1 1 1 0 1 1 1 0 1 0 1 0 1 1 0 0 1 0 0 1 1 1 0 1 0 0 0 0 1 1 0 1 1 0 0 0 1 1 0 0 1 0 1 1 0 1 0 1 1 1 1 1 1 1 1 1 0 0 1 0 1 1 1 1 1
0 1 1 0 0 0 0 1 0 0 1 1 0 0 1 0 1 0 0 0 0 0 1 0 1 0 1 1 1 0 0 0 0 1 1 1 0 1 0 1 0 0 1 0 0 0 1 1 1 1 0 0 0 0 1 0 0 0 0 1 1 0 1 0 0 1 1 1 0 0 0 0 1 1 1 0 0 1 0 0 0 0 0 1 0 0 0 0 1 0 0 0 0 1 0 1 1 0 0 1
0 1
0 2
1 2
0 3
1 3
2 3
0 4
1 4
2 4
3 4
3 5
1 5
4 5
2 5
3 6
2 6
1 6
4 6
2 7
3 7
1 7
4 7
2 8
6 8
4 8
0 8
8 9
0 9
4 9
6 9
4 10
5 10
0 10
7 10
5 11
7 11
4 11
0 11
4 12
1 12
7 12
6 12
2 13
11 13
8 13
12 13
6 14
9 14
8 14
11 14
3 15
7 15
2 15
1 15
15 16
8 16
5 16
2 16
4 17
9 17
2 17
3 17
14 18
1 18
12 18
9 18
10 19
2 19
5 19
0 19
14 20
17 20
18 20
6 20
11 21
3 21
16 21
4 21
19 22
0 22
1 22
9 22
1 23
21 23
4 23
22 23
1 24
17 24
4 24
13 24
1 25
14 25
15 25
4 25
22 26
16 26
12 26
6 26
5 27
4 27
2 27
9 27
1 28
23 28
0 28
17 28
17 29
2 29
10 29
22 29
9 30
14 30
25 30
29 30
12 31
9 31
28 31
10 31
10 32
16 32
29 32
17 32
16 33
25 33
7 33
0 33
7 34
4 34
18 34
30 34
16 35
17 35
5 35
0 35
11 36
2 36
17 36
10 36
4 37
24 37
6 37
16 37
20 38
3 38
2 38
10 38
16 39
5 39
12 39
38 39
4 40
12 40
6 40
30 40
37 41
34 41
8 41
19 41
5 42
13 42
10 42
4 42
2 43
30 43
31 43
12 43
41 44
26 44
14 44
21 44
5 45
9 45
21 45
23 45
10 46
33 46
1 46
23 46
33 47
18 47
6 47
2 47
20 48
7 48
43 48
9 48
4 49
27 49
5 49
12 49
31 50
6 50
0 50
4 50
0 51
1 51
23 51
26 51
41 52
0 52
7 52
25 52
30 53
51 53
47 53
2 53
27 54
50 54
30 54
2 54
17 55
10 55
3 55
30 55
3 56
7 56
4 56
55 56
7 57
18 57
11 57
0 57
18 58
26 58
3 58
38 58
31 59
18 59
28 59
0 59
41 60
10 60
43 60
25 60
17 61
31 61
5 61
7 61
51 62
14 62
5 62
42 62
55 63
49 63
22 63
58 63
31 64
11 64
18 64
36 64
11 65
2 65
3 65
14 65
9 66
10 66
25 66
3 66
15 67
2 67
48 67
5 67
0 68
2 68
51 68
64 68
60 69
67 69
45 69
26 69
13 70
16 70
4 70
12 70
13 71
7 71
9 71
6 71
71 72
53 72
51 72
25 72
66 73
34 73
45 73
30 73
25 74
5 74
14 74
70 74
16 75
36 75
23 75
30 75
6 76
48 76
64 76
30 76
9 77
76 77
14 77
69 77
4 78
69 78
38 78
11 78
26 79
45 79
2 79
51 79
9 80
71 80
5 80
42 80
1 81
10 81
17 81
56 81
81 82
25 82
50 82
55 82
79 83
53 83
75 83
57 83
13 84
4 84
38 84
39 84
4 85
13 85
14 85
25 85
51 86
23 86
12 86
0 86
0 87
19 87
63 87
39 87
8 88
86 88
14 88
79 88
37 89
17 89
58 89
31 89
53 90
89 90
30 90
6 90
55 91
80 91
6 91
24 91
5 92
28 92
40 92
10 92
4 93
20 93
39 93
67 93
9 94
15 94
2 94
23 94
66 95
59 95
9 95
18 95
56 96
7 96
83 96
40 96
20 97
5 97
67 97
45 97
1 98
60 98
24 98
45 98
77 99
59 99
5 99
4 99