100 390 5
0 0 0 0 1 0 1 1 1 0 1 0 0 0 1 1 1 0 1 0 1 1 1 1 0 0 1 1 1 1 0 1 0 0 0 0 0 0 0 1 0 1 0 1 0 0 0 1 0 1 1 0 1 1 0 1 1 0 0 0 1 0 1 0 1 0 1 0 0 0 0 0 0 0 0 0 1 1 1 0 1 0 0 1 1 1 0 0 0 0 1 1 1 1 0 0 0 1 1 0
0 0 1 1 1 1 0 0 0 1 1 0 0 1 1 1 0 1 1 1 0 1 0 1 1 1 1 1 1 0 0 1 0 0 0 1 1 1 0 0 1 1 0 0 1 1 0 0 1 0 0 0 0 1 0 1 0 1 1 1 0 0 1 1 1 0 0 1 0 0 1 1 0 0 1 0 0 1 1 1 0 1 1 0 0 1 0 1 0 0 0 0 0 0 0 1 1 1 1 1
0 1 0 1 1 1 0 1 0 0 0 0 1 1 1 0 0 0 1 0 1 1 0 1 1 1 0 1 0 1 1 0 1 1 0 0 0 0 1 0 0 0 0 0 1 1 0 1 1 0 0 1 1 0 1 1 1 1 0 0 1 0 1 0 0 1 1 1 1 0 1 1 1 1 1 0 0 1 1 1 0 1 1 0 0 0 1 0 0 1 0 0 0 1 0 0 0 0 0 0
1 0 1 0 1 0 1 1 0 0 0 0 1 1 1 1 0 1 1 0 1 1 0 1 0 0 1 0 0 1 1 1 1 1 0 0 1 0 1 1 0 1 0 1 0 1 0 1 1 1 0 0 0 1 1 1 1 0 1 0 1 1 1 0 0 1 1 1 0 0 1 1 0 1 1 1 1 1 1 0 0 0 1 1 1 1 0 0 1 1 0 0 1 0 1 0 0 1 0 1
0 0 1 1 1 1 0 1 1 0 0 1 1 0 0 0 1 1 1 0 1 0 0 0 1 1 0 0 1 1 1 0 1 0 1 1 1 0 1 0 0 0 1 0 0 1 0 1 0 0 0 1 1 0 1 0 1 0 0 0 0 1 1 1 1 1 0 0 1 1 0 0 0 1 0 0 1 1 0 0 1 0 1 0 0 1 0 1 1 1 0 1 0 1 1 0 0 0 1 1
0 1
0 2
1 2
0 3
1 3
2 3
0 4
1 4
2 4
3 4
2 5
1 5
4 5
3 5
4 6
1 6
2 6
3 6
4 7
2 7
0 7
6 7
1 8
5 8
3 8
4 8
1 9
7 9
4 9
3 9
3 10
8 10
0 10
4 10
4 11
0 11
8 11
2 11
3 12
4 12
9 12
0 12
5 13
3 13
1 13
11 13
5 14
4 14
1 14
2 14
0 15
14 15
2 15
7 15
5 16
9 16
10 16
3 16
11 17
1 17
10 17
16 17
3 18
4 18
2 18
14 18
12 19
18 19
0 19
7 19
16 20
12 20
5 20
4 20
0 21
15 21
8 21
12 21
4 22
12 22
20 22
5 22
5 23
0 23
8 23
17 23
20 24
14 24
5 24
8 24
21 25
19 25
10 25
7 25
7 26
4 26
12 26
1 26
10 27
6 27
14 27
17 27
4 28
2 28
11 28
5 28
27 29
1 29
17 29
15 29
8 30
6 30
7 30
21 30
4 31
14 31
24 31
12 31
8 32
4 32
12 32
22 32
8 33
10 33
26 33
25 33
4 34
0 34
20 34
14 34
21 35
9 35
33 35
31 35
33 36
8 36
15 36
16 36
19 37
17 37
27 37
1 37
31 38
1 38
8 38
11 38
2 39
29 39
20 39
35 39
15 40
14 40
36 40
1 40
3 41
5 41
4 41
1 41
11 42
14 42
16 42
25 42
16 43
34 43
12 43
5 43
24 44
5 44
11 44
3 44
3 45
20 45
40 45
43 45
14 46
16 46
12 46
15 46
15 47
9 47
17 47
14 47
17 48
5 48
44 48
8 48
1 49
18 49
39 49
15 49
6 50
0 50
17 50
2 50
1 51
33 51
4 51
31 51
36 52
0 52
34 52
40 52
4 53
26 53
2 53
43 53
42 54
25 54
4 54
41 54
14 55
26 55
19 55
2 55
2 56
21 56
50 56
17 56
42 57
14 57
5 57
1 57
15 58
9 58
7 58
4 58
37 59
20 59
16 59
11 59
27 60
49 60
42 60
8 60
32 61
1 61
4 61
15 61
32 62
61 62
9 62
30 62
3 63
10 63
12 63
50 63
3 64
5 64
46 64
33 64
50 65
5 65
1 65
8 65
13 66
19 66
49 66
33 66
1 67
14 67
12 67
7 67
20 68
61 68
15 68
22 68
68 69
36 69
21 69
57 69
53 70
27 70
24 70
21 70
63 71
45 71
49 71
9 71
2 72
17 72
68 72
63 72
12 73
9 73
3 73
5 73
12 74
7 74
60 74
55 74
16 75
28 75
53 75
1 75
13 76
31 76
4 76
37 76
60 77
4 77
50 77
0 77
22 78
39 78
66 78
14 78
7 79
26 79
25 79
35 79
66 80
36 80
3 80
56 80
3 81
25 81
46 81
10 81
31 82
10 82
16 82
68 82
33 83
55 83
76 83
36 83
14 84
27 84
9 84
35 84
34 85
35 85
2 85
49 85
15 86
84 86
34 86
17 86
15 87
12 87
4 87
40 87
20 88
40 88
10 88
85 88
31 89
62 89
34 89
5 89
18 90
8 90
26 90
86 90
1 91
33 91
71 91
26 91
19 92
85 92
58 92
0 92
36 93
49 93
79 93
61 93
4 94
1 94
13 94
36 94
17 95
49 95
29 95
61 95
12 96
64 96
40 96
30 96
20 97
36 97
39 97
68 97
3 98
0 98
14 98
9 98
32 99
83 99
94 99
5 99