100 390 5
1 0 0 0 1 1 0 1 0 1 1 0 1 0 0 1 1 0 1 0 1 0 1 0 1 0 1 1 0 1 0 0 0 1 1 1 0 0 1 0 1 1 0 0 1 0 0 1 1 1 0 0 0 0 0 1 0 1 0 0 1 0 1 1 0 0 0 1 1 0 1 0 1 1 1 0 0 0 0 0 1 1 1 1 1 1 1 1 0 1 1 0 1 0 1 1 0 1 0 1
1 1 0 0 0 1 0 0 0 0 0 1 0 0 0 0 1 1 1 0 1 0 1 0 0 0 1 0 0 1 0 1 1 1 1 0 0 0 1 1 0 0 0 1 0 0 0 0 1 1 1 1 1 0 1 1 1 1 0 1 1 1 0 1 0 1 0 0 0 0 1 1 1 1 0 1 1 1 1 1 0 1 1 0 1 1 0 1 0 1 1 0 1 0 0 1 0 1 1 0
0 0 1 1 1 0 0 1 1 0 1 0 0 1 1 1 0 1 0 1 1 0 1 1 0 0 0 0 1 0 1 0 0 1 1 0 1 1 1 0 0 1 0 0 0 0 0 0 0 1 1 0 0 0 0 1 0 0 1 0 1 1 1 0 0 0 0 1 0 1 0 0 1 0 0 1 0 0 0 1 1 1 1 0 1 1 0 0 0 0 1 1 1 1 0 0 1 1 1 1
1 1 1 1 1 0 0 1 0 0 0 1 1 0 1 0 1 1 0 0 1 1 1 0 0 1 1 1 0 0 1 0 1 1 0 0 1 1 0 0 0 0 0 1 1 0 0 0 1 0 1 1 1 0 1 1 1 0 1 1 1 1 1 1 0 1 1 1 0 1 0 1 1 0 0 0 0 0 1 1 0 0 0 1 1 1 1 1 1 0 1 0 0 1 0 1 0 1 1 0
1 0 1 0 0 0 1 0 1 0 1 1 0 1 1 1 1 1 0 1 0 1 0 0 0 1 0 1 0 0 1 1 1 1 1 1 0 1 0 1 0 1 1 0 1 1 1 0 0 0 0 1 1 0 0 1 0 1 0 0 1 1 0 1 1 0 0 0 0 0 0 1 0 0 0 1 0 0 0 1 1 1 1 1 1 0 0 1 1 1 0 0 0 0 0 0 1 0 0 0
0 1
0 2
1 2
0 3
1 3
2 3
0 4
1 4
2 4
3 4
1 5
4 5
0 5
2 5
5 6
1 6
3 6
0 6
1 7
5 7
3 7
4 7
1 8
6 8
3 8
0 8
3 9
1 9
6 9
2 9
9 10
3 10
1 10
8 10
8 11
1 11
5 11
6 11
4 12
3 12
8 12
6 12
1 13
8 13
5 13
3 13
0 14
12 14
8 14
6 14
7 15
12 15
1 15
8 15
12 16
4 16
6 16
0 16
5 17
0 17
3 17
13 17
0 18
10 18
14 18
1 18
4 19
8 19
3 19
0 19
6 20
5 20
14 20
1 20
2 21
8 21
16 21
0 21
10 22
8 22
0 22
21 22
3 23
11 23
17 23
13 23
20 24
0 24
7 24
13 24
5 25
21 25
12 25
3 25
1 26
4 26
8 26
9 26
22 27
15 27
8 27
3 27
7 28
5 28
15 28
9 28
20 29
21 29
16 29
13 29
1 30
11 30
22 30
15 30
2 31
0 31
11 31
1 31
29 32
8 32
16 32
3 32
9 33
25 33
29 33
15 33
7 34
19 34
9 34
15 34
9 35
32 35
31 35
6 35
1 36
25 36
3 36
24 36
35 37
3 37
10 37
0 37
21 38
6 38
31 38
30 38
30 39
13 39
2 39
11 39
9 40
11 40
13 40
23 40
2 41
31 41
11 41
7 41
39 42
0 42
2 42
18 42
16 43
8 43
18 43
9 43
13 44
8 44
3 44
9 44
14 45
3 45
43 45
25 45
5 46
34 46
8 46
1 46
28 47
27 47
11 47
7 47
22 48
40 48
19 48
18 48
41 49
4 49
17 49
42 49
22 50
8 50
48 50
29 50
12 51
34 51
5 51
29 51
31 52
7 52
35 52
23 52
45 53
25 53
4 53
6 53
43 54
10 54
9 54
2 54
14 55
30 55
0 55
25 55
46 56
20 56
5 56
18 56
10 57
41 57
3 57
26 57
43 58
6 58
39 58
13 58
1 59
21 59
37 59
11 59
2 60
36 60
0 60
54 60
3 61
46 61
8 61
23 61
58 62
43 62
10 62
1 62
58 63
38 63
48 63
16 63
10 64
5 64
9 64
6 64
21 65
22 65
41 65
4 65
4 66
15 66
6 66
60 66
46 67
31 67
9 67
57 67
25 68
48 68
22 68
23 68
54 69
22 69
14 69
25 69
10 70
53 70
0 70
17 70
13 71
8 71
69 71
14 71
66 72
65 72
5 72
7 72
70 73
36 73
1 73
43 73
13 74
48 74
61 74
10 74
6 75
48 75
21 75
12 75
44 76
3 76
29 76
11 76
7 77
37 77
66 77
40 77
16 78
18 78
39 78
8 78
10 79
0 79
1 79
3 79
10 80
31 80
52 80
11 80
8 81
45 81
43 81
58 81
18 82
59 82
3 82
4 82
7 83
29 83
39 83
69 83
75 84
36 84
3 84
32 84
17 85
69 85
1 85
35 85
17 86
31 86
13 86
28 86
71 87
56 87
12 87
23 87
28 88
38 88
22 88
1 88
31 89
10 89
50 89
48 89
8 90
72 90
12 90
1 90
14 91
15 91
38 91
9 91
34 92
80 92
60 92
79 92
18 93
6 93
40 93
66 93
30 94
55 94
31 94
21 94
32 95
29 95
46 95
81 95
8 96
65 96
3 96
67 96
11 97
8 97
3 97
2 97
26 98
5 98
41 98
3 98
43 99
1 99
75 99
24 99