100 390 5
0 0 1 1 0 0 0 0 0 1 0 0 1 0 1 0 0 0 0 0 1 0 1 1 0 1 1 0 0 0 1 1 1 0 0 0 1 0 0 1 1 0 1 0 0 0 1 1 1 0 1 0 1 1 0 0 0 0 1 1 1 1 1 1 1 1 1 0 0 1 1 1 1 1 1 1 0 0 1 0 1 0 1 0 0 0 1 1 0 0 1 0 0 0 0 0 0 1 1 0
0 0 0 1 1 0 1 1 0 0 1 1 0 1 0 1 1 1 0 0 1 1 0 1 0 0 0 1 0 0 1 1 1 0 1 0 1 0 1 1 1 1 1 1 1 0 0 0 0 1 0 0 1 1 0 1 0 0 0 0 0 1 1 1 0 1 0 1 1 1 0 0 1 0 1 0 0 0 1 1 0 0 1 0 0 0 0 1 1 1 0 0 0 0 0 1 0 0 1 1
0 1 1 0 1 1 1 1 1 1 0 0 0 1 1 1 1 0 1 1 0 1 0 0 0 0 1 0 1 1 0 1 0 1 1 0 0 0 0 1 1 1 0 0 1 1 0 1 0 1 0 0 0 1 1 1 1 1 0 0 1 0 1 1 0 0 0 0 1 1 0 1 0 1 0 0 0 1 1 1 0 0 1 1 0 1 1 0 1 1 0 0 0 0 1 0 1 1 1 1
1 0 1 0 1 1 0 1 1 0 0 0 0 1 1 0 0 1 0 0 0 1 1 1 1 0 1 1 1 1 0 1 0 1 1 1 0 0 0 1 0 1 0 0 0 0 1 1 0 1 1 0 1 0 1 0 0 0 1 1 1 1 0 0 1 0 0 1 0 1 0 0 0 0 1 1 0 0 0 0 1 0 1 0 0 1 1 1 0 0 1 1 1 0 1 1 0 0 0 0
1 0 0 0 0 0 0 0 1 1 1 0 0 1 1 0 0 1 0 1 1 0 0 0 0 0 0 0 1 0 1 0 1 1 0 0 1 0 1 0 1 1 0 0 1 0 1 1 1 1 0 0 1 0 1 0 1 1 1 0 0 1 1 1 0 0 1 0 0 0 0 1 0 0 0 1 1 1 0 0 0 1 1 0 1 0 1 1 1 0 0 1 0 0 1 0 1 0 1 0
0 1
0 2
1 2
0 3
1 3
2 3
0 4
1 4
2 4
3 4
3 5
4 5
1 5
2 5
1 6
0 6
4 6
5 6
2 7
4 7
3 7
1 7
7 8
5 8
0 8
4 8
4 9
0 9
1 9
3 9
9 10
0 10
4 10
5 10
0 11
8 11
9 11
5 11
3 12
2 12
11 12
8 12
9 13
8 13
10 13
5 13
3 14
0 14
6 14
13 14
9 15
13 15
0 15
12 15
5 16
0 16
8 16
11 16
7 17
11 17
9 17
4 17
6 18
9 18
3 18
12 18
10 19
1 19
3 19
2 19
2 20
19 20
5 20
1 20
19 21
1 21
10 21
2 21
6 22
1 22
19 22
8 22
4 23
18 23
5 23
1 23
1 24
19 24
0 24
8 24
16 25
13 25
2 25
8 25
0 26
1 26
11 26
2 26
7 27
5 27
1 27
4 27
8 28
16 28
0 28
27 28
6 29
0 29
5 29
16 29
13 30
5 30
4 30
1 30
10 31
6 31
27 31
0 31
2 32
23 32
31 32
5 32
13 33
7 33
1 33
22 33
15 34
6 34
4 34
25 34
21 35
32 35
2 35
8 35
4 36
35 36
10 36
1 36
1 37
2 37
16 37
0 37
1 38
5 38
10 38
11 38
16 39
19 39
11 39
6 39
1 40
7 40
6 40
9 40
36 41
0 41
16 41
2 41
18 42
26 42
1 42
21 42
7 43
40 43
19 43
4 43
12 44
28 44
10 44
7 44
40 45
17 45
4 45
1 45
15 46
9 46
28 46
21 46
1 47
41 47
40 47
16 47
20 48
10 48
30 48
11 48
48 49
43 49
1 49
14 49
11 50
6 50
9 50
1 50
11 51
47 51
9 51
5 51
3 52
18 52
6 52
8 52
43 53
3 53
1 53
34 53
17 54
4 54
18 54
51 54
1 55
30 55
11 55
10 55
9 56
34 56
27 56
1 56
19 57
1 57
13 57
45 57
3 58
27 58
26 58
16 58
23 59
11 59
5 59
51 59
4 60
10 60
51 60
44 60
6 61
31 61
9 61
55 61
19 62
28 62
34 62
43 62
0 63
34 63
48 63
4 63
5 64
52 64
28 64
0 64
49 65
11 65
58 65
2 65
12 66
11 66
29 66
1 66
62 67
5 67
9 67
18 67
38 68
12 68
15 68
18 68
40 69
26 69
62 69
19 69
6 70
40 70
7 70
44 70
3 71
63 71
7 71
30 71
18 72
66 72
51 72
38 72
28 73
17 73
11 73
22 73
10 74
14 74
17 74
45 74
11 75
62 75
5 75
0 75
7 76
29 76
62 76
5 76
37 77
30 77
7 77
13 77
22 78
35 78
13 78
71 78
11 79
33 79
26 79
2 79
72 80
78 80
30 80
3 80
28 81
5 81
50 81
27 81
52 82
58 82
59 82
42 82
2 83
4 83
69 83
18 83
4 84
12 84
75 84
44 84
67 85
45 85
4 85
6 85
1 86
5 86
21 86
59 86
19 87
14 87
85 87
16 87
50 88
69 88
0 88
3 88
16 89
10 89
36 89
73 89
30 90
53 90
12 90
0 90
59 91
35 91
9 91
56 91
58 92
0 92
4 92
68 92
7 93
58 93
88 93
18 93
5 94
75 94
25 94
43 94
35 95
10 95
30 95
59 95
56 96
27 96
7 96
8 96
12 97
0 97
11 97
32 97
10 98
5 98
18 98
64 98
14 99
92 99
6 99
39 99