100 390 5
0 1 0 1 0 1 1 0 1 0 0 1 0 0 0 0 0 0 0 1 1 1 1 1 0 0 0 0 1 1 1 0 0 0 0 1 1 0 1 0 1 0 1 0 0 0 1 1 1 0 1 1 0 0 0 1 0 1 1 1 1 1 1 1 0 1 1 1 1 0 1 1 0 1 1 0 1 0 1 0 0 0 0 0 0 1 0 0 1 1 1 1 0 1 1 0 1 1 0 0
1 0 1 1 1 1 1 0 1 0 0 1 1 0 0 1 1 1 0 0 1 1 0 0 1 1 0 1 1 1 1 0 0 1 1 0 1 0 1 1 1 0 0 0 0 0 1 0 0 0 1 1 0 0 1 0 1 0 1 0 1 1 0 1 1 1 1 0 0 0 1 1 1 1 0 1 1 0 0 1 0 0 0 0 1 0 1 1 0 1 1 0 0 0 1 0 0 0 1 0
0 0 0 1 1 1 0 0 0 0 1 1 0 1 1 1 0 1 1 1 0 0 0 0 1 1 0 1 1 1 0 1 0 1 0 1 0 1 1 0 1 0 1 0 0 1 1 0 1 1 0 0 1 0 0 1 0 0 0 1 1 1 1 0 1 1 1 0 1 0 1 0 0 1 0 1 0 0 1 1 1 1 0 1 0 1 1 1 1 1 0 1 0 0 0 1 1 1 1 1
0 0 1 0 0 1 1 1 1 0 0 0 0 1 1 1 1 0 1 1 1 1 0 0 0 1 0 1 0 0 0 1 0 1 1 1 0 1 1 0 1 1 1 0 0 0 0 1 1 0 1 0 1 0 1 1 0 0 0 0 0 1 1 1 1 0 0 1 1 1 0 0 0 0 0 0 0 1 1 0 1 1 0 0 1 1 1 0 1 1 1 0 1 1 1 0 0 0 1 0
0 0 0 1 0 0 1 0 1 0 1 1 0 0 1 0 0 0 0 0 0 1 0 1 1 1 0 1 0 1 1 1 0 0 1 1 1 0 0 1 1 0 0 1 0 0 0 0 0 0 0 1 0 1 0 1 1 0 1 0 0 0 0 1 0 1 0 1 0 1 1 0 1 0 1 1 1 0 1 0 1 1 1 1 1 1 0 1 0 1 1 1 1 1 1 0 0 0 0 0
0 1
0 2
1 2
0 3
1 3
2 3
0 4
1 4
2 4
3 4
0 5
3 5
4 5
1 5
5 6
4 6
2 6
3 6
3 7
1 7
4 7
0 7
1 8
3 8
6 8
5 8
2 9
4 9
8 9
0 9
3 10
8 10
7 10
2 10
3 11
0 11
10 11
5 11
9 12
4 12
6 12
11 12
4 13
3 13
5 13
12 13
6 14
3 14
13 14
5 14
9 15
3 15
4 15
5 15
0 16
3 16
5 16
2 16
0 17
14 17
1 17
3 17
6 18
10 18
0 18
12 18
10 19
2 19
4 19
1 19
2 20
10 20
13 20
12 20
4 21
0 21
3 21
6 21
0 22
21 22
5 22
4 22
13 23
1 23
2 23
15 23
1 24
7 24
19 24
0 24
21 25
22 25
8 25
23 25
7 26
1 26
13 26
11 26
12 27
0 27
8 27
7 27
8 28
12 28
24 28
4 28
25 29
4 29
1 29
24 29
3 30
12 30
22 30
13 30
12 31
29 31
4 31
23 31
6 32
16 32
10 32
12 32
14 33
4 33
22 33
1 33
4 34
12 34
10 34
9 34
34 35
26 35
5 35
25 35
30 36
4 36
19 36
21 36
5 37
24 37
15 37
22 37
12 38
36 38
4 38
11 38
17 39
3 39
1 39
6 39
2 40
6 40
10 40
3 40
30 41
21 41
11 41
5 41
6 42
12 42
25 42
15 42
33 43
1 43
29 43
7 43
5 44
3 44
2 44
35 44
10 45
25 45
36 45
0 45
10 46
8 46
0 46
5 46
0 47
5 47
13 47
7 47
5 48
8 48
30 48
0 48
48 49
4 49
22 49
6 49
18 50
41 50
8 50
30 50
25 51
9 51
22 51
15 51
16 52
1 52
3 52
12 52
5 53
25 53
36 53
29 53
12 54
6 54
1 54
7 54
17 55
22 55
10 55
49 55
12 56
26 56
33 56
36 56
41 57
53 57
5 57
31 57
0 58
5 58
6 58
13 58
4 59
3 59
55 59
16 59
32 60
55 60
22 60
13 60
24 61
4 61
14 61
41 61
8 62
36 62
29 62
13 62
24 63
6 63
2 63
0 63
12 64
6 64
54 64
45 64
63 65
0 65
45 65
4 65
1 66
15 66
0 66
45 66
10 67
31 67
48 67
3 67
24 68
53 68
7 68
19 68
39 69
37 69
12 69
6 69
10 70
5 70
7 70
32 70
25 71
41 71
16 71
0 71
45 72
0 72
25 72
3 72
2 73
10 73
25 73
41 73
4 74
0 74
15 74
41 74
22 75
28 75
67 75
46 75
3 76
66 76
7 76
10 76
8 77
6 77
74 77
12 77
55 78
2 78
63 78
6 78
39 79
63 79
16 79
38 79
73 80
47 80
7 80
12 80
21 81
41 81
79 81
53 81
10 82
12 82
22 82
47 82
0 83
54 83
1 83
25 83
5 84
22 84
23 84
43 84
48 85
0 85
5 85
25 85
19 86
5 86
31 86
26 86
24 87
3 87
32 87
10 87
22 88
39 88
45 88
13 88
7 89
79 89
62 89
48 89
5 90
0 90
65 90
31 90
40 91
87 91
8 91
46 91
21 92
36 92
15 92
41 92
63 93
7 93
6 93
74 93
1 94
31 94
27 94
70 94
18 95
62 95
4 95
2 95
75 96
4 96
59 96
21 96
10 97
9 97
47 97
70 97
65 98
10 98
62 98
87 98
48 99
57 99
66 99
21 99