100 390 5
1 1 1 0 1 0 1 0 0 1 0 0 0 0 1 1 1 1 1 0 0 0 1 1 1 1 1 0 1 1 0 0 1 1 1 0 1 0 1 0 1 0 0 0 1 0 1 0 1 1 0 0 0 0 1 0 0 0 0 0 1 0 1 1 1 0 1 1 1 1 0 1 1 1 0 0 0 0 0 1 0 0 1 0 1 0 0 0 0 1 1 0 0 0 1 0 1 0 1 0
0 0 0 0 1 0 1 0 0 0 1 0 1 0 0 0 1 0 1 0 1 1 1 0 1 0 1 0 1 1 1 0 1 1 0 1 1 0 0 0 0 1 1 0 1 0 0 1 1 0 1 0 0 0 0 1 0 0 0 1 1 0 1 0 0 1 1 0 0 1 1 0 0 1 1 0 0 1 1 0 0 0 0 0 0 1 0 1 1 1 0 1 0 0 1 0 0 1 0 1
1 1 0 0 0 1 1 0 0 1 1 0 0 1 0 1 1 1 0 0 0 1 0 1 0 1 1 0 0 1 0 1 0 0 0 0 1 1 1 0 1 0 0 1 0 1 1 1 1 0 1 0 0 1 0 1 0 1 1 0 1 1 0 0 0 0 1 0 1 1 0 0 1 0 1 0 0 1 0 1 0 0 1 0 0 1 0 0 1 1 0 1 0 1 0 0 0 0 0 1
1 0 0 0 1 1 0 0 0 0 1 1 0 0 1 1 1 0 1 0 1 1 1 0 0 0 1 0 0 0 1 0 1 1 1 1 1 0 0 1 0 0 0 1 1 1 1 1 1 1 0 0 0 1 0 0 1 0 0 0 0 0 1 1 0 1 1 1 0 0 1 0 1 1 0 1 1 1 0 1 0 0 1 1 1 1 1 0 0 0 1 0 1 0 0 1 1 1 0 0
0 1 1 1 0 1 1 0 1 0 1 1 1 1 1 0 0 1 1 0 1 0 0 0 1 1 0 0 0 0 1 1 1 1 1 0 0 1 1 0 0 1 0 0 1 0 1 0 1 1 0 0 0 0 1 1 1 0 0 1 1 1 1 0 0 0 0 1 0 0 0 1 1 1 1 1 0 1 1 1 0 1 0 1 0 1 1 0 1 0 1 0 0 1 1 0 0 0 0 0
0 1
0 2
1 2
0 3
1 3
2 3
0 4
1 4
2 4
3 4
1 5
4 5
0 5
3 5
0 6
5 6
4 6
2 6
5 7
3 7
6 7
4 7
6 8
7 8
1 8
3 8
0 9
3 9
6 9
4 9
9 10
5 10
8 10
2 10
10 11
4 11
8 11
6 11
1 12
6 12
8 12
4 12
2 13
4 13
6 13
0 13
11 14
8 14
0 14
12 14
7 15
4 15
11 15
9 15
4 16
12 16
3 16
0 16
9 17
10 17
15 17
0 17
6 18
4 18
1 18
5 18
3 19
11 19
9 19
0 19
4 20
7 20
15 20
3 20
16 21
6 21
4 21
9 21
9 22
20 22
14 22
11 22
2 23
13 23
19 23
11 23
20 24
8 24
0 24
4 24
5 25
24 25
8 25
12 25
4 26
19 26
9 26
8 26
9 27
10 27
3 27
4 27
16 28
3 28
7 28
25 28
20 29
7 29
9 29
13 29
2 30
5 30
22 30
13 30
0 31
17 31
5 31
11 31
1 32
18 32
27 32
8 32
25 33
20 33
11 33
31 33
6 34
3 34
5 34
1 34
13 35
11 35
2 35
9 35
10 36
2 36
23 36
9 36
12 37
19 37
7 37
32 37
34 38
31 38
17 38
13 38
3 39
6 39
20 39
38 39
9 40
37 40
4 40
10 40
20 41
15 41
6 41
38 41
8 42
21 42
2 42
23 42
25 43
5 43
41 43
24 43
9 44
13 44
17 44
3 44
39 45
1 45
42 45
5 45
8 46
4 46
7 46
22 46
28 47
11 47
32 47
21 47
7 48
4 48
14 48
28 48
15 49
37 49
45 49
2 49
4 50
32 50
3 50
43 50
6 51
9 51
34 51
11 51
24 52
31 52
19 52
1 52
9 53
8 53
42 53
16 53
10 54
20 54
9 54
6 54
40 55
33 55
10 55
32 55
4 56
35 56
33 56
17 56
23 57
9 57
28 57
12 57
6 58
8 58
13 58
4 58
4 59
10 59
36 59
12 59
20 60
24 60
37 60
4 60
10 61
1 61
45 61
5 61
33 62
21 62
53 62
10 62
25 63
4 63
1 63
8 63
8 64
3 64
37 64
33 64
10 65
8 65
11 65
25 65
9 66
21 66
19 66
28 66
4 67
0 67
22 67
31 67
11 68
10 68
2 68
7 68
7 69
27 69
66 69
3 69
29 70
0 70
32 70
55 70
25 71
4 71
9 71
14 71
13 72
33 72
4 72
51 72
53 73
6 73
1 73
47 73
15 74
4 74
62 74
9 74
68 75
4 75
61 75
42 75
72 76
49 76
6 76
46 76
49 77
45 77
46 77
66 77
40 78
45 78
21 78
9 78
11 79
2 79
75 79
76 79
79 80
41 80
49 80
51 80
31 81
22 81
73 81
53 81
15 82
48 82
32 82
76 82
24 83
41 83
11 83
3 83
67 84
8 84
39 84
5 84
9 85
60 85
25 85
20 85
50 86
48 86
72 86
13 86
5 87
21 87
0 87
4 87
22 88
61 88
4 88
7 88
9 89
25 89
18 89
80 89
9 90
29 90
23 90
30 90
7 91
24 91
8 91
89 91
17 92
8 92
20 92
79 92
76 93
62 93
5 93
15 93
2 94
32 94
31 94
25 94
32 95
7 95
9 95
3 95
4 96
79 96
78 96
92 96
72 97
15 97
3 97
75 97
97 98
67 98
6 98
15 98
24 99
28 99
8 99
73 99