100 390 5
0 1 1 0 0 0 1 1 0 0 1 1 0 1 1 1 0 1 1 1 0 0 0 0 0 0 0 0 0 1 1 0 0 1 1 0 0 0 0 1 0 0 0 0 1 1 1 1 1 1 1 0 0 0 0 0 1 1 1 0 0 1 1 1 1 0 1 0 0 0 0 1 0 1 0 1 1 1 0 0 1 0 1 0 1 0 0 0 0 0 1 1 0 1 1 1 1 0 0 0
1 1 1 1 0 1 1 1 0 1 1 0 0 1 1 0 0 0 0 1 0 0 0 0 1 1 1 1 1 1 1 1 0 0 1 1 0 0 0 1 1 0 0 0 1 0 0 1 0 1 0 1 1 0 0 0 1 0 1 1 1 1 0 0 1 1 1 0 1 1 0 0 0 1 1 0 1 1 1 1 1 0 1 1 1 0 1 0 0 0 0 0 1 1 0 1 0 0 1 1
0 0 1 0 1 1 0 0 0 0 0 1 1 0 0 1 1 0 0 0 0 1 1 1 1 0 1 1 1 0 1 0 0 1 1 0 1 0 1 0 1 1 0 1 1 0 1 0 0 1 1 1 0 0 0 0 0 1 0 0 0 1 0 0 0 0 1 1 1 0 1 1 1 1 1 1 0 1 0 1 1 0 0 0 1 0 1 1 1 0 0 0 1 1 1 1 0 0 0 1
0 0 0 1 0 1 0 0 0 0 1 1 0 1 0 0 1 1 1 0 0 0 0 0 0 1 1 1 0 1 1 0 0 0 0 0 0 0 1 0 0 0 0 0 0 0 1 0 0 0 0 1 1 0 1 0 0 1 0 1 0 1 1 0 0 1 0 0 0 0 0 0 0 1 1 0 1 1 0 0 0 0 0 1 1 1 1 1 0 0 0 0 0 0 1 0 1 0 1 0
0 0 0 1 0 0 1 1 0 0 1 1 0 1 0 0 1 1 1 1 0 1 0 1 0 1 1 1 0 0 0 1 1 0 1 1 0 1 0 0 0 0 1 1 1 1 1 1 1 0 0 0 0 1 1 0 0 0 0 0 1 1 1 1 0 1 1 0 0 0 1 0 0 0 0 1 1 1 1 1 1 1 0 0 1 1 1 0 0 1 0 0 0 1 1 0 1 1 1 1
0 1
0 2
1 2
0 3
1 3
2 3
0 4
1 4
2 4
3 4
3 5
1 5
4 5
2 5
3 6
1 6
5 6
0 6
0 7
6 7
2 7
3 7
1 8
4 8
0 8
3 8
2 9
3 9
1 9
0 9
9 10
0 10
1 10
4 10
2 11
5 11
9 11
1 11
4 12
1 12
2 12
7 12
0 13
4 13
1 13
7 13
0 14
1 14
10 14
3 14
2 15
1 15
4 15
6 15
6 16
3 16
0 16
2 16
0 17
12 17
1 17
3 17
1 18
17 18
11 18
6 18
9 19
18 19
10 19
5 19
7 20
0 20
4 20
10 20
13 21
0 21
11 21
7 21
3 22
4 22
1 22
9 22
4 23
14 23
2 23
0 23
4 24
18 24
6 24
12 24
1 25
9 25
0 25
2 25
11 26
1 26
18 26
5 26
12 27
25 27
8 27
21 27
12 28
3 28
1 28
20 28
12 29
4 29
3 29
0 29
13 30
18 30
1 30
9 30
4 31
18 31
2 31
19 31
0 32
5 32
1 32
3 32
2 33
3 33
15 33
16 33
4 34
2 34
32 34
18 34
21 35
2 35
33 35
4 35
29 36
32 36
22 36
5 36
36 37
2 37
21 37
30 37
7 38
26 38
10 38
35 38
20 39
14 39
3 39
30 39
13 40
34 40
5 40
10 40
15 41
1 41
17 41
2 41
0 42
33 42
3 42
25 42
9 43
5 43
1 43
13 43
7 44
10 44
33 44
30 44
41 45
33 45
18 45
16 45
17 46
35 46
2 46
32 46
5 47
2 47
45 47
40 47
33 48
20 48
1 48
18 48
3 49
1 49
42 49
24 49
26 50
6 50
5 50
48 50
1 51
45 51
10 51
22 51
23 52
16 52
22 52
6 52
6 53
34 53
2 53
32 53
0 54
49 54
36 54
2 54
18 55
4 55
5 55
39 55
17 56
18 56
4 56
54 56
25 57
5 57
41 57
32 57
53 58
36 58
0 58
3 58
2 59
4 59
52 59
18 59
5 60
9 60
6 60
30 60
35 61
24 61
51 61
3 61
7 62
2 62
29 62
3 62
13 63
3 63
37 63
54 63
22 64
24 64
53 64
2 64
27 65
62 65
29 65
47 65
51 66
0 66
8 66
20 66
1 67
10 67
18 67
13 67
0 68
2 68
14 68
23 68
3 69
6 69
8 69
21 69
6 70
45 70
2 70
9 70
46 71
32 71
19 71
50 71
17 72
29 72
59 72
2 72
70 73
2 73
0 73
44 73
5 74
1 74
2 74
73 74
2 75
11 75
45 75
63 75
24 76
5 76
2 76
12 76
49 77
6 77
28 77
9 77
1 78
34 78
0 78
33 78
40 79
38 79
9 79
77 79
65 80
6 80
50 80
17 80
77 81
1 81
3 81
7 81
6 82
28 82
0 82
40 82
16 83
5 83
27 83
0 83
18 84
26 84
79 84
60 84
6 85
63 85
65 85
28 85
53 86
18 86
6 86
42 86
51 87
56 87
36 87
45 87
72 88
41 88
33 88
13 88
37 89
13 89
9 89
66 89
26 90
22 90
1 90
42 90
22 91
24 91
5 91
76 91
63 92
4 92
2 92
1 92
4 93
1 93
64 93
47 93
41 94
65 94
5 94
70 94
40 95
33 95
11 95
2 95
86 96
45 96
5 96
34 96
76 97
45 97
18 97
44 97
3 98
72 98
96 98
23 98
88 99
5 99
1 99
10 99