100 390 5
0 0 1 0 1 0 1 1 0 0 1 1 0 1 0 1 0 1 0 0 0 0 1 0 1 1 1 1 1 0 1 1 0 0 1 1 1 0 1 0 1 0 0 0 0 1 0 0 0 1 0 1 0 1 0 1 1 1 0 0 1 0 0 0 1 0 0 0 1 1 1 1 1 0 0 1 1 1 1 0 1 0 0 0 1 0 0 0 0 1 1 1 0 1 0 0 0 1 0 1
1 0 1 0 1 0 0 0 0 1 0 0 1 0 1 0 1 0 1 1 0 0 1 0 1 1 0 0 0 0 1 1 0 0 1 1 0 0 1 0 0 0 1 1 1 1 0 1 1 1 1 0 1 0 1 1 1 1 1 0 1 1 1 0 1 1 0 1 0 1 1 1 0 0 0 1 1 1 1 0 0 0 1 0 0 0 0 0 0 1 1 0 1 1 1 1 0 0 1 1
0 0 0 0 0 0 1 0 0 0 0 0 0 0 1 1 0 1 1 0 1 0 1 1 1 1 0 1 1 0 0 0 1 1 1 0 1 0 1 1 1 0 1 1 1 1 0 1 0 1 1 1 0 1 0 0 1 0 0 1 1 1 0 1 0 1 1 1 1 1 0 1 1 1 0 0 0 0 1 1 0 1 1 0 1 0 0 1 1 0 1 1 0 0 0 1 0 1 0 1
0 0 1 0 0 0 0 0 1 1 0 0 1 0 0 0 0 1 0 1 0 1 0 1 1 1 0 1 1 0 0 1 0 1 0 1 0 1 1 1 0 0 0 1 0 0 0 1 0 1 1 1 0 0 1 0 1 0 0 1 0 0 0 1 0 0 1 1 0 1 0 0 0 1 1 0 1 0 1 0 0 0 1 0 0 0 1 0 1 0 1 1 0 1 0 0 0 0 0 0
0 0 0 1 0 1 1 1 1 1 0 1 0 0 0 1 1 0 1 1 0 0 0 0 1 1 1 0 1 0 0 0 1 1 0 0 1 1 0 1 0 1 0 0 1 1 0 0 0 1 0 1 1 0 1 1 0 0 0 0 1 1 1 1 0 1 1 1 0 1 1 1 0 0 1 0 0 0 1 0 0 1 1 1 0 0 0 0 0 0 1 1 0 1 1 1 0 1 0 1
0 1
0 2
1 2
0 3
1 3
2 3
0 4
1 4
2 4
3 4
4 5
0 5
1 5
2 5
4 6
2 6
5 6
1 6
6 7
4 7
5 7
3 7
3 8
6 8
2 8
7 8
7 9
3 9
8 9
2 9
6 10
8 10
1 10
0 10
3 11
6 11
1 11
7 11
11 12
0 12
5 12
9 12
11 13
6 13
1 13
2 13
8 14
7 14
1 14
12 14
13 15
6 15
9 15
7 15
12 16
3 16
1 16
15 16
3 17
14 17
2 17
12 17
3 18
12 18
9 18
0 18
18 19
11 19
1 19
2 19
12 20
2 20
5 20
3 20
2 21
0 21
13 21
6 21
1 22
15 22
11 22
9 22
3 23
12 23
1 23
6 23
2 24
22 24
5 24
11 24
2 25
12 25
15 25
9 25
9 26
21 26
2 26
14 26
7 27
0 27
3 27
26 27
0 28
2 28
27 28
3 28
12 29
1 29
2 29
27 29
27 30
26 30
2 30
5 30
2 31
5 31
15 31
16 31
15 32
2 32
23 32
8 32
12 33
1 33
3 33
26 33
0 34
5 34
24 34
18 34
9 35
12 35
26 35
3 35
23 36
1 36
33 36
24 36
20 37
27 37
26 37
4 37
1 38
8 38
34 38
29 38
38 39
32 39
26 39
3 39
37 40
26 40
31 40
38 40
23 41
4 41
13 41
12 41
22 42
24 42
0 42
26 42
37 43
2 43
31 43
8 43
2 44
11 44
12 44
13 44
5 45
3 45
2 45
19 45
26 46
43 46
31 46
34 46
38 47
6 47
22 47
26 47
3 48
1 48
37 48
31 48
32 49
31 49
46 49
19 49
12 50
27 50
48 50
35 50
37 51
27 51
35 51
2 51
18 52
4 52
1 52
37 52
34 53
9 53
37 53
2 53
37 54
34 54
22 54
2 54
38 55
2 55
1 55
40 55
15 56
16 56
1 56
11 56
35 57
13 57
38 57
33 57
23 58
3 58
8 58
34 58
6 59
45 59
36 59
10 59
7 60
2 60
5 60
9 60
27 61
42 61
0 61
2 61
35 62
8 62
7 62
42 62
1 63
18 63
32 63
2 63
55 64
45 64
3 64
24 64
31 65
42 65
8 65
46 65
43 66
12 66
58 66
36 66
12 67
2 67
19 67
27 67
60 68
8 68
5 68
0 68
51 69
0 69
2 69
9 69
37 70
6 70
4 70
13 70
19 71
8 71
11 71
32 71
68 72
25 72
54 72
8 72
8 73
66 73
42 73
0 73
42 74
68 74
15 74
35 74
1 75
7 75
31 75
47 75
32 76
67 76
20 76
39 76
18 77
32 77
1 77
4 77
26 78
3 78
63 78
32 78
30 79
59 79
19 79
2 79
61 80
72 80
67 80
26 80
6 81
0 81
3 81
1 81
57 82
61 82
9 82
22 82
72 83
46 83
34 83
68 83
43 84
36 84
42 84
7 84
23 85
6 85
68 85
71 85
6 86
85 86
1 86
16 86
66 87
1 87
65 87
8 87
42 88
64 88
4 88
2 88
3 89
7 89
64 89
26 89
2 90
73 90
1 90
26 90
72 91
16 91
29 91
20 91
22 92
37 92
6 92
13 92
9 93
8 93
16 93
84 93
46 94
14 94
72 94
42 94
6 95
5 95
66 95
46 95
41 96
6 96
44 96
2 96
60 97
46 97
6 97
12 97
34 98
82 98
28 98
14 98
12 99
72 99
8 99
71 99