100 390 5
1 0 0 0 1 0 0 0 0 0 1 1 0 0 0 1 1 0 1 1 1 0 1 0 1 0 0 1 0 1 0 0 1 1 0 1 1 1 1 1 0 1 0 1 1 0 0 0 1 1 0 1 1 1 0 1 1 0 0 0 0 1 1 0 1 1 1 1 1 1 0 1 1 1 0 0 0 1 0 1 1 1 0 0 0 1 1 0 0 0 0 0 1 0 0 1 1 0 0 0
1 0 0 0 0 0 1 1 1 0 1 0 0 0 0 1 1 0 0 1 0 1 0 1 0 1 1 0 0 0 1 1 0 1 0 0 0 0 0 0 0 0 0 0 1 0 1 0 1 1 1 1 0 0 0 1 0 0 0 1 0 0 0 0 0 1 1 0 0 0 1 0 0 1 0 1 1 0 1 0 1 0 1 0 0 1 0 0 1 0 0 1 0 1 0 1 1 0 1 0
1 0 0 1 1 0 1 1 1 1 1 0 1 0 0 0 1 0 0 0 1 0 0 1 0 0 0 1 1 0 1 0 0 0 0 1 1 0 1 1 1 1 1 0 0 0 0 0 1 0 0 0 0 0 1 1 1 0 1 1 0 1 1 0 1 0 1 1 1 1 0 0 0 1 0 0 0 0 1 0 0 1 1 1 0 1 0 0 1 1 0 1 1 1 0 0 0 1 0 0
1 1 1 0 0 1 1 1 0 0 1 1 1 1 0 1 1 1 1 0 0 1 0 1 1 0 1 0 1 0 0 0 1 0 1 0 0 0 0 0 1 1 1 0 1 1 0 0 1 0 1 0 0 1 1 0 1 1 0 0 1 1 0 1 1 1 1 0 1 0 0 1 0 1 0 1 0 0 0 1 0 1 1 0 1 1 0 1 0 0 1 1 0 0 0 1 1 0 0 1
1 0 0 0 0 0 1 1 0 0 1 0 0 0 1 1 1 0 1 0 0 0 0 1 1 1 1 0 0 0 1 1 0 0 1 0 1 1 0 1 1 0 0 1 1 1 0 1 1 0 0 0 1 0 0 0 1 0 0 1 1 0 1 1 0 0 1 0 1 0 1 0 1 0 0 0 1 1 0 0 1 0 1 0 1 0 1 1 1 1 1 1 0 0 1 1 1 1 0 0
0 1
0 2
1 2
0 3
1 3
2 3
0 4
1 4
2 4
3 4
2 5
1 5
4 5
0 5
2 6
5 6
1 6
0 6
5 7
3 7
2 7
1 7
3 8
1 8
6 8
0 8
4 9
2 9
5 9
0 9
8 10
4 10
2 10
9 10
0 11
1 11
9 11
3 11
3 12
10 12
4 12
0 12
0 13
4 13
10 13
5 13
6 14
3 14
9 14
4 14
12 15
1 15
2 15
6 15
2 16
15 16
10 16
0 16
9 17
4 17
8 17
13 17
1 18
15 18
8 18
2 18
8 19
0 19
6 19
10 19
9 20
10 20
1 20
2 20
4 21
14 21
13 21
16 21
3 22
6 22
10 22
17 22
0 23
9 23
5 23
2 23
0 24
15 24
9 24
20 24
6 25
10 25
18 25
17 25
0 26
17 26
23 26
2 26
6 27
22 27
5 27
11 27
10 28
17 28
2 28
15 28
10 29
3 29
21 29
22 29
17 30
4 30
16 30
6 30
9 31
5 31
6 31
17 31
10 32
1 32
3 32
2 32
9 33
19 33
3 33
1 33
4 34
25 34
22 34
13 34
25 35
24 35
29 35
5 35
24 36
18 36
9 36
22 36
31 37
19 37
17 37
11 37
24 38
22 38
9 38
3 38
13 39
0 39
7 39
37 39
13 40
11 40
2 40
1 40
10 41
11 41
25 41
20 41
29 42
11 42
8 42
7 42
23 43
6 43
13 43
38 43
23 44
5 44
39 44
0 44
13 45
39 45
34 45
10 45
0 46
28 46
10 46
44 46
10 47
37 47
2 47
24 47
37 48
43 48
10 48
36 48
26 49
11 49
44 49
42 49
15 50
1 50
46 50
7 50
43 51
30 51
0 51
19 51
4 52
3 52
1 52
34 52
3 53
1 53
0 53
41 53
19 54
52 54
44 54
39 54
54 55
20 55
52 55
11 55
55 56
25 56
8 56
10 56
2 57
6 57
34 57
17 57
23 58
38 58
15 58
0 58
29 59
43 59
9 59
52 59
54 60
43 60
16 60
44 60
8 61
52 61
15 61
43 61
25 62
3 62
47 62
11 62
27 63
29 63
2 63
10 63
9 64
3 64
2 64
48 64
22 65
0 65
51 65
23 65
11 66
25 66
9 66
2 66
10 67
5 67
59 67
51 67
43 68
9 68
50 68
11 68
10 69
23 69
18 69
3 69
48 70
1 70
6 70
14 70
54 71
59 71
68 71
13 71
36 72
19 72
10 72
4 72
37 73
15 73
3 73
11 73
24 74
1 74
2 74
65 74
37 75
10 75
1 75
44 75
4 76
8 76
19 76
44 76
29 77
3 77
5 77
9 77
65 78
14 78
3 78
6 78
75 79
33 79
39 79
11 79
11 80
5 80
71 80
12 80
31 81
12 81
6 81
3 81
38 82
24 82
23 82
6 82
23 83
24 83
5 83
81 83
47 84
3 84
5 84
15 84
6 85
83 85
53 85
31 85
17 86
9 86
37 86
11 86
39 87
11 87
56 87
66 87
52 88
0 88
39 88
68 88
34 89
4 89
14 89
48 89
3 90
42 90
4 90
9 90
0 91
77 91
11 91
25 91
11 92
9 92
28 92
88 92
0 93
34 93
13 93
66 93
18 94
47 94
14 94
4 94
9 95
3 95
68 95
5 95
37 96
7 96
10 96
39 96
31 97
79 97
43 97
95 97
8 98
11 98
4 98
83 98
36 99
16 99
34 99
10 99