100 390 5
1 0 0 0 1 1 0 1 1 1 0 0 0 1 1 0 1 0 1 1 1 0 1 0 1 1 0 0 0 1 1 1 1 1 0 0 1 1 1 0 0 0 1 0 0 0 1 1 0 0 1 1 0 1 0 0 0 0 0 1 0 1 0 0 0 1 0 1 1 0 1 1 0 1 0 1 0 0 1 1 1 1 0 0 0 0 1 1 1 0 1 1 1 1 0 0 0 1 0 1
0 0 0 1 0 0 1 0 0 1 0 0 0 0 1 0 0 1 0 0 0 1 1 0 0 1 1 0 1 1 1 0 1 0 1 1 1 1 0 1 0 1 0 1 1 1 1 0 0 0 0 0 0 1 1 1 0 1 1 0 0 1 1 1 1 1 1 1 0 1 0 1 1 0 0 1 1 1 0 0 0 0 1 0 0 0 0 1 0 1 0 1 0 0 0 0 1 0 0 1
0 0 1 1 0 1 0 0 1 0 0 1 0 1 1 1 0 0 0 1 1 0 1 0 0 1 1 1 0 1 1 0 0 0 0 0 1 0 1 0 0 0 1 0 1 0 0 1 0 0 1 1 0 0 1 0 0 1 1 1 0 1 1 0 0 1 1 1 1 1 1 0 1 0 0 1 0 0 0 0 0 1 0 1 0 1 1 1 0 0 0 1 1 1 1 1 0 0 0 0
0 0 1 0 1 0 1 0 0 1 0 1 0 1 0 1 1 0 1 1 1 1 0 1 1 0 0 1 1 1 0 1 0 0 0 1 0 1 1 1 1 1 1 1 0 0 0 0 1 0 1 1 1 1 1 0 1 0 1 1 1 1 0 1 0 0 1 0 1 1 1 0 0 1 1 0 0 1 1 1 0 1 1 1 1 1 0 0 1 0 0 1 0 0 0 0 1 0 1 0
1 0 0 0 1 1 1 1 0 1 0 0 0 0 0 1 0 0 1 0 0 0 1 0 0 0 1 1 0 1 1 1 0 1 1 1 1 0 0 0 0 1 0 1 0 0 1 0 0 1 0 0 1 0 0 0 0 1 0 1 0 0 1 1 0 0 0 1 1 0 1 0 0 1 0 1 0 0 1 0 1 0 1 1 0 0 1 0 1 1 0 1 1 0 1 0 0 1 0 1
0 1
0 2
1 2
0 3
1 3
2 3
0 4
1 4
2 4
3 4
0 5
3 5
4 5
1 5
1 6
2 6
0 6
5 6
0 7
5 7
4 7
3 7
3 8
4 8
5 8
2 8
6 9
8 9
3 9
5 9
0 10
3 10
8 10
1 10
9 11
3 11
10 11
1 11
11 12
10 12
9 12
4 12
5 13
3 13
4 13
1 13
2 14
4 14
0 14
5 14
5 15
12 15
11 15
10 15
6 16
4 16
0 16
12 16
4 17
3 17
11 17
8 17
0 18
16 18
1 18
11 18
0 19
3 19
1 19
12 19
14 20
3 20
4 20
19 20
11 21
12 21
2 21
4 21
8 22
5 22
9 22
2 22
3 23
4 23
2 23
12 23
16 24
0 24
12 24
13 24
11 25
8 25
0 25
22 25
20 26
10 26
1 26
11 26
26 27
17 27
12 27
1 27
5 28
3 28
12 28
2 28
15 29
19 29
5 29
28 29
29 30
22 30
16 30
20 30
10 31
1 31
0 31
22 31
28 32
2 32
8 32
22 32
1 33
3 33
8 33
4 33
8 34
4 34
16 34
24 34
2 35
20 35
19 35
28 35
4 36
28 36
26 36
3 36
25 37
19 37
21 37
12 37
1 38
36 38
10 38
32 38
17 39
15 39
0 39
32 39
26 40
25 40
34 40
27 40
39 41
36 41
29 41
2 41
33 42
41 42
1 42
4 42
13 43
3 43
24 43
15 43
3 44
14 44
1 44
5 44
3 45
4 45
19 45
20 45
42 46
36 46
32 46
0 46
0 47
20 47
10 47
14 47
30 48
3 48
39 48
0 48
13 49
16 49
8 49
34 49
19 50
2 50
49 50
45 50
8 51
4 51
39 51
19 51
5 52
7 52
51 52
35 52
8 53
19 53
2 53
17 53
39 54
46 54
14 54
34 54
9 55
10 55
21 55
37 55
28 56
4 56
31 56
16 56
4 57
31 57
9 57
51 57
54 58
2 58
45 58
12 58
10 59
8 59
6 59
11 59
37 60
16 60
2 60
54 60
21 61
8 61
15 61
10 61
0 62
45 62
20 62
3 62
8 63
37 63
34 63
50 63
12 64
11 64
44 64
3 64
10 65
1 65
17 65
5 65
57 66
11 66
45 66
37 66
0 67
43 67
21 67
63 67
40 68
38 68
52 68
55 68
11 69
40 69
8 69
1 69
5 70
2 70
66 70
14 70
31 71
68 71
17 71
40 71
55 72
24 72
39 72
10 72
6 73
64 73
11 73
3 73
1 74
9 74
41 74
38 74
2 75
0 75
10 75
53 75
0 76
2 76
11 76
13 76
12 77
3 77
70 77
26 77
44 78
42 78
2 78
25 78
25 79
2 79
45 79
29 79
7 80
10 80
56 80
50 80
4 81
27 81
57 81
28 81
21 82
29 82
10 82
46 82
41 83
36 83
4 83
31 83
0 84
76 84
55 84
4 84
45 85
72 85
3 85
10 85
80 86
3 86
17 86
8 86
79 87
13 87
22 87
6 87
36 88
46 88
4 88
43 88
12 89
51 89
45 89
39 89
5 90
56 90
15 90
27 90
25 91
76 91
34 91
82 91
30 92
50 92
1 92
54 92
37 93
20 93
39 93
44 93
86 94
8 94
53 94
60 94
73 95
1 95
43 95
0 95
2 96
5 96
3 96
78 96
8 97
84 97
0 97
10 97
71 98
67 98
3 98
5 98
9 99
4 99
83 99
88 99