100 390 5
0 1 0 1 0 0 0 1 1 0 0 1 0 0 0 0 1 0 0 1 1 1 1 0 0 1 0 1 0 1 1 0 1 0 1 1 0 0 1 0 0 1 0 1 1 1 1 1 1 1 0 1 0 0 0 0 1 0 1 1 0 0 1 1 1 0 1 1 1 1 0 0 0 0 1 0 0 1 0 0 1 1 0 1 1 0 0 0 0 1 0 0 1 0 1 1 1 1 1 1
0 1 1 1 0 0 1 0 1 0 1 1 1 1 1 0 0 0 1 1 1 1 0 0 1 0 1 0 1 0 1 0 0 0 1 0 1 0 0 1 1 0 1 0 1 0 0 1 0 0 1 1 0 0 0 1 1 1 0 1 1 0 0 1 0 1 1 1 0 0 1 0 0 0 1 0 1 1 1 1 1 1 1 1 1 0 0 0 1 1 0 1 1 0 0 1 0 1 1 1
1 0 1 1 0 1 1 1 0 1 1 0 0 0 0 0 0 0 0 1 1 0 1 0 0 1 1 0 0 1 0 1 0 0 0 0 0 1 0 0 1 0 1 1 0 1 1 1 0 1 0 1 0 0 1 1 0 0 0 0 1 0 1 1 1 1 0 1 0 0 1 0 1 0 1 0 1 1 0 0 0 0 0 1 1 1 0 1 1 1 1 1 1 0 0 1 1 1 0 0
1 0 0 1 1 0 0 1 0 0 0 0 1 1 1 1 0 1 1 0 0 1 0 1 0 1 1 0 1 0 1 0 1 0 1 1 1 1 1 0 1 0 1 0 1 1 1 0 0 1 0 1 1 0 0 1 0 1 0 0 0 0 1 0 0 1 1 0 1 0 0 1 0 0 0 1 0 1 1 1 0 1 0 0 0 1 1 1 0 0 0 1 1 1 1 1 0 1 1 0
0 0 1 0 1 1 1 0 1 0 1 0 1 1 0 1 0 1 1 1 1 0 0 0 0 0 1 1 0 1 1 1 1 0 0 1 0 0 1 1 0 1 1 1 1 0 0 0 0 1 1 1 0 0 0 1 0 1 0 0 1 1 0 1 0 0 1 1 0 0 1 0 1 0 1 1 0 1 1 1 1 1 0 1 0 0 0 1 0 0 0 0 1 0 0 1 0 1 1 1
0 1
0 2
1 2
0 3
1 3
2 3
0 4
1 4
2 4
3 4
2 5
3 5
4 5
0 5
3 6
4 6
0 6
1 6
0 7
6 7
5 7
1 7
2 8
4 8
0 8
7 8
4 9
6 9
5 9
8 9
8 10
4 10
2 10
5 10
8 11
7 11
0 11
10 11
11 12
7 12
10 12
2 12
9 13
4 13
5 13
11 13
4 14
10 14
8 14
2 14
1 15
0 15
11 15
7 15
0 16
8 16
1 16
13 16
5 17
0 17
4 17
7 17
1 18
4 18
17 18
13 18
4 19
7 19
9 19
0 19
15 20
1 20
2 20
8 20
10 21
13 21
3 21
11 21
2 22
12 22
4 22
7 22
0 23
6 23
1 23
9 23
1 24
9 24
22 24
12 24
0 25
8 25
1 25
15 25
12 26
21 26
10 26
14 26
3 27
5 27
13 27
10 27
0 28
13 28
23 28
7 28
2 29
0 29
23 29
19 29
0 30
8 30
12 30
2 30
12 31
22 31
3 31
8 31
23 32
20 32
4 32
25 32
4 33
20 33
15 33
10 33
20 34
17 34
12 34
0 34
19 35
0 35
5 35
9 35
2 36
9 36
3 36
1 36
12 37
15 37
7 37
1 37
8 38
2 38
0 38
36 38
17 39
35 39
20 39
6 39
23 40
2 40
12 40
20 40
8 41
5 41
13 41
10 41
28 42
2 42
7 42
5 42
22 43
26 43
17 43
3 43
2 44
4 44
0 44
22 44
12 45
8 45
2 45
5 45
34 46
41 46
35 46
14 46
15 47
31 47
32 47
44 47
2 48
12 48
1 48
32 48
28 49
41 49
12 49
21 49
11 50
17 50
1 50
15 50
17 51
14 51
21 51
3 51
12 52
8 52
17 52
30 52
7 53
39 53
9 53
8 53
52 54
43 54
17 54
0 54
36 55
7 55
53 55
8 55
4 56
7 56
22 56
19 56
0 57
21 57
3 57
25 57
26 58
50 58
35 58
37 58
25 59
26 59
58 59
6 59
50 60
8 60
39 60
9 60
3 61
2 61
30 61
16 61
1 62
61 62
12 62
7 62
59 63
54 63
4 63
12 63
15 64
21 64
22 64
58 64
10 65
37 65
39 65
7 65
8 66
0 66
9 66
6 66
29 67
0 67
34 67
20 67
7 68
32 68
11 68
35 68
55 69
30 69
52 69
17 69
14 70
41 70
11 70
53 70
21 71
12 71
1 71
10 71
46 72
9 72
11 72
0 72
4 73
30 73
8 73
59 73
28 74
15 74
10 74
41 74
70 75
1 75
9 75
32 75
35 76
0 76
6 76
60 76
10 77
52 77
8 77
62 77
38 78
8 78
46 78
34 78
17 79
60 79
5 79
15 79
9 80
4 80
54 80
2 80
15 81
56 81
3 81
23 81
78 82
0 82
8 82
43 82
39 83
27 83
56 83
10 83
26 84
67 84
29 84
4 84
17 85
40 85
3 85
21 85
52 86
45 86
7 86
22 86
3 87
37 87
35 87
39 87
27 88
3 88
8 88
47 88
12 89
68 89
2 89
86 89
15 90
76 90
73 90
8 90
11 91
14 91
25 91
53 91
31 92
41 92
30 92
76 92
17 93
1 93
42 93
50 93
85 94
20 94
45 94
79 94
77 95
58 95
91 95
31 95
83 96
49 96
39 96
36 96
43 97
2 97
42 97
1 97
68 98
85 98
15 98
74 98
36 99
97 99
66 99
19 99