100 390 5
0 1 0 1 0 0 0 0 0 1 1 0 0 1 0 1 0 1 0 0 1 1 0 0 1 0 1 0 1 0 0 1 0 1 0 0 1 0 0 0 1 1 0 0 1 1 1 1 0 1 1 1 0 1 1 1 1 0 0 1 0 1 0 0 0 0 1 1 1 0 1 0 1 0 1 1 0 0 0 1 0 0 1 0 0 0 1 0 1 0 0 1 0 0 0 1 1 1 1 0
0 0 0 1 1 0 1 0 1 1 1 0 0 1 1 1 1 1 0 1 1 1 0 1 1 0 1 0 0 1 0 1 0 0 1 1 0 1 1 1 0 0 1 0 0 1 0 0 1 1 1 0 1 1 0 0 0 0 1 0 1 1 1 1 1 1 0 0 1 0 1 1 0 0 0 0 1 1 1 0 1 0 1 0 1 0 1 1 0 1 1 1 1 1 1 0 1 0 1 1
1 0 1 0 0 1 1 0 1 0 0 0 1 0 1 1 1 1 0 1 0 1 1 1 1 1 1 0 0 1 1 0 1 1 0 0 0 1 0 0 0 0 1 1 1 0 0 1 0 0 0 1 0 0 1 0 1 0 0 1 0 0 0 0 1 0 1 0 1 0 0 0 0 1 0 1 1 1 0 0 0 1 1 0 0 1 1 0 0 0 1 1 0 1 1 1 1 1 1 1
1 0 0 0 0 1 1 1 0 1 1 1 0 1 0 1 1 0 0 1 1 1 1 1 0 1 0 1 1 0 0 1 1 0 1 1 0 0 1 1 1 1 0 1 0 1 0 1 0 0 0 0 0 1 1 1 0 0 1 1 0 0 1 0 0 1 0 0 0 1 0 1 1 1 1 1 0 1 0 0 1 1 1 1 0 1 0 0 1 1 1 0 0 1 1 0 0 0 1 0
1 0 0 0 1 0 1 0 0 0 0 0 0 1 1 0 0 1 0 1 1 0 0 1 0 1 1 0 0 1 1 0 0 1 1 1 0 1 0 1 1 1 1 1 0 0 1 0 1 1 1 0 0 0 1 0 1 1 0 1 1 0 0 0 1 1 1 1 0 0 0 1 1 0 0 0 0 0 1 1 0 0 0 1 0 1 1 1 0 0 0 1 1 1 0 0 0 0 0 0
0 1
0 2
1 2
0 3
1 3
2 3
0 4
1 4
2 4
3 4
4 5
3 5
0 5
2 5
1 6
4 6
3 6
2 6
2 7
5 7
6 7
1 7
0 8
5 8
2 8
4 8
5 9
3 9
1 9
2 9
4 10
7 10
9 10
2 10
0 11
7 11
4 11
2 11
8 12
7 12
1 12
4 12
2 13
9 13
0 13
6 13
7 14
2 14
11 14
1 14
7 15
11 15
14 15
8 15
8 16
9 16
1 16
2 16
0 17
11 17
4 17
5 17
4 18
1 18
3 18
2 18
1 19
9 19
3 19
2 19
13 20
4 20
0 20
17 20
1 21
0 21
2 21
3 21
5 22
3 22
0 22
2 22
9 23
0 23
7 23
3 23
3 24
1 24
11 24
4 24
2 25
5 25
3 25
16 25
7 26
0 26
18 26
5 26
8 27
12 27
19 27
16 27
10 28
2 28
11 28
16 28
13 29
19 29
11 29
25 29
15 30
20 30
1 30
0 30
2 31
19 31
6 31
4 31
18 32
1 32
10 32
12 32
1 33
25 33
3 33
4 33
10 34
9 34
17 34
8 34
10 35
0 35
31 35
11 35
21 36
6 36
11 36
31 36
2 37
19 37
35 37
15 37
4 38
2 38
32 38
15 38
25 39
9 39
7 39
18 39
2 40
17 40
19 40
21 40
6 41
18 41
16 41
21 41
9 42
1 42
15 42
0 42
6 43
30 43
0 43
15 43
9 44
25 44
10 44
33 44
1 45
20 45
2 45
12 45
23 46
15 46
1 46
10 46
40 47
37 47
5 47
22 47
9 48
11 48
38 48
46 48
18 49
16 49
7 49
31 49
5 50
8 50
4 50
11 50
6 51
8 51
18 51
0 51
8 52
14 52
5 52
39 52
41 53
12 53
4 53
18 53
8 54
4 54
25 54
5 54
3 55
45 55
8 55
18 55
34 56
2 56
46 56
5 56
51 57
23 57
1 57
17 57
4 58
16 58
10 58
1 58
12 59
8 59
21 59
4 59
36 60
24 60
40 60
1 60
2 61
15 61
3 61
25 61
31 62
7 62
29 62
40 62
2 63
30 63
45 63
24 63
59 64
7 64
50 64
30 64
13 65
62 65
19 65
38 65
36 66
56 66
10 66
18 66
6 67
33 67
2 67
35 67
15 68
25 68
49 68
44 68
12 69
10 69
1 69
13 69
26 70
13 70
30 70
33 70
3 71
62 71
1 71
53 71
9 72
45 72
32 72
8 72
3 73
1 73
7 73
54 73
29 74
50 74
6 74
9 74
43 75
60 75
61 75
2 75
7 76
42 76
11 76
61 76
35 77
40 77
4 77
71 77
7 78
4 78
33 78
46 78
1 79
3 79
7 79
6 79
50 80
4 80
18 80
9 80
23 81
2 81
0 81
42 81
66 82
14 82
25 82
8 82
24 83
25 83
1 83
81 83
1 84
16 84
73 84
5 84
15 85
25 85
4 85
80 85
23 86
19 86
61 86
13 86
25 87
10 87
3 87
11 87
28 88
5 88
85 88
10 88
1 89
25 89
8 89
36 89
69 90
19 90
2 90
9 90
28 91
17 91
75 91
32 91
71 92
30 92
16 92
1 92
44 93
3 93
56 93
66 93
9 94
66 94
36 94
30 94
45 95
73 95
20 95
2 95
18 96
23 96
11 96
32 96
9 97
87 97
66 97
3 97
44 98
50 98
15 98
41 98
29 99
66 99
84 99
18 99