100 390 5
1 1 1 0 0 0 0 1 0 1 1 0 0 1 0 1 1 1 1 1 1 0 0 1 1 0 0 0 0 1 1 0 0 1 1 1 0 0 1 0 1 0 1 0 1 1 0 0 0 1 0 1 1 1 1 1 1 1 0 1 0 0 1 1 1 0 1 1 0 1 0 0 0 0 1 0 1 0 0 0 1 0 0 0 0 1 1 1 1 0 0 1 1 1 1 0 1 0 0 0
1 0 1 1 0 1 1 0 1 0 1 1 0 1 1 1 1 0 0 0 1 1 1 0 0 0 0 1 1 0 1 1 1 0 0 1 1 1 0 1 0 0 0 0 1 1 0 1 1 1 0 0 0 1 1 0 0 1 0 0 1 1 1 0 0 0 1 1 1 1 0 1 1 1 0 1 0 1 1 0 0 1 0 0 1 0 1 0 0 0 0 0 1 1 0 1 0 1 0 0
0 0 1 1 1 1 0 1 1 1 0 0 1 0 0 1 0 0 0 0 1 1 1 0 1 1 1 1 1 1 1 0 1 1 1 0 1 0 1 0 0 1 1 1 1 0 1 1 0 1 0 1 0 0 1 1 0 0 1 0 0 0 1 1 0 1 0 0 0 1 1 1 1 0 1 1 0 1 0 0 1 0 0 1 1 1 1 0 1 0 0 0 1 0 0 0 1 0 1 1
0 0 1 0 0 0 1 0 1 1 0 1 0 1 1 1 0 1 0 1 1 1 0 0 0 1 1 0 0 1 0 1 1 0 0 0 1 0 1 0 1 1 1 1 0 1 1 0 0 0 0 0 0 0 0 0 0 0 0 0 1 0 1 0 1 1 1 1 1 1 1 1 1 1 0 1 1 0 0 0 1 0 0 0 0 0 1 0 1 0 0 1 0 1 1 1 0 0 0 1
1 0 1 0 1 0 0 0 0 0 1 0 1 0 1 0 1 0 0 0 1 1 0 0 1 1 0 0 1 0 1 1 1 0 0 0 0 0 0 0 0 1 1 1 0 1 1 1 1 1 1 0 1 0 0 0 1 1 1 0 0 1 0 0 1 0 1 1 1 0 0 1 0 0 1 0 0 1 1 0 1 0 1 0 1 1 0 1 0 0 1 0 1 0 0 1 0 1 0 1
0 1
0 2
1 2
0 3
1 3
2 3
0 4
1 4
2 4
3 4
4 5
3 5
2 5
0 5
0 6
5 6
1 6
3 6
3 7
1 7
5 7
6 7
6 8
3 8
0 8
7 8
3 9
6 9
2 9
4 9
2 10
4 10
0 10
7 10
0 11
2 11
4 11
7 11
6 12
9 12
10 12
4 12
9 13
6 13
10 13
8 13
12 14
7 14
9 14
2 14
3 15
13 15
0 15
6 15
3 16
15 16
0 16
14 16
13 17
3 17
1 17
16 17
5 18
15 18
12 18
1 18
3 19
9 19
6 19
5 19
7 20
10 20
3 20
1 20
9 21
3 21
0 21
14 21
18 22
5 22
2 22
7 22
3 23
2 23
17 23
7 23
15 24
0 24
2 24
6 24
5 25
0 25
4 25
24 25
18 26
5 26
17 26
0 26
8 27
25 27
12 27
21 27
3 28
4 28
23 28
7 28
24 29
7 29
5 29
1 29
0 30
28 30
5 30
6 30
20 31
28 31
12 31
10 31
15 32
1 32
16 32
11 32
9 33
22 33
11 33
31 33
27 34
25 34
23 34
24 34
0 35
27 35
2 35
24 35
25 36
7 36
19 36
12 36
18 37
15 37
16 37
7 37
28 38
34 38
21 38
27 38
25 39
0 39
4 39
19 39
21 40
8 40
5 40
3 40
16 41
23 41
34 41
3 41
8 42
30 42
15 42
3 42
0 43
18 43
6 43
37 43
2 44
14 44
24 44
27 44
17 45
6 45
3 45
40 45
30 46
40 46
24 46
3 46
2 47
46 47
26 47
15 47
9 48
16 48
33 48
30 48
24 49
6 49
38 49
12 49
28 50
21 50
1 50
9 50
4 51
21 51
15 51
18 51
23 52
39 52
4 52
3 52
3 53
45 53
51 53
15 53
45 54
6 54
11 54
3 54
13 55
16 55
51 55
40 55
6 56
1 56
7 56
0 56
39 57
26 57
17 57
34 57
18 58
7 58
24 58
48 58
9 59
30 59
12 59
0 59
8 60
38 60
13 60
0 60
7 61
37 61
56 61
43 61
2 62
56 62
48 62
15 62
35 63
54 63
12 63
58 63
16 64
38 64
25 64
12 64
10 65
20 65
39 65
22 65
25 66
12 66
0 66
6 66
18 67
8 67
54 67
49 67
46 68
51 68
2 68
39 68
53 69
9 69
14 69
10 69
26 70
39 70
42 70
22 70
6 71
67 71
4 71
7 71
60 72
24 72
7 72
8 72
0 73
6 73
9 73
42 73
17 74
1 74
6 74
66 74
12 75
9 75
32 75
65 75
0 76
1 76
7 76
14 76
39 77
70 77
0 77
68 77
38 78
20 78
14 78
32 78
7 79
55 79
12 79
18 79
6 80
7 80
23 80
47 80
71 81
9 81
14 81
0 81
4 82
2 82
15 82
42 82
35 83
48 83
59 83
72 83
2 84
11 84
3 84
44 84
4 85
21 85
1 85
46 85
48 86
14 86
1 86
5 86
37 87
3 87
82 87
4 87
3 88
82 88
70 88
35 88
9 89
68 89
42 89
6 89
58 90
10 90
2 90
23 90
38 91
7 91
39 91
66 91
80 92
41 92
39 92
18 92
7 93
61 93
12 93
18 93
40 94
42 94
11 94
54 94
12 95
37 95
9 95
7 95
38 96
25 96
4 96
21 96
3 97
89 97
56 97
93 97
18 98
51 98
76 98
56 98
4 99
40 99
33 99
16 99