100 390 5
0 1 0 0 0 0 1 1 0 0 1 0 0 0 0 1 0 0 0 0 0 0 0 1 1 0 1 0 0 1 1 1 0 1 1 1 0 1 0 1 1 0 1 1 0 0 1 1 0 0 0 0 1 1 0 1 1 1 1 1 1 0 1 0 0 1 1 1 0 0 1 1 0 0 0 1 1 0 0 0 1 0 0 0 1 1 0 1 1 1 0 1 1 1 1 1 1 1 0 1
0 0 1 0 0 0 1 1 1 0 1 1 0 1 1 0 0 1 1 1 0 0 1 0 1 0 0 1 1 0 0 1 1 0 1 1 1 1 1 0 0 0 0 1 0 0 1 0 1 1 1 1 1 0 1 1 1 0 1 1 0 0 0 1 1 1 1 0 0 0 1 1 0 1 1 1 1 1 1 0 0 0 1 1 1 1 0 1 0 1 1 0 1 0 1 1 1 0 1 1
0 1 1 1 1 0 0 1 0 1 0 0 0 1 1 1 1 0 0 1 0 1 1 0 1 0 1 0 0 1 0 0 0 1 1 1 1 1 0 1 0 0 1 1 1 0 0 0 1 1 0 0 1 0 0 1 1 1 0 0 0 0 1 1 0 0 0 1 0 1 1 1 1 0 0 0 0 0 1 1 1 1 1 0 1 1 0 0 0 0 0 1 0 1 0 0 1 0 0 1
1 1 0 0 1 0 0 1 1 0 0 1 0 0 0 0 1 0 1 1 1 0 1 1 0 0 1 1 1 1 0 0 1 1 0 0 0 1 1 0 1 1 0 0 1 1 0 1 0 1 0 0 0 0 1 1 0 1 1 0 1 0 0 1 1 0 1 0 0 0 1 1 1 1 0 0 1 1 1 0 1 1 1 0 1 0 1 0 1 1 0 0 0 0 0 1 0 0 0 0
0 1 0 1 0 1 1 0 1 1 1 1 1 0 0 0 1 1 0 1 0 1 0 1 1 1 1 1 0 1 1 1 1 0 0 1 1 0 1 1 1 0 1 0 1 0 1 0 1 1 1 0 1 0 1 0 1 0 1 0 1 0 0 1 1 1 1 0 0 0 1 1 1 0 0 0 0 1 1 1 1 0 1 1 1 0 1 0 1 1 0 0 1 0 1 1 1 1 1 0
0 1
0 2
1 2
0 3
1 3
2 3
0 4
1 4
2 4
3 4
2 5
1 5
0 5
3 5
2 6
3 6
0 6
4 6
3 7
0 7
5 7
2 7
3 8
5 8
4 8
0 8
2 9
0 9
4 9
6 9
0 10
6 10
3 10
4 10
0 11
9 11
7 11
2 11
11 12
5 12
2 12
1 12
7 13
1 13
2 13
0 13
11 14
9 14
4 14
0 14
4 15
9 15
3 15
11 15
3 16
5 16
4 16
10 16
9 17
10 17
16 17
5 17
4 18
0 18
12 18
1 18
4 19
0 19
6 19
16 19
1 20
4 20
0 20
2 20
6 21
18 21
15 21
5 21
20 22
5 22
2 22
12 22
1 23
16 23
20 23
4 23
6 24
10 24
5 24
4 24
13 25
22 25
0 25
14 25
24 26
4 26
5 26
9 26
23 27
11 27
17 27
12 27
14 28
13 28
22 28
3 28
27 29
1 29
20 29
25 29
24 30
7 30
14 30
28 30
14 31
12 31
26 31
5 31
6 32
1 32
5 32
4 32
6 33
0 33
7 33
10 33
5 34
3 34
7 34
15 34
12 35
14 35
33 35
0 35
9 36
5 36
26 36
0 36
12 37
15 37
28 37
25 37
7 38
6 38
0 38
15 38
15 39
26 39
2 39
31 39
21 40
26 40
0 40
9 40
10 41
2 41
11 41
40 41
33 42
20 42
36 42
31 42
20 43
2 43
8 43
7 43
9 44
16 44
2 44
19 44
1 45
41 45
38 45
24 45
30 46
0 46
5 46
2 46
7 47
6 47
46 47
4 47
15 48
24 48
42 48
9 48
35 49
40 49
46 49
6 49
0 50
4 50
2 50
30 50
5 51
10 51
7 51
29 51
24 52
5 52
37 52
0 52
45 53
4 53
24 53
30 53
46 54
0 54
10 54
45 54
34 55
5 55
26 55
4 55
51 56
26 56
5 56
43 56
27 57
9 57
0 57
26 57
4 58
27 58
16 58
17 58
20 59
21 59
22 59
33 59
25 60
10 60
45 60
12 60
29 61
19 61
46 61
4 61
58 62
56 62
19 62
26 62
21 63
1 63
59 63
29 63
46 64
10 64
29 64
3 64
32 65
4 65
10 65
12 65
31 66
5 66
39 66
24 66
4 67
3 67
66 67
7 67
45 68
0 68
58 68
48 68
30 69
14 69
10 69
57 69
27 70
4 70
25 70
0 70
4 71
30 71
22 71
14 71
20 72
17 72
66 72
5 72
21 73
37 73
58 73
55 73
17 74
58 74
27 74
51 74
1 75
0 75
22 75
60 75
20 76
6 76
2 76
36 76
18 77
66 77
68 77
59 77
10 78
44 78
41 78
11 78
10 79
29 79
9 79
12 79
41 80
72 80
35 80
6 80
10 81
20 81
2 81
23 81
30 82
2 82
22 82
52 82
61 83
47 83
52 83
9 83
22 84
1 84
73 84
3 84
68 85
9 85
21 85
20 85
11 86
59 86
65 86
5 86
43 87
29 87
68 87
65 87
87 88
47 88
65 88
63 88
30 89
7 89
49 89
1 89
49 90
25 90
51 90
4 90
37 91
10 91
59 91
35 91
23 92
53 92
13 92
72 92
27 93
10 93
74 93
33 93
4 94
69 94
59 94
6 94
93 95
24 95
9 95
58 95
22 96
53 96
33 96
10 96
49 97
2 97
59 97
4 97
3 98
59 98
26 98
8 98
9 99
6 99
0 99
8 99