100 390 5
0 0 1 0 0 1 1 0 1 1 0 0 0 0 0 1 1 1 0 1 1 1 1 0 1 1 1 0 1 1 0 1 0 1 0 0 0 0 0 1 1 0 1 1 1 1 0 0 0 1 1 0 0 0 0 1 1 1 1 0 0 1 1 0 1 0 0 0 0 1 1 0 1 0 0 1 0 0 0 1 1 0 0 1 0 0 0 0 0 0 1 1 1 0 1 1 1 0 1 0
0 0 0 1 1 0 1 1 1 0 0 1 0 0 1 1 0 1 1 0 0 0 1 1 0 0 1 0 1 1 1 0 1 1 1 1 1 0 0 1 0 1 0 0 0 1 1 1 1 0 1 0 0 0 1 0 1 0 1 0 1 1 1 0 1 1 0 0 0 0 1 1 1 0 0 1 1 0 0 0 1 1 1 1 1 1 1 1 0 0 0 1 1 1 1 0 0 0 0 1
1 0 0 1 0 1 0 0 1 1 1 0 0 1 0 1 0 0 1 0 0 1 1 1 0 0 0 1 1 0 0 0 1 0 1 0 1 1 0 1 0 1 0 1 1 0 0 1 1 0 1 0 1 1 1 1 0 0 0 1 0 1 1 1 0 1 1 0 0 1 0 0 0 0 1 1 0 0 1 1 0 0 1 1 1 0 0 0 1 1 0 1 1 1 0 1 1 1 1 1
0 1 0 1 0 1 1 0 1 1 0 0 0 1 1 0 1 1 0 0 1 0 0 0 1 0 1 1 0 0 1 1 1 0 1 1 1 1 0 0 1 0 1 0 0 0 1 0 1 1 1 0 0 0 0 1 1 0 1 1 0 0 1 0 1 0 1 0 1 0 0 0 0 0 0 0 0 1 0 0 0 1 0 1 1 1 0 1 0 0 1 0 0 0 1 0 0 0 1 1
0 0 0 0 1 1 0 0 0 0 0 1 1 0 1 0 1 1 0 1 1 0 0 1 0 0 0 0 0 1 0 0 0 1 0 1 1 1 0 1 1 1 1 1 0 0 1 0 1 0 1 0 1 1 1 1 0 0 0 0 0 0 1 1 0 1 0 1 0 0 1 0 1 1 0 0 0 1 1 1 0 1 0 1 1 0 0 1 0 1 0 0 1 0 0 1 1 0 1 0
0 1
0 2
1 2
0 3
1 3
2 3
0 4
1 4
2 4
3 4
0 5
1 5
3 5
4 5
5 6
2 6
3 6
0 6
1 7
2 7
4 7
6 7
0 8
3 8
4 8
5 8
8 9
3 9
5 9
4 9
4 10
3 10
5 10
1 10
9 11
10 11
1 11
3 11
0 12
3 12
5 12
6 12
8 13
3 13
0 13
1 13
11 14
3 14
4 14
1 14
11 15
0 15
9 15
12 15
12 16
14 16
4 16
1 16
12 17
11 17
0 17
6 17
10 18
1 18
14 18
4 18
8 19
12 19
3 19
2 19
7 20
12 20
8 20
11 20
4 21
14 21
13 21
8 21
13 22
6 22
8 22
14 22
0 23
17 23
12 23
14 23
4 24
1 24
14 24
23 24
17 25
5 25
8 25
6 25
20 26
14 26
12 26
18 26
22 27
3 27
15 27
11 27
15 28
8 28
18 28
3 28
3 29
1 29
10 29
5 29
18 30
11 30
6 30
2 30
9 31
4 31
5 31
8 31
5 32
25 32
6 32
2 32
19 33
20 33
3 33
2 33
5 34
12 34
3 34
20 34
6 35
14 35
3 35
27 35
1 36
14 36
26 36
12 36
3 37
23 37
32 37
0 37
36 38
17 38
14 38
3 38
8 39
15 39
37 39
26 39
17 40
31 40
3 40
11 40
14 41
4 41
15 41
12 41
38 42
8 42
4 42
20 42
19 43
24 43
8 43
42 43
5 44
31 44
38 44
14 44
22 45
28 45
19 45
17 45
15 46
18 46
27 46
12 46
23 47
11 47
24 47
3 47
12 48
3 48
32 48
20 48
8 49
40 49
1 49
33 49
15 50
8 50
5 50
21 50
20 51
10 51
2 51
33 51
3 52
1 52
30 52
32 52
10 53
14 53
20 53
19 53
5 54
36 54
26 54
8 54
27 55
0 55
3 55
15 55
17 56
3 56
39 56
28 56
53 57
5 57
11 57
38 57
43 58
40 58
4 58
47 58
5 59
50 59
4 59
36 59
27 60
8 60
48 60
38 60
60 61
2 61
5 61
8 61
11 62
8 62
37 62
45 62
29 63
54 63
5 63
59 63
5 64
50 64
6 64
8 64
35 65
57 65
59 65
63 65
62 66
36 66
18 66
47 66
2 67
4 67
10 67
1 67
42 68
3 68
58 68
4 68
58 69
3 69
23 69
53 69
67 70
3 70
16 70
60 70
8 71
48 71
33 71
36 71
6 72
10 72
31 72
9 72
59 73
15 73
31 73
6 73
72 74
9 74
4 74
57 74
62 75
5 75
19 75
42 75
33 76
29 76
52 76
6 76
66 77
46 77
76 77
1 77
37 78
9 78
1 78
38 78
27 79
28 79
31 79
22 79
1 80
39 80
3 80
42 80
14 81
54 81
33 81
5 81
44 82
46 82
32 82
70 82
3 83
47 83
17 83
23 83
4 84
5 84
16 84
3 84
14 85
0 85
61 85
1 85
16 86
4 86
6 86
42 86
48 87
67 87
14 87
73 87
17 88
75 88
8 88
58 88
15 89
42 89
3 89
81 89
20 90
15 90
37 90
1 90
18 91
8 91
7 91
79 91
49 92
9 92
12 92
5 92
4 93
70 93
64 93
92 93
32 94
22 94
77 94
74 94
6 95
28 95
36 95
79 95
5 96
27 96
57 96
3 96
42 97
28 97
20 97
31 97
3 98
96 98
27 98
28 98
1 99
61 99
67 99
51 99