100 390 5
1 0 0 0 1 1 0 1 0 1 0 1 1 0 0 1 1 0 1 1 1 1 0 1 1 1 1 1 0 1 0 1 0 0 1 0 0 0 0 1 0 1 0 1 0 0 1 0 1 1 1 0 0 0 0 1 0 1 0 1 0 0 1 1 0 0 1 1 1 1 1 0 1 1 1 0 0 1 1 1 1 1 1 1 1 1 1 0 0 0 0 0 0 0 1 1 0 1 0 0
0 0 0 0 0 1 0 1 0 0 1 0 0 1 1 0 0 1 0 0 1 1 1 0 0 1 0 0 0 0 0 1 0 0 1 0 0 0 1 1 0 0 0 0 1 1 1 1 0 0 0 1 0 1 0 1 1 0 0 0 0 0 0 0 0 0 0 0 0 1 0 0 1 1 0 0 0 0 1 1 1 1 1 0 0 0 1 1 0 0 0 1 0 0 0 1 0 0 0 1
0 0 1 1 1 0 1 1 0 0 1 1 1 0 1 0 0 1 0 1 0 0 0 1 0 1 0 0 0 0 0 1 0 0 1 0 1 0 1 1 0 1 0 1 0 0 0 1 1 0 1 1 0 1 0 1 1 0 1 1 0 0 0 1 1 1 1 0 1 0 1 1 1 0 1 1 0 1 1 0 1 0 1 1 1 1 0 1 1 1 0 0 0 1 1 1 1 1 0 1
0 0 1 1 0 0 1 0 0 1 1 0 0 1 1 1 0 0 0 0 1 1 0 0 1 0 0 0 1 1 1 0 1 1 0 0 0 1 0 1 0 0 1 1 0 1 1 1 0 1 1 1 1 0 1 0 0 0 1 1 1 1 1 1 0 1 1 0 1 0 0 0 1 1 0 1 0 0 1 0 0 1 1 0 0 1 1 0 0 1 0 0 0 0 1 0 1 1 0 1
0 0 0 0 1 1 0 0 1 0 1 0 1 1 1 1 1 0 0 1 0 1 0 0 0 0 1 1 1 1 1 0 1 0 1 0 0 1 1 1 0 1 1 0 0 0 0 0 0 1 1 0 0 0 0 0 0 1 0 1 0 1 1 1 1 0 0 1 0 0 0 0 0 1 0 1 0 1 0 1 1 0 0 1 1 1 1 1 1 0 0 1 1 1 1 1 0 1 1 0
0 1
0 2
1 2
0 3
1 3
2 3
0 4
1 4
2 4
3 4
3 5
0 5
1 5
2 5
1 6
4 6
5 6
0 6
5 7
6 7
2 7
1 7
0 8
1 8
6 8
2 8
1 9
2 9
7 9
3 9
6 10
2 10
3 10
1 10
5 11
6 11
8 11
7 11
3 12
7 12
0 12
4 12
6 13
2 13
3 13
5 13
7 14
6 14
10 14
4 14
4 15
5 15
2 15
6 15
5 16
8 16
0 16
2 16
9 17
11 17
2 17
8 17
4 18
6 18
8 18
0 18
7 19
14 19
3 19
1 19
16 20
6 20
4 20
9 20
18 21
10 21
9 21
4 21
5 22
18 22
20 22
6 22
1 23
11 23
20 23
12 23
0 24
5 24
18 24
16 24
18 25
4 25
9 25
0 25
22 26
15 26
4 26
25 26
14 27
0 27
18 27
16 27
3 28
26 28
11 28
9 28
20 29
22 29
0 29
26 29
8 30
1 30
2 30
0 30
19 31
13 31
23 31
9 31
7 32
6 32
18 32
25 32
18 33
16 33
17 33
1 33
9 34
13 34
32 34
24 34
9 35
30 35
16 35
24 35
4 36
18 36
23 36
5 36
6 37
3 37
8 37
1 37
0 38
11 38
18 38
4 38
31 39
26 39
34 39
9 39
1 40
33 40
37 40
34 40
19 41
9 41
8 41
31 41
37 42
4 42
18 42
3 42
18 43
7 43
31 43
9 43
16 44
7 44
0 44
6 44
28 45
1 45
0 45
32 45
42 46
3 46
14 46
5 46
18 47
9 47
20 47
14 47
21 48
15 48
33 48
29 48
9 49
24 49
1 49
23 49
25 50
12 50
33 50
44 50
8 51
7 51
5 51
39 51
10 52
2 52
37 52
47 52
7 53
2 53
28 53
0 53
37 54
2 54
15 54
44 54
9 55
41 55
47 55
2 55
2 56
26 56
9 56
52 56
3 57
37 57
20 57
9 57
1 58
38 58
32 58
3 58
28 59
15 59
30 59
31 59
26 60
53 60
5 60
28 60
40 61
19 61
24 61
10 61
47 62
13 62
38 62
4 62
1 63
41 63
47 63
0 63
63 64
6 64
44 64
46 64
34 65
0 65
31 65
5 65
0 66
49 66
9 66
14 66
34 67
53 67
5 67
56 67
14 68
36 68
8 68
30 68
39 69
7 69
15 69
18 69
8 70
30 70
60 70
9 70
1 71
22 71
26 71
50 71
8 72
17 72
38 72
46 72
10 73
6 73
51 73
31 73
66 74
72 74
34 74
9 74
0 75
6 75
1 75
29 75
43 76
1 76
39 76
14 76
37 77
28 77
61 77
31 77
32 78
71 78
21 78
9 78
36 79
5 79
62 79
57 79
68 80
74 80
6 80
16 80
1 81
44 81
58 81
28 81
13 82
68 82
4 82
3 82
5 83
4 83
18 83
2 83
14 84
1 84
0 84
10 84
20 85
8 85
4 85
57 85
74 86
31 86
2 86
9 86
6 87
40 87
53 87
50 87
2 88
27 88
5 88
30 88
14 89
4 89
7 89
73 89
14 90
13 90
53 90
40 90
71 91
65 91
63 91
1 91
68 92
6 92
30 92
3 92
44 93
30 93
5 93
61 93
61 94
35 94
9 94
43 94
6 95
75 95
3 95
27 95
75 96
48 96
10 96
63 96
27 97
4 97
5 97
2 97
18 98
68 98
2 98
57 98
16 99
23 99
61 99
7 99