100 390 5
0 1 1 0 1 1 0 0 0 0 1 1 0 1 1 1 1 0 0 1 1 0 0 1 0 1 0 0 1 1 0 0 0 0 0 1 0 1 0 0 0 0 1 1 0 1 1 0 1 0 1 0 1 0 1 1 0 1 0 0 0 0 0 1 1 0 1 1 0 0 1 0 1 0 0 0 1 0 0 1 1 1 0 0 0 0 1 1 0 0 0 0 1 1 0 1 1 1 1 0
1 0 1 1 1 0 0 0 1 1 0 1 1 1 1 0 1 0 1 1 0 1 0 0 1 1 0 0 0 0 1 0 0 0 0 0 1 1 1 1 0 1 0 1 1 0 1 1 0 1 0 0 0 1 1 1 0 0 1 0 1 0 1 1 0 1 0 0 0 0 0 1 1 1 0 1 0 0 0 0 1 0 1 1 1 1 0 0 0 0 0 0 1 1 1 1 0 0 0 0
1 1 0 1 1 0 0 1 1 1 1 1 0 1 1 0 1 1 1 1 1 0 0 1 1 0 0 1 1 1 1 0 1 1 1 0 1 0 0 0 1 0 1 0 1 0 1 0 0 1 0 1 1 0 0 1 1 0 0 0 1 1 1 1 0 0 1 1 0 1 1 0 0 0 0 1 0 0 1 1 1 0 1 1 1 1 1 1 0 0 1 0 0 1 0 0 1 1 0 1
1 1 0 0 0 0 1 0 1 1 0 1 0 0 1 0 0 1 1 1 0 0 0 0 0 0 0 0 0 1 0 1 0 1 1 1 0 0 0 0 1 1 1 1 1 1 1 1 0 1 0 1 1 0 1 0 0 0 0 0 1 0 0 0 1 1 0 1 0 1 0 1 0 0 0 0 1 0 1 1 1 1 1 1 1 0 1 0 1 1 1 0 0 0 0 0 0 1 1 1
0 0 1 1 0 1 1 0 0 1 1 1 1 1 1 0 1 0 0 1 0 0 0 1 1 1 1 1 1 1 1 1 0 0 0 1 1 1 1 1 0 0 1 0 0 0 0 0 0 1 1 0 1 0 1 0 1 0 0 1 1 0 1 0 1 1 1 1 1 0 0 0 1 1 0 0 0 1 0 0 0 0 0 1 1 0 1 0 1 0 0 0 1 0 1 1 0 0 0 1
0 1
0 2
1 2
0 3
1 3
2 3
0 4
1 4
2 4
3 4
1 5
4 5
3 5
2 5
0 6
1 6
4 6
2 6
5 7
1 7
0 7
4 7
4 8
1 8
0 8
2 8
4 9
2 9
0 9
1 9
0 10
9 10
4 10
3 10
4 11
10 11
0 11
2 11
2 12
4 12
0 12
8 12
0 13
3 13
10 13
5 13
0 14
8 14
4 14
3 14
8 15
3 15
4 15
0 15
6 16
8 16
2 16
14 16
12 17
2 17
5 17
3 17
15 18
10 18
4 18
7 18
2 19
5 19
1 19
4 19
2 20
9 20
0 20
14 20
18 21
19 21
15 21
3 21
14 22
6 22
3 22
4 22
4 23
1 23
8 23
0 23
0 24
2 24
7 24
13 24
18 25
15 25
0 25
16 25
10 26
1 26
16 26
0 26
24 27
16 27
5 27
8 27
1 28
0 28
21 28
4 28
4 29
8 29
1 29
22 29
18 30
29 30
2 30
0 30
16 31
21 31
4 31
11 31
9 32
7 32
0 32
18 32
18 33
1 33
29 33
2 33
23 34
30 34
13 34
4 34
16 35
25 35
10 35
1 35
4 36
25 36
2 36
19 36
8 37
14 37
6 37
7 37
0 38
9 38
8 38
7 38
33 39
0 39
10 39
4 39
10 40
3 40
4 40
22 40
2 41
0 41
30 41
6 41
1 42
35 42
2 42
37 42
26 43
4 43
8 43
34 43
3 44
2 44
27 44
0 44
42 45
10 45
34 45
6 45
38 46
6 46
29 46
9 46
8 47
46 47
29 47
22 47
22 48
8 48
33 48
38 48
30 49
6 49
2 49
3 49
33 50
2 50
8 50
22 50
1 51
7 51
9 51
29 51
34 52
35 52
37 52
0 52
40 53
29 53
17 53
3 53
42 54
28 54
9 54
4 54
8 55
0 55
33 55
41 55
8 56
30 56
16 56
33 56
37 57
38 57
27 57
29 57
31 58
9 58
0 58
32 58
22 59
46 59
0 59
6 59
59 60
28 60
2 60
13 60
43 61
0 61
2 61
50 61
1 62
8 62
37 62
48 62
48 63
20 63
44 63
4 63
41 64
26 64
42 64
46 64
10 65
18 65
17 65
25 65
18 66
22 66
12 66
61 66
43 67
9 67
16 67
2 67
59 68
5 68
2 68
27 68
10 69
37 69
9 69
48 69
22 70
34 70
66 70
33 70
62 71
46 71
3 71
52 71
0 72
16 72
7 72
55 72
56 73
2 73
12 73
21 73
29 74
50 74
23 74
58 74
55 75
16 75
13 75
26 75
73 76
52 76
4 76
29 76
51 77
21 77
39 77
37 77
34 78
5 78
25 78
56 78
43 79
23 79
50 79
51 79
73 80
78 80
14 80
4 80
4 81
65 81
51 81
32 81
15 82
33 82
46 82
54 82
64 83
65 83
63 83
34 83
23 84
18 84
15 84
47 84
0 85
51 85
43 85
48 85
4 86
85 86
18 86
0 86
44 87
86 87
2 87
58 87
82 88
34 88
38 88
52 88
9 89
20 89
3 89
56 89
25 90
85 90
20 90
22 90
28 91
52 91
34 91
20 91
50 92
85 92
16 92
38 92
64 93
52 93
48 93
72 93
50 94
68 94
85 94
65 94
68 95
64 95
0 95
33 95
2 96
5 96
9 96
4 96
22 97
0 97
8 97
4 97
0 98
32 98
21 98
87 98
58 99
69 99
78 99
8 99