100 390 5
0 1 0 0 1 0 1 0 1 1 0 0 0 0 0 1 1 0 0 1 0 1 0 0 1 1 0 1 1 1 0 1 0 0 0 1 0 1 1 0 0 0 1 1 0 1 1 1 0 0 1 0 0 1 0 0 1 1 1 1 1 1 0 1 1 0 1 1 0 0 0 0 1 1 1 0 0 1 0 1 0 1 1 1 0 1 0 1 0 1 1 0 1 0 0 0 0 1 0 1
1 0 1 1 0 1 1 1 1 1 0 0 1 0 0 1 0 0 1 0 0 0 0 1 1 1 1 1 0 1 1 0 0 0 0 0 1 1 1 0 0 0 1 1 1 1 1 1 0 0 0 1 1 0 0 1 1 1 1 1 1 1 0 0 1 0 1 1 1 1 0 0 1 1 0 0 1 1 1 1 0 0 0 0 0 1 0 0 1 1 1 1 1 1 0 1 1 0 1 0
1 0 1 0 1 1 0 1 1 1 1 0 1 0 1 0 1 1 1 1 1 0 1 1 1 1 1 1 0 1 0 0 0 0 0 0 0 1 0 0 1 1 0 1 0 1 0 0 0 0 0 0 0 0 1 1 0 0 0 0 0 0 0 1 0 0 0 0 0 1 1 1 0 0 0 1 0 0 0 1 0 1 1 0 0 1 0 0 0 1 1 1 0 1 1 0 0 1 0 0
1 0 0 1 1 0 0 0 0 0 1 0 0 1 0 0 0 1 0 0 1 1 1 0 1 0 0 1 0 0 1 0 1 1 1 1 0 0 1 0 1 0 1 1 1 0 1 1 1 0 1 0 0 1 0 0 0 0 1 1 1 0 1 0 0 0 1 0 1 1 0 1 1 1 0 1 1 0 1 1 0 1 1 1 0 1 1 0 1 1 0 0 0 1 0 0 0 1 1 1
0 1 0 1 0 0 1 1 1 1 1 1 0 0 1 0 0 0 1 1 1 1 1 0 1 0 0 0 0 0 1 1 1 1 1 1 0 1 1 0 0 0 0 1 0 0 1 0 1 1 1 0 1 0 1 0 1 0 1 0 0 0 1 1 0 1 0 1 0 1 1 1 1 1 1 0 1 1 1 1 1 0 0 1 1 0 1 1 0 1 0 1 0 1 1 1 1 0 0 1
0 1
0 2
1 2
0 3
1 3
2 3
0 4
1 4
2 4
3 4
4 5
3 5
2 5
0 5
0 6
5 6
2 6
1 6
6 7
5 7
0 7
2 7
6 8
3 8
4 8
7 8
0 9
4 9
8 9
6 9
8 10
7 10
9 10
2 10
7 11
0 11
8 11
2 11
1 12
5 12
6 12
8 12
0 13
2 13
11 13
9 13
8 14
2 14
0 14
4 14
9 15
14 15
2 15
4 15
14 16
11 16
7 16
15 16
14 17
2 17
5 17
16 17
5 18
9 18
10 18
13 18
0 19
14 19
9 19
2 19
12 20
15 20
19 20
2 20
14 21
13 21
12 21
19 21
13 22
4 22
12 22
15 22
0 23
20 23
4 23
19 23
0 24
15 24
12 24
2 24
4 25
13 25
24 25
14 25
0 26
17 26
12 26
13 26
12 27
24 27
15 27
14 27
19 28
2 28
10 28
17 28
0 29
20 29
16 29
8 29
13 30
3 30
4 30
8 30
13 31
28 31
11 31
6 31
8 32
0 32
14 32
5 32
1 33
25 33
15 33
6 33
0 34
7 34
31 34
3 34
5 35
2 35
33 35
14 35
17 36
27 36
4 36
18 36
35 37
0 37
9 37
8 37
9 38
5 38
3 38
18 38
31 39
5 39
21 39
12 39
0 40
17 40
24 40
23 40
21 41
17 41
12 41
11 41
6 42
38 42
5 42
19 42
1 43
41 43
16 43
42 43
15 44
12 44
24 44
8 44
2 45
13 45
8 45
6 45
25 46
13 46
6 46
5 46
6 47
2 47
41 47
0 47
3 48
2 48
12 48
41 48
17 49
25 49
20 49
0 49
10 50
30 50
23 50
20 50
20 51
17 51
13 51
36 51
43 52
4 52
17 52
16 52
5 53
8 53
15 53
41 53
2 54
44 54
12 54
14 54
42 55
35 55
5 55
51 55
0 56
9 56
2 56
20 56
23 57
18 57
5 57
49 57
39 58
13 58
25 58
20 58
48 59
52 59
13 59
17 59
39 60
26 60
14 60
9 60
31 61
2 61
28 61
13 61
8 62
47 62
54 62
20 62
0 63
23 63
62 63
10 63
41 64
5 64
42 64
13 64
9 65
18 65
10 65
0 65
21 66
43 66
63 66
31 66
43 67
19 67
54 67
29 67
31 68
57 68
66 68
13 68
0 69
16 69
13 69
12 69
56 70
51 70
48 70
60 70
18 71
2 71
14 71
51 71
25 72
31 72
3 72
7 72
11 73
60 73
2 73
13 73
15 74
51 74
63 74
41 74
42 75
13 75
5 75
40 75
8 76
14 76
19 76
44 76
29 77
52 77
2 77
51 77
68 78
0 78
21 78
60 78
63 79
19 79
20 79
1 79
13 80
74 80
27 80
51 80
13 81
0 81
56 81
16 81
54 82
8 82
28 82
72 82
38 83
70 83
27 83
62 83
72 84
47 84
36 84
75 84
22 85
71 85
40 85
9 85
60 86
67 86
7 86
13 86
25 87
12 87
48 87
20 87
17 88
30 88
62 88
49 88
13 89
2 89
66 89
11 89
9 90
64 90
24 90
17 90
32 91
25 91
22 91
50 91
8 92
27 92
12 92
2 92
62 93
38 93
74 93
12 93
38 94
46 94
3 94
44 94
88 95
75 95
53 95
31 95
2 96
19 96
78 96
74 96
40 97
35 97
94 97
55 97
0 98
96 98
2 98
47 98
22 99
28 99
9 99
5 99