100 390 5
1 1 0 1 1 0 0 1 1 0 1 0 1 0 0 1 0 0 0 0 0 1 1 0 1 0 0 0 0 1 0 0 0 0 0 1 1 0 0 0 1 1 0 1 0 0 1 1 1 0 0 0 1 0 1 1 0 0 1 0 0 1 1 1 1 1 1 0 0 1 0 1 1 0 1 1 0 1 1 1 1 1 1 1 0 0 0 0 1 1 1 1 0 1 1 0 0 1 1 0
0 1 0 1 1 1 0 0 0 1 1 1 0 1 0 0 1 0 0 1 0 1 0 0 0 1 0 0 1 0 0 0 1 1 1 1 1 0 1 1 1 0 1 1 0 1 0 0 1 0 1 1 0 1 1 1 1 1 0 1 0 1 0 0 1 1 1 1 0 0 1 1 0 1 1 0 1 0 1 0 0 1 0 0 0 0 0 0 1 0 1 1 0 0 1 1 1 0 1 1
1 0 1 0 0 0 0 0 0 0 1 0 1 0 0 0 0 1 0 1 0 1 1 0 0 1 1 1 0 1 0 0 1 0 1 1 0 1 1 1 0 1 0 0 0 0 0 0 1 1 0 1 0 0 0 0 0 1 1 1 1 1 1 0 0 0 1 1 1 0 1 0 1 1 0 0 0 0 1 0 1 0 1 0 0 0 0 1 0 1 1 0 0 0 1 0 0 0 1 1
0 1 1 0 0 0 1 1 0 1 0 1 1 1 1 0 0 1 1 0 0 1 0 0 0 1 0 0 0 0 1 1 1 0 0 0 1 0 1 1 0 1 0 1 1 1 1 1 1 1 0 0 0 0 0 0 0 0 1 1 0 0 1 1 0 1 0 0 1 0 0 0 0 1 0 1 1 1 0 1 0 0 0 0 0 0 1 1 1 0 0 0 0 1 0 0 1 1 0 1
0 1 1 0 0 1 0 0 0 0 0 1 0 1 1 0 0 1 0 1 1 0 1 1 1 1 1 1 0 0 1 1 0 0 1 1 0 1 0 0 1 1 0 0 0 0 0 0 0 1 0 1 1 1 1 0 1 1 1 0 1 1 1 1 1 0 1 0 0 0 1 0 1 0 0 0 0 0 0 0 0 0 0 0 0 1 1 1 1 0 0 1 1 0 1 1 0 1 1 1
0 1
0 2
1 2
0 3
1 3
2 3
0 4
1 4
2 4
3 4
0 5
4 5
3 5
2 5
3 6
5 6
4 6
0 6
2 7
0 7
5 7
4 7
3 8
7 8
0 8
6 8
0 9
8 9
3 9
2 9
2 10
3 10
8 10
9 10
10 11
7 11
1 11
3 11
8 12
4 12
1 12
0 12
8 13
2 13
6 13
1 13
3 14
6 14
7 14
0 14
0 15
7 15
3 15
13 15
6 16
7 16
12 16
9 16
8 17
6 17
4 17
7 17
6 18
5 18
15 18
7 18
2 19
9 19
10 19
4 19
5 20
16 20
18 20
15 20
13 21
9 21
0 21
7 21
5 22
11 22
3 22
4 22
8 23
4 23
17 23
3 23
17 24
19 24
16 24
0 24
0 25
10 25
15 25
23 25
2 26
25 26
0 26
13 26
2 27
15 27
6 27
5 27
7 28
10 28
5 28
9 28
27 29
7 29
2 29
5 29
7 30
9 30
5 30
2 30
12 31
23 31
9 31
25 31
1 32
16 32
19 32
6 32
14 33
3 33
0 33
5 33
33 34
22 34
0 34
9 34
0 35
18 35
20 35
27 35
7 36
0 36
4 36
16 36
23 37
3 37
2 37
4 37
29 38
22 38
16 38
5 38
21 39
12 39
7 39
3 39
0 40
35 40
12 40
31 40
31 41
6 41
0 41
8 41
11 42
35 42
8 42
3 42
27 43
6 43
0 43
14 43
34 44
29 44
2 44
8 44
9 45
31 45
29 45
37 45
29 46
30 46
31 46
24 46
12 47
13 47
38 47
24 47
3 48
33 48
24 48
39 48
7 49
12 49
31 49
28 49
9 50
6 50
32 50
12 50
47 51
8 51
19 51
27 51
32 52
33 52
4 52
40 52
2 53
4 53
7 53
9 53
50 54
4 54
3 54
31 54
44 55
19 55
4 55
29 55
3 56
0 56
11 56
29 56
12 57
2 57
7 57
32 57
5 58
0 58
49 58
3 58
0 59
17 59
33 59
36 59
12 60
4 60
7 60
49 60
15 61
12 61
8 61
27 61
9 62
3 62
53 62
4 62
50 63
4 63
52 63
6 63
53 64
15 64
11 64
3 64
23 65
42 65
60 65
44 65
12 66
0 66
48 66
56 66
46 67
10 67
60 67
27 67
53 68
2 68
0 68
29 68
53 69
7 69
27 69
12 69
62 70
13 70
6 70
64 70
14 71
33 71
10 71
5 71
41 72
1 72
27 72
51 72
4 73
3 73
48 73
0 73
11 74
44 74
5 74
52 74
53 75
64 75
7 75
9 75
3 76
53 76
44 76
37 76
8 77
12 77
68 77
49 77
23 78
30 78
4 78
22 78
9 79
14 79
47 79
30 79
1 80
4 80
66 80
74 80
57 81
45 81
9 81
5 81
0 82
1 82
6 82
3 82
6 83
77 83
5 83
42 83
40 84
6 84
12 84
3 84
5 85
8 85
12 85
40 85
3 86
25 86
47 86
27 86
18 87
63 87
49 87
10 87
68 88
23 88
25 88
73 88
23 89
2 89
77 89
86 89
8 90
24 90
10 90
53 90
1 91
2 91
8 91
15 91
69 92
34 92
44 92
62 92
6 93
76 93
57 93
38 93
6 94
12 94
48 94
0 94
2 95
35 95
83 95
40 95
12 96
17 96
40 96
19 96
33 97
54 97
78 97
36 97
4 98
84 98
33 98
83 98
5 99
1 99
77 99
29 99