100 390 5
1 1 1 0 0 1 1 0 1 0 0 0 1 1 0 1 0 1 1 1 1 0 0 1 1 1 0 1 1 1 0 0 1 0 0 1 0 1 1 0 1 1 1 1 0 1 0 0 1 0 0 1 1 0 1 1 1 1 1 0 0 1 1 0 1 1 1 0 0 0 0 0 0 0 0 0 0 0 1 1 1 1 0 1 0 0 0 0 1 1 0 0 0 1 0 1 0 0 1 0
0 1 1 0 1 0 1 1 1 1 0 1 1 1 0 0 1 1 0 1 0 1 0 1 1 0 1 1 0 0 1 0 0 1 0 0 1 1 0 0 1 0 1 0 1 0 1 1 1 0 1 0 0 0 1 1 0 1 0 1 0 1 0 0 0 1 1 1 1 1 1 1 0 0 0 0 0 1 0 0 0 0 0 0 1 0 0 0 1 0 0 0 1 1 1 1 1 0 1 1
0 1 0 1 0 1 0 1 1 0 0 1 0 1 1 1 0 1 1 1 0 0 1 1 1 1 1 1 0 0 1 1 0 0 1 1 0 1 0 1 0 1 1 1 0 1 1 0 0 1 0 1 1 0 1 0 0 0 0 0 0 1 1 0 1 1 0 1 0 0 0 1 0 1 0 1 1 0 0 1 1 1 0 0 1 1 1 0 0 1 1 0 0 0 0 1 1 1 1 1
0 0 0 0 0 1 0 0 1 0 1 1 0 0 1 1 0 1 1 0 1 0 0 1 1 0 1 1 0 0 1 0 0 1 0 1 0 1 0 1 0 1 1 0 0 0 0 1 0 0 1 0 1 0 0 1 0 0 1 0 0 0 0 0 0 0 0 1 1 1 1 1 0 1 0 0 0 0 1 1 0 1 1 1 1 0 1 0 1 1 0 1 0 1 1 1 1 0 1 0
0 0 1 0 1 1 0 1 0 1 1 0 0 1 1 0 1 1 1 0 0 0 0 0 0 0 0 0 0 0 0 0 1 1 1 1 1 1 0 1 0 1 0 1 0 1 0 1 0 1 1 1 0 1 0 1 1 0 0 1 0 0 1 1 1 0 0 0 0 0 1 0 0 0 0 0 1 1 1 0 1 0 0 1 1 1 1 0 0 1 1 0 1 1 0 0 1 0 0 1
0 1
0 2
1 2
0 3
1 3
2 3
0 4
1 4
2 4
3 4
1 5
0 5
2 5
4 5
2 6
5 6
4 6
1 6
4 7
1 7
0 7
6 7
2 8
4 8
1 8
6 8
7 9
6 9
4 9
2 9
5 10
6 10
4 10
3 10
1 11
0 11
2 11
4 11
2 12
0 12
1 12
4 12
2 13
8 13
6 13
4 13
2 14
8 14
3 14
6 14
0 15
14 15
6 15
8 15
9 16
13 16
5 16
3 16
11 17
5 17
4 17
2 17
8 18
12 18
11 18
10 18
1 19
3 19
2 19
7 19
5 20
14 20
7 20
15 20
7 21
8 21
0 21
4 21
4 22
21 22
13 22
6 22
19 23
8 23
3 23
6 23
4 24
11 24
20 24
18 24
20 25
1 25
7 25
11 25
1 26
2 26
5 26
9 26
10 27
1 27
5 27
4 27
16 28
11 28
8 28
20 28
7 29
4 29
1 29
12 29
28 30
6 30
1 30
13 30
23 31
5 31
10 31
7 31
12 32
26 32
29 32
11 32
23 33
7 33
1 33
22 33
12 34
29 34
5 34
6 34
16 35
22 35
10 35
20 35
2 36
18 36
26 36
8 36
0 37
19 37
17 37
33 37
6 38
19 38
35 38
25 38
38 39
33 39
20 39
16 39
16 40
26 40
13 40
2 40
39 41
1 41
14 41
15 41
38 42
4 42
26 42
2 42
3 43
26 43
29 43
31 43
39 44
18 44
4 44
21 44
8 45
35 45
5 45
39 45
29 46
3 46
40 46
41 46
36 47
31 47
0 47
44 47
42 48
6 48
5 48
20 48
7 49
44 49
31 49
25 49
47 50
4 50
40 50
33 50
5 51
12 51
16 51
35 51
8 52
1 52
38 52
3 52
5 53
26 53
14 53
13 53
31 54
12 54
0 54
17 54
2 55
5 55
6 55
39 55
20 56
6 56
1 56
31 56
40 57
24 57
10 57
29 57
44 58
1 58
12 58
15 58
1 59
0 59
6 59
43 59
16 60
33 60
8 60
45 60
41 61
38 61
3 61
37 61
45 62
15 62
32 62
8 62
39 63
5 63
20 63
6 63
21 64
13 64
6 64
34 64
7 65
8 65
38 65
26 65
5 66
38 66
61 66
26 66
24 67
13 67
60 67
17 67
1 68
6 68
29 68
13 68
16 69
6 69
20 69
35 69
26 70
31 70
54 70
17 70
43 71
13 71
40 71
28 71
13 72
2 72
48 72
5 72
8 73
34 73
5 73
17 73
73 74
4 74
45 74
22 74
61 75
29 75
6 75
5 75
20 76
16 76
71 76
13 76
34 77
32 77
8 77
17 77
8 78
26 78
6 78
2 78
36 79
32 79
77 79
41 79
64 80
36 80
26 80
38 80
6 81
51 81
18 81
5 81
39 82
3 82
5 82
21 82
4 83
17 83
64 83
44 83
8 84
79 84
3 84
7 84
82 85
25 85
63 85
7 85
47 86
20 86
78 86
75 86
51 87
63 87
8 87
7 87
68 88
69 88
43 88
14 88
43 89
3 89
40 89
2 89
14 90
13 90
45 90
60 90
18 91
5 91
64 91
20 91
4 92
44 92
51 92
32 92
6 93
20 93
38 93
57 93
75 94
80 94
39 94
12 94
17 95
39 95
32 95
70 95
64 96
67 96
19 96
8 96
15 97
43 97
4 97
71 97
86 98
15 98
44 98
18 98
44 99
6 99
48 99
21 99