100 390 5
1 0 1 0 1 1 0 1 1 1 0 1 0 1 0 0 1 0 1 0 0 0 0 1 1 0 0 1 1 0 0 0 1 1 1 0 0 0 0 0 0 0 1 1 1 0 1 1 0 0 1 0 1 1 0 1 0 1 1 0 0 0 0 0 1 1 1 0 0 1 0 1 0 1 1 0 0 0 1 1 0 0 1 0 0 0 1 1 0 1 1 0 0 1 1 1 1 0 1 1
0 1 0 0 0 1 0 1 1 0 0 0 0 1 0 1 1 1 0 1 0 1 0 0 1 0 1 0 1 1 1 1 0 1 1 1 1 1 1 1 0 1 0 1 0 0 0 1 0 0 1 1 0 0 0 1 0 0 1 1 1 0 1 0 1 0 0 1 1 0 0 1 1 0 1 1 0 0 0 0 0 1 1 1 0 0 1 0 0 0 0 0 0 0 0 1 1 1 1 0
1 0 1 0 0 0 1 1 0 0 1 1 1 0 1 1 1 0 1 1 1 1 1 1 0 0 1 0 1 0 0 1 1 0 0 0 0 1 1 0 1 1 0 0 1 1 1 1 0 0 1 0 0 1 1 1 0 1 1 0 0 0 1 1 1 1 1 0 0 1 0 1 1 1 1 1 1 1 1 0 0 0 1 0 1 1 0 0 1 1 0 0 0 1 0 0 0 1 1 0
1 1 1 1 0 0 0 0 0 1 1 0 1 1 1 1 0 1 0 1 0 0 0 1 0 1 1 1 1 0 0 0 1 1 0 1 1 1 0 0 1 1 0 0 1 0 0 1 1 1 0 1 0 0 1 1 0 1 0 1 0 0 0 0 0 1 0 0 1 1 1 1 1 1 0 1 0 0 0 1 0 1 0 0 1 1 0 1 0 1 0 1 1 1 0 1 1 0 1 1
0 1 1 0 1 0 0 0 1 1 1 1 0 1 1 0 0 0 1 0 1 0 0 1 0 0 1 0 1 1 0 0 1 1 1 0 1 1 0 1 1 0 1 1 1 0 1 1 0 0 0 1 1 0 0 0 1 0 1 1 0 1 0 1 0 1 0 0 1 1 0 0 1 1 1 1 1 1 1 0 1 1 1 1 1 1 1 0 0 1 1 1 0 1 1 0 0 1 1 0
0 1
0 2
1 2
0 3
1 3
2 3
0 4
1 4
2 4
3 4
3 5
0 5
2 5
4 5
1 6
2 6
3 6
0 6
3 7
0 7
1 7
5 7
0 8
3 8
7 8
6 8
8 9
0 9
6 9
7 9
0 10
2 10
7 10
1 10
3 11
6 11
7 11
5 11
11 12
9 12
7 12
4 12
3 13
9 13
5 13
10 13
13 14
5 14
11 14
0 14
3 15
0 15
7 15
8 15
11 16
7 16
9 16
8 16
6 17
3 17
14 17
0 17
5 18
17 18
10 18
3 18
0 19
12 19
6 19
2 19
17 20
2 20
7 20
5 20
7 21
3 21
19 21
11 21
5 22
3 22
2 22
6 22
19 23
3 23
5 23
7 23
3 24
0 24
9 24
19 24
0 25
3 25
7 25
21 25
24 26
13 26
4 26
14 26
23 27
4 27
11 27
19 27
26 28
27 28
2 28
3 28
22 29
2 29
17 29
18 29
20 30
23 30
6 30
29 30
26 31
2 31
0 31
25 31
8 32
9 32
5 32
3 32
11 33
28 33
17 33
0 33
29 34
17 34
25 34
22 34
9 35
26 35
5 35
27 35
2 36
11 36
4 36
3 36
0 37
15 37
14 37
12 37
3 38
29 38
0 38
26 38
14 39
9 39
0 39
21 39
15 40
27 40
7 40
10 40
8 41
27 41
39 41
3 41
3 42
9 42
17 42
29 42
14 43
9 43
15 43
24 43
0 44
26 44
34 44
9 44
32 45
29 45
43 45
33 45
0 46
6 46
36 46
26 46
2 47
26 47
18 47
22 47
0 48
27 48
34 48
4 48
5 49
17 49
32 49
44 49
7 50
26 50
14 50
29 50
4 51
0 51
14 51
1 51
12 52
8 52
24 52
15 52
39 53
17 53
22 53
4 53
3 54
19 54
11 54
37 54
54 55
0 55
19 55
31 55
55 56
22 56
1 56
0 56
3 57
6 57
39 57
19 57
0 58
5 58
26 58
7 58
7 59
19 59
45 59
32 59
59 60
2 60
7 60
22 60
51 61
19 61
35 61
3 61
6 62
16 62
19 62
0 62
7 63
2 63
51 63
13 63
28 64
7 64
46 64
35 64
3 65
38 65
7 65
15 65
5 66
24 66
31 66
27 66
15 67
50 67
35 67
12 67
3 68
66 68
8 68
1 68
27 69
8 69
4 69
7 69
22 70
49 70
52 70
28 70
70 71
28 71
0 71
2 71
17 72
57 72
2 72
27 72
26 73
66 73
3 73
10 73
35 74
64 74
71 74
12 74
71 75
33 75
40 75
2 75
62 76
0 76
24 76
17 76
58 77
22 77
0 77
38 77
29 78
65 78
4 78
6 78
1 79
43 79
2 79
72 79
10 80
22 80
39 80
9 80
11 81
0 81
16 81
44 81
69 82
9 82
28 82
17 82
8 83
82 83
7 83
17 83
28 84
52 84
3 84
29 84
78 85
27 85
14 85
24 85
54 86
55 86
52 86
66 86
84 87
20 87
7 87
52 87
35 88
21 88
78 88
3 88
5 89
75 89
0 89
21 89
64 90
34 90
7 90
26 90
29 91
7 91
88 91
82 91
55 92
63 92
1 92
33 92
84 93
51 93
56 93
37 93
56 94
8 94
17 94
33 94
36 95
11 95
0 95
29 95
79 96
64 96
48 96
27 96
20 97
96 97
51 97
55 97
8 98
57 98
30 98
60 98
27 99
10 99
60 99
23 99