100 390 5
1 1 1 0 1 1 1 0 0 0 1 1 0 0 1 1 0 0 1 1 1 0 1 0 1 1 0 0 1 0 0 1 0 1 1 0 0 0 0 1 1 0 1 0 1 0 1 0 0 0 0 1 0 0 0 1 1 1 1 1 1 1 1 1 1 0 1 1 0 1 0 1 1 1 1 0 1 0 1 1 0 0 1 0 1 1 0 1 0 0 0 1 1 0 0 1 1 0 0 1
0 1 1 0 0 1 0 0 1 1 0 0 1 0 0 1 0 0 0 1 0 0 0 0 0 0 0 1 0 1 1 0 0 0 1 0 0 0 1 0 1 0 0 1 1 0 0 1 1 0 0 1 1 0 1 1 1 1 0 1 1 0 1 0 0 1 0 1 0 1 1 1 0 0 0 0 1 0 1 1 1 0 0 1 0 1 0 1 1 1 0 1 1 0 1 1 0 0 0 0
1 1 1 0 1 0 0 0 0 0 1 0 0 1 1 0 0 0 0 1 0 1 0 1 0 0 1 1 0 1 0 0 0 1 1 0 1 1 0 1 1 1 1 0 0 1 1 0 1 0 1 1 0 1 0 0 0 1 1 0 1 1 1 1 0 0 1 0 1 1 0 1 0 0 1 0 0 0 1 1 0 1 0 0 0 1 1 1 1 0 0 1 1 0 1 1 0 0 0 0
1 0 1 0 1 0 0 0 0 1 0 0 0 1 1 0 0 1 1 1 0 1 0 0 0 0 0 1 1 1 0 0 0 0 1 0 1 1 1 1 0 1 0 0 1 0 0 0 1 1 1 1 0 1 1 1 0 0 1 1 0 0 1 1 1 0 0 0 1 1 0 1 1 0 1 1 0 0 1 1 1 1 0 1 1 0 0 0 0 1 1 0 0 1 1 1 1 1 1 1
1 0 1 0 0 1 0 0 1 1 0 1 0 0 1 0 1 0 1 1 0 1 1 0 0 0 0 1 0 1 0 1 0 0 0 0 0 1 1 1 0 0 0 0 0 0 0 1 0 0 1 1 1 1 0 1 0 0 0 0 0 1 0 0 0 1 0 0 0 0 1 1 1 1 1 1 1 0 0 1 1 1 1 1 0 1 0 0 0 1 0 0 0 1 1 1 1 0 0 0
0 1
0 2
1 2
0 3
1 3
2 3
0 4
1 4
2 4
3 4
2 5
0 5
1 5
3 5
3 6
2 6
1 6
0 6
3 7
2 7
6 7
1 7
5 8
6 8
0 8
7 8
2 9
3 9
7 9
8 9
9 10
6 10
0 10
7 10
1 11
3 11
5 11
2 11
2 12
4 12
10 12
7 12
2 13
0 13
8 13
3 13
0 14
2 14
5 14
10 14
9 15
1 15
6 15
5 15
2 16
9 16
4 16
12 16
3 17
8 17
5 17
14 17
3 18
4 18
15 18
16 18
0 19
9 19
5 19
2 19
7 20
2 20
3 20
6 20
2 21
1 21
20 21
12 21
1 22
0 22
2 22
5 22
4 23
2 23
6 23
19 23
10 24
17 24
9 24
15 24
23 25
4 25
0 25
9 25
20 26
1 26
15 26
25 26
25 27
8 27
2 27
12 27
3 28
9 28
1 28
17 28
15 29
2 29
13 29
6 29
18 30
7 30
6 30
3 30
2 31
12 31
3 31
27 31
19 32
16 32
7 32
28 32
2 33
0 33
29 33
22 33
2 34
14 34
19 34
15 34
17 35
33 35
23 35
29 35
5 36
19 36
6 36
23 36
22 37
0 37
10 37
21 37
31 38
15 38
10 38
14 38
14 39
3 39
6 39
35 39
38 40
5 40
23 40
20 40
22 41
15 41
10 41
27 41
2 42
4 42
29 42
20 42
1 43
22 43
40 43
19 43
22 44
7 44
20 44
1 44
5 45
11 45
40 45
7 45
2 46
19 46
41 46
0 46
23 47
7 47
27 47
4 47
30 48
25 48
8 48
23 48
14 49
23 49
9 49
11 49
1 50
32 50
29 50
14 50
27 51
15 51
29 51
9 51
2 52
14 52
51 52
3 52
33 53
51 53
1 53
5 53
22 54
45 54
2 54
44 54
35 55
15 55
23 55
3 55
45 56
2 56
4 56
7 56
25 57
40 57
18 57
12 57
27 58
56 58
39 58
57 58
25 59
47 59
19 59
23 59
2 60
53 60
15 60
54 60
16 61
17 61
15 61
30 61
23 62
3 62
37 62
19 62
35 63
2 63
3 63
28 63
43 64
6 64
33 64
4 64
64 65
56 65
32 65
62 65
20 66
61 66
40 66
28 66
47 67
20 67
51 67
32 67
13 68
23 68
8 68
59 68
6 69
2 69
32 69
3 69
49 70
22 70
57 70
43 70
6 71
47 71
54 71
45 71
33 72
9 72
40 72
4 72
0 73
23 73
37 73
57 73
32 74
52 74
59 74
2 74
4 75
23 75
3 75
35 75
23 76
67 76
0 76
2 76
55 77
20 77
17 77
11 77
77 78
1 78
60 78
50 78
23 79
76 79
52 79
20 79
47 80
59 80
2 80
5 80
57 81
19 81
70 81
9 81
13 82
65 82
56 82
8 82
64 83
7 83
65 83
49 83
62 84
13 84
1 84
55 84
0 85
4 85
33 85
2 85
46 86
43 86
71 86
31 86
76 87
5 87
55 87
78 87
35 88
71 88
20 88
4 88
14 89
45 89
57 89
26 89
6 90
32 90
4 90
54 90
15 91
16 91
0 91
82 91
36 92
41 92
71 92
2 92
58 93
49 93
13 93
32 93
25 94
15 94
31 94
57 94
74 95
28 95
2 95
66 95
53 96
0 96
73 96
43 96
36 97
72 97
16 97
14 97
55 98
74 98
7 98
4 98
59 99
6 99
89 99
49 99