100 390 5
1 1 0 1 0 0 0 0 1 0 1 0 1 1 0 1 1 0 0 1 1 0 1 1 0 0 1 0 1 0 0 0 1 1 1 0 0 1 1 1 1 0 1 1 0 0 0 1 1 0 1 1 1 1 0 0 0 0 0 1 1 0 1 0 0 0 0 0 0 0 0 0 1 1 1 0 1 1 0 1 1 0 1 1 0 1 0 1 0 0 1 0 0 0 1 1 0 1 1 1
1 1 1 1 1 1 1 1 0 1 0 1 0 1 0 1 1 0 1 1 0 0 1 0 0 1 1 1 0 0 1 1 1 1 1 0 0 0 1 0 1 1 0 1 0 0 0 0 0 0 1 1 1 1 0 0 1 1 1 1 0 0 1 0 0 0 1 0 0 0 1 0 0 1 0 1 0 1 0 1 0 0 1 1 1 1 1 0 1 1 0 1 1 0 0 0 1 1 1 0
1 1 1 1 1 0 0 1 0 1 0 1 0 0 0 1 0 0 0 0 1 0 0 0 0 0 1 0 0 1 1 0 0 1 0 1 1 1 1 0 1 1 0 1 0 0 1 1 1 0 0 1 1 0 1 0 0 0 1 0 1 0 1 1 1 0 0 0 1 1 1 0 1 0 1 0 0 0 1 1 0 0 0 1 1 1 1 1 0 0 0 0 1 1 1 1 1 0 0 1
1 0 0 1 0 1 0 0 0 0 0 1 1 0 1 1 1 1 0 0 1 1 1 1 0 1 1 1 0 0 0 1 0 0 0 0 0 0 0 0 1 0 1 0 0 1 1 0 1 1 0 1 1 1 1 1 0 0 0 0 1 0 1 1 0 1 0 1 1 0 0 0 0 1 0 0 1 1 1 0 1 1 0 0 1 1 0 0 1 1 0 0 0 1 1 0 1 1 0 1
1 1 1 0 0 0 1 1 1 0 0 1 0 0 1 0 1 0 0 1 0 0 0 1 1 0 1 1 0 0 0 0 0 1 0 1 1 1 0 0 0 0 1 0 0 0 1 1 1 1 0 0 1 1 1 0 1 1 1 1 1 0 1 1 0 0 0 0 1 1 1 0 0 0 0 1 1 1 0 1 0 1 0 0 1 0 1 1 0 1 0 0 1 1 0 1 1 1 0 0
0 1
0 2
1 2
0 3
1 3
2 3
0 4
1 4
2 4
3 4
0 5
2 5
4 5
3 5
1 6
4 6
3 6
2 6
2 7
6 7
3 7
5 7
6 8
3 8
4 8
2 8
4 9
5 9
7 9
2 9
2 10
0 10
5 10
3 10
0 11
5 11
6 11
2 11
8 12
10 12
1 12
3 12
2 13
7 13
0 13
5 13
3 14
0 14
8 14
2 14
9 15
0 15
12 15
2 15
3 16
12 16
14 16
7 16
3 17
2 17
4 17
10 17
2 18
10 18
13 18
16 18
9 19
0 19
4 19
8 19
7 20
2 20
3 20
9 20
2 21
19 21
13 21
20 21
4 22
5 22
2 22
1 22
19 23
11 23
3 23
5 23
4 24
7 24
6 24
20 24
13 25
3 25
2 25
6 25
13 26
8 26
23 26
3 26
0 27
17 27
18 27
12 27
5 28
9 28
6 28
27 28
16 29
17 29
0 29
5 29
20 30
2 30
4 30
12 30
12 31
21 31
5 31
3 31
18 32
1 32
23 32
20 32
9 33
23 33
8 33
5 33
27 34
4 34
19 34
14 34
13 35
8 35
26 35
31 35
26 36
1 36
13 36
7 36
21 37
8 37
2 37
3 37
9 38
2 38
11 38
10 38
5 39
33 39
1 39
10 39
9 40
3 40
0 40
32 40
28 41
36 41
12 41
9 41
32 42
37 42
38 42
8 42
30 43
6 43
9 43
2 43
23 44
6 44
8 44
31 44
15 45
14 45
28 45
12 45
6 46
2 46
27 46
20 46
20 47
6 47
43 47
39 47
20 48
2 48
30 48
42 48
46 49
14 49
26 49
41 49
32 50
44 50
48 50
18 50
4 51
19 51
23 51
36 51
15 52
45 52
39 52
34 52
44 53
43 53
45 53
3 53
3 54
39 54
31 54
48 54
6 55
3 55
47 55
20 55
41 56
35 56
5 56
13 56
5 57
6 57
30 57
41 57
30 58
20 58
28 58
33 58
41 59
35 59
12 59
15 59
3 60
20 60
12 60
7 60
35 61
59 61
2 61
4 61
19 62
20 62
0 62
30 62
38 63
15 63
10 63
5 63
40 64
16 64
13 64
11 64
40 65
25 65
6 65
2 65
3 66
14 66
59 66
11 66
11 67
17 67
27 67
16 67
49 68
3 68
27 68
64 68
0 69
53 69
11 69
1 69
13 70
4 70
5 70
51 70
3 71
13 71
66 71
2 71
30 72
52 72
66 72
21 72
33 73
8 73
11 73
38 73
31 74
10 74
23 74
4 74
18 75
2 75
3 75
11 75
2 76
0 76
16 76
32 76
2 77
62 77
4 77
70 77
20 78
12 78
40 78
31 78
2 79
27 79
53 79
35 79
49 80
45 80
5 80
27 80
31 81
3 81
9 81
5 81
24 82
8 82
74 82
20 82
65 83
47 83
30 83
56 83
67 84
72 84
8 84
5 84
66 85
5 85
29 85
51 85
4 86
8 86
6 86
70 86
63 87
7 87
20 87
57 87
27 88
38 88
20 88
53 88
66 89
5 89
34 89
13 89
63 90
25 90
2 90
35 90
90 91
16 91
63 91
56 91
2 92
91 92
4 92
5 92
44 93
6 93
59 93
28 93
33 94
3 94
63 94
9 94
27 95
72 95
2 95
37 95
41 96
32 96
31 96
23 96
27 97
26 97
42 97
47 97
21 98
27 98
7 98
12 98
90 99
71 99
50 99
3 99