100 390 5
0 1 1 1 0 0 0 1 0 0 0 0 1 0 1 0 0 1 1 1 0 1 0 1 1 1 1 0 0 1 1 0 1 0 0 1 1 0 1 0 0 0 1 0 0 1 1 0 0 1 0 1 1 1 0 1 1 0 0 0 0 1 0 1 0 0 1 1 1 1 1 1 1 1 1 0 0 1 1 1 1 0 1 0 0 0 0 1 0 1 1 1 0 1 0 0 1 1 1 0
0 1 0 1 1 0 1 0 1 1 1 1 0 0 1 0 1 1 0 1 0 1 1 1 0 0 1 0 1 1 0 0 0 0 1 0 0 0 0 1 1 1 0 1 1 1 0 1 1 0 1 0 1 0 0 1 1 0 1 1 1 1 1 0 0 1 0 1 0 0 0 1 1 0 0 0 0 0 1 0 0 1 0 1 0 0 1 1 1 1 1 0 1 0 1 1 0 0 1 1
1 0 1 0 1 1 1 1 1 1 0 1 1 1 0 1 0 1 0 1 0 1 1 0 1 0 1 0 1 0 1 0 1 0 1 1 0 1 1 1 1 1 1 1 0 1 0 1 0 0 0 1 0 0 1 1 1 1 0 0 0 1 0 0 0 0 0 0 0 1 0 0 0 1 0 0 0 0 1 0 0 1 0 0 1 1 1 1 1 0 1 0 0 0 1 1 0 1 0 0
0 1 1 0 1 0 1 1 0 1 1 1 0 0 0 0 0 1 0 1 0 0 1 0 1 0 1 1 0 1 1 1 1 0 0 0 1 0 0 1 0 0 0 0 0 1 1 1 1 1 0 0 0 0 0 1 1 1 0 1 1 1 1 1 0 1 1 0 1 1 1 0 1 0 0 0 1 0 0 1 1 0 0 1 1 1 0 1 0 0 0 1 0 0 0 1 1 0 0 1
1 1 1 1 1 1 0 0 0 1 1 1 0 0 1 0 0 0 1 0 0 1 0 0 1 0 1 1 0 1 0 0 1 0 1 1 0 0 1 0 1 1 1 0 0 1 0 0 0 1 0 0 1 1 0 0 0 0 1 1 1 1 0 1 0 1 1 0 1 0 1 1 1 1 0 0 1 1 1 0 1 1 1 0 0 1 1 1 0 0 1 1 1 1 1 0 0 0 0 0
0 1
0 2
1 2
0 3
1 3
2 3
0 4
1 4
2 4
3 4
0 5
1 5
4 5
3 5
2 6
3 6
1 6
5 6
5 7
1 7
0 7
2 7
4 8
1 8
0 8
2 8
7 9
0 9
5 9
2 9
0 10
2 10
5 10
4 10
1 11
9 11
2 11
0 11
7 12
4 12
5 12
6 12
1 13
11 13
7 13
8 13
0 14
5 14
7 14
10 14
7 15
11 15
8 15
9 15
12 16
1 16
5 16
0 16
16 17
3 17
9 17
2 17
8 18
6 18
14 18
1 18
16 19
1 19
7 19
2 19
3 20
0 20
11 20
4 20
1 21
5 21
16 21
0 21
17 22
20 22
11 22
5 22
2 23
19 23
5 23
3 23
9 24
3 24
12 24
4 24
4 25
20 25
15 25
24 25
21 26
7 26
19 26
10 26
26 27
13 27
2 27
23 27
11 28
20 28
16 28
1 28
0 29
8 29
5 29
12 29
19 30
5 30
26 30
15 30
12 31
10 31
4 31
13 31
0 32
14 32
8 32
26 32
11 33
5 33
15 33
16 33
28 34
0 34
11 34
8 34
0 35
26 35
9 35
21 35
16 36
11 36
30 36
5 36
14 37
33 37
10 37
5 37
16 38
6 38
10 38
21 38
1 39
13 39
19 39
7 39
29 40
17 40
18 40
3 40
38 41
14 41
1 41
39 41
11 42
10 42
0 42
34 42
33 43
1 43
12 43
26 43
17 44
20 44
43 44
11 44
20 45
32 45
22 45
26 45
7 46
25 46
19 46
27 46
1 47
9 47
43 47
7 47
5 48
17 48
6 48
9 48
30 49
17 49
33 49
20 49
6 50
36 50
39 50
8 50
14 51
30 51
4 51
2 51
1 52
7 52
6 52
3 52
16 53
19 53
34 53
7 53
14 54
41 54
3 54
25 54
45 55
10 55
44 55
11 55
41 56
13 56
17 56
46 56
7 57
38 57
50 57
2 57
0 58
3 58
36 58
44 58
7 59
15 59
13 59
29 59
9 60
16 60
48 60
7 60
46 61
19 61
43 61
11 61
32 62
26 62
58 62
55 62
17 63
8 63
4 63
18 63
33 64
18 64
3 64
13 64
54 65
3 65
23 65
30 65
46 66
14 66
1 66
2 66
13 67
17 67
33 67
4 67
17 68
19 68
26 68
8 68
28 69
7 69
55 69
45 69
47 70
62 70
8 70
15 70
16 71
2 71
11 71
49 71
53 72
67 72
45 72
32 72
30 73
24 73
0 73
17 73
17 74
1 74
18 74
71 74
44 75
2 75
30 75
5 75
45 76
10 76
12 76
30 76
62 77
5 77
12 77
68 77
45 78
19 78
32 78
68 78
67 79
16 79
21 79
73 79
55 80
10 80
69 80
12 80
26 81
75 81
72 81
25 81
33 82
48 82
2 82
38 82
36 83
0 83
5 83
13 83
14 84
10 84
8 84
70 84
77 85
64 85
18 85
2 85
7 86
77 86
24 86
39 86
27 87
47 87
2 87
19 87
13 88
10 88
19 88
20 88
8 89
66 89
12 89
11 89
5 90
27 90
62 90
12 90
50 91
74 91
44 91
45 91
1 92
14 92
9 92
5 92
10 93
30 93
1 93
6 93
45 94
10 94
74 94
68 94
14 95
13 95
3 95
19 95
22 96
4 96
77 96
45 96
12 97
54 97
38 97
34 97
49 98
55 98
54 98
5 98
66 99
44 99
11 99
18 99