100 390 5
0 0 1 1 0 1 0 0 0 1 1 0 1 1 0 1 1 0 1 1 0 1 0 0 0 1 1 0 1 1 0 0 0 1 0 0 0 1 0 0 0 0 1 0 0 0 1 0 1 1 1 1 1 0 1 0 0 0 1 0 1 1 0 1 1 0 1 0 0 0 1 1 0 1 1 0 0 1 1 0 0 1 0 0 1 0 1 0 0 0 1 0 1 0 1 0 1 1 1 0
1 1 0 0 1 1 1 0 0 0 0 0 0 1 1 1 0 1 1 1 1 0 0 1 1 0 1 1 1 1 1 0 0 0 1 1 1 0 0 0 0 1 1 0 0 1 1 1 0 1 1 1 1 0 0 0 0 1 1 0 0 1 1 0 1 1 1 0 1 0 1 0 1 0 0 0 1 0 1 0 1 0 1 0 0 1 1 1 1 1 0 0 0 0 0 1 1 1 1 1
1 1 1 0 0 0 0 1 0 0 0 0 1 0 1 1 0 1 1 1 1 1 0 0 0 0 0 0 0 0 1 0 0 0 1 1 1 1 1 1 1 1 1 0 0 0 1 1 1 1 1 0 1 1 0 0 0 0 0 1 0 0 0 1 0 1 1 0 1 0 0 0 1 0 0 1 1 1 0 0 0 0 1 1 1 1 1 0 1 0 1 0 0 0 0 1 1 1 0 0
1 0 0 1 0 1 0 0 1 1 0 1 0 1 1 0 1 1 0 0 1 0 1 1 0 0 1 1 0 1 1 0 1 0 0 0 1 0 0 1 0 1 0 0 1 1 0 1 1 0 0 0 0 1 0 1 0 1 1 0 0 0 1 0 1 1 1 1 0 1 0 0 0 0 0 1 1 0 1 1 0 1 0 0 1 0 0 0 0 0 1 1 1 0 0 0 0 1 1 0
0 0 0 0 1 1 1 0 0 1 0 1 1 0 0 1 0 0 1 1 1 0 1 0 0 1 1 0 1 1 1 1 0 1 0 1 0 0 0 0 0 1 1 0 1 0 1 0 1 1 0 0 0 0 0 1 1 1 0 1 0 0 1 0 0 1 1 0 1 1 0 1 1 1 1 1 1 1 0 1 1 1 0 0 1 0 0 1 1 1 0 0 1 0 1 0 1 1 0 0
0 1
0 2
1 2
0 3
1 3
2 3
0 4
1 4
2 4
3 4
2 5
0 5
4 5
1 5
0 6
2 6
1 6
4 6
4 7
3 7
0 7
6 7
7 8
1 8
4 8
0 8
7 9
6 9
1 9
5 9
5 10
2 10
1 10
0 10
2 11
0 11
5 11
3 11
2 12
5 12
0 12
6 12
9 13
7 13
0 13
1 13
2 14
3 14
9 14
7 14
10 15
6 15
7 15
13 15
14 16
0 16
10 16
5 16
14 17
3 17
5 17
7 17
1 18
17 18
0 18
5 18
2 19
1 19
8 19
13 19
6 20
16 20
5 20
0 20
0 21
16 21
13 21
7 21
20 22
6 22
5 22
18 22
6 23
2 23
3 23
0 23
0 24
18 24
6 24
11 24
21 25
4 25
3 25
18 25
1 26
6 26
3 26
12 26
6 27
2 27
0 27
13 27
16 28
11 28
7 28
22 28
6 29
23 29
14 29
5 29
4 30
8 30
13 30
6 30
19 31
27 31
0 31
7 31
23 32
12 32
2 32
18 32
3 33
16 33
5 33
0 33
19 34
1 34
0 34
31 34
23 35
15 35
3 35
12 35
0 36
18 36
25 36
6 36
24 37
10 37
9 37
4 37
34 38
24 38
0 38
26 38
20 39
16 39
35 39
12 39
39 40
2 40
35 40
29 40
32 41
10 41
7 41
14 41
34 42
31 42
17 42
22 42
32 43
26 43
37 43
42 43
12 44
24 44
13 44
10 44
1 45
42 45
15 45
12 45
23 46
37 46
28 46
10 46
31 47
23 47
28 47
12 47
23 48
7 48
16 48
6 48
0 49
34 49
28 49
4 49
9 50
10 50
0 50
4 50
15 51
5 51
11 51
34 51
23 52
6 52
46 52
34 52
22 53
18 53
0 53
29 53
5 54
22 54
15 54
23 54
31 55
36 55
7 55
21 55
24 56
35 56
42 56
6 56
53 57
0 57
7 57
42 57
1 58
51 58
16 58
46 58
3 59
24 59
49 59
10 59
42 60
43 60
29 60
35 60
29 61
28 61
50 61
57 61
58 62
11 62
7 62
1 62
40 63
44 63
16 63
0 63
27 64
39 64
21 64
3 64
22 65
43 65
1 65
46 65
42 66
8 66
5 66
52 66
6 67
22 67
3 67
40 67
54 68
25 68
14 68
15 68
6 69
18 69
10 69
2 69
38 70
18 70
37 70
42 70
3 71
0 71
35 71
6 71
66 72
37 72
3 72
62 72
18 73
26 73
29 73
14 73
30 74
11 74
39 74
10 74
21 75
5 75
12 75
10 75
1 76
19 76
13 76
8 76
58 77
0 77
24 77
27 77
16 78
14 78
53 78
26 78
18 79
1 79
77 79
41 79
40 80
46 80
75 80
6 80
5 81
14 81
27 81
31 81
69 82
9 82
61 82
67 82
34 83
22 83
69 83
7 83
7 84
50 84
22 84
29 84
27 85
3 85
16 85
23 85
32 86
6 86
49 86
5 86
3 87
34 87
46 87
56 87
7 88
6 88
27 88
49 88
24 89
67 89
1 89
80 89
72 90
16 90
34 90
23 90
26 91
64 91
15 91
23 91
69 92
23 92
64 92
27 92
55 93
5 93
36 93
24 93
57 94
7 94
43 94
70 94
65 95
1 95
6 95
2 95
9 96
34 96
15 96
27 96
49 97
3 97
89 97
34 97
28 98
79 98
18 98
3 98
94 99
13 99
6 99
46 99