100 390 5
1 0 1 1 1 0 0 0 1 1 0 0 1 1 0 1 1 0 1 1 0 1 0 0 0 0 0 0 0 0 0 1 0 1 0 0 1 1 1 0 1 0 1 0 0 1 1 0 1 1 1 0 0 0 0 0 0 0 1 1 1 0 1 0 0 1 1 0 1 1 1 0 1 1 1 1 0 0 0 0 0 0 1 0 0 1 0 1 1 0 1 0 0 0 0 0 1 0 1 1
0 0 0 1 1 0 1 1 0 0 1 1 0 0 1 0 0 1 1 1 1 1 1 0 0 1 1 0 0 1 0 1 0 1 1 1 0 0 1 0 1 0 0 1 1 0 1 1 1 1 1 0 0 0 0 1 0 0 0 0 0 1 0 0 0 1 0 0 1 0 1 1 0 1 1 0 1 1 1 0 1 0 1 1 1 0 0 1 1 0 0 1 1 1 0 0 0 1 0 1
0 0 0 1 1 1 1 1 0 1 1 0 1 0 0 0 0 1 0 0 0 0 1 0 1 0 1 0 1 0 1 0 1 0 0 0 1 0 1 0 0 1 1 0 0 0 0 0 0 0 0 1 0 0 1 1 1 1 1 1 0 0 0 1 1 1 0 1 1 0 1 0 0 0 0 0 0 1 1 0 1 1 0 1 1 0 1 0 1 0 0 0 0 0 0 1 0 0 0 1
1 1 0 1 0 1 0 1 0 0 1 1 0 0 0 1 0 1 0 1 1 1 0 1 0 0 1 1 0 1 1 1 0 1 0 1 0 0 0 1 0 1 1 0 0 1 1 0 0 1 0 0 1 1 1 0 1 1 0 0 0 1 0 1 0 1 1 0 1 1 0 1 0 0 1 1 0 0 0 0 1 1 0 1 1 1 0 1 0 1 1 0 1 1 1 0 0 0 0 1
1 0 0 1 1 1 1 0 1 1 0 1 1 0 1 0 0 1 0 0 1 0 0 0 1 0 0 0 1 1 1 0 0 0 0 1 1 0 0 1 1 1 1 1 0 1 1 0 1 0 0 1 0 1 0 0 1 1 0 1 0 1 0 0 0 1 1 1 0 1 1 1 1 1 1 0 1 0 0 1 1 0 0 0 0 1 1 1 0 0 1 0 0 1 0 1 1 0 0 1
0 1
0 2
1 2
0 3
1 3
2 3
0 4
1 4
2 4
3 4
4 5
0 5
1 5
3 5
3 6
4 6
0 6
2 6
1 7
3 7
4 7
5 7
2 8
4 8
0 8
5 8
5 9
1 9
0 9
2 9
5 10
1 10
3 10
9 10
8 11
1 11
10 11
6 11
10 12
9 12
1 12
0 12
11 13
6 13
0 13
4 13
13 14
3 14
2 14
10 14
12 15
2 15
14 15
11 15
5 16
4 16
7 16
1 16
3 17
1 17
11 17
10 17
5 18
9 18
1 18
7 18
4 19
17 19
6 19
11 19
18 20
3 20
11 20
9 20
4 21
5 21
17 21
10 21
7 22
8 22
11 22
9 22
4 23
12 23
3 23
0 23
0 24
19 24
2 24
7 24
18 25
10 25
13 25
8 25
0 26
6 26
4 26
24 26
15 27
3 27
14 27
4 27
3 28
1 28
11 28
0 28
0 29
24 29
6 29
25 29
4 30
3 30
16 30
14 30
22 31
0 31
2 31
18 31
7 32
1 32
17 32
9 32
6 33
10 33
18 33
30 33
15 34
0 34
17 34
3 34
24 35
33 35
31 35
0 35
31 36
1 36
6 36
0 36
6 37
17 37
22 37
18 37
15 38
1 38
6 38
11 38
31 39
5 39
2 39
6 39
25 40
30 40
1 40
37 40
9 41
24 41
0 41
3 41
22 42
0 42
18 42
28 42
38 43
1 43
7 43
2 43
14 44
0 44
21 44
16 44
4 45
1 45
38 45
10 45
9 46
4 46
0 46
16 46
6 47
12 47
40 47
0 47
6 48
38 48
27 48
35 48
4 49
44 49
7 49
2 49
2 50
22 50
25 50
43 50
30 51
2 51
5 51
15 51
7 52
31 52
23 52
4 52
17 53
45 53
6 53
5 53
33 54
1 54
8 54
41 54
1 55
5 55
8 55
14 55
32 56
28 56
40 56
2 56
42 57
18 57
37 57
30 57
26 58
38 58
31 58
0 58
33 59
6 59
14 59
23 59
6 60
31 60
30 60
49 60
55 61
10 61
40 61
47 61
1 62
0 62
41 62
51 62
29 63
7 63
49 63
4 63
7 64
2 64
62 64
61 64
29 65
17 65
62 65
44 65
19 66
42 66
0 66
16 66
15 67
5 67
33 67
36 67
10 68
2 68
65 68
42 68
27 69
54 69
66 69
8 69
7 70
0 70
15 70
32 70
42 71
40 71
1 71
11 71
13 72
56 72
7 72
1 72
36 73
15 73
49 73
18 73
61 74
46 74
18 74
2 74
49 75
36 75
14 75
9 75
40 76
8 76
14 76
28 76
61 77
71 77
75 77
0 77
27 78
36 78
42 78
2 78
30 79
4 79
45 79
44 79
42 80
28 80
15 80
9 80
28 81
11 81
6 81
46 81
9 82
27 82
30 82
56 82
28 83
56 83
46 83
6 83
16 84
0 84
12 84
80 84
47 85
31 85
5 85
30 85
67 86
65 86
14 86
2 86
36 87
40 87
67 87
68 87
18 88
58 88
76 88
0 88
49 89
0 89
87 89
17 89
81 90
50 90
16 90
58 90
61 91
37 91
35 91
4 91
36 92
21 92
43 92
24 92
45 93
49 93
60 93
34 93
48 94
60 94
24 94
22 94
27 95
6 95
45 95
85 95
0 96
33 96
58 96
73 96
10 97
31 97
54 97
49 97
1 98
11 98
56 98
44 98
30 99
7 99
17 99
45 99