100 390 5
1 1 1 1 0 1 1 1 1 1 0 0 1 1 0 0 1 0 0 0 1 1 0 1 0 1 1 1 0 1 1 1 0 1 1 0 1 0 0 0 1 0 0 1 0 0 1 0 0 0 0 1 1 1 0 1 0 1 0 1 0 0 0 0 0 0 1 0 0 1 1 0 1 0 1 1 1 1 1 1 0 0 1 1 0 1 1 0 1 0 1 0 1 0 1 1 0 1 0 1
1 0 0 1 0 0 1 1 0 1 1 1 1 0 0 1 0 1 0 1 1 0 0 0 0 0 1 1 0 0 1 0 1 0 1 0 0 0 1 0 1 1 1 0 0 0 1 0 0 0 1 1 0 0 1 0 0 0 1 0 0 1 0 1 1 0 1 1 1 1 0 1 0 1 1 1 0 1 0 1 1 0 1 1 1 1 0 0 0 1 0 1 0 1 0 0 1 1 1 0
0 1 1 0 0 0 1 0 0 1 1 0 0 0 1 1 0 0 0 1 0 0 1 0 1 1 0 1 1 1 0 1 1 0 1 1 0 0 1 0 1 1 0 0 0 0 0 1 0 1 1 0 0 0 0 0 1 1 1 1 0 1 1 1 0 0 0 0 1 0 1 0 0 0 0 1 0 0 1 1 1 0 1 0 0 1 0 1 0 0 0 1 1 1 0 1 1 0 1 0
0 1 1 0 0 0 1 0 0 0 1 0 0 1 0 1 0 0 1 1 0 0 1 1 0 0 0 0 1 1 0 1 0 1 1 0 0 0 1 1 1 0 0 1 1 0 1 1 0 1 1 1 1 0 0 0 0 0 0 0 1 0 1 0 1 0 0 1 1 1 1 1 1 1 0 0 1 1 1 0 1 0 0 0 1 1 1 1 0 0 0 0 0 0 1 0 0 0 0 0
1 0 0 1 0 0 0 1 0 1 0 1 1 1 0 0 0 1 0 0 0 1 0 1 0 0 1 0 0 0 1 0 1 0 0 1 0 0 1 0 1 1 0 1 0 0 1 0 0 1 1 1 1 1 0 0 0 1 0 0 1 0 0 0 0 1 0 0 0 1 0 1 0 0 1 1 1 0 1 0 0 0 1 1 0 0 0 0 0 1 1 1 0 1 1 1 1 1 1 1
0 1
0 2
1 2
0 3
1 3
2 3
0 4
1 4
2 4
3 4
1 5
4 5
2 5
3 5
3 6
0 6
1 6
4 6
6 7
0 7
5 7
1 7
1 8
0 8
3 8
6 8
0 9
5 9
3 9
1 9
6 10
4 10
7 10
1 10
3 11
8 11
1 11
7 11
10 12
6 12
7 12
5 12
1 13
6 13
7 13
11 13
8 14
6 14
3 14
1 14
4 15
7 15
8 15
14 15
15 16
3 16
8 16
6 16
9 17
5 17
3 17
12 17
7 18
13 18
3 18
1 18
7 19
5 19
1 19
6 19
8 20
9 20
11 20
13 20
5 21
13 21
15 21
14 21
9 22
2 22
10 22
7 22
3 23
13 23
17 23
4 23
1 24
8 24
10 24
16 24
23 25
14 25
20 25
1 25
1 26
22 26
2 26
5 26
9 27
24 27
12 27
3 27
9 28
13 28
2 28
7 28
6 29
5 29
4 29
18 29
20 30
19 30
1 30
9 30
16 31
9 31
0 31
4 31
4 32
7 32
5 32
16 32
30 33
9 33
13 33
26 33
6 34
31 34
23 34
0 34
10 35
4 35
0 35
33 35
14 36
19 36
31 36
6 36
1 37
22 37
5 37
14 37
16 38
7 38
3 38
20 38
3 39
0 39
7 39
10 39
1 40
4 40
21 40
17 40
5 41
20 41
29 41
7 41
3 42
15 42
2 42
0 42
1 43
2 43
5 43
14 43
15 44
14 44
20 44
24 44
29 45
21 45
17 45
14 45
0 46
11 46
17 46
45 46
17 47
7 47
39 47
1 47
13 48
10 48
5 48
42 48
3 49
22 49
2 49
18 49
9 50
1 50
11 50
7 50
3 51
9 51
14 51
7 51
37 52
21 52
30 52
0 52
35 53
30 53
21 53
14 53
34 54
17 54
22 54
4 54
6 55
5 55
9 55
1 55
47 56
16 56
3 56
1 56
31 57
20 57
7 57
0 57
18 58
57 58
22 58
21 58
17 59
7 59
2 59
3 59
29 60
46 60
24 60
1 60
7 61
5 61
45 61
11 61
39 62
0 62
17 62
32 62
27 63
33 63
25 63
0 63
48 64
7 64
1 64
15 64
3 65
6 65
15 65
9 65
62 66
57 66
45 66
3 66
0 67
53 67
1 67
6 67
44 68
50 68
11 68
0 68
42 69
56 69
28 69
21 69
3 70
22 70
69 70
0 70
4 71
37 71
63 71
15 71
41 72
44 72
35 72
0 72
10 73
51 73
71 73
42 73
19 74
10 74
18 74
56 74
21 75
1 75
19 75
7 75
55 76
3 76
0 76
7 76
7 77
16 77
20 77
19 77
8 78
17 78
34 78
73 78
64 79
35 79
50 79
13 79
17 80
23 80
41 80
15 80
3 81
7 81
31 81
20 81
1 82
3 82
7 82
64 82
7 83
6 83
47 83
1 83
83 84
37 84
60 84
0 84
59 85
6 85
72 85
7 85
14 86
64 86
0 86
37 86
85 87
48 87
42 87
62 87
11 88
26 88
37 88
3 88
8 89
83 89
77 89
21 89
31 90
28 90
85 90
27 90
25 91
6 91
33 91
7 91
7 92
0 92
60 92
51 92
24 93
5 93
56 93
81 93
3 94
52 94
92 94
0 94
78 95
57 95
64 95
20 95
33 96
24 96
59 96
91 96
13 97
1 97
2 97
16 97
1 98
6 98
44 98
48 98
10 99
63 99
29 99
72 99