100 588 5
0 1
0 2
1 2
0 3
1 3
2 3
0 4
2 4
3 4
0 5
4 5
3 5
2 6
5 6
1 6
6 7
4 7
5 7
4 8
7 8
2 8
1 9
2 9
6 9
4 10
7 10
9 10
9 11
8 11
1 11
4 12
2 12
1 12
6 13
7 13
8 13
0 14
7 14
10 14
4 15
2 15
3 15
3 16
9 16
8 16
4 17
14 17
5 17
8 18
12 18
10 18
11 19
4 19
0 19
1 20
14 20
18 20
5 21
1 21
8 21
2 22
1 22
5 22
3 23
12 23
18 23
21 24
14 24
22 24
9 25
4 25
23 25
7 26
12 26
0 26
23 27
2 27
1 27
7 28
0 28
4 28
15 29
24 29
3 29
14 30
1 30
2 30
0 31
6 31
12 31
10 32
30 32
7 32
0 33
12 33
21 33
4 34
9 34
5 34
22 35
24 35
30 35
4 36
8 36
11 36
6 37
27 37
1 37
36 38
6 38
17 38
11 39
1 39
0 39
4 40
35 40
37 40
5 41
1 41
3 41
8 42
6 42
30 42
2 43
10 43
21 43
38 44
19 44
3 44
30 45
38 45
37 45
25 46
44 46
8 46
11 47
24 47
45 47
37 48
1 48
16 48
31 49
6 49
1 49
5 50
35 50
0 50
1 51
41 51
5 51
36 52
4 52
30 52
2 53
9 53
47 53
13 54
2 54
40 54
39 55
45 55
2 55
44 56
25 56
55 56
40 57
5 57
4 57
16 58
41 58
53 58
50 59
2 59
20 59
5 60
30 60
3 60
10 61
45 61
4 61
39 62
16 62
50 62
30 63
59 63
34 63
53 64
13 64
12 64
4 65
39 65
14 65
12 66
44 66
24 66
18 67
52 67
7 67
5 68
51 68
67 68
49 69
5 69
14 69
54 70
65 70
64 70
1 71
25 71
30 71
12 72
39 72
1 72
1 73
4 73
25 73
66 74
55 74
41 74
36 75
61 75
45 75
16 76
28 76
4 76
16 77
42 77
1 77
1 78
22 78
7 78
73 79
53 79
29 79
60 80
56 80
9 80
64 81
60 81
11 81
70 82
48 82
4 82
17 83
70 83
47 83
55 84
66 84
9 84
63 85
11 85
4 85
38 86
1 86
2 86
50 87
11 87
44 87
40 88
0 88
26 88
50 89
78 89
64 89
86 90
4 90
3 90
39 91
22 91
45 91
8 92
40 92
44 92
39 93
24 93
66 93
69 94
51 94
60 94
0 95
84 95
5 95
86 96
8 96
92 96
32 97
5 97
53 97
30 98
94 98
38 98
5 99
20 99
55 99
1 0
2 0
2 1
3 0
3 1
3 2
4 0
4 2
4 3
5 0
5 4
5 3
6 2
6 5
6 1
7 6
7 4
7 5
8 4
8 7
8 2
9 1
9 2
9 6
10 4
10 7
10 9
11 9
11 8
11 1
12 4
12 2
12 1
13 6
13 7
13 8
14 0
14 7
14 10
15 4
15 2
15 3
16 3
16 9
16 8
17 4
17 14
17 5
18 8
18 12
18 10
19 11
19 4
19 0
20 1
20 14
20 18
21 5
21 1
21 8
22 2
22 1
22 5
23 3
23 12
23 18
24 21
24 14
24 22
25 9
25 4
25 23
26 7
26 12
26 0
27 23
27 2
27 1
28 7
28 0
28 4
29 15
29 24
29 3
30 14
30 1
30 2
31 0
31 6
31 12
32 10
32 30
32 7
33 0
33 12
33 21
34 4
34 9
34 5
35 22
35 24
35 30
36 4
36 8
36 11
37 6
37 27
37 1
38 36
38 6
38 17
39 11
39 1
39 0
40 4
40 35
40 37
41 5
41 1
41 3
42 8
42 6
42 30
43 2
43 10
43 21
44 38
44 19
44 3
45 30
45 38
45 37
46 25
46 44
46 8
47 11
47 24
47 45
48 37
48 1
48 16
49 31
49 6
49 1
50 5
50 35
50 0
51 1
51 41
51 5
52 36
52 4
52 30
53 2
53 9
53 47
54 13
54 2
54 40
55 39
55 45
55 2
56 44
56 25
56 55
57 40
57 5
57 4
58 16
58 41
58 53
59 50
59 2
59 20
60 5
60 30
60 3
61 10
61 45
61 4
62 39
62 16
62 50
63 30
63 59
63 34
64 53
64 13
64 12
65 4
65 39
65 14
66 12
66 44
66 24
67 18
67 52
67 7
68 5
68 51
68 67
69 49
69 5
69 14
70 54
70 65
70 64
71 1
71 25
71 30
72 12
72 39
72 1
73 1
73 4
73 25
74 66
74 55
74 41
75 36
75 61
75 45
76 16
76 28
76 4
77 16
77 42
77 1
78 1
78 22
78 7
79 73
79 53
79 29
80 60
80 56
80 9
81 64
81 60
81 11
82 70
82 48
82 4
83 17
83 70
83 47
84 55
84 66
84 9
85 63
85 11
85 4
86 38
86 1
86 2
87 50
87 11
87 44
88 40
88 0
88 26
89 50
89 78
89 64
90 86
90 4
90 3
91 39
91 22
91 45
92 8
92 40
92 44
93 39
93 24
93 66
94 69
94 51
94 60
95 0
95 84
95 5
96 86
96 8
96 92
97 32
97 5
97 53
98 30
98 94
98 38
99 5
99 20
99 55
0 1 1 1 1 1 0 1 1 1 0 0 0 0 0 1 1 1 0 0 0 1 0 0 1 0 0 1 1 0 1 0 0 0 0 1 1 0 0 1 0 1 1 1 1 0 1 0 0 1 1 1 0 1 0 1 0 1 1 0 1 0 0 0 0 1 1 0 1 1 0 1 0 1 0 1 1 1 0 0 0 1 1 0 0 1 1 1 1 1 0 0 1 1 1 1 0 1 0 0
1 0 1 0 1 0 1 0 0 1 1 1 1 1 1 1 1 1 0 1 1 0 0 1 0 0 0 1 1 0 1 0 1 1 1 1 1 0 0 0 1 0 1 0 1 1 1 1 0 0 0 1 0 0 0 0 0 1 1 1 1 1 1 1 0 1 1 0 1 1 1 1 0 0 1 1 1 1 0 1 1 0 1 0 1 0 0 1 1 0 0 1 1 1 0 1 1 1 0 0
1 1 1 0 1 1 1 1 1 0 1 0 0 1 1 1 1 1 0 1 0 1 0 1 0 0 0 1 1 1 0 0 1 0 1 1 1 1 1 1 0 1 1 0 1 1 0 1 1 1 0 0 1 1 0 0 1 0 0 1 0 0 0 0 1 1 1 0 1 1 1 0 1 1 1 0 0 1 1 1 0 1 0 0 0 0 1 1 0 0 0 0 1 0 1 0 1 0 0 0
1 0 0 1 1 0 1 0 1 1 1 0 0 1 1 1 0 0 1 1 1 1 0 0 0 1 0 1 1 0 1 0 1 0 0 1 0 0 1 0 1 0 1 1 0 1 0 0 1 1 1 1 1 1 1 1 0 1 0 0 0 1 1 1 1 1 0 0 0 0 1 0 0 0 1 1 0 1 0 0 1 0 1 0 0 1 1 0 1 1 1 0 0 1 1 1 0 0 1 1
0 1 1 0 1 1 0 1 0 1 0 1 1 1 0 0 0 0 1 0 0 0 1 1 1 1 0 1 1 0 1 0 1 0 0 1 0 0 1 1 1 1 0 1 1 1 1 0 0 1 1 0 0 0 1 0 0 1 0 1 0 1 0 1 1 1 1 0 1 0 0 0 0 0 1 1 1 1 1 1 1 1 0 0 1 1 1 0 1 0 0 1 1 0 1 1 1 0 0 0