250 994 5
0 1
0 2
1 2
1 3
0 3
0 4
2 4
1 5
4 5
3 6
4 6
6 7
1 7
6 8
7 8
1 9
4 9
9 10
1 10
5 11
1 11
8 12
1 12
6 13
4 13
7 14
12 14
6 15
2 15
2 16
14 16
13 17
4 17
12 18
10 18
4 19
11 19
11 20
19 20
2 21
18 21
11 22
7 22
16 23
11 23
6 24
14 24
12 25
13 25
10 26
12 26
15 27
11 27
7 28
13 28
28 29
1 29
5 30
26 30
28 31
1 31
6 32
27 32
11 33
22 33
27 34
12 34
19 35
26 35
5 36
8 36
11 37
17 37
13 38
30 38
38 39
26 39
25 40
35 40
0 41
4 41
35 42
6 42
39 43
7 43
7 44
17 44
38 45
28 45
41 46
22 46
6 47
24 47
2 48
6 48
39 49
22 49
28 50
11 50
15 51
2 51
34 52
1 52
15 53
49 53
11 54
2 54
21 55
6 55
30 56
12 56
25 57
9 57
28 58
3 58
12 59
49 59
20 60
59 60
6 61
14 61
29 62
12 62
2 63
16 63
12 64
33 64
2 65
22 65
25 66
28 66
18 67
2 67
11 68
36 68
50 69
2 69
19 70
32 70
11 71
39 71
38 72
4 72
1 73
12 73
4 74
47 74
15 75
6 75
48 76
46 76
1 77
25 77
37 78
41 78
8 79
77 79
67 80
36 80
22 81
24 81
58 82
47 82
6 83
35 83
2 84
44 84
79 85
2 85
3 86
19 86
47 87
31 87
31 88
15 88
83 89
46 89
77 90
37 90
31 91
1 91
34 92
40 92
52 93
22 93
46 94
11 94
8 95
1 95
81 96
93 96
79 97
59 97
27 98
90 98
19 99
17 99
1 100
64 100
18 101
24 101
69 102
68 102
19 103
102 103
96 104
76 104
2 105
73 105
26 106
59 106
85 107
24 107
68 108
7 108
85 109
18 109
67 110
32 110
9 111
11 111
18 112
94 112
12 113
50 113
1 114
18 114
69 115
12 115
32 116
30 116
7 117
68 117
106 118
9 118
65 119
34 119
6 120
3 120
33 121
37 121
78 122
6 122
47 123
89 123
70 124
46 124
19 125
120 125
18 126
55 126
49 127
47 127
98 128
12 128
17 129
11 129
26 130
101 130
96 131
73 131
28 132
104 132
24 133
48 133
10 134
26 134
9 135
71 135
103 136
124 136
1 137
11 137
41 138
87 138
50 139
37 139
8 140
84 140
64 141
86 141
53 142
21 142
67 143
2 143
50 144
55 144
31 145
60 145
80 146
24 146
40 147
48 147
47 148
5 148
75 149
121 149
13 150
31 150
1 151
112 151
22 152
69 152
0 153
3 153
6 154
143 154
23 155
82 155
123 156
142 156
17 157
9 157
60 158
34 158
82 159
38 159
31 160
6 160
61 161
11 161
91 162
33 162
11 163
7 163
119 164
154 164
27 165
55 165
50 166
37 166
26 167
55 167
3 168
14 168
6 169
136 169
84 170
115 170
118 171
2 171
6 172
11 172
23 173
60 173
123 174
6 174
7 175
48 175
28 176
149 176
4 177
28 177
170 178
84 178
50 179
70 179
86 180
19 180
19 181
77 181
69 182
97 182
16 183
133 183
16 184
2 184
128 185
16 185
54 186
87 186
3 187
55 187
53 188
136 188
34 189
11 189
87 190
6 190
16 191
99 191
151 192
11 192
153 193
19 193
163 194
14 194
50 195
120 195
193 196
18 196
136 197
112 197
139 198
45 198
59 199
135 199
117 200
50 200
26 201
2 201
119 202
199 202
7 203
22 203
62 204
141 204
197 205
32 205
1 206
6 206
45 207
183 207
179 208
27 208
31 209
20 209
48 210
40 210
58 211
137 211
140 212
169 212
17 213
34 213
104 214
174 214
184 215
6 215
1 216
19 216
24 217
19 217
45 218
199 218
69 219
136 219
134 220
75 220
2 221
195 221
192 222
87 222
197 223
1 223
16 224
52 224
209 225
59 225
71 226
22 226
59 227
140 227
212 228
83 228
38 229
40 229
48 230
55 230
174 231
68 231
132 232
82 232
165 233
175 233
129 234
136 234
110 235
221 235
106 236
17 236
64 237
82 237
173 238
1 238
42 239
9 239
41 240
31 240
11 241
32 241
19 242
12 242
71 243
69 243
90 244
42 244
2 245
11 245
135 246
106 246
8 247
4 247
68 248
217 248
44 249
223 249
1 0
2 0
2 1
3 1
3 0
4 0
4 2
5 1
5 4
6 3
6 4
7 6
7 1
8 6
8 7
9 1
9 4
10 9
10 1
11 5
11 1
12 8
12 1
13 6
13 4
14 7
14 12
15 6
15 2
16 2
16 14
17 13
17 4
18 12
18 10
19 4
19 11
20 11
20 19
21 2
21 18
22 11
22 7
23 16
23 11
24 6
24 14
25 12
25 13
26 10
26 12
27 15
27 11
28 7
28 13
29 28
29 1
30 5
30 26
31 28
31 1
32 6
32 27
33 11
33 22
34 27
34 12
35 19
35 26
36 5
36 8
37 11
37 17
38 13
38 30
39 38
39 26
40 25
40 35
41 0
41 4
42 35
42 6
43 39
43 7
44 7
44 17
45 38
45 28
46 41
46 22
47 6
47 24
48 2
48 6
49 39
49 22
50 28
50 11
51 15
51 2
52 34
52 1
53 15
53 49
54 11
54 2
55 21
55 6
56 30
56 12
57 25
57 9
58 28
58 3
59 12
59 49
60 20
60 59
61 6
61 14
62 29
62 12
63 2
63 16
64 12
64 33
65 2
65 22
66 25
66 28
67 18
67 2
68 11
68 36
69 50
69 2
70 19
70 32
71 11
71 39
72 38
72 4
73 1
73 12
74 4
74 47
75 15
75 6
76 48
76 46
77 1
77 25
78 37
78 41
79 8
79 77
80 67
80 36
81 22
81 24
82 58
82 47
83 6
83 35
84 2
84 44
85 79
85 2
86 3
86 19
87 47
87 31
88 31
88 15
89 83
89 46
90 77
90 37
91 31
91 1
92 34
92 40
93 52
93 22
94 46
94 11
95 8
95 1
96 81
96 93
97 79
97 59
98 27
98 90
99 19
99 17
100 1
100 64
101 18
101 24
102 69
102 68
103 19
103 102
104 96
104 76
105 2
105 73
106 26
106 59
107 85
107 24
108 68
108 7
109 85
109 18
110 67
110 32
111 9
111 11
112 18
112 94
113 12
113 50
114 1
114 18
115 69
115 12
116 32
116 30
117 7
117 68
118 106
118 9
119 65
119 34
120 6
120 3
121 33
121 37
122 78
122 6
123 47
123 89
124 70
124 46
125 19
125 120
126 18
126 55
127 49
127 47
128 98
128 12
129 17
129 11
130 26
130 101
131 96
131 73
132 28
132 104
133 24
133 48
134 10
134 26
135 9
135 71
136 103
136 124
137 1
137 11
138 41
138 87
139 50
139 37
140 8
140 84
141 64
141 86
142 53
142 21
143 67
143 2
144 50
144 55
145 31
145 60
146 80
146 24
147 40
147 48
148 47
148 5
149 75
149 121
150 13
150 31
151 1
151 112
152 22
152 69
153 0
153 3
154 6
154 143
155 23
155 82
156 123
156 142
157 17
157 9
158 60
158 34
159 82
159 38
160 31
160 6
161 61
161 11
162 91
162 33
163 11
163 7
164 119
164 154
165 27
165 55
166 50
166 37
167 26
167 55
168 3
168 14
169 6
169 136
170 84
170 115
171 118
171 2
172 6
172 11
173 23
173 60
174 123
174 6
175 7
175 48
176 28
176 149
177 4
177 28
178 170
178 84
179 50
179 70
180 86
180 19
181 19
181 77
182 69
182 97
183 16
183 133
184 16
184 2
185 128
185 16
186 54
186 87
187 3
187 55
188 53
188 136
189 34
189 11
190 87
190 6
191 16
191 99
192 151
192 11
193 153
193 19
194 163
194 14
195 50
195 120
196 193
196 18
197 136
197 112
198 139
198 45
199 59
199 135
200 117
200 50
201 26
201 2
202 119
202 199
203 7
203 22
204 62
204 141
205 197
205 32
206 1
206 6
207 45
207 183
208 179
208 27
209 31
209 20
210 48
210 40
211 58
211 137
212 140
212 169
213 17
213 34
214 104
214 174
215 184
215 6
216 1
216 19
217 24
217 19
218 45
218 199
219 69
219 136
220 134
220 75
221 2
221 195
222 192
222 87
223 197
223 1
224 16
224 52
225 209
225 59
226 71
226 22
227 59
227 140
228 212
228 83
229 38
229 40
230 48
230 55
231 174
231 68
232 132
232 82
233 165
233 175
234 129
234 136
235 110
235 221
236 106
236 17
237 64
237 82
238 173
238 1
239 42
239 9
240 41
240 31
241 11
241 32
242 19
242 12
243 71
243 69
244 90
244 42
245 2
245 11
246 135
246 106
247 8
247 4
248 68
248 217
249 44
249 223
1 0 1 0 1 0 0 1 0 0 1 0 1 1 1 0 0 1 0 1 1 0 1 1 0 1 1 1 0 1 0 1 0 0 0 0 0 1 1 1 1 1 1 1 0 1 0 1 0 0 0 1 1 1 0 0 0 1 0 0 1 0 0 0 1 0 0 0 1 1 0 0 1 0 1 1 0 1 1 0 0 0 0 0 0 1 1 1 1 1 0 0 0 0 0 1 1 0 0 0 0 1 1 1 1 0 0 1 1 0 0 0 0 1 1 1 0 0 1 1 0 0 0 1 1 1 0 1 0 0 0 0 0 0 1 0 1 0 0 1 1 1 0 1 0 0 0 0 1 0 1 0 1 0 0 0 1 1 1 0 1 0 0 0 1 1 0 0 1 1 0 0 1 0 1 1 0 0 0 0 0 1 0 0 1 1 1 1 0 0 0 0 1 0 1 1 0 0 1 0 0 0 0 0 0 0 1 1 1 0 0 1 1 0 1 0 1 1 1 1 0 0 0 1 1 0 1 0 1 1 0 1 1 1 1 0 0 0 1 0 1 1 0 0 0 1 0 0 1 0
1 0 0 0 1 0 1 0 1 1 0 1 0 1 1 0 0 1 1 1 1 1 0 0 0 0 1 1 1 0 0 0 0 0 1 1 0 0 1 1 0 1 0 0 0 0 0 0 0 1 0 1 1 0 1 0 1 1 0 0 0 1 0 1 1 0 1 0 0 1 1 1 1 1 0 0 1 0 1 0 1 1 0 0 1 0 0 0 1 1 1 0 1 0 1 0 0 0 1 1 1 0 1 0 1 0 1 1 1 0 0 1 1 0 1 0 1 1 0 1 0 1 1 0 0 1 0 1 1 1 0 0 1 1 1 1 0 1 0 0 0 1 0 1 1 0 0 1 0 1 1 1 0 0 1 1 1 0 0 0 0 1 1 1 0 0 1 1 1 0 1 1 1 0 0 1 1 1 0 0 0 0 0 0 1 1 0 1 0 0 1 1 1 1 1 0 0 1 1 0 0 1 0 0 0 0 0 0 1 1 0 0 0 1 0 1 0 1 0 1 1 1 1 1 1 1 1 0 0 1 1 0 0 1 1 1 0 1 1 0 0 0 0 0 0 0 1 0 0 1
0 1 0 1 1 1 0 1 1 0 1 0 1 1 0 0 0 1 1 1 0 1 1 1 1 0 0 0 0 1 1 0 0 1 0 1 1 1 1 0 0 0 0 1 1 1 1 0 0 1 0 0 0 1 0 0 1 1 1 0 0 0 0 0 0 0 0 0 0 1 1 0 0 0 1 1 1 0 0 1 0 0 1 1 1 0 1 1 0 1 1 1 1 1 1 0 1 0 0 1 0 1 0 0 0 0 1 0 0 0 0 1 1 1 1 0 1 1 0 0 1 1 1 1 0 0 1 1 1 1 0 0 0 1 0 1 1 0 0 0 1 0 1 1 1 1 1 1 0 0 1 0 0 0 1 0 1 0 1 0 0 1 0 1 0 0 1 0 0 0 0 0 1 1 0 1 0 1 1 0 1 1 0 1 0 0 1 0 1 0 0 0 1 1 0 1 0 0 0 1 1 1 1 1 0 0 0 1 1 0 0 0 0 0 0 1 0 0 1 0 0 1 1 1 1 1 0 1 0 0 1 0 0 1 1 0 0 1 1 1 1 1 0 0 1 0 1 0 1 0
1 0 0 0 1 1 0 0 1 1 1 0 1 0 1 1 1 1 0 1 1 0 1 0 0 1 0 0 1 1 1 0 1 0 0 0 0 0 1 1 1 1 0 1 0 1 1 0 0 1 0 1 1 0 0 1 0 1 0 0 0 1 1 1 1 0 1 0 1 0 1 0 0 1 0 0 1 1 0 0 0 0 1 0 0 0 0 0 1 0 1 1 1 0 1 0 1 0 0 0 0 0 1 0 1 1 1 1 0 0 1 1 1 0 0 0 1 0 1 0 0 0 1 0 1 1 1 0 1 0 0 1 1 0 1 1 1 0 0 0 1 0 0 0 1 0 1 1 1 0 1 0 1 1 0 0 0 0 0 1 1 0 0 1 0 0 1 1 1 1 1 1 0 0 0 1 1 0 0 0 1 0 1 1 0 0 1 1 1 0 1 0 1 1 1 0 0 1 0 1 1 0 0 1 1 1 0 1 0 0 1 1 0 1 0 0 0 1 0 1 1 0 0 0 1 0 0 1 0 1 0 1 0 1 1 1 1 0 1 1 1 0 1 1 0 0 1 0 1 0
1 1 0 0 0 1 1 0 1 1 0 1 1 1 0 1 0 0 1 0 0 1 1 1 0 0 0 1 1 1 1 0 0 0 0 0 1 0 0 1 0 0 1 0 0 0 1 0 1 0 0 1 0 1 1 0 0 0 0 1 0 0 1 1 1 0 0 0 0 0 0 1 0 0 1 1 1 0 0 1 1 0 0 1 1 0 1 0 0 0 0 1 1 0 1 0 0 1 0 0 0 1 0 1 0 0 0 1 1 0 1 0 1 1 0 1 0 0 1 0 0 1 1 0 1 1 1 0 1 1 1 0 1 1 0 1 1 0 0 0 0 1 1 0 1 1 1 1 1 1 1 0 0 0 0 1 1 0 1 1 0 1 0 0 1 1 0 1 0 1 1 1 0 0 1 0 0 0 1 1 1 1 1 1 1 1 0 0 1 0 0 0 0 1 0 0 1 1 0 0 0 0 1 1 1 1 0 1 0 0 1 0 0 1 1 0 1 0 1 1 1 0 0 1 1 0 0 0 0 0 0 0 1 1 1 1 0 0 1 0 0 0 0 0 1 0 1 0 1 1