100 780 5
0 1
0 2
1 2
0 3
1 3
2 3
0 4
1 4
2 4
3 4
1 5
3 5
0 5
2 5
5 6
0 6
4 6
1 6
4 7
5 7
3 7
6 7
0 8
4 8
5 8
3 8
4 9
1 9
3 9
2 9
8 10
2 10
3 10
0 10
5 11
6 11
2 11
1 11
1 12
8 12
11 12
3 12
6 13
2 13
3 13
7 13
3 14
4 14
12 14
8 14
12 15
4 15
0 15
11 15
0 16
6 16
4 16
3 16
2 17
1 17
13 17
11 17
11 18
1 18
4 18
13 18
0 19
7 19
18 19
12 19
8 20
4 20
13 20
10 20
7 21
3 21
4 21
18 21
4 22
3 22
11 22
1 22
14 23
3 23
22 23
8 23
10 24
14 24
11 24
3 24
22 25
12 25
11 25
14 25
16 26
8 26
13 26
18 26
20 27
23 27
4 27
6 27
18 28
20 28
13 28
7 28
16 29
7 29
21 29
8 29
12 30
15 30
11 30
8 30
14 31
8 31
4 31
22 31
2 32
16 32
11 32
14 32
31 33
1 33
3 33
7 33
14 34
18 34
3 34
33 34
9 35
26 35
14 35
11 35
0 36
19 36
26 36
6 36
6 37
1 37
19 37
16 37
3 38
13 38
32 38
27 38
11 39
18 39
17 39
35 39
1 40
18 40
29 40
0 40
37 41
7 41
14 41
33 41
0 42
20 42
8 42
37 42
19 43
6 43
8 43
20 43
30 44
20 44
19 44
41 44
35 45
6 45
1 45
12 45
2 46
16 46
13 46
3 46
4 47
12 47
28 47
46 47
2 48
27 48
39 48
6 48
37 49
3 49
8 49
36 49
20 50
12 50
8 50
22 50
5 51
11 51
4 51
19 51
14 52
46 52
4 52
22 52
14 53
7 53
1 53
10 53
3 54
7 54
11 54
20 54
13 55
16 55
39 55
6 55
33 56
13 56
37 56
30 56
41 57
24 57
1 57
46 57
6 58
1 58
22 58
27 58
30 59
57 59
26 59
14 59
24 60
15 60
29 60
17 60
27 61
38 61
6 61
24 61
12 62
47 62
45 62
9 62
14 63
54 63
22 63
19 63
23 64
0 64
3 64
26 64
45 65
22 65
11 65
25 65
30 66
41 66
4 66
2 66
17 67
39 67
12 67
33 67
1 68
28 68
27 68
12 68
11 69
66 69
44 69
12 69
6 70
15 70
0 70
39 70
68 71
19 71
17 71
13 71
21 72
3 72
10 72
27 72
19 73
57 73
11 73
62 73
36 74
33 74
13 74
52 74
62 75
0 75
14 75
1 75
72 76
36 76
27 76
38 76
18 77
43 77
36 77
76 77
13 78
24 78
69 78
21 78
4 79
63 79
47 79
23 79
8 80
4 80
44 80
14 80
68 81
23 81
22 81
56 81
39 82
8 82
26 82
76 82
81 83
70 83
33 83
31 83
19 84
4 84
7 84
20 84
4 85
34 85
37 85
3 85
77 86
12 86
20 86
31 86
56 87
24 87
27 87
6 87
75 88
13 88
1 88
27 88
44 89
6 89
86 89
43 89
67 90
38 90
1 90
20 90
13 91
3 91
11 91
2 91
3 92
76 92
72 92
41 92
26 93
31 93
0 93
1 93
10 94
22 94
75 94
21 94
48 95
13 95
4 95
6 95
32 96
30 96
73 96
64 96
49 97
58 97
41 97
56 97
56 98
41 98
10 98
15 98
33 99
6 99
5 99
63 99
1 0
2 0
2 1
3 0
3 1
3 2
4 0
4 1
4 2
4 3
5 1
5 3
5 0
5 2
6 5
6 0
6 4
6 1
7 4
7 5
7 3
7 6
8 0
8 4
8 5
8 3
9 4
9 1
9 3
9 2
10 8
10 2
10 3
10 0
11 5
11 6
11 2
11 1
12 1
12 8
12 11
12 3
13 6
13 2
13 3
13 7
14 3
14 4
14 12
14 8
15 12
15 4
15 0
15 11
16 0
16 6
16 4
16 3
17 2
17 1
17 13
17 11
18 11
18 1
18 4
18 13
19 0
19 7
19 18
19 12
20 8
20 4
20 13
20 10
21 7
21 3
21 4
21 18
22 4
22 3
22 11
22 1
23 14
23 3
23 22
23 8
24 10
24 14
24 11
24 3
25 22
25 12
25 11
25 14
26 16
26 8
26 13
26 18
27 20
27 23
27 4
27 6
28 18
28 20
28 13
28 7
29 16
29 7
29 21
29 8
30 12
30 15
30 11
30 8
31 14
31 8
31 4
31 22
32 2
32 16
32 11
32 14
33 31
33 1
33 3
33 7
34 14
34 18
34 3
34 33
35 9
35 26
35 14
35 11
36 0
36 19
36 26
36 6
37 6
37 1
37 19
37 16
38 3
38 13
38 32
38 27
39 11
39 18
39 17
39 35
40 1
40 18
40 29
40 0
41 37
41 7
41 14
41 33
42 0
42 20
42 8
42 37
43 19
43 6
43 8
43 20
44 30
44 20
44 19
44 41
45 35
45 6
45 1
45 12
46 2
46 16
46 13
46 3
47 4
47 12
47 28
47 46
48 2
48 27
48 39
48 6
49 37
49 3
49 8
49 36
50 20
50 12
50 8
50 22
51 5
51 11
51 4
51 19
52 14
52 46
52 4
52 22
53 14
53 7
53 1
53 10
54 3
54 7
54 11
54 20
55 13
55 16
55 39
55 6
56 33
56 13
56 37
56 30
57 41
57 24
57 1
57 46
58 6
58 1
58 22
58 27
59 30
59 57
59 26
59 14
60 24
60 15
60 29
60 17
61 27
61 38
61 6
61 24
62 12
62 47
62 45
62 9
63 14
63 54
63 22
63 19
64 23
64 0
64 3
64 26
65 45
65 22
65 11
65 25
66 30
66 41
66 4
66 2
67 17
67 39
67 12
67 33
68 1
68 28
68 27
68 12
69 11
69 66
69 44
69 12
70 6
70 15
70 0
70 39
71 68
71 19
71 17
71 13
72 21
72 3
72 10
72 27
73 19
73 57
73 11
73 62
74 36
74 33
74 13
74 52
75 62
75 0
75 14
75 1
76 72
76 36
76 27
76 38
77 18
77 43
77 36
77 76
78 13
78 24
78 69
78 21
79 4
79 63
79 47
79 23
80 8
80 4
80 44
80 14
81 68
81 23
81 22
81 56
82 39
82 8
82 26
82 76
83 81
83 70
83 33
83 31
84 19
84 4
84 7
84 20
85 4
85 34
85 37
85 3
86 77
86 12
86 20
86 31
87 56
87 24
87 27
87 6
88 75
88 13
88 1
88 27
89 44
89 6
89 86
89 43
90 67
90 38
90 1
90 20
91 13
91 3
91 11
91 2
92 3
92 76
92 72
92 41
93 26
93 31
93 0
93 1
94 10
94 22
94 75
94 21
95 48
95 13
95 4
95 6
96 32
96 30
96 73
96 64
97 49
97 58
97 41
97 56
98 56
98 41
98 10
98 15
99 33
99 6
99 5
99 63
0 0 0 1 1 1 0 0 1 0 1 1 0 1 0 1 0 1 1 1 0 1 0 0 1 0 0 0 0 0 0 0 1 1 0 0 1 1 0 0 0 1 0 1 1 0 0 1 0 1 1 1 1 0 1 0 1 1 1 1 1 1 0 1 1 1 0 0 0 1 0 0 0 0 0 1 1 1 0 0 1 0 1 1 1 1 1 1 1 0 0 0 0 1 0 0 0 0 1 1
1 1 1 0 1 0 0 0 1 1 0 0 1 1 0 1 0 1 0 1 0 1 0 1 0 0 0 0 1 1 0 0 0 0 1 0 1 1 0 1 1 0 0 1 1 0 0 0 1 1 1 1 1 0 0 0 0 1 0 0 1 1 1 1 0 1 1 1 1 0 0 1 0 1 1 1 0 0 0 0 1 0 0 0 0 0 1 0 0 0 1 1 0 1 1 1 0 1 0 1
0 0 1 1 0 0 0 1 0 1 1 1 0 1 1 0 0 0 0 0 1 1 0 1 1 0 1 0 1 1 0 1 1 0 1 0 1 1 1 1 1 1 1 0 1 1 0 1 1 0 1 0 0 1 1 0 1 0 0 1 1 1 0 1 1 1 0 0 1 1 0 0 1 1 1 1 1 0 1 1 0 1 1 1 1 1 1 1 0 0 0 0 1 1 1 1 1 0 0 1
1 0 0 0 1 0 1 1 0 1 0 1 1 0 0 0 1 1 0 0 0 1 0 1 0 0 1 1 1 0 0 1 0 0 1 0 1 1 1 1 0 0 1 0 0 0 0 0 1 0 0 0 0 1 0 1 1 0 0 0 0 0 0 1 0 1 0 1 1 1 1 0 0 1 0 1 1 1 1 0 0 1 1 1 1 1 0 1 1 1 0 0 1 0 0 1 1 1 1 1
1 0 1 1 0 1 1 1 0 0 1 0 1 1 1 0 0 1 0 0 0 1 0 1 1 1 0 0 0 0 1 1 1 1 0 0 1 0 0 0 1 0 0 1 0 0 1 0 1 0 0 1 1 1 1 0 1 1 1 0 0 0 1 0 1 0 0 1 0 1 1 1 0 0 1 0 0 1 0 1 1 0 0 0 1 0 0 1 1 1 1 1 1 0 0 1 0 0 1 0