50 288 5
0 1
0 2
1 2
0 3
1 3
2 3
3 4
2 4
0 4
3 5
2 5
0 5
1 6
4 6
5 6
3 7
2 7
1 7
6 8
0 8
3 8
5 9
2 9
4 9
4 10
0 10
5 10
2 11
5 11
0 11
4 12
3 12
8 12
4 13
5 13
11 13
11 14
6 14
3 14
7 15
11 15
10 15
0 16
8 16
6 16
3 17
4 17
0 17
5 18
14 18
8 18
3 19
7 19
12 19
7 20
17 20
3 20
2 21
3 21
16 21
3 22
0 22
10 22
20 23
5 23
18 23
3 24
13 24
11 24
2 25
24 25
21 25
25 26
17 26
8 26
17 27
2 27
11 27
0 28
7 28
20 28
2 29
4 29
6 29
6 30
0 30
7 30
18 31
4 31
6 31
18 32
27 32
5 32
6 33
20 33
27 33
4 34
17 34
15 34
5 35
26 35
25 35
32 36
2 36
9 36
7 37
6 37
17 37
3 38
30 38
15 38
0 39
29 39
3 39
26 40
16 40
21 40
11 41
7 41
8 41
11 42
7 42
24 42
18 43
25 43
4 43
16 44
6 44
27 44
2 45
16 45
40 45
3 46
0 46
10 46
13 47
38 47
6 47
0 48
46 48
18 48
5 49
48 49
3 49
1 0
2 0
2 1
3 0
3 1
3 2
4 3
4 2
4 0
5 3
5 2
5 0
6 1
6 4
6 5
7 3
7 2
7 1
8 6
8 0
8 3
9 5
9 2
9 4
10 4
10 0
10 5
11 2
11 5
11 0
12 4
12 3
12 8
13 4
13 5
13 11
14 11
14 6
14 3
15 7
15 11
15 10
16 0
16 8
16 6
17 3
17 4
17 0
18 5
18 14
18 8
19 3
19 7
19 12
20 7
20 17
20 3
21 2
21 3
21 16
22 3
22 0
22 10
23 20
23 5
23 18
24 3
24 13
24 11
25 2
25 24
25 21
26 25
26 17
26 8
27 17
27 2
27 11
28 0
28 7
28 20
29 2
29 4
29 6
30 6
30 0
30 7
31 18
31 4
31 6
32 18
32 27
32 5
33 6
33 20
33 27
34 4
34 17
34 15
35 5
35 26
35 25
36 32
36 2
36 9
37 7
37 6
37 17
38 3
38 30
38 15
39 0
39 29
39 3
40 26
40 16
40 21
41 11
41 7
41 8
42 11
42 7
42 24
43 18
43 25
43 4
44 16
44 6
44 27
45 2
45 16
45 40
46 3
46 0
46 10
47 13
47 38
47 6
48 0
48 46
48 18
49 5
49 48
49 3
0 1 0 0 0 0 1 0 1 0 1 0 1 0 1 0 1 0 0 0 1 1 0 1 0 0 1 1 0 0 0 0 0 1 0 1 0 1 0 0 1 0 0 1 0 0 0 0 1 1
1 0 1 0 1 1 1 1 0 0 1 1 1 1 0 0 1 0 0 1 0 0 1 0 0 1 0 0 0 1 1 1 0 1 0 1 1 1 1 0 0 0 0 0 1 1 1 1 1 0
1 1 0 0 1 0 0 1 0 1 0 1 0 1 0 0 1 0 0 1 0 0 0 0 1 0 0 0 1 1 1 1 1 0 1 1 1 0 0 1 0 0 1 0 1 0 0 0 0 0
1 0 0 1 1 1 0 0 1 1 1 0 0 0 0 0 0 1 0 1 1 1 0 1 1 0 0 0 1 1 1 0 0 1 1 0 0 1 0 0 0 1 1 1 0 1 0 0 0 0
0 0 1 1 1 1 0 0 0 0 0 1 1 1 1 1 0 0 0 0 1 1 1 0 0 0 1 1 1 1 0 0 0 0 0 1 0 1 0 1 0 0 1 0 1 1 1 1 0 0