250 1980 5
0 1
0 2
1 2
0 3
1 3
2 3
0 4
1 4
2 4
3 4
0 5
1 5
2 5
3 5
0 6
1 6
3 6
5 6
2 7
1 7
0 7
4 7
7 8
4 8
1 8
5 8
8 9
4 9
3 9
6 9
1 10
0 10
7 10
2 10
7 11
1 11
9 11
8 11
3 12
0 12
9 12
2 12
0 13
12 13
2 13
4 13
3 14
8 14
4 14
1 14
1 15
2 15
10 15
7 15
9 16
3 16
14 16
4 16
9 17
7 17
11 17
0 17
0 18
3 18
7 18
1 18
3 19
1 19
9 19
7 19
18 20
1 20
5 20
2 20
1 21
11 21
7 21
2 21
21 22
2 22
12 22
1 22
1 23
6 23
18 23
0 23
19 24
21 24
20 24
0 24
0 25
6 25
18 25
8 25
10 26
0 26
20 26
11 26
0 27
7 27
8 27
10 27
11 28
5 28
1 28
21 28
2 29
1 29
0 29
8 29
1 30
18 30
20 30
23 30
13 31
19 31
1 31
2 31
8 32
26 32
19 32
1 32
11 33
2 33
14 33
21 33
33 34
31 34
29 34
12 34
21 35
26 35
27 35
2 35
19 36
31 36
2 36
3 36
18 37
7 37
12 37
27 37
8 38
10 38
6 38
32 38
16 39
8 39
28 39
1 39
9 40
6 40
13 40
3 40
0 41
7 41
19 41
10 41
0 42
9 42
35 42
11 42
24 43
6 43
1 43
30 43
32 44
33 44
19 44
20 44
21 45
27 45
39 45
1 45
3 46
15 46
0 46
45 46
10 47
9 47
18 47
19 47
8 48
9 48
47 48
22 48
30 49
16 49
48 49
14 49
7 50
4 50
10 50
1 50
33 51
39 51
12 51
27 51
21 52
7 52
8 52
1 52
11 53
34 53
1 53
38 53
22 54
34 54
38 54
2 54
4 55
5 55
19 55
1 55
10 56
22 56
16 56
2 56
20 57
9 57
49 57
36 57
55 58
28 58
45 58
4 58
7 59
30 59
38 59
31 59
20 60
11 60
40 60
45 60
0 61
19 61
22 61
41 61
52 62
22 62
36 62
2 62
3 63
8 63
24 63
2 63
29 64
51 64
1 64
16 64
8 65
22 65
58 65
2 65
16 66
2 66
46 66
55 66
11 67
9 67
2 67
43 67
48 68
62 68
52 68
5 68
2 69
58 69
15 69
6 69
32 70
9 70
7 70
31 70
58 71
38 71
16 71
1 71
47 72
10 72
68 72
30 72
15 73
34 73
11 73
6 73
16 74
43 74
52 74
29 74
10 75
51 75
68 75
74 75
29 76
62 76
30 76
32 76
1 77
10 77
45 77
39 77
16 78
24 78
2 78
30 78
10 79
11 79
52 79
51 79
1 80
32 80
19 80
8 80
79 81
1 81
4 81
41 81
22 82
56 82
14 82
18 82
42 83
14 83
5 83
8 83
1 84
22 84
9 84
19 84
3 85
38 85
52 85
15 85
68 86
61 86
40 86
51 86
25 87
24 87
0 87
10 87
16 88
74 88
18 88
72 88
82 89
34 89
22 89
86 89
24 90
37 90
0 90
21 90
70 91
58 91
18 91
69 91
21 92
18 92
6 92
72 92
3 93
12 93
52 93
10 93
25 94
80 94
38 94
3 94
94 95
65 95
3 95
88 95
80 96
52 96
62 96
27 96
2 97
48 97
58 97
32 97
94 98
4 98
10 98
21 98
30 99
2 99
29 99
8 99
19 100
30 100
41 100
58 100
27 101
74 101
19 101
10 101
82 102
100 102
80 102
91 102
32 103
33 103
12 103
45 103
55 104
90 104
17 104
22 104
7 105
1 105
5 105
22 105
7 106
5 106
102 106
72 106
90 107
31 107
21 107
3 107
68 108
97 108
86 108
50 108
41 109
44 109
101 109
82 109
0 110
18 110
34 110
4 110
36 111
22 111
3 111
10 111
40 112
90 112
26 112
99 112
24 113
92 113
0 113
55 113
1 114
12 114
10 114
6 114
0 115
26 115
2 115
4 115
28 116
69 116
114 116
26 116
83 117
8 117
41 117
86 117
21 118
9 118
51 118
34 118
37 119
1 119
56 119
19 119
22 120
34 120
11 120
19 120
8 121
78 121
27 121
99 121
21 122
76 122
24 122
40 122
18 123
48 123
105 123
85 123
86 124
100 124
104 124
3 124
24 125
34 125
32 125
58 125
94 126
124 126
72 126
1 126
2 127
33 127
52 127
122 127
2 128
62 128
3 128
16 128
70 129
83 129
68 129
7 129
69 130
43 130
78 130
2 130
52 131
31 131
15 131
19 131
80 132
29 132
19 132
50 132
64 133
114 133
45 133
15 133
2 134
57 134
34 134
0 134
118 135
132 135
25 135
91 135
77 136
1 136
116 136
37 136
37 137
34 137
21 137
115 137
3 138
10 138
16 138
31 138
0 139
51 139
2 139
120 139
135 140
52 140
25 140
1 140
15 141
12 141
7 141
1 141
129 142
107 142
9 142
135 142
125 143
39 143
130 143
22 143
139 144
41 144
117 144
121 144
75 145
38 145
57 145
10 145
19 146
101 146
48 146
3 146
60 147
124 147
107 147
35 147
13 148
47 148
85 148
17 148
134 149
1 149
7 149
133 149
115 150
105 150
1 150
109 150
22 151
76 151
71 151
88 151
1 152
114 152
21 152
133 152
1 153
3 153
61 153
106 153
101 154
8 154
133 154
45 154
23 155
48 155
1 155
94 155
6 156
155 156
133 156
153 156
150 157
31 157
1 157
119 157
155 158
19 158
2 158
57 158
85 159
66 159
119 159
68 159
5 160
10 160
143 160
1 160
141 161
77 161
6 161
36 161
36 162
30 162
9 162
107 162
34 163
21 163
35 163
10 163
4 164
69 164
115 164
0 164
59 165
22 165
1 165
61 165
12 166
34 166
35 166
48 166
0 167
63 167
86 167
79 167
20 168
166 168
73 168
90 168
71 169
41 169
83 169
48 169
1 170
50 170
3 170
102 170
28 171
81 171
8 171
83 171
119 172
123 172
55 172
2 172
6 173
122 173
38 173
62 173
9 174
26 174
35 174
0 174
35 175
152 175
170 175
19 175
1 176
2 176
5 176
39 176
69 177
130 177
133 177
123 177
8 178
9 178
158 178
153 178
11 179
30 179
15 179
12 179
21 180
23 180
0 180
29 180
81 181
79 181
179 181
1 181
100 182
55 182
133 182
70 182
20 183
120 183
1 183
135 183
22 184
0 184
176 184
105 184
26 185
138 185
18 185
72 185
82 186
169 186
122 186
30 186
59 187
166 187
91 187
107 187
2 188
4 188
139 188
46 188
21 189
55 189
150 189
105 189
118 190
9 190
28 190
184 190
107 191
121 191
52 191
24 191
15 192
1 192
0 192
9 192
189 193
119 193
48 193
0 193
128 194
185 194
9 194
35 194
9 195
16 195
56 195
21 195
34 196
89 196
131 196
114 196
83 197
93 197
2 197
34 197
173 198
121 198
65 198
29 198
153 199
135 199
31 199
138 199
17 200
1 200
35 200
30 200
1 201
2 201
86 201
25 201
123 202
19 202
22 202
4 202
163 203
31 203
77 203
30 203
107 204
61 204
32 204
22 204
120 205
156 205
2 205
169 205
82 206
43 206
28 206
112 206
101 207
30 207
1 207
189 207
7 208
116 208
165 208
13 208
37 209
147 209
32 209
152 209
1 210
72 210
79 210
137 210
38 211
89 211
6 211
8 211
189 212
5 212
21 212
37 212
9 213
90 213
48 213
94 213
144 214
197 214
156 214
23 214
161 215
99 215
7 215
165 215
110 216
137 216
145 216
194 216
35 217
8 217
29 217
93 217
4 218
152 218
202 218
17 218
9 219
84 219
109 219
119 219
178 220
41 220
55 220
89 220
12 221
185 221
205 221
119 221
19 222
7 222
21 222
12 222
23 223
0 223
159 223
2 223
176 224
46 224
3 224
25 224
61 225
159 225
16 225
23 225
38 226
222 226
1 226
26 226
35 227
32 227
84 227
86 227
219 228
0 228
21 228
1 228
100 229
5 229
10 229
92 229
153 230
9 230
56 230
172 230
149 231
54 231
94 231
55 231
28 232
43 232
193 232
10 232
18 233
120 233
56 233
35 233
161 234
194 234
222 234
226 234
94 235
55 235
3 235
35 235
213 236
6 236
173 236
1 236
140 237
11 237
33 237
173 237
19 238
57 238
16 238
28 238
15 239
1 239
100 239
210 239
31 240
25 240
38 240
26 240
85 241
60 241
69 241
35 241
100 242
0 242
52 242
193 242
85 243
226 243
237 243
124 243
98 244
8 244
210 244
55 244
206 245
90 245
37 245
104 245
85 246
37 246
175 246
196 246
37 247
86 247
4 247
3 247
158 248
11 248
185 248
180 248
35 249
150 249
104 249
45 249
1 0
2 0
2 1
3 0
3 1
3 2
4 0
4 1
4 2
4 3
5 0
5 1
5 2
5 3
6 0
6 1
6 3
6 5
7 2
7 1
7 0
7 4
8 7
8 4
8 1
8 5
9 8
9 4
9 3
9 6
10 1
10 0
10 7
10 2
11 7
11 1
11 9
11 8
12 3
12 0
12 9
12 2
13 0
13 12
13 2
13 4
14 3
14 8
14 4
14 1
15 1
15 2
15 10
15 7
16 9
16 3
16 14
16 4
17 9
17 7
17 11
17 0
18 0
18 3
18 7
18 1
19 3
19 1
19 9
19 7
20 18
20 1
20 5
20 2
21 1
21 11
21 7
21 2
22 21
22 2
22 12
22 1
23 1
23 6
23 18
23 0
24 19
24 21
24 20
24 0
25 0
25 6
25 18
25 8
26 10
26 0
26 20
26 11
27 0
27 7
27 8
27 10
28 11
28 5
28 1
28 21
29 2
29 1
29 0
29 8
30 1
30 18
30 20
30 23
31 13
31 19
31 1
31 2
32 8
32 26
32 19
32 1
33 11
33 2
33 14
33 21
34 33
34 31
34 29
34 12
35 21
35 26
35 27
35 2
36 19
36 31
36 2
36 3
37 18
37 7
37 12
37 27
38 8
38 10
38 6
38 32
39 16
39 8
39 28
39 1
40 9
40 6
40 13
40 3
41 0
41 7
41 19
41 10
42 0
42 9
42 35
42 11
43 24
43 6
43 1
43 30
44 32
44 33
44 19
44 20
45 21
45 27
45 39
45 1
46 3
46 15
46 0
46 45
47 10
47 9
47 18
47 19
48 8
48 9
48 47
48 22
49 30
49 16
49 48
49 14
50 7
50 4
50 10
50 1
51 33
51 39
51 12
51 27
52 21
52 7
52 8
52 1
53 11
53 34
53 1
53 38
54 22
54 34
54 38
54 2
55 4
55 5
55 19
55 1
56 10
56 22
56 16
56 2
57 20
57 9
57 49
57 36
58 55
58 28
58 45
58 4
59 7
59 30
59 38
59 31
60 20
60 11
60 40
60 45
61 0
61 19
61 22
61 41
62 52
62 22
62 36
62 2
63 3
63 8
63 24
63 2
64 29
64 51
64 1
64 16
65 8
65 22
65 58
65 2
66 16
66 2
66 46
66 55
67 11
67 9
67 2
67 43
68 48
68 62
68 52
68 5
69 2
69 58
69 15
69 6
70 32
70 9
70 7
70 31
71 58
71 38
71 16
71 1
72 47
72 10
72 68
72 30
73 15
73 34
73 11
73 6
74 16
74 43
74 52
74 29
75 10
75 51
75 68
75 74
76 29
76 62
76 30
76 32
77 1
77 10
77 45
77 39
78 16
78 24
78 2
78 30
79 10
79 11
79 52
79 51
80 1
80 32
80 19
80 8
81 79
81 1
81 4
81 41
82 22
82 56
82 14
82 18
83 42
83 14
83 5
83 8
84 1
84 22
84 9
84 19
85 3
85 38
85 52
85 15
86 68
86 61
86 40
86 51
87 25
87 24
87 0
87 10
88 16
88 74
88 18
88 72
89 82
89 34
89 22
89 86
90 24
90 37
90 0
90 21
91 70
91 58
91 18
91 69
92 21
92 18
92 6
92 72
93 3
93 12
93 52
93 10
94 25
94 80
94 38
94 3
95 94
95 65
95 3
95 88
96 80
96 52
96 62
96 27
97 2
97 48
97 58
97 32
98 94
98 4
98 10
98 21
99 30
99 2
99 29
99 8
100 19
100 30
100 41
100 58
101 27
101 74
101 19
101 10
102 82
102 100
102 80
102 91
103 32
103 33
103 12
103 45
104 55
104 90
104 17
104 22
105 7
105 1
105 5
105 22
106 7
106 5
106 102
106 72
107 90
107 31
107 21
107 3
108 68
108 97
108 86
108 50
109 41
109 44
109 101
109 82
110 0
110 18
110 34
110 4
111 36
111 22
111 3
111 10
112 40
112 90
112 26
112 99
113 24
113 92
113 0
113 55
114 1
114 12
114 10
114 6
115 0
115 26
115 2
115 4
116 28
116 69
116 114
116 26
117 83
117 8
117 41
117 86
118 21
118 9
118 51
118 34
119 37
119 1
119 56
119 19
120 22
120 34
120 11
120 19
121 8
121 78
121 27
121 99
122 21
122 76
122 24
122 40
123 18
123 48
123 105
123 85
124 86
124 100
124 104
124 3
125 24
125 34
125 32
125 58
126 94
126 124
126 72
126 1
127 2
127 33
127 52
127 122
128 2
128 62
128 3
128 16
129 70
129 83
129 68
129 7
130 69
130 43
130 78
130 2
131 52
131 31
131 15
131 19
132 80
132 29
132 19
132 50
133 64
133 114
133 45
133 15
134 2
134 57
134 34
134 0
135 118
135 132
135 25
135 91
136 77
136 1
136 116
136 37
137 37
137 34
137 21
137 115
138 3
138 10
138 16
138 31
139 0
139 51
139 2
139 120
140 135
140 52
140 25
140 1
141 15
141 12
141 7
141 1
142 129
142 107
142 9
142 135
143 125
143 39
143 130
143 22
144 139
144 41
144 117
144 121
145 75
145 38
145 57
145 10
146 19
146 101
146 48
146 3
147 60
147 124
147 107
147 35
148 13
148 47
148 85
148 17
149 134
149 1
149 7
149 133
150 115
150 105
150 1
150 109
151 22
151 76
151 71
151 88
152 1
152 114
152 21
152 133
153 1
153 3
153 61
153 106
154 101
154 8
154 133
154 45
155 23
155 48
155 1
155 94
156 6
156 155
156 133
156 153
157 150
157 31
157 1
157 119
158 155
158 19
158 2
158 57
159 85
159 66
159 119
159 68
160 5
160 10
160 143
160 1
161 141
161 77
161 6
161 36
162 36
162 30
162 9
162 107
163 34
163 21
163 35
163 10
164 4
164 69
164 115
164 0
165 59
165 22
165 1
165 61
166 12
166 34
166 35
166 48
167 0
167 63
167 86
167 79
168 20
168 166
168 73
168 90
169 71
169 41
169 83
169 48
170 1
170 50
170 3
170 102
171 28
171 81
171 8
171 83
172 119
172 123
172 55
172 2
173 6
173 122
173 38
173 62
174 9
174 26
174 35
174 0
175 35
175 152
175 170
175 19
176 1
176 2
176 5
176 39
177 69
177 130
177 133
177 123
178 8
178 9
178 158
178 153
179 11
179 30
179 15
179 12
180 21
180 23
180 0
180 29
181 81
181 79
181 179
181 1
182 100
182 55
182 133
182 70
183 20
183 120
183 1
183 135
184 22
184 0
184 176
184 105
185 26
185 138
185 18
185 72
186 82
186 169
186 122
186 30
187 59
187 166
187 91
187 107
188 2
188 4
188 139
188 46
189 21
189 55
189 150
189 105
190 118
190 9
190 28
190 184
191 107
191 121
191 52
191 24
192 15
192 1
192 0
192 9
193 189
193 119
193 48
193 0
194 128
194 185
194 9
194 35
195 9
195 16
195 56
195 21
196 34
196 89
196 131
196 114
197 83
197 93
197 2
197 34
198 173
198 121
198 65
198 29
199 153
199 135
199 31
199 138
200 17
200 1
200 35
200 30
201 1
201 2
201 86
201 25
202 123
202 19
202 22
202 4
203 163
203 31
203 77
203 30
204 107
204 61
204 32
204 22
205 120
205 156
205 2
205 169
206 82
206 43
206 28
206 112
207 101
207 30
207 1
207 189
208 7
208 116
208 165
208 13
209 37
209 147
209 32
209 152
210 1
210 72
210 79
210 137
211 38
211 89
211 6
211 8
212 189
212 5
212 21
212 37
213 9
213 90
213 48
213 94
214 144
214 197
214 156
214 23
215 161
215 99
215 7
215 165
216 110
216 137
216 145
216 194
217 35
217 8
217 29
217 93
218 4
218 152
218 202
218 17
219 9
219 84
219 109
219 119
220 178
220 41
220 55
220 89
221 12
221 185
221 205
221 119
222 19
222 7
222 21
222 12
223 23
223 0
223 159
223 2
224 176
224 46
224 3
224 25
225 61
225 159
225 16
225 23
226 38
226 222
226 1
226 26
227 35
227 32
227 84
227 86
228 219
228 0
228 21
228 1
229 100
229 5
229 10
229 92
230 153
230 9
230 56
230 172
231 149
231 54
231 94
231 55
232 28
232 43
232 193
232 10
233 18
233 120
233 56
233 35
234 161
234 194
234 222
234 226
235 94
235 55
235 3
235 35
236 213
236 6
236 173
236 1
237 140
237 11
237 33
237 173
238 19
238 57
238 16
238 28
239 15
239 1
239 100
239 210
240 31
240 25
240 38
240 26
241 85
241 60
241 69
241 35
242 100
242 0
242 52
242 193
243 85
243 226
243 237
243 124
244 98
244 8
244 210
244 55
245 206
245 90
245 37
245 104
246 85
246 37
246 175
246 196
247 37
247 86
247 4
247 3
248 158
248 11
248 185
248 180
249 35
249 150
249 104
249 45
0 1 0 1 0 0 1 0 0 1 0 1 1 1 0 0 1 0 0 1 1 0 0 1 1 1 0 1 0 1 0 0 1 1 1 0 0 0 0 0 1 0 1 1 0 0 1 0 1 1 0 0 1 1 1 0 1 0 0 1 0 1 1 0 0 0 0 1 0 1 1 1 0 0 1 1 0 0 0 1 0 0 1 0 1 0 1 1 1 0 0 0 0 1 1 0 0 0 0 1 0 0 0 0 1 0 0 0 1 1 1 1 0 0 0 0 1 0 1 1 0 0 0 0 0 0 0 1 1 0 0 0 0 0 1 1 1 0 1 0 1 0 1 1 0 0 1 1 1 0 0 1 1 0 1 0 1 1 1 0 0 1 0 1 1 0 1 1 1 0 0 1 1 0 0 1 1 0 1 1 1 0 1 1 1 0 0 0 1 0 0 1 0 1 1 1 1 0 0 1 1 0 1 1 0 0 0 0 1 0 1 0 0 0 0 1 0 0 0 0 1 0 0 1 0 1 1 0 1 1 0 1 0 0 1 1 1 1 0 1 1 0 1 0 0 0 0 0 0 1
1 1 1 1 0 0 1 1 0 0 1 1 0 1 1 0 0 1 0 0 1 1 0 0 0 0 1 0 0 0 0 0 0 0 1 0 0 1 1 1 1 1 0 1 0 0 1 0 0 0 1 1 0 1 0 1 1 0 0 0 1 1 0 1 0 1 0 1 1 1 1 0 0 0 1 1 1 1 1 1 1 1 1 1 1 0 1 1 1 0 0 1 0 0 1 1 1 1 1 0 1 0 0 1 1 0 1 0 1 0 0 1 0 1 0 1 0 1 1 1 1 1 1 0 0 1 0 0 0 0 1 1 0 1 1 1 1 0 0 1 1 1 1 1 0 1 1 1 0 1 0 1 1 1 1 1 0 1 1 1 1 0 1 1 1 1 1 1 0 0 1 0 0 1 0 0 1 1 1 1 0 1 0 0 0 0 1 0 1 0 0 1 1 0 1 1 1 1 1 0 1 0 1 1 0 1 1 0 1 1 1 1 0 1 1 0 0 1 1 0 1 0 0 1 1 1 1 0 0 1 0 0 1 1 0 1 1 0 1 0 0 1 1 1 0 0 0 1 1 1
0 1 1 1 1 1 1 0 1 0 1 0 0 0 1 0 1 1 1 1 1 0 1 1 0 1 1 1 1 0 1 0 1 0 0 0 1 0 1 1 0 1 1 0 0 1 0 1 0 1 1 0 1 1 0 1 1 0 1 0 0 1 1 0 1 0 1 1 0 0 0 1 1 0 1 0 0 0 1 1 0 1 1 0 0 1 0 1 0 1 0 0 1 0 0 0 1 0 0 1 0 0 1 1 1 0 1 1 1 1 1 0 1 1 1 1 0 1 0 1 1 0 0 1 1 1 1 0 0 0 0 0 0 1 0 1 0 0 0 0 0 0 1 0 0 0 1 1 1 0 0 1 0 0 1 1 0 0 1 1 1 1 0 0 1 0 1 1 0 0 0 0 1 0 0 1 0 1 0 1 1 0 1 0 1 0 0 0 1 1 0 0 0 1 1 0 0 1 0 0 0 0 1 0 0 1 1 0 1 1 1 0 0 0 1 0 1 0 1 1 1 1 1 0 1 1 0 1 0 1 1 0 1 0 1 0 1 0 0 1 1 1 1 1 1 0 1 1 1 0
1 0 1 1 0 0 1 1 0 1 1 1 1 0 0 1 0 0 0 0 1 1 1 0 0 0 1 1 1 0 1 1 1 0 1 1 0 0 1 1 0 0 1 0 1 1 1 0 0 1 1 0 0 1 1 0 1 0 0 1 0 0 0 1 0 1 0 1 0 0 1 0 0 1 1 0 1 1 1 0 0 0 1 1 1 1 0 1 1 0 0 0 0 0 0 0 1 1 0 0 0 0 1 0 1 0 1 0 0 1 0 1 1 0 0 0 1 0 1 0 1 0 1 1 0 1 1 1 1 0 0 1 0 0 1 0 0 1 1 0 0 0 0 0 1 0 1 1 1 0 1 1 1 0 0 0 0 0 1 0 1 1 1 1 1 0 1 0 1 1 1 0 0 1 0 1 1 0 0 1 1 0 1 1 1 1 1 0 1 0 1 1 0 0 1 0 0 1 1 1 1 0 1 1 1 0 0 1 1 1 1 1 1 0 0 1 1 0 0 0 1 1 0 1 1 0 0 0 0 0 1 0 0 0 0 1 1 1 1 0 1 1 0 1 0 0 0 0 0 0
0 0 0 1 0 1 0 1 0 0 0 1 0 1 1 0 1 0 0 0 1 1 0 0 0 0 0 0 0 0 1 1 0 1 0 1 1 0 1 0 1 1 0 1 1 1 0 0 0 0 1 1 1 1 1 1 0 1 1 0 1 1 0 0 1 1 1 1 0 0 1 1 1 1 0 0 0 1 1 0 1 0 1 1 1 0 1 0 0 1 0 1 0 0 0 0 1 1 1 0 0 1 0 0 1 0 0 0 0 1 0 1 0 1 0 0 1 1 0 1 0 1 1 1 1 0 0 1 1 0 1 0 1 0 0 1 1 0 1 0 1 1 1 0 0 1 1 0 0 1 0 1 1 1 0 0 1 1 1 0 1 1 0 0 0 0 0 1 1 1 0 1 1 1 0 0 0 0 0 0 0 0 0 1 1 1 1 0 0 1 0 0 1 0 1 0 1 0 0 0 0 0 0 1 1 0 0 1 1 0 1 0 0 0 1 1 0 1 0 1 1 0 0 0 0 1 0 1 1 0 0 0 0 0 0 0 0 1 0 1 0 0 0 1 0 1 0 1 0 0