100 394 5
0 1
0 2
1 2
1 3
0 3
3 4
1 4
3 5
0 5
4 6
3 6
4 7
3 7
4 8
3 8
2 9
6 9
1 10
6 10
1 11
2 11
9 12
1 12
4 13
12 13
3 14
11 14
14 15
2 15
10 16
3 16
6 17
3 17
6 18
9 18
17 19
15 19
6 20
19 20
3 21
20 21
11 22
19 22
4 23
9 23
23 24
9 24
9 25
13 25
3 26
17 26
1 27
10 27
8 28
4 28
4 29
1 29
19 30
3 30
15 31
8 31
9 32
22 32
8 33
19 33
19 34
7 34
2 35
12 35
14 36
21 36
21 37
16 37
16 38
4 38
4 39
15 39
21 40
13 40
12 41
9 41
35 42
0 42
42 43
1 43
35 44
16 44
5 45
14 45
4 46
43 46
12 47
36 47
46 48
15 48
26 49
32 49
9 50
8 50
13 51
27 51
17 52
33 52
42 53
31 53
16 54
37 54
1 55
15 55
15 56
27 56
45 57
18 57
5 58
18 58
33 59
7 59
8 60
40 60
19 61
7 61
35 62
10 62
61 63
4 63
61 64
43 64
61 65
16 65
31 66
3 66
0 67
63 67
50 68
16 68
12 69
22 69
19 70
16 70
54 71
3 71
5 72
16 72
55 73
9 73
4 74
25 74
40 75
4 75
51 76
25 76
56 77
2 77
3 78
9 78
72 79
42 79
10 80
4 80
15 81
6 81
17 82
63 82
64 83
19 83
40 84
51 84
16 85
17 85
3 86
9 86
3 87
9 87
71 88
33 88
43 89
24 89
0 90
24 90
27 91
63 91
51 92
41 92
84 93
72 93
37 94
4 94
9 95
51 95
3 96
69 96
0 97
19 97
9 98
16 98
72 99
77 99
1 0
2 0
2 1
3 1
3 0
4 3
4 1
5 3
5 0
6 4
6 3
7 4
7 3
8 4
8 3
9 2
9 6
10 1
10 6
11 1
11 2
12 9
12 1
13 4
13 12
14 3
14 11
15 14
15 2
16 10
16 3
17 6
17 3
18 6
18 9
19 17
19 15
20 6
20 19
21 3
21 20
22 11
22 19
23 4
23 9
24 23
24 9
25 9
25 13
26 3
26 17
27 1
27 10
28 8
28 4
29 4
29 1
30 19
30 3
31 15
31 8
32 9
32 22
33 8
33 19
34 19
34 7
35 2
35 12
36 14
36 21
37 21
37 16
38 16
38 4
39 4
39 15
40 21
40 13
41 12
41 9
42 35
42 0
43 42
43 1
44 35
44 16
45 5
45 14
46 4
46 43
47 12
47 36
48 46
48 15
49 26
49 32
50 9
50 8
51 13
51 27
52 17
52 33
53 42
53 31
54 16
54 37
55 1
55 15
56 15
56 27
57 45
57 18
58 5
58 18
59 33
59 7
60 8
60 40
61 19
61 7
62 35
62 10
63 61
63 4
64 61
64 43
65 61
65 16
66 31
66 3
67 0
67 63
68 50
68 16
69 12
69 22
70 19
70 16
71 54
71 3
72 5
72 16
73 55
73 9
74 4
74 25
75 40
75 4
76 51
76 25
77 56
77 2
78 3
78 9
79 72
79 42
80 10
80 4
81 15
81 6
82 17
82 63
83 64
83 19
84 40
84 51
85 16
85 17
86 3
86 9
87 3
87 9
88 71
88 33
89 43
89 24
90 0
90 24
91 27
91 63
92 51
92 41
93 84
93 72
94 37
94 4
95 9
95 51
96 3
96 69
97 0
97 19
98 9
98 16
99 72
99 77
1 0 1 0 1 1 0 0 1 0 1 1 0 1 0 1 0 0 1 1 0 0 0 0 1 1 0 1 0 1 0 1 1 1 0 1 1 1 0 1 0 0 1 1 0 1 1 1 0 1 1 1 1 1 1 0 0 1 0 1 1 0 1 1 1 0 0 0 0 0 0 1 1 0 1 1 1 0 1 0 1 1 1 0 1 1 0 1 1 1 0 1 0 0 0 1 0 1 1 0
1 1 1 0 0 1 0 0 0 0 0 1 1 0 1 0 1 0 0 1 1 0 1 0 0 1 0 0 1 1 0 1 0 0 0 0 0 1 0 0 1 0 1 1 1 0 0 0 1 1 1 1 0 0 0 1 0 0 0 1 1 1 0 1 1 0 0 1 1 0 0 0 0 0 0 0 1 0 1 0 0 1 1 0 1 1 1 0 1 0 0 1 0 0 1 1 0 1 1 0
1 1 0 1 1 0 1 1 1 1 0 1 0 0 1 0 1 1 0 0 0 0 0 0 0 0 1 1 0 0 0 0 1 0 1 0 1 0 1 0 0 1 0 1 1 1 0 0 1 1 0 0 1 0 0 0 1 0 1 1 0 0 0 1 1 0 1 1 1 1 1 1 0 0 1 1 1 0 0 0 1 1 1 0 0 1 0 0 0 1 1 0 0 0 1 0 1 1 1 1
0 1 0 1 0 1 0 1 0 0 0 0 0 1 0 0 1 0 0 1 1 0 1 0 1 0 1 1 0 0 0 0 0 0 0 0 1 0 0 1 1 1 1 1 0 1 1 0 1 0 1 0 0 1 0 0 0 0 0 1 1 0 0 1 0 0 0 1 1 0 0 1 0 1 1 1 1 1 0 1 1 1 1 1 0 0 1 1 1 0 1 1 1 1 1 1 1 0 0 0
1 0 1 1 0 1 1 0 0 1 1 1 1 0 0 0 0 1 1 1 1 0 0 0 1 1 0 0 0 0 0 0 1 1 1 0 1 0 0 1 1 0 1 0 1 0 0 1 0 0 0 1 1 0 1 0 0 0 1 1 1 1 1 0 0 1 1 1 1 0 1 0 1 1 1 1 1 1 0 1 0 0 0 0 1 0 0 1 0 1 1 0 1 0 1 1 0 0 1 1