100 780 5
0 1
0 2
1 2
0 3
1 3
2 3
0 4
1 4
2 4
3 4
2 5
0 5
4 5
1 5
4 6
2 6
0 6
1 6
2 7
3 7
4 7
1 7
0 8
7 8
4 8
1 8
4 9
6 9
1 9
5 9
2 10
3 10
4 10
5 10
0 11
6 11
3 11
10 11
2 12
4 12
0 12
7 12
5 13
0 13
10 13
11 13
9 14
4 14
10 14
1 14
0 15
6 15
2 15
7 15
5 16
15 16
13 16
10 16
10 17
0 17
2 17
6 17
5 18
1 18
4 18
0 18
15 19
16 19
0 19
1 19
9 20
1 20
8 20
6 20
18 21
16 21
4 21
0 21
4 22
0 22
8 22
11 22
12 23
1 23
3 23
17 23
11 24
2 24
21 24
0 24
9 25
18 25
6 25
11 25
20 26
4 26
22 26
11 26
5 27
10 27
16 27
0 27
18 28
27 28
0 28
4 28
27 29
9 29
21 29
3 29
17 30
1 30
12 30
21 30
19 31
11 31
0 31
9 31
0 32
18 32
27 32
12 32
3 33
27 33
19 33
12 33
3 34
22 34
2 34
18 34
10 35
27 35
1 35
0 35
7 36
21 36
34 36
2 36
4 37
36 37
0 37
30 37
16 38
7 38
14 38
23 38
29 39
26 39
8 39
0 39
3 40
1 40
4 40
20 40
0 41
22 41
5 41
1 41
31 42
27 42
2 42
19 42
31 43
0 43
40 43
36 43
0 44
31 44
1 44
20 44
18 45
30 45
42 45
39 45
8 46
4 46
19 46
0 46
27 47
2 47
15 47
11 47
9 48
1 48
29 48
36 48
7 49
3 49
36 49
15 49
31 50
1 50
48 50
46 50
9 51
39 51
10 51
49 51
14 52
38 52
0 52
37 52
1 53
8 53
16 53
11 53
32 54
2 54
0 54
18 54
2 55
8 55
33 55
6 55
17 56
19 56
5 56
0 56
3 57
49 57
6 57
15 57
0 58
6 58
17 58
8 58
37 59
21 59
33 59
2 59
3 60
1 60
5 60
10 60
13 61
36 61
18 61
19 61
1 62
30 62
15 62
43 62
59 63
12 63
3 63
11 63
37 64
3 64
21 64
28 64
20 65
30 65
28 65
64 65
4 66
5 66
0 66
3 66
20 67
17 67
29 67
25 67
7 68
18 68
17 68
29 68
51 69
56 69
29 69
16 69
33 70
56 70
6 70
18 70
3 71
15 71
8 71
57 71
37 72
54 72
3 72
13 72
15 73
10 73
64 73
25 73
43 74
33 74
10 74
69 74
34 75
12 75
52 75
50 75
69 76
53 76
56 76
3 76
64 77
2 77
14 77
6 77
27 78
0 78
65 78
8 78
18 79
44 79
11 79
1 79
42 80
0 80
23 80
33 80
8 81
2 81
20 81
50 81
0 82
58 82
10 82
79 82
36 83
33 83
17 83
7 83
62 84
10 84
1 84
56 84
32 85
27 85
44 85
0 85
33 86
48 86
67 86
2 86
7 87
2 87
49 87
18 87
32 88
2 88
19 88
56 88
78 89
15 89
74 89
52 89
83 90
4 90
12 90
54 90
77 91
83 91
55 91
11 91
4 92
7 92
3 92
8 92
81 93
11 93
3 93
37 93
59 94
70 94
14 94
49 94
12 95
1 95
23 95
14 95
30 96
15 96
3 96
1 96
38 97
83 97
84 97
10 97
57 98
0 98
8 98
3 98
23 99
2 99
29 99
19 99
1 0
2 0
2 1
3 0
3 1
3 2
4 0
4 1
4 2
4 3
5 2
5 0
5 4
5 1
6 4
6 2
6 0
6 1
7 2
7 3
7 4
7 1
8 0
8 7
8 4
8 1
9 4
9 6
9 1
9 5
10 2
10 3
10 4
10 5
11 0
11 6
11 3
11 10
12 2
12 4
12 0
12 7
13 5
13 0
13 10
13 11
14 9
14 4
14 10
14 1
15 0
15 6
15 2
15 7
16 5
16 15
16 13
16 10
17 10
17 0
17 2
17 6
18 5
18 1
18 4
18 0
19 15
19 16
19 0
19 1
20 9
20 1
20 8
20 6
21 18
21 16
21 4
21 0
22 4
22 0
22 8
22 11
23 12
23 1
23 3
23 17
24 11
24 2
24 21
24 0
25 9
25 18
25 6
25 11
26 20
26 4
26 22
26 11
27 5
27 10
27 16
27 0
28 18
28 27
28 0
28 4
29 27
29 9
29 21
29 3
30 17
30 1
30 12
30 21
31 19
31 11
31 0
31 9
32 0
32 18
32 27
32 12
33 3
33 27
33 19
33 12
34 3
34 22
34 2
34 18
35 10
35 27
35 1
35 0
36 7
36 21
36 34
36 2
37 4
37 36
37 0
37 30
38 16
38 7
38 14
38 23
39 29
39 26
39 8
39 0
40 3
40 1
40 4
40 20
41 0
41 22
41 5
41 1
42 31
42 27
42 2
42 19
43 31
43 0
43 40
43 36
44 0
44 31
44 1
44 20
45 18
45 30
45 42
45 39
46 8
46 4
46 19
46 0
47 27
47 2
47 15
47 11
48 9
48 1
48 29
48 36
49 7
49 3
49 36
49 15
50 31
50 1
50 48
50 46
51 9
51 39
51 10
51 49
52 14
52 38
52 0
52 37
53 1
53 8
53 16
53 11
54 32
54 2
54 0
54 18
55 2
55 8
55 33
55 6
56 17
56 19
56 5
56 0
57 3
57 49
57 6
57 15
58 0
58 6
58 17
58 8
59 37
59 21
59 33
59 2
60 3
60 1
60 5
60 10
61 13
61 36
61 18
61 19
62 1
62 30
62 15
62 43
63 59
63 12
63 3
63 11
64 37
64 3
64 21
64 28
65 20
65 30
65 28
65 64
66 4
66 5
66 0
66 3
67 20
67 17
67 29
67 25
68 7
68 18
68 17
68 29
69 51
69 56
69 29
69 16
70 33
70 56
70 6
70 18
71 3
71 15
71 8
71 57
72 37
72 54
72 3
72 13
73 15
73 10
73 64
73 25
74 43
74 33
74 10
74 69
75 34
75 12
75 52
75 50
76 69
76 53
76 56
76 3
77 64
77 2
77 14
77 6
78 27
78 0
78 65
78 8
79 18
79 44
79 11
79 1
80 42
80 0
80 23
80 33
81 8
81 2
81 20
81 50
82 0
82 58
82 10
82 79
83 36
83 33
83 17
83 7
84 62
84 10
84 1
84 56
85 32
85 27
85 44
85 0
86 33
86 48
86 67
86 2
87 7
87 2
87 49
87 18
88 32
88 2
88 19
88 56
89 78
89 15
89 74
89 52
90 83
90 4
90 12
90 54
91 77
91 83
91 55
91 11
92 4
92 7
92 3
92 8
93 81
93 11
93 3
93 37
94 59
94 70
94 14
94 49
95 12
95 1
95 23
95 14
96 30
96 15
96 3
96 1
97 38
97 83
97 84
97 10
98 57
98 0
98 8
98 3
99 23
99 2
99 29
99 19
0 0 1 1 1 1 1 0 0 1 0 1 1 1 1 0 0 0 0 0 0 1 0 0 0 0 1 0 0 1 1 0 0 0 0 1 0 0 1 1 1 1 1 1 0 0 0 0 0 1 1 1 1 1 1 1 1 1 1 1 1 0 0 1 1 1 1 0 1 0 1 0 0 0 0 0 1 1 0 1 0 1 0 1 0 1 0 0 0 0 1 0 0 0 0 1 1 0 0 0
1 1 0 1 1 1 0 0 0 1 1 1 1 1 1 1 0 1 0 0 0 0 1 0 0 0 0 1 0 0 0 0 1 0 1 1 0 1 1 1 1 1 0 1 1 1 0 0 0 0 1 0 1 0 0 0 0 1 1 1 0 1 0 0 1 0 1 1 0 0 0 1 0 0 0 1 0 0 0 1 0 1 1 1 1 0 1 1 1 1 1 1 0 1 1 0 0 1 1 1
0 1 0 0 0 1 1 1 1 0 0 1 1 0 0 0 0 1 0 1 1 1 0 1 1 1 0 1 1 1 1 0 0 1 0 0 1 1 1 0 1 0 1 0 0 0 0 0 1 1 1 1 1 1 0 0 1 0 0 1 1 1 0 1 1 0 1 0 0 0 0 0 0 1 0 1 1 0 1 0 0 1 0 1 0 0 0 1 1 0 0 0 1 1 1 0 1 1 0 1
0 1 0 0 0 1 0 1 1 0 0 1 1 0 1 0 1 0 0 0 0 0 0 0 1 1 0 1 1 0 0 1 0 0 0 0 0 1 1 1 0 0 1 1 0 1 0 1 1 0 0 0 1 1 1 1 0 1 1 1 1 1 1 0 1 0 0 0 0 1 1 1 1 1 1 1 1 0 0 1 1 0 1 1 1 1 1 0 0 1 0 0 0 0 0 1 0 0 0 0
0 1 1 1 1 0 0 0 1 1 0 1 0 0 0 0 1 0 1 0 1 1 0 1 1 1 0 1 0 1 1 0 1 1 0 0 1 1 1 1 0 0 0 0 1 0 1 0 0 0 1 0 0 1 1 1 0 1 1 1 1 1 0 0 0 1 1 0 1 1 1 1 0 0 1 0 0 1 1 1 1 0 1 0 0 1 1 0 1 1 0 0 0 1 0 1 0 1 1 1