50 380 5
0 1
0 2
1 2
0 3
1 3
2 3
0 4
1 4
2 4
3 4
4 5
1 5
3 5
0 5
3 6
4 6
5 6
0 6
5 7
1 7
4 7
2 7
2 8
4 8
7 8
3 8
7 9
4 9
1 9
2 9
0 10
5 10
8 10
7 10
3 11
1 11
5 11
9 11
10 12
11 12
3 12
2 12
2 13
4 13
1 13
7 13
13 14
12 14
7 14
8 14
4 15
14 15
7 15
8 15
3 16
1 16
7 16
15 16
4 17
9 17
3 17
12 17
7 18
3 18
17 18
1 18
14 19
2 19
8 19
0 19
3 20
11 20
9 20
6 20
18 21
1 21
8 21
12 21
1 22
13 22
7 22
12 22
18 23
10 23
3 23
2 23
5 24
10 24
4 24
8 24
8 25
9 25
15 25
1 25
20 26
4 26
24 26
11 26
15 27
10 27
23 27
4 27
23 28
13 28
6 28
15 28
14 29
7 29
11 29
15 29
10 30
12 30
1 30
2 30
1 31
27 31
11 31
13 31
6 32
7 32
8 32
1 32
15 33
24 33
6 33
5 33
27 34
14 34
32 34
25 34
1 35
15 35
4 35
13 35
11 36
32 36
5 36
0 36
12 37
10 37
7 37
0 37
13 38
6 38
28 38
23 38
34 39
0 39
7 39
17 39
6 40
22 40
37 40
3 40
11 41
1 41
16 41
12 41
1 42
41 42
3 42
34 42
18 43
7 43
15 43
13 43
15 44
8 44
9 44
7 44
13 45
4 45
35 45
2 45
30 46
27 46
34 46
35 46
42 47
46 47
13 47
8 47
6 48
19 48
40 48
12 48
1 49
26 49
7 49
10 49
1 0
2 0
2 1
3 0
3 1
3 2
4 0
4 1
4 2
4 3
5 4
5 1
5 3
5 0
6 3
6 4
6 5
6 0
7 5
7 1
7 4
7 2
8 2
8 4
8 7
8 3
9 7
9 4
9 1
9 2
10 0
10 5
10 8
10 7
11 3
11 1
11 5
11 9
12 10
12 11
12 3
12 2
13 2
13 4
13 1
13 7
14 13
14 12
14 7
14 8
15 4
15 14
15 7
15 8
16 3
16 1
16 7
16 15
17 4
17 9
17 3
17 12
18 7
18 3
18 17
18 1
19 14
19 2
19 8
19 0
20 3
20 11
20 9
20 6
21 18
21 1
21 8
21 12
22 1
22 13
22 7
22 12
23 18
23 10
23 3
23 2
24 5
24 10
24 4
24 8
25 8
25 9
25 15
25 1
26 20
26 4
26 24
26 11
27 15
27 10
27 23
27 4
28 23
28 13
28 6
28 15
29 14
29 7
29 11
29 15
30 10
30 12
30 1
30 2
31 1
31 27
31 11
31 13
32 6
32 7
32 8
32 1
33 15
33 24
33 6
33 5
34 27
34 14
34 32
34 25
35 1
35 15
35 4
35 13
36 11
36 32
36 5
36 0
37 12
37 10
37 7
37 0
38 13
38 6
38 28
38 23
39 34
39 0
39 7
39 17
40 6
40 22
40 37
40 3
41 11
41 1
41 16
41 12
42 1
42 41
42 3
42 34
43 18
43 7
43 15
43 13
44 15
44 8
44 9
44 7
45 13
45 4
45 35
45 2
46 30
46 27
46 34
46 35
47 42
47 46
47 13
47 8
48 6
48 19
48 40
48 12
49 1
49 26
49 7
49 10
1 1 1 0 1 0 1 0 0 1 1 0 1 0 1 0 0 1 0 0 0 1 0 0 1 0 0 1 1 0 1 0 1 1 1 0 0 1 1 1 0 1 1 0 1 1 0 1 0 0
1 0 0 1 1 1 0 0 1 1 1 0 1 1 0 0 1 0 0 1 0 0 1 1 0 1 0 1 1 0 0 1 1 1 1 1 1 0 1 1 1 0 1 0 1 1 1 0 1 0
0 1 0 0 1 1 0 0 1 0 0 1 1 1 1 0 1 0 1 1 0 0 0 1 1 0 0 1 1 1 1 1 0 0 0 1 1 0 1 0 0 1 1 0 0 0 0 0 1 0
0 0 0 1 0 1 1 1 0 1 0 1 1 1 0 1 0 1 1 0 1 0 1 0 1 0 0 0 1 1 1 0 1 0 0 1 1 1 1 0 0 0 0 1 1 1 1 0 1 1
0 0 0 0 0 0 0 1 0 1 0 0 1 1 1 1 0 1 0 0 0 0 0 0 0 0 0 0 1 1 1 0 1 1 0 0 1 1 1 0 0 1 1 1 1 1 0 1 1 0