100 780 5
0 1
0 2
1 2
0 3
1 3
2 3
0 4
1 4
2 4
3 4
1 5
3 5
4 5
2 5
1 6
3 6
5 6
2 6
2 7
5 7
0 7
1 7
6 8
5 8
3 8
0 8
2 9
8 9
7 9
3 9
0 10
9 10
5 10
3 10
1 11
5 11
2 11
9 11
2 12
11 12
9 12
7 12
11 13
7 13
0 13
1 13
5 14
8 14
7 14
3 14
1 15
5 15
3 15
12 15
12 16
4 16
7 16
13 16
4 17
7 17
14 17
5 17
8 18
12 18
9 18
1 18
18 19
11 19
0 19
16 19
5 20
17 20
9 20
15 20
8 21
10 21
1 21
16 21
3 22
14 22
1 22
19 22
20 23
18 23
0 23
15 23
0 24
5 24
17 24
3 24
0 25
14 25
22 25
21 25
18 26
20 26
2 26
15 26
8 27
20 27
4 27
3 27
4 28
9 28
14 28
5 28
18 29
10 29
22 29
3 29
12 30
25 30
29 30
22 30
27 31
3 31
16 31
11 31
22 32
2 32
13 32
6 32
13 33
19 33
0 33
21 33
29 34
16 34
21 34
7 34
9 35
8 35
2 35
1 35
3 36
14 36
9 36
25 36
5 37
1 37
6 37
35 37
9 38
5 38
8 38
0 38
22 39
19 39
21 39
4 39
29 40
27 40
6 40
1 40
30 41
3 41
19 41
1 41
7 42
24 42
14 42
19 42
31 43
3 43
23 43
41 43
25 44
0 44
2 44
24 44
11 45
44 45
7 45
0 45
19 46
31 46
12 46
38 46
10 47
8 47
1 47
0 47
7 48
5 48
9 48
32 48
7 49
2 49
44 49
4 49
7 50
25 50
6 50
24 50
2 51
1 51
10 51
35 51
29 52
22 52
13 52
1 52
22 53
28 53
33 53
38 53
27 54
2 54
9 54
28 54
5 55
9 55
47 55
42 55
11 56
35 56
3 56
6 56
1 57
2 57
11 57
10 57
39 58
1 58
9 58
7 58
20 59
56 59
41 59
34 59
21 60
33 60
31 60
45 60
14 61
11 61
32 61
39 61
3 62
53 62
7 62
42 62
2 63
46 63
56 63
47 63
3 64
17 64
11 64
50 64
28 65
1 65
55 65
10 65
5 66
59 66
7 66
17 66
28 67
37 67
1 67
14 67
4 68
61 68
58 68
8 68
5 69
16 69
8 69
12 69
63 70
64 70
48 70
6 70
64 71
10 71
5 71
15 71
67 72
55 72
1 72
26 72
66 73
55 73
9 73
17 73
49 74
27 74
63 74
28 74
33 75
17 75
29 75
44 75
22 76
33 76
23 76
39 76
34 77
4 77
64 77
28 77
44 78
74 78
24 78
37 78
14 79
52 79
44 79
5 79
73 80
26 80
78 80
45 80
28 81
41 81
73 81
60 81
44 82
11 82
15 82
1 82
63 83
21 83
25 83
4 83
35 84
0 84
34 84
46 84
76 85
18 85
4 85
31 85
18 86
54 86
7 86
59 86
1 87
11 87
3 87
69 87
7 88
18 88
19 88
12 88
5 89
14 89
49 89
27 89
41 90
9 90
5 90
8 90
43 91
3 91
39 91
6 91
27 92
22 92
0 92
69 92
6 93
4 93
9 93
83 93
80 94
48 94
41 94
9 94
4 95
7 95
44 95
61 95
75 96
5 96
33 96
74 96
33 97
25 97
53 97
86 97
87 98
5 98
1 98
3 98
35 99
25 99
33 99
41 99
1 0
2 0
2 1
3 0
3 1
3 2
4 0
4 1
4 2
4 3
5 1
5 3
5 4
5 2
6 1
6 3
6 5
6 2
7 2
7 5
7 0
7 1
8 6
8 5
8 3
8 0
9 2
9 8
9 7
9 3
10 0
10 9
10 5
10 3
11 1
11 5
11 2
11 9
12 2
12 11
12 9
12 7
13 11
13 7
13 0
13 1
14 5
14 8
14 7
14 3
15 1
15 5
15 3
15 12
16 12
16 4
16 7
16 13
17 4
17 7
17 14
17 5
18 8
18 12
18 9
18 1
19 18
19 11
19 0
19 16
20 5
20 17
20 9
20 15
21 8
21 10
21 1
21 16
22 3
22 14
22 1
22 19
23 20
23 18
23 0
23 15
24 0
24 5
24 17
24 3
25 0
25 14
25 22
25 21
26 18
26 20
26 2
26 15
27 8
27 20
27 4
27 3
28 4
28 9
28 14
28 5
29 18
29 10
29 22
29 3
30 12
30 25
30 29
30 22
31 27
31 3
31 16
31 11
32 22
32 2
32 13
32 6
33 13
33 19
33 0
33 21
34 29
34 16
34 21
34 7
35 9
35 8
35 2
35 1
36 3
36 14
36 9
36 25
37 5
37 1
37 6
37 35
38 9
38 5
38 8
38 0
39 22
39 19
39 21
39 4
40 29
40 27
40 6
40 1
41 30
41 3
41 19
41 1
42 7
42 24
42 14
42 19
43 31
43 3
43 23
43 41
44 25
44 0
44 2
44 24
45 11
45 44
45 7
45 0
46 19
46 31
46 12
46 38
47 10
47 8
47 1
47 0
48 7
48 5
48 9
48 32
49 7
49 2
49 44
49 4
50 7
50 25
50 6
50 24
51 2
51 1
51 10
51 35
52 29
52 22
52 13
52 1
53 22
53 28
53 33
53 38
54 27
54 2
54 9
54 28
55 5
55 9
55 47
55 42
56 11
56 35
56 3
56 6
57 1
57 2
57 11
57 10
58 39
58 1
58 9
58 7
59 20
59 56
59 41
59 34
60 21
60 33
60 31
60 45
61 14
61 11
61 32
61 39
62 3
62 53
62 7
62 42
63 2
63 46
63 56
63 47
64 3
64 17
64 11
64 50
65 28
65 1
65 55
65 10
66 5
66 59
66 7
66 17
67 28
67 37
67 1
67 14
68 4
68 61
68 58
68 8
69 5
69 16
69 8
69 12
70 63
70 64
70 48
70 6
71 64
71 10
71 5
71 15
72 67
72 55
72 1
72 26
73 66
73 55
73 9
73 17
74 49
74 27
74 63
74 28
75 33
75 17
75 29
75 44
76 22
76 33
76 23
76 39
77 34
77 4
77 64
77 28
78 44
78 74
78 24
78 37
79 14
79 52
79 44
79 5
80 73
80 26
80 78
80 45
81 28
81 41
81 73
81 60
82 44
82 11
82 15
82 1
83 63
83 21
83 25
83 4
84 35
84 0
84 34
84 46
85 76
85 18
85 4
85 31
86 18
86 54
86 7
86 59
87 1
87 11
87 3
87 69
88 7
88 18
88 19
88 12
89 5
89 14
89 49
89 27
90 41
90 9
90 5
90 8
91 43
91 3
91 39
91 6
92 27
92 22
92 0
92 69
93 6
93 4
93 9
93 83
94 80
94 48
94 41
94 9
95 4
95 7
95 44
95 61
96 75
96 5
96 33
96 74
97 33
97 25
97 53
97 86
98 87
98 5
98 1
98 3
99 35
99 25
99 33
99 41
0 1 1 1 1 0 0 1 0 1 1 1 0 1 1 0 1 1 0 0 0 0 0 1 0 0 0 1 0 1 0 0 1 0 0 0 0 0 0 0 0 0 0 1 1 0 0 1 1 0 0 1 1 0 1 1 1 0 0 1 1 0 1 1 1 0 0 1 1 1 1 0 1 0 0 0 0 0 0 0 1 0 0 0 1 1 0 0 1 0 1 1 0 1 1 1 1 1 1 0
0 0 0 0 1 1 1 0 1 1 1 0 0 1 1 0 1 0 0 1 1 0 1 1 1 0 0 1 1 0 1 1 1 0 0 1 1 0 0 0 1 0 1 1 0 0 1 1 0 0 1 1 0 1 1 1 1 0 1 1 1 0 0 1 1 0 1 1 1 0 0 1 1 1 0 1 0 0 1 1 0 0 1 1 1 1 0 1 1 0 1 1 1 0 1 1 0 0 1 0
0 0 1 0 0 0 0 0 0 1 1 1 0 0 0 1 1 0 1 1 0 1 1 1 1 1 0 1 0 1 0 1 1 1 0 1 1 1 0 0 0 0 1 0 1 1 1 0 0 0 1 0 0 1 0 1 0 1 1 0 0 1 0 0 0 0 0 0 1 0 1 0 1 0 0 1 1 0 0 1 0 1 1 0 1 0 0 1 1 1 1 0 0 1 1 0 1 1 1 1
1 1 0 1 0 1 0 1 0 1 1 0 1 1 0 0 0 0 0 0 1 0 1 1 0 1 1 0 1 0 0 0 1 0 0 1 1 0 1 1 1 0 1 0 1 1 1 0 1 0 1 0 1 0 0 0 1 0 0 1 0 1 1 0 0 1 0 1 0 1 0 0 0 1 0 0 1 1 1 0 1 1 1 0 1 0 1 1 0 0 1 0 0 1 1 0 0 1 0 1
1 0 1 0 1 1 0 0 0 0 1 1 1 0 1 0 0 1 1 0 1 0 1 1 1 1 0 1 0 1 1 1 1 0 0 0 0 1 0 1 1 0 0 1 1 0 1 0 1 0 0 0 0 1 1 1 1 0 1 1 0 1 0 0 1 0 1 0 0 0 1 0 0 0 1 1 0 1 0 1 1 0 0 0 0 1 1 1 0 1 1 0 1 0 0 1 0 1 0 0