100 394 5
0 1
0 2
1 2
2 3
0 3
2 4
0 4
0 5
2 5
5 6
4 6
4 7
3 7
2 8
6 8
4 9
3 9
9 10
4 10
7 11
2 11
2 12
1 12
2 13
1 13
10 14
4 14
14 15
7 15
15 16
4 16
6 17
2 17
2 18
6 18
1 19
16 19
8 20
1 20
6 21
2 21
8 22
10 22
2 23
3 23
3 24
6 24
8 25
4 25
6 26
24 26
6 27
19 27
7 28
26 28
27 29
20 29
10 30
18 30
27 31
2 31
6 32
26 32
14 33
7 33
24 34
9 34
5 35
15 35
31 36
3 36
2 37
9 37
4 38
33 38
2 39
32 39
6 40
25 40
27 41
33 41
1 42
15 42
28 43
39 43
41 44
24 44
15 45
0 45
2 46
6 46
44 47
7 47
39 48
32 48
6 49
46 49
3 50
6 50
8 51
0 51
18 52
15 52
47 53
5 53
2 54
26 54
15 55
35 55
26 56
2 56
7 57
0 57
40 58
6 58
30 59
41 59
3 60
7 60
30 61
7 61
41 62
30 62
24 63
55 63
58 64
24 64
0 65
30 65
8 66
51 66
24 67
39 67
4 68
5 68
27 69
43 69
17 70
39 70
4 71
7 71
8 72
21 72
47 73
17 73
15 74
24 74
48 75
0 75
30 76
17 76
7 77
60 77
50 78
59 78
10 79
68 79
40 80
63 80
29 81
38 81
46 82
68 82
73 83
70 83
17 84
38 84
11 85
48 85
18 86
4 86
80 87
35 87
39 88
29 88
71 89
26 89
70 90
9 90
9 91
56 91
73 92
17 92
84 93
82 93
25 94
48 94
2 95
65 95
66 96
18 96
24 97
6 97
20 98
23 98
20 99
6 99
1 0
2 0
2 1
3 2
3 0
4 2
4 0
5 0
5 2
6 5
6 4
7 4
7 3
8 2
8 6
9 4
9 3
10 9
10 4
11 7
11 2
12 2
12 1
13 2
13 1
14 10
14 4
15 14
15 7
16 15
16 4
17 6
17 2
18 2
18 6
19 1
19 16
20 8
20 1
21 6
21 2
22 8
22 10
23 2
23 3
24 3
24 6
25 8
25 4
26 6
26 24
27 6
27 19
28 7
28 26
29 27
29 20
30 10
30 18
31 27
31 2
32 6
32 26
33 14
33 7
34 24
34 9
35 5
35 15
36 31
36 3
37 2
37 9
38 4
38 33
39 2
39 32
40 6
40 25
41 27
41 33
42 1
42 15
43 28
43 39
44 41
44 24
45 15
45 0
46 2
46 6
47 44
47 7
48 39
48 32
49 6
49 46
50 3
50 6
51 8
51 0
52 18
52 15
53 47
53 5
54 2
54 26
55 15
55 35
56 26
56 2
57 7
57 0
58 40
58 6
59 30
59 41
60 3
60 7
61 30
61 7
62 41
62 30
63 24
63 55
64 58
64 24
65 0
65 30
66 8
66 51
67 24
67 39
68 4
68 5
69 27
69 43
70 17
70 39
71 4
71 7
72 8
72 21
73 47
73 17
74 15
74 24
75 48
75 0
76 30
76 17
77 7
77 60
78 50
78 59
79 10
79 68
80 40
80 63
81 29
81 38
82 46
82 68
83 73
83 70
84 17
84 38
85 11
85 48
86 18
86 4
87 80
87 35
88 39
88 29
89 71
89 26
90 70
90 9
91 9
91 56
92 73
92 17
93 84
93 82
94 25
94 48
95 2
95 65
96 66
96 18
97 24
97 6
98 20
98 23
99 20
99 6
0 0 0 1 1 1 0 1 1 1 1 1 1 1 0 1 0 1 0 0 0 0 1 1 0 0 0 0 0 0 1 1 1 1 1 1 1 1 1 1 0 0 0 1 0 0 0 1 1 1 0 1 1 1 1 1 1 0 0 0 0 1 0 0 1 0 0 0 0 1 1 1 1 1 0 0 1 0 0 0 1 0 1 1 1 0 0 0 0 0 0 0 1 1 1 1 0 0 1 0
0 1 1 0 0 0 0 1 0 0 0 1 0 1 1 1 0 0 1 0 0 1 0 0 1 1 1 0 1 1 1 1 0 1 0 0 0 0 0 0 0 1 0 0 1 0 0 0 1 0 1 0 0 0 0 1 0 0 0 1 0 1 0 1 0 1 0 1 0 1 0 1 1 0 0 1 1 1 1 1 1 1 0 1 0 1 0 0 1 0 0 1 1 1 0 0 0 0 0 1
0 1 1 1 0 1 0 1 1 1 1 0 1 1 1 1 1 1 0 0 1 1 0 0 0 0 1 1 0 1 1 1 0 1 1 0 1 1 0 0 1 1 0 1 1 1 1 0 0 0 1 0 0 1 1 1 1 1 1 1 1 1 1 0 1 1 1 1 1 1 0 0 1 1 1 1 1 0 1 0 0 1 1 0 0 0 0 1 0 0 0 1 0 0 1 1 0 0 1 1
0 0 1 1 0 1 0 0 0 0 0 0 1 1 0 1 0 0 1 1 0 1 1 1 1 0 1 1 0 0 1 0 0 0 1 0 0 0 0 0 1 1 0 0 0 1 0 1 1 0 0 1 0 0 0 0 1 0 0 1 1 0 1 1 0 0 1 0 1 1 1 1 0 0 0 1 0 0 1 0 1 0 1 1 0 1 1 0 0 0 0 0 0 0 1 0 0 0 0 0
1 0 0 1 0 1 0 0 0 1 1 0 1 0 0 0 0 1 0 1 0 0 0 1 1 1 0 1 1 0 0 1 0 1 0 0 0 1 0 1 0 1 0 1 0 0 0 1 1 0 0 0 0 0 0 0 0 0 0 0 1 1 0 0 1 1 1 1 1 1 0 1 0 0 1 1 0 1 1 1 0 1 1 0 0 1 0 0 0 1 1 1 1 1 0 1 1 0 1 1