100 198 5
0 1
0 2
0 3
2 4
2 5
1 6
2 7
4 8
0 9
1 10
1 11
10 12
1 13
6 14
13 15
0 16
6 17
1 18
4 19
16 20
7 21
0 22
12 23
8 24
10 25
23 26
22 27
0 28
4 29
4 30
28 31
4 32
2 33
10 34
29 35
13 36
13 37
32 38
10 39
10 40
18 41
12 42
24 43
22 44
39 45
18 46
13 47
10 48
38 49
41 50
1 51
47 52
45 53
18 54
40 55
4 56
38 57
54 58
28 59
33 60
3 61
48 62
28 63
52 64
22 65
28 66
17 67
17 68
28 69
19 70
25 71
2 72
10 73
9 74
22 75
28 76
73 77
50 78
25 79
10 80
23 81
8 82
74 83
42 84
46 85
28 86
2 87
18 88
71 89
38 90
90 91
1 92
6 93
9 94
42 95
18 96
69 97
32 98
82 99
1 0
2 0
3 0
4 2
5 2
6 1
7 2
8 4
9 0
10 1
11 1
12 10
13 1
14 6
15 13
16 0
17 6
18 1
19 4
20 16
21 7
22 0
23 12
24 8
25 10
26 23
27 22
28 0
29 4
30 4
31 28
32 4
33 2
34 10
35 29
36 13
37 13
38 32
39 10
40 10
41 18
42 12
43 24
44 22
45 39
46 18
47 13
48 10
49 38
50 41
51 1
52 47
53 45
54 18
55 40
56 4
57 38
58 54
59 28
60 33
61 3
62 48
63 28
64 52
65 22
66 28
67 17
68 17
69 28
70 19
71 25
72 2
73 10
74 9
75 22
76 28
77 73
78 50
79 25
80 10
81 23
82 8
83 74
84 42
85 46
86 28
87 2
88 18
89 71
90 38
91 90
92 1
93 6
94 9
95 42
96 18
97 69
98 32
99 82
1 0 1 0 1 0 1 0 1 0 0 1 1 1 1 0 0 1 1 1 1 0 1 0 0 1 0 1 1 1 1 1 0 0 1 1 0 1 0 1 0 1 1 0 1 1 0 0 1 0 0 0 1 0 1 0 1 1 0 0 0 0 0 0 0 0 0 0 0 0 0 1 0 0 1 0 1 0 1 1 0 0 0 1 1 0 1 1 1 0 0 1 0 1 1 0 1 0 1 0
1 1 1 0 1 0 0 0 1 1 1 0 0 0 0 1 0 0 1 0 1 1 0 1 0 1 1 1 1 0 1 1 0 0 0 1 0 1 0 0 0 1 0 0 1 0 1 1 0 1 1 0 1 0 1 0 1 1 1 1 1 0 1 0 0 1 0 0 1 1 1 1 1 1 0 0 0 1 0 1 0 1 0 1 0 1 0 0 1 0 0 1 1 0 1 1 0 0 1 1
1 0 0 0 0 0 0 0 0 1 0 0 1 0 1 1 0 1 1 1 0 0 0 1 0 0 1 0 0 0 0 1 0 1 0 1 1 0 0 1 1 1 1 0 0 0 0 0 1 0 1 0 1 1 1 1 1 0 1 1 0 0 0 1 1 1 0 1 1 1 1 1 0 1 0 0 1 1 1 0 0 1 0 0 1 0 1 1 0 0 0 0 0 1 1 1 1 0 1 0
1 1 1 0 1 0 0 1 0 0 0 1 0 0 1 1 1 1 1 1 1 1 1 1 0 1 1 0 0 1 0 1 0 1 1 1 1 1 0 1 1 1 0 1 1 1 0 1 1 0 0 1 0 1 0 0 1 1 0 0 0 1 1 0 0 1 1 1 0 1 0 1 0 0 1 1 1 1 0 0 1 0 0 0 0 0 0 0 0 1 0 0 1 1 1 1 0 1 0 1
1 1 0 0 1 0 0 1 0 1 1 1 0 0 1 1 1 0 0 0 1 1 1 0 1 1 0 0 1 0 1 1 0 0 0 0 0 0 1 0 1 1 0 0 0 0 1 0 0 1 0 1 0 0 0 0 0 1 1 0 1 0 0 1 1 1 1 0 1 1 0 0 0 1 1 0 1 1 0 0 0 0 1 1 0 0 1 1 0 1 0 1 0 1 0 0 1 1 0 1