100 198 5
0 1
1 2
2 3
2 4
3 5
3 6
1 7
2 8
0 9
5 10
2 11
6 12
0 13
2 14
8 15
3 16
3 17
1 18
6 19
4 20
2 21
11 22
7 23
7 24
21 25
10 26
25 27
7 28
5 29
17 30
4 31
22 32
3 33
6 34
7 35
1 36
3 37
19 38
6 39
21 40
3 41
14 42
3 43
38 44
2 45
20 46
32 47
13 48
39 49
32 50
37 51
3 52
4 53
30 54
5 55
29 56
32 57
34 58
2 59
50 60
2 61
33 62
17 63
27 64
16 65
6 66
2 67
19 68
53 69
26 70
9 71
0 72
2 73
26 74
2 75
4 76
48 77
63 78
42 79
42 80
77 81
42 82
40 83
26 84
2 85
69 86
46 87
25 88
65 89
57 90
23 91
63 92
14 93
71 94
28 95
11 96
26 97
75 98
80 99
1 0
2 1
3 2
4 2
5 3
6 3
7 1
8 2
9 0
10 5
11 2
12 6
13 0
14 2
15 8
16 3
17 3
18 1
19 6
20 4
21 2
22 11
23 7
24 7
25 21
26 10
27 25
28 7
29 5
30 17
31 4
32 22
33 3
34 6
35 7
36 1
37 3
38 19
39 6
40 21
41 3
42 14
43 3
44 38
45 2
46 20
47 32
48 13
49 39
50 32
51 37
52 3
53 4
54 30
55 5
56 29
57 32
58 34
59 2
60 50
61 2
62 33
63 17
64 27
65 16
66 6
67 2
68 19
69 53
70 26
71 9
72 0
73 2
74 26
75 2
76 4
77 48
78 63
79 42
80 42
81 77
82 42
83 40
84 26
85 2
86 69
87 46
88 25
89 65
90 57
91 23
92 63
93 14
94 71
95 28
96 11
97 26
98 75
99 80
0 1 1 0 0 0 1 0 0 0 1 0 1 0 1 0 0 0 1 0 0 1 1 0 0 1 1 0 1 1 0 0 0 0 1 0 0 1 1 0 0 0 0 0 1 0 1 0 0 0 0 0 1 1 1 1 0 0 0 0 1 1 0 1 0 1 0 0 0 1 1 1 0 0 1 1 0 0 1 1 0 0 0 1 0 0 1 0 0 0 1 1 0 0 1 1 0 0 1 0
0 0 1 1 1 1 1 1 0 1 0 1 0 1 1 1 0 0 0 0 1 0 0 1 0 0 1 1 0 1 0 0 1 0 0 0 0 1 0 1 1 0 0 0 0 1 0 0 0 1 0 1 0 1 1 0 1 1 0 0 0 0 1 1 1 1 1 0 1 1 0 0 0 0 0 1 0 1 1 0 1 1 0 1 1 1 0 0 1 0 1 0 1 0 1 1 1 0 0 1
1 0 0 0 1 0 0 1 0 0 1 0 0 0 1 0 1 1 0 1 1 1 0 1 0 0 1 0 0 1 0 1 1 0 0 1 0 0 1 1 1 1 0 0 0 0 0 1 0 0 1 1 0 0 1 1 0 0 1 1 1 0 1 1 0 1 0 1 0 0 1 1 0 1 1 1 0 1 1 0 0 1 1 0 1 0 1 1 0 0 1 0 0 0 0 0 0 1 1 0
0 0 0 1 1 0 0 1 1 1 1 0 0 1 0 0 0 1 1 1 0 0 1 0 0 0 0 1 0 1 1 0 1 0 0 0 0 0 1 1 1 1 1 0 0 1 1 0 0 0 1 0 0 1 1 1 1 0 0 1 1 0 1 1 1 0 1 0 1 1 0 1 1 1 0 1 0 1 0 1 0 0 0 1 1 0 1 0 1 1 1 0 1 1 1 0 0 1 0 1
0 1 1 0 0 0 0 1 1 0 0 1 0 0 1 1 0 1 1 1 0 0 1 1 1 0 1 1 0 1 1 1 0 0 0 0 1 1 0 0 1 0 1 0 1 1 1 0 1 1 0 0 0 1 1 1 1 0 1 1 0 0 0 1 0 0 1 0 0 0 1 1 1 1 0 0 0 0 0 1 0 1 0 0 1 1 0 1 1 1 1 1 1 0 1 1 0 1 1 0