100 780 5
0 1
0 2
1 2
0 3
1 3
2 3
0 4
1 4
2 4
3 4
3 5
1 5
2 5
0 5
2 6
1 6
3 6
5 6
2 7
5 7
1 7
0 7
5 8
7 8
2 8
6 8
6 9
0 9
2 9
7 9
1 10
0 10
2 10
8 10
5 11
1 11
6 11
2 11
9 12
11 12
5 12
10 12
9 13
0 13
10 13
5 13
3 14
9 14
7 14
2 14
7 15
12 15
0 15
5 15
2 16
13 16
5 16
14 16
12 17
8 17
1 17
2 17
5 18
7 18
4 18
2 18
14 19
5 19
11 19
18 19
2 20
11 20
0 20
9 20
7 21
17 21
10 21
20 21
11 22
1 22
5 22
10 22
0 23
10 23
2 23
7 23
6 24
10 24
12 24
9 24
11 25
8 25
9 25
14 25
22 26
0 26
2 26
9 26
11 27
0 27
7 27
2 27
4 28
2 28
0 28
5 28
20 29
4 29
2 29
5 29
18 30
5 30
25 30
9 30
7 31
5 31
10 31
24 31
10 32
1 32
2 32
5 32
5 33
20 33
2 33
10 33
26 34
19 34
8 34
10 34
19 35
29 35
7 35
21 35
2 36
21 36
0 36
17 36
15 37
2 37
20 37
24 37
0 38
19 38
2 38
11 38
37 39
1 39
7 39
2 39
0 40
39 40
30 40
21 40
5 41
17 41
28 41
7 41
37 42
12 42
22 42
10 42
37 43
21 43
20 43
25 43
11 44
3 44
14 44
41 44
20 45
39 45
15 45
1 45
32 46
0 46
21 46
30 46
26 47
18 47
12 47
2 47
7 48
1 48
13 48
22 48
35 49
2 49
10 49
11 49
0 50
11 50
21 50
28 50
5 51
31 51
21 51
48 51
0 52
20 52
28 52
46 52
2 53
52 53
28 53
11 53
1 54
18 54
36 54
34 54
53 55
46 55
15 55
50 55
4 56
0 56
21 56
1 56
7 57
14 57
39 57
18 57
49 58
6 58
2 58
37 58
35 59
10 59
1 59
20 59
54 60
11 60
1 60
31 60
9 61
19 61
48 61
44 61
21 62
17 62
10 62
26 62
1 63
13 63
9 63
57 63
16 64
6 64
1 64
12 64
25 65
31 65
10 65
39 65
14 66
1 66
9 66
33 66
20 67
10 67
51 67
42 67
5 68
27 68
51 68
15 68
57 69
0 69
22 69
11 69
56 70
38 70
62 70
1 70
41 71
24 71
10 71
49 71
5 72
1 72
67 72
2 72
10 73
2 73
51 73
20 73
18 74
5 74
13 74
21 74
10 75
42 75
7 75
30 75
8 76
54 76
10 76
11 76
22 77
21 77
25 77
41 77
15 78
51 78
1 78
26 78
10 79
22 79
5 79
7 79
22 80
59 80
2 80
27 80
38 81
7 81
57 81
45 81
53 82
27 82
12 82
1 82
19 83
62 83
27 83
17 83
37 84
21 84
40 84
8 84
40 85
33 85
2 85
1 85
43 86
2 86
9 86
30 86
18 87
46 87
24 87
8 87
6 88
22 88
2 88
68 88
70 89
20 89
16 89
80 89
43 90
15 90
38 90
45 90
7 91
16 91
20 91
5 91
39 92
53 92
5 92
7 92
32 93
18 93
0 93
39 93
14 94
54 94
69 94
15 94
0 95
35 95
28 95
1 95
0 96
50 96
2 96
37 96
80 97
3 97
58 97
85 97
0 98
64 98
66 98
70 98
8 99
72 99
77 99
41 99
1 0
2 0
2 1
3 0
3 1
3 2
4 0
4 1
4 2
4 3
5 3
5 1
5 2
5 0
6 2
6 1
6 3
6 5
7 2
7 5
7 1
7 0
8 5
8 7
8 2
8 6
9 6
9 0
9 2
9 7
10 1
10 0
10 2
10 8
11 5
11 1
11 6
11 2
12 9
12 11
12 5
12 10
13 9
13 0
13 10
13 5
14 3
14 9
14 7
14 2
15 7
15 12
15 0
15 5
16 2
16 13
16 5
16 14
17 12
17 8
17 1
17 2
18 5
18 7
18 4
18 2
19 14
19 5
19 11
19 18
20 2
20 11
20 0
20 9
21 7
21 17
21 10
21 20
22 11
22 1
22 5
22 10
23 0
23 10
23 2
23 7
24 6
24 10
24 12
24 9
25 11
25 8
25 9
25 14
26 22
26 0
26 2
26 9
27 11
27 0
27 7
27 2
28 4
28 2
28 0
28 5
29 20
29 4
29 2
29 5
30 18
30 5
30 25
30 9
31 7
31 5
31 10
31 24
32 10
32 1
32 2
32 5
33 5
33 20
33 2
33 10
34 26
34 19
34 8
34 10
35 19
35 29
35 7
35 21
36 2
36 21
36 0
36 17
37 15
37 2
37 20
37 24
38 0
38 19
38 2
38 11
39 37
39 1
39 7
39 2
40 0
40 39
40 30
40 21
41 5
41 17
41 28
41 7
42 37
42 12
42 22
42 10
43 37
43 21
43 20
43 25
44 11
44 3
44 14
44 41
45 20
45 39
45 15
45 1
46 32
46 0
46 21
46 30
47 26
47 18
47 12
47 2
48 7
48 1
48 13
48 22
49 35
49 2
49 10
49 11
50 0
50 11
50 21
50 28
51 5
51 31
51 21
51 48
52 0
52 20
52 28
52 46
53 2
53 52
53 28
53 11
54 1
54 18
54 36
54 34
55 53
55 46
55 15
55 50
56 4
56 0
56 21
56 1
57 7
57 14
57 39
57 18
58 49
58 6
58 2
58 37
59 35
59 10
59 1
59 20
60 54
60 11
60 1
60 31
61 9
61 19
61 48
61 44
62 21
62 17
62 10
62 26
63 1
63 13
63 9
63 57
64 16
64 6
64 1
64 12
65 25
65 31
65 10
65 39
66 14
66 1
66 9
66 33
67 20
67 10
67 51
67 42
68 5
68 27
68 51
68 15
69 57
69 0
69 22
69 11
70 56
70 38
70 62
70 1
71 41
71 24
71 10
71 49
72 5
72 1
72 67
72 2
73 10
73 2
73 51
73 20
74 18
74 5
74 13
74 21
75 10
75 42
75 7
75 30
76 8
76 54
76 10
76 11
77 22
77 21
77 25
77 41
78 15
78 51
78 1
78 26
79 10
79 22
79 5
79 7
80 22
80 59
80 2
80 27
81 38
81 7
81 57
81 45
82 53
82 27
82 12
82 1
83 19
83 62
83 27
83 17
84 37
84 21
84 40
84 8
85 40
85 33
85 2
85 1
86 43
86 2
86 9
86 30
87 18
87 46
87 24
87 8
88 6
88 22
88 2
88 68
89 70
89 20
89 16
89 80
90 43
90 15
90 38
90 45
91 7
91 16
91 20
91 5
92 39
92 53
92 5
92 7
93 32
93 18
93 0
93 39
94 14
94 54
94 69
94 15
95 0
95 35
95 28
95 1
96 0
96 50
96 2
96 37
97 80
97 3
97 58
97 85
98 0
98 64
98 66
98 70
99 8
99 72
99 77
99 41
1 1 1 0 1 1 1 1 0 0 0 0 0 0 1 0 1 1 1 0 1 0 0 1 1 1 1 1 0 0 0 0 0 1 1 0 0 1 1 1 1 1 0 0 0 1 1 1 1 1 0 1 0 1 0 1 1 0 1 1 0 0 0 0 0 0 0 0 0 1 0 0 0 0 0 0 0 1 0 0 0 0 1 0 1 1 0 0 1 0 0 1 0 0 0 0 1 0 1 0
1 1 0 1 1 0 0 0 1 0 0 1 1 1 1 1 0 0 0 1 0 1 1 0 0 0 0 1 0 1 0 1 1 0 1 0 0 0 1 1 0 0 1 0 1 0 1 1 1 0 0 1 0 1 1 0 1 0 0 0 0 1 0 1 1 0 1 1 1 0 0 1 0 0 1 0 1 1 0 1 0 0 1 1 0 1 1 1 1 1 1 0 0 1 0 0 1 1 0 0
1 0 0 0 0 1 0 1 1 1 1 1 1 1 1 0 0 1 0 0 0 0 1 1 0 1 1 1 1 1 1 0 0 0 1 0 0 0 1 1 1 1 1 1 1 0 1 1 1 1 1 1 1 1 1 0 1 0 1 1 1 1 1 0 1 0 1 0 0 0 0 0 1 0 0 1 1 0 0 0 1 0 1 1 1 1 0 0 0 0 0 0 0 1 0 0 1 0 1 1
0 1 1 0 0 0 1 0 1 1 0 0 1 0 1 1 0 0 1 0 0 1 0 1 0 0 0 1 1 0 1 0 1 1 0 0 1 0 0 0 1 0 0 1 1 1 1 1 1 0 0 1 1 0 1 1 0 0 1 0 0 1 0 1 0 0 1 1 0 1 0 0 1 1 1 0 1 1 0 0 0 0 0 0 0 0 1 1 1 0 1 1 0 0 0 1 1 1 1 0
0 1 1 0 1 1 1 0 1 1 1 0 1 0 1 0 1 1 0 1 0 1 0 0 1 1 0 1 1 1 0 1 1 0 0 0 0 1 0 1 0 1 0 1 0 0 1 0 0 0 0 0 1 0 1 1 0 1 0 0 0 1 1 1 0 1 1 1 1 1 1 0 0 1 1 0 0 0 1 0 0 0 0 0 1 0 0 1 0 0 1 1 0 0 1 1 0 1 1 1