100 780 5
0 1
0 2
1 2
0 3
1 3
2 3
0 4
1 4
2 4
3 4
4 5
1 5
3 5
0 5
1 6
2 6
3 6
5 6
0 7
5 7
6 7
3 7
0 8
2 8
3 8
5 8
3 9
0 9
8 9
1 9
2 10
6 10
0 10
4 10
3 11
9 11
6 11
0 11
5 12
3 12
6 12
11 12
4 13
0 13
10 13
8 13
0 14
2 14
3 14
10 14
2 15
8 15
14 15
4 15
12 16
3 16
0 16
11 16
2 17
6 17
11 17
3 17
1 18
2 18
6 18
8 18
2 19
3 19
6 19
8 19
6 20
14 20
16 20
1 20
18 21
12 21
2 21
3 21
15 22
12 22
8 22
14 22
2 23
17 23
10 23
21 23
0 24
16 24
2 24
11 24
2 25
8 25
4 25
14 25
24 26
0 26
23 26
8 26
12 27
18 27
2 27
3 27
7 28
4 28
27 28
0 28
21 29
24 29
6 29
17 29
10 30
18 30
2 30
12 30
25 31
9 31
5 31
22 31
3 32
17 32
12 32
4 32
19 33
31 33
22 33
24 33
16 34
8 34
0 34
6 34
10 35
8 35
9 35
22 35
22 36
2 36
16 36
27 36
22 37
17 37
18 37
23 37
4 38
22 38
3 38
1 38
28 39
19 39
16 39
29 39
1 40
29 40
12 40
14 40
5 41
20 41
22 41
18 41
40 42
20 42
21 42
12 42
42 43
36 43
18 43
24 43
34 44
16 44
25 44
2 44
0 45
6 45
23 45
28 45
27 46
6 46
40 46
33 46
22 47
4 47
36 47
3 47
36 48
8 48
5 48
25 48
23 49
1 49
19 49
48 49
34 50
10 50
19 50
0 50
5 51
18 51
23 51
26 51
29 52
8 52
0 52
9 52
37 53
2 53
19 53
12 53
53 54
44 54
40 54
5 54
12 55
6 55
3 55
9 55
6 56
49 56
30 56
9 56
27 57
14 57
26 57
3 57
2 58
20 58
12 58
15 58
49 59
20 59
14 59
2 59
3 60
53 60
21 60
2 60
4 61
18 61
8 61
48 61
26 62
37 62
8 62
46 62
59 63
13 63
2 63
56 63
14 64
8 64
18 64
2 64
8 65
4 65
53 65
55 65
45 66
51 66
47 66
36 66
19 67
27 67
11 67
12 67
10 68
36 68
56 68
20 68
0 69
10 69
4 69
1 69
56 70
5 70
51 70
3 70
25 71
27 71
0 71
59 71
25 72
19 72
7 72
36 72
1 73
40 73
32 73
39 73
2 74
32 74
64 74
17 74
11 75
42 75
65 75
61 75
15 76
73 76
40 76
6 76
1 77
22 77
25 77
13 77
25 78
43 78
57 78
27 78
43 79
47 79
22 79
8 79
31 80
64 80
6 80
32 80
46 81
54 81
14 81
34 81
72 82
38 82
4 82
3 82
56 83
24 83
72 83
35 83
31 84
2 84
6 84
3 84
0 85
21 85
8 85
49 85
4 86
9 86
58 86
85 86
40 87
5 87
12 87
24 87
3 88
77 88
46 88
44 88
19 89
4 89
27 89
6 89
3 90
64 90
4 90
29 90
42 91
5 91
33 91
68 91
36 92
51 92
16 92
40 92
3 93
21 93
59 93
8 93
38 94
51 94
3 94
30 94
8 95
31 95
22 95
40 95
40 96
1 96
73 96
7 96
41 97
33 97
1 97
58 97
1 98
27 98
48 98
44 98
84 99
27 99
64 99
20 99
1 0
2 0
2 1
3 0
3 1
3 2
4 0
4 1
4 2
4 3
5 4
5 1
5 3
5 0
6 1
6 2
6 3
6 5
7 0
7 5
7 6
7 3
8 0
8 2
8 3
8 5
9 3
9 0
9 8
9 1
10 2
10 6
10 0
10 4
11 3
11 9
11 6
11 0
12 5
12 3
12 6
12 11
13 4
13 0
13 10
13 8
14 0
14 2
14 3
14 10
15 2
15 8
15 14
15 4
16 12
16 3
16 0
16 11
17 2
17 6
17 11
17 3
18 1
18 2
18 6
18 8
19 2
19 3
19 6
19 8
20 6
20 14
20 16
20 1
21 18
21 12
21 2
21 3
22 15
22 12
22 8
22 14
23 2
23 17
23 10
23 21
24 0
24 16
24 2
24 11
25 2
25 8
25 4
25 14
26 24
26 0
26 23
26 8
27 12
27 18
27 2
27 3
28 7
28 4
28 27
28 0
29 21
29 24
29 6
29 17
30 10
30 18
30 2
30 12
31 25
31 9
31 5
31 22
32 3
32 17
32 12
32 4
33 19
33 31
33 22
33 24
34 16
34 8
34 0
34 6
35 10
35 8
35 9
35 22
36 22
36 2
36 16
36 27
37 22
37 17
37 18
37 23
38 4
38 22
38 3
38 1
39 28
39 19
39 16
39 29
40 1
40 29
40 12
40 14
41 5
41 20
41 22
41 18
42 40
42 20
42 21
42 12
43 42
43 36
43 18
43 24
44 34
44 16
44 25
44 2
45 0
45 6
45 23
45 28
46 27
46 6
46 40
46 33
47 22
47 4
47 36
47 3
48 36
48 8
48 5
48 25
49 23
49 1
49 19
49 48
50 34
50 10
50 19
50 0
51 5
51 18
51 23
51 26
52 29
52 8
52 0
52 9
53 37
53 2
53 19
53 12
54 53
54 44
54 40
54 5
55 12
55 6
55 3
55 9
56 6
56 49
56 30
56 9
57 27
57 14
57 26
57 3
58 2
58 20
58 12
58 15
59 49
59 20
59 14
59 2
60 3
60 53
60 21
60 2
61 4
61 18
61 8
61 48
62 26
62 37
62 8
62 46
63 59
63 13
63 2
63 56
64 14
64 8
64 18
64 2
65 8
65 4
65 53
65 55
66 45
66 51
66 47
66 36
67 19
67 27
67 11
67 12
68 10
68 36
68 56
68 20
69 0
69 10
69 4
69 1
70 56
70 5
70 51
70 3
71 25
71 27
71 0
71 59
72 25
72 19
72 7
72 36
73 1
73 40
73 32
73 39
74 2
74 32
74 64
74 17
75 11
75 42
75 65
75 61
76 15
76 73
76 40
76 6
77 1
77 22
77 25
77 13
78 25
78 43
78 57
78 27
79 43
79 47
79 22
79 8
80 31
80 64
80 6
80 32
81 46
81 54
81 14
81 34
82 72
82 38
82 4
82 3
83 56
83 24
83 72
83 35
84 31
84 2
84 6
84 3
85 0
85 21
85 8
85 49
86 4
86 9
86 58
86 85
87 40
87 5
87 12
87 24
88 3
88 77
88 46
88 44
89 19
89 4
89 27
89 6
90 3
90 64
90 4
90 29
91 42
91 5
91 33
91 68
92 36
92 51
92 16
92 40
93 3
93 21
93 59
93 8
94 38
94 51
94 3
94 30
95 8
95 31
95 22
95 40
96 40
96 1
96 73
96 7
97 41
97 33
97 1
97 58
98 1
98 27
98 48
98 44
99 84
99 27
99 64
99 20
0 1 0 0 0 0 0 1 1 1 0 0 1 0 0 1 0 0 1 0 0 0 0 1 1 1 0 0 1 1 0 0 0 0 1 1 0 0 1 1 1 0 0 0 0 0 1 1 0 1 0 0 1 0 1 1 1 1 1 0 1 1 1 1 1 0 1 0 1 1 1 1 0 0 1 1 1 0 1 0 1 0 0 1 0 1 1 0 1 0 0 1 0 1 0 0 1 1 0 0
0 0 0 1 0 1 1 1 0 0 0 1 1 0 0 0 0 1 0 1 1 0 1 0 0 0 1 1 1 0 0 1 0 1 1 1 0 1 1 1 0 0 0 1 0 1 1 1 1 0 0 0 1 1 0 0 0 1 0 1 0 0 0 0 1 1 0 0 1 0 1 1 1 0 1 1 1 1 0 0 0 0 1 1 1 1 1 1 1 0 1 1 1 0 1 1 1 1 1 0
0 0 0 0 1 1 1 0 0 1 0 1 1 1 1 0 0 1 1 1 0 0 1 0 0 1 0 0 1 0 1 0 1 0 0 1 1 1 0 1 0 1 0 1 1 1 1 0 1 1 0 0 0 0 1 0 1 0 0 0 1 1 0 1 0 1 1 1 1 0 0 0 0 1 1 1 1 0 0 0 0 0 0 1 1 0 1 1 1 1 0 1 1 1 0 0 0 0 1 0
0 1 1 1 1 0 0 1 0 1 1 0 0 1 0 1 0 1 1 1 0 1 0 1 0 1 1 0 0 0 1 1 1 0 0 0 0 1 1 1 0 1 0 0 0 0 0 0 0 0 1 0 0 1 1 1 0 1 0 1 1 1 1 1 1 1 0 0 1 0 0 0 1 0 1 0 0 0 0 0 0 0 0 1 1 0 1 0 0 0 0 1 0 0 0 1 1 0 0 1
1 0 0 1 0 0 0 0 1 1 1 0 0 1 0 1 1 1 1 1 0 0 0 1 0 1 0 1 0 1 1 1 1 0 0 1 0 0 0 1 0 1 0 0 0 1 0 1 1 1 1 1 0 1 1 1 0 1 1 1 0 0 1 0 0 0 1 1 1 0 1 0 1 0 0 0 0 1 0 1 1 0 1 1 0 0 0 0 0 1 1 1 1 1 1 0 1 0 1 0