100 394 5
0 1
0 2
1 2
1 3
2 3
1 4
3 4
2 5
1 5
0 6
5 6
0 7
1 7
4 8
3 8
4 9
5 9
1 10
3 10
10 11
1 11
8 12
7 12
0 13
8 13
6 14
1 14
0 15
2 15
5 16
6 16
0 17
7 17
3 18
5 18
14 19
10 19
5 20
13 20
14 21
1 21
5 22
0 22
12 23
14 23
23 24
0 24
20 25
5 25
6 26
12 26
9 27
7 27
3 28
8 28
7 29
15 29
9 30
17 30
6 31
1 31
14 32
1 32
23 33
25 33
32 34
1 34
14 35
23 35
12 36
31 36
1 37
26 37
23 38
1 38
3 39
15 39
3 40
4 40
22 41
1 41
1 42
30 42
1 43
21 43
1 44
33 44
37 45
36 45
1 46
6 46
12 47
1 47
3 48
30 48
4 49
38 49
31 50
32 50
37 51
14 51
18 52
48 52
31 53
46 53
32 54
12 54
0 55
45 55
17 56
1 56
5 57
12 57
21 58
5 58
35 59
1 59
27 60
40 60
7 61
1 61
52 62
36 62
48 63
30 63
51 64
55 64
14 65
12 65
48 66
15 66
50 67
55 67
33 68
27 68
22 69
23 69
60 70
28 70
31 71
6 71
14 72
54 72
40 73
54 73
1 74
27 74
18 75
10 75
52 76
1 76
1 77
12 77
12 78
65 78
0 79
33 79
17 80
75 80
4 81
54 81
29 82
46 82
51 83
0 83
6 84
80 84
41 85
1 85
81 86
32 86
25 87
1 87
78 88
55 88
12 89
0 89
25 90
0 90
7 91
1 91
12 92
44 92
78 93
57 93
65 94
14 94
9 95
71 95
9 96
1 96
91 97
21 97
26 98
88 98
33 99
21 99
1 0
2 0
2 1
3 1
3 2
4 1
4 3
5 2
5 1
6 0
6 5
7 0
7 1
8 4
8 3
9 4
9 5
10 1
10 3
11 10
11 1
12 8
12 7
13 0
13 8
14 6
14 1
15 0
15 2
16 5
16 6
17 0
17 7
18 3
18 5
19 14
19 10
20 5
20 13
21 14
21 1
22 5
22 0
23 12
23 14
24 23
24 0
25 20
25 5
26 6
26 12
27 9
27 7
28 3
28 8
29 7
29 15
30 9
30 17
31 6
31 1
32 14
32 1
33 23
33 25
34 32
34 1
35 14
35 23
36 12
36 31
37 1
37 26
38 23
38 1
39 3
39 15
40 3
40 4
41 22
41 1
42 1
42 30
43 1
43 21
44 1
44 33
45 37
45 36
46 1
46 6
47 12
47 1
48 3
48 30
49 4
49 38
50 31
50 32
51 37
51 14
52 18
52 48
53 31
53 46
54 32
54 12
55 0
55 45
56 17
56 1
57 5
57 12
58 21
58 5
59 35
59 1
60 27
60 40
61 7
61 1
62 52
62 36
63 48
63 30
64 51
64 55
65 14
65 12
66 48
66 15
67 50
67 55
68 33
68 27
69 22
69 23
70 60
70 28
71 31
71 6
72 14
72 54
73 40
73 54
74 1
74 27
75 18
75 10
76 52
76 1
77 1
77 12
78 12
78 65
79 0
79 33
80 17
80 75
81 4
81 54
82 29
82 46
83 51
83 0
84 6
84 80
85 41
85 1
86 81
86 32
87 25
87 1
88 78
88 55
89 12
89 0
90 25
90 0
91 7
91 1
92 12
92 44
93 78
93 57
94 65
94 14
95 9
95 71
96 9
96 1
97 91
97 21
98 26
98 88
99 33
99 21
0 0 1 1 0 0 0 1 0 1 1 0 1 0 0 1 1 1 1 0 1 1 0 1 0 1 0 0 0 1 0 1 0 0 0 0 0 1 0 1 1 1 1 1 1 1 0 0 1 1 0 1 0 0 1 0 0 1 1 1 0 1 1 1 0 1 1 0 1 0 1 1 1 0 1 1 0 0 1 0 1 1 0 1 0 1 1 1 1 0 1 0 1 1 0 1 0 1 0 1
1 0 0 1 0 1 0 0 1 1 1 1 0 0 0 1 1 0 1 1 0 0 1 0 0 0 0 1 0 0 0 0 1 0 0 0 1 0 1 0 0 1 0 1 1 1 0 1 1 1 1 0 1 0 1 1 1 1 0 0 0 0 0 1 0 1 0 0 1 1 0 1 0 1 1 0 0 1 0 1 0 0 1 0 1 1 1 1 1 0 0 1 0 0 0 0 0 1 1 0
1 0 0 0 1 0 0 0 0 1 1 1 1 1 0 1 1 1 0 0 0 0 0 1 0 0 0 0 1 0 0 1 1 0 1 1 1 1 0 1 1 1 1 1 1 0 0 0 1 0 0 1 0 1 1 0 1 1 0 1 0 0 0 0 1 0 0 0 0 0 0 1 1 1 0 1 0 1 0 1 1 1 1 0 1 0 1 0 0 0 1 0 0 0 1 1 0 0 1 1
0 0 0 1 1 0 1 1 1 1 0 1 0 0 1 0 0 0 1 1 0 0 0 0 1 0 0 0 0 1 0 0 0 1 1 1 1 1 1 0 0 0 0 0 0 1 0 0 0 0 1 0 1 0 0 1 1 1 0 1 1 0 0 1 1 0 0 1 0 1 0 1 0 1 0 0 0 1 0 1 0 0 1 0 1 0 1 1 1 0 0 1 0 1 0 1 0 0 0 0
0 0 1 0 0 1 1 1 0 0 1 0 0 0 1 0 0 0 0 0 1 0 1 0 1 0 1 1 0 1 0 1 1 1 1 0 1 0 1 1 0 1 0 1 0 1 0 1 0 1 1 0 1 1 1 1 0 1 1 0 0 0 0 1 0 0 0 1 0 1 0 0 0 0 1 0 0 1 0 0 0 1 1 1 0 1 1 1 1 1 0 1 0 0 1 1 1 1 1 1