100 588 5
0 1
0 2
1 2
0 3
1 3
2 3
1 4
2 4
3 4
3 5
0 5
1 5
3 6
2 6
4 6
4 7
0 7
3 7
0 8
1 8
3 8
0 9
3 9
2 9
9 10
3 10
1 10
6 11
1 11
8 11
2 12
3 12
1 12
1 13
6 13
8 13
4 14
3 14
7 14
1 15
0 15
8 15
10 16
15 16
2 16
0 17
3 17
4 17
12 18
8 18
1 18
3 19
10 19
14 19
2 20
14 20
15 20
3 21
17 21
14 21
17 22
8 22
12 22
11 23
1 23
21 23
1 24
15 24
18 24
3 25
4 25
14 25
1 26
6 26
10 26
5 27
7 27
6 27
21 28
14 28
3 28
23 29
18 29
4 29
24 30
25 30
3 30
27 31
8 31
11 31
14 32
17 32
15 32
8 33
14 33
0 33
8 34
10 34
18 34
4 35
18 35
14 35
12 36
1 36
24 36
0 37
9 37
10 37
13 38
22 38
9 38
14 39
35 39
33 39
14 40
27 40
3 40
10 41
31 41
23 41
14 42
17 42
1 42
17 43
11 43
1 43
1 44
27 44
38 44
16 45
40 45
10 45
0 46
34 46
43 46
2 47
3 47
31 47
40 48
0 48
31 48
32 49
10 49
34 49
4 50
31 50
14 50
27 51
13 51
4 51
21 52
13 52
3 52
11 53
49 53
8 53
8 54
35 54
1 54
25 55
35 55
34 55
1 56
47 56
3 56
19 57
14 57
9 57
0 58
23 58
13 58
57 59
17 59
4 59
4 60
6 60
11 60
45 61
59 61
20 61
47 62
35 62
1 62
6 63
4 63
40 63
3 64
8 64
10 64
24 65
6 65
18 65
10 66
27 66
18 66
15 67
10 67
2 67
21 68
17 68
7 68
45 69
13 69
6 69
50 70
10 70
20 70
36 71
31 71
17 71
28 72
58 72
70 72
46 73
11 73
8 73
3 74
4 74
47 74
27 75
9 75
6 75
27 76
68 76
71 76
40 77
54 77
14 77
40 78
5 78
11 78
76 79
3 79
1 79
18 80
3 80
40 80
11 81
3 81
24 81
76 82
56 82
49 82
3 83
48 83
55 83
67 84
74 84
35 84
0 85
6 85
26 85
0 86
7 86
6 86
3 87
54 87
13 87
4 88
2 88
22 88
11 89
73 89
71 89
32 90
2 90
6 90
35 91
53 91
14 91
77 92
69 92
31 92
27 93
38 93
41 93
8 94
12 94
71 94
0 95
51 95
4 95
1 96
0 96
36 96
14 97
33 97
15 97
21 98
27 98
19 98
59 99
69 99
51 99
1 0
2 0
2 1
3 0
3 1
3 2
4 1
4 2
4 3
5 3
5 0
5 1
6 3
6 2
6 4
7 4
7 0
7 3
8 0
8 1
8 3
9 0
9 3
9 2
10 9
10 3
10 1
11 6
11 1
11 8
12 2
12 3
12 1
13 1
13 6
13 8
14 4
14 3
14 7
15 1
15 0
15 8
16 10
16 15
16 2
17 0
17 3
17 4
18 12
18 8
18 1
19 3
19 10
19 14
20 2
20 14
20 15
21 3
21 17
21 14
22 17
22 8
22 12
23 11
23 1
23 21
24 1
24 15
24 18
25 3
25 4
25 14
26 1
26 6
26 10
27 5
27 7
27 6
28 21
28 14
28 3
29 23
29 18
29 4
30 24
30 25
30 3
31 27
31 8
31 11
32 14
32 17
32 15
33 8
33 14
33 0
34 8
34 10
34 18
35 4
35 18
35 14
36 12
36 1
36 24
37 0
37 9
37 10
38 13
38 22
38 9
39 14
39 35
39 33
40 14
40 27
40 3
41 10
41 31
41 23
42 14
42 17
42 1
43 17
43 11
43 1
44 1
44 27
44 38
45 16
45 40
45 10
46 0
46 34
46 43
47 2
47 3
47 31
48 40
48 0
48 31
49 32
49 10
49 34
50 4
50 31
50 14
51 27
51 13
51 4
52 21
52 13
52 3
53 11
53 49
53 8
54 8
54 35
54 1
55 25
55 35
55 34
56 1
56 47
56 3
57 19
57 14
57 9
58 0
58 23
58 13
59 57
59 17
59 4
60 4
60 6
60 11
61 45
61 59
61 20
62 47
62 35
62 1
63 6
63 4
63 40
64 3
64 8
64 10
65 24
65 6
65 18
66 10
66 27
66 18
67 15
67 10
67 2
68 21
68 17
68 7
69 45
69 13
69 6
70 50
70 10
70 20
71 36
71 31
71 17
72 28
72 58
72 70
73 46
73 11
73 8
74 3
74 4
74 47
75 27
75 9
75 6
76 27
76 68
76 71
77 40
77 54
77 14
78 40
78 5
78 11
79 76
79 3
79 1
80 18
80 3
80 40
81 11
81 3
81 24
82 76
82 56
82 49
83 3
83 48
83 55
84 67
84 74
84 35
85 0
85 6
85 26
86 0
86 7
86 6
87 3
87 54
87 13
88 4
88 2
88 22
89 11
89 73
89 71
90 32
90 2
90 6
91 35
91 53
91 14
92 77
92 69
92 31
93 27
93 38
93 41
94 8
94 12
94 71
95 0
95 51
95 4
96 1
96 0
96 36
97 14
97 33
97 15
98 21
98 27
98 19
99 59
99 69
99 51
1 0 1 1 1 0 1 1 0 0 1 1 0 0 0 0 0 0 0 1 1 0 0 1 1 0 1 1 0 1 0 0 1 1 0 1 0 0 1 0 0 0 1 1 1 1 1 1 0 0 1 1 1 1 1 1 1 0 1 1 0 1 1 0 1 1 1 0 1 0 1 1 0 1 1 0 0 1 0 1 1 1 0 1 0 1 1 0 1 0 0 0 1 1 0 1 0 0 1 0
1 0 0 0 0 0 0 0 1 0 1 1 0 0 0 0 0 1 0 1 1 1 0 0 0 1 0 1 0 1 1 1 1 1 1 1 1 1 1 0 1 1 0 1 1 1 0 1 1 0 1 0 0 0 1 0 1 1 1 1 1 1 0 1 1 1 1 1 0 1 0 0 1 1 0 0 1 1 1 0 1 1 0 1 0 1 0 1 1 0 1 1 0 0 1 1 1 1 1 1
1 1 1 0 0 0 1 0 1 0 0 0 1 1 1 1 1 0 1 1 0 1 0 0 1 0 0 0 1 0 0 0 1 0 0 1 0 0 1 1 0 0 0 0 0 1 1 1 0 1 1 0 0 0 1 0 1 0 0 0 1 0 1 1 1 0 0 1 1 1 1 1 1 1 1 0 1 1 1 0 0 1 1 1 1 0 1 0 1 0 0 0 0 1 0 1 0 1 0 0
0 1 0 0 1 1 1 1 0 1 0 1 0 0 1 0 0 1 0 1 0 1 1 0 1 0 0 0 0 1 0 0 0 0 1 0 0 1 1 1 0 0 0 1 1 0 1 0 0 0 1 0 1 1 0 1 0 1 1 0 0 1 0 0 1 1 1 1 1 1 1 0 0 1 0 1 1 1 1 0 0 1 1 0 0 1 0 1 0 1 1 1 0 1 1 1 0 0 1 1
0 1 1 0 1 0 0 1 1 0 0 0 0 0 1 0 0 1 1 1 1 1 0 1 1 1 0 0 0 1 1 0 1 0 1 1 0 0 0 1 1 1 0 0 1 0 0 1 0 1 1 0 0 0 1 0 1 0 1 1 1 1 1 1 0 0 0 1 0 0 0 1 0 1 0 0 1 0 1 1 0 1 1 0 0 1 0 1 0 0 1 0 0 0 0 1 1 0 0 1