100 780 5
0 1
0 2
1 2
0 3
1 3
2 3
0 4
1 4
2 4
3 4
1 5
4 5
3 5
2 5
0 6
3 6
4 6
2 6
5 7
2 7
1 7
4 7
1 8
4 8
2 8
7 8
2 9
5 9
8 9
4 9
4 10
1 10
6 10
9 10
3 11
6 11
2 11
7 11
1 12
2 12
4 12
9 12
4 13
11 13
2 13
12 13
5 14
4 14
10 14
12 14
11 15
10 15
13 15
5 15
0 16
15 16
10 16
3 16
13 17
4 17
2 17
7 17
16 18
4 18
10 18
2 18
14 19
2 19
7 19
4 19
8 20
2 20
6 20
1 20
2 21
16 21
18 21
7 21
16 22
10 22
19 22
3 22
16 23
11 23
2 23
3 23
19 24
15 24
13 24
2 24
13 25
24 25
16 25
5 25
16 26
7 26
13 26
12 26
26 27
15 27
23 27
12 27
26 28
1 28
14 28
2 28
2 29
11 29
7 29
15 29
10 30
12 30
15 30
20 30
20 31
18 31
0 31
11 31
15 32
30 32
11 32
6 32
20 33
11 33
16 33
19 33
0 34
5 34
6 34
13 34
2 35
18 35
12 35
4 35
5 36
13 36
0 36
28 36
32 37
35 37
1 37
33 37
36 38
5 38
34 38
15 38
24 39
34 39
5 39
19 39
21 40
32 40
9 40
37 40
30 41
8 41
33 41
39 41
8 42
12 42
15 42
17 42
20 43
25 43
3 43
29 43
2 44
42 44
1 44
16 44
19 45
42 45
12 45
40 45
42 46
33 46
2 46
23 46
11 47
43 47
8 47
40 47
1 48
38 48
2 48
29 48
20 49
40 49
10 49
15 49
42 50
1 50
38 50
2 50
6 51
2 51
25 51
0 51
11 52
9 52
13 52
37 52
1 53
8 53
29 53
11 53
31 54
29 54
6 54
38 54
37 55
28 55
31 55
18 55
30 56
31 56
10 56
13 56
0 57
22 57
40 57
39 57
38 58
24 58
8 58
18 58
20 59
37 59
4 59
27 59
14 60
13 60
19 60
40 60
49 61
56 61
12 61
10 61
8 62
34 62
52 62
24 62
9 63
12 63
10 63
28 63
3 64
45 64
35 64
10 64
63 65
42 65
2 65
10 65
47 66
42 66
10 66
45 66
66 67
33 67
48 67
9 67
8 68
50 68
51 68
12 68
24 69
29 69
57 69
65 69
45 70
4 70
7 70
1 70
15 71
0 71
65 71
18 71
8 72
1 72
52 72
12 72
24 73
70 73
50 73
61 73
1 74
13 74
50 74
61 74
15 75
70 75
16 75
4 75
38 76
8 76
59 76
11 76
19 77
59 77
9 77
29 77
5 78
30 78
17 78
21 78
29 79
15 79
8 79
48 79
65 80
69 80
33 80
48 80
16 81
40 81
43 81
34 81
40 82
2 82
30 82
38 82
23 83
6 83
8 83
68 83
78 84
30 84
12 84
71 84
15 85
27 85
6 85
65 85
76 86
8 86
12 86
29 86
21 87
10 87
8 87
37 87
67 88
43 88
49 88
60 88
60 89
82 89
67 89
2 89
38 90
15 90
44 90
3 90
58 91
6 91
15 91
56 91
29 92
35 92
18 92
49 92
40 93
65 93
55 93
20 93
12 94
11 94
58 94
32 94
17 95
88 95
42 95
73 95
45 96
11 96
36 96
46 96
4 97
29 97
8 97
17 97
3 98
10 98
6 98
54 98
11 99
69 99
30 99
51 99
1 0
2 0
2 1
3 0
3 1
3 2
4 0
4 1
4 2
4 3
5 1
5 4
5 3
5 2
6 0
6 3
6 4
6 2
7 5
7 2
7 1
7 4
8 1
8 4
8 2
8 7
9 2
9 5
9 8
9 4
10 4
10 1
10 6
10 9
11 3
11 6
11 2
11 7
12 1
12 2
12 4
12 9
13 4
13 11
13 2
13 12
14 5
14 4
14 10
14 12
15 11
15 10
15 13
15 5
16 0
16 15
16 10
16 3
17 13
17 4
17 2
17 7
18 16
18 4
18 10
18 2
19 14
19 2
19 7
19 4
20 8
20 2
20 6
20 1
21 2
21 16
21 18
21 7
22 16
22 10
22 19
22 3
23 16
23 11
23 2
23 3
24 19
24 15
24 13
24 2
25 13
25 24
25 16
25 5
26 16
26 7
26 13
26 12
27 26
27 15
27 23
27 12
28 26
28 1
28 14
28 2
29 2
29 11
29 7
29 15
30 10
30 12
30 15
30 20
31 20
31 18
31 0
31 11
32 15
32 30
32 11
32 6
33 20
33 11
33 16
33 19
34 0
34 5
34 6
34 13
35 2
35 18
35 12
35 4
36 5
36 13
36 0
36 28
37 32
37 35
37 1
37 33
38 36
38 5
38 34
38 15
39 24
39 34
39 5
39 19
40 21
40 32
40 9
40 37
41 30
41 8
41 33
41 39
42 8
42 12
42 15
42 17
43 20
43 25
43 3
43 29
44 2
44 42
44 1
44 16
45 19
45 42
45 12
45 40
46 42
46 33
46 2
46 23
47 11
47 43
47 8
47 40
48 1
48 38
48 2
48 29
49 20
49 40
49 10
49 15
50 42
50 1
50 38
50 2
51 6
51 2
51 25
51 0
52 11
52 9
52 13
52 37
53 1
53 8
53 29
53 11
54 31
54 29
54 6
54 38
55 37
55 28
55 31
55 18
56 30
56 31
56 10
56 13
57 0
57 22
57 40
57 39
58 38
58 24
58 8
58 18
59 20
59 37
59 4
59 27
60 14
60 13
60 19
60 40
61 49
61 56
61 12
61 10
62 8
62 34
62 52
62 24
63 9
63 12
63 10
63 28
64 3
64 45
64 35
64 10
65 63
65 42
65 2
65 10
66 47
66 42
66 10
66 45
67 66
67 33
67 48
67 9
68 8
68 50
68 51
68 12
69 24
69 29
69 57
69 65
70 45
70 4
70 7
70 1
71 15
71 0
71 65
71 18
72 8
72 1
72 52
72 12
73 24
73 70
73 50
73 61
74 1
74 13
74 50
74 61
75 15
75 70
75 16
75 4
76 38
76 8
76 59
76 11
77 19
77 59
77 9
77 29
78 5
78 30
78 17
78 21
79 29
79 15
79 8
79 48
80 65
80 69
80 33
80 48
81 16
81 40
81 43
81 34
82 40
82 2
82 30
82 38
83 23
83 6
83 8
83 68
84 78
84 30
84 12
84 71
85 15
85 27
85 6
85 65
86 76
86 8
86 12
86 29
87 21
87 10
87 8
87 37
88 67
88 43
88 49
88 60
89 60
89 82
89 67
89 2
90 38
90 15
90 44
90 3
91 58
91 6
91 15
91 56
92 29
92 35
92 18
92 49
93 40
93 65
93 55
93 20
94 12
94 11
94 58
94 32
95 17
95 88
95 42
95 73
96 45
96 11
96 36
96 46
97 4
97 29
97 8
97 17
98 3
98 10
98 6
98 54
99 11
99 69
99 30
99 51
0 0 0 0 1 1 1 1 1 1 1 0 1 1 1 0 1 0 1 0 0 0 1 0 0 0 1 1 1 0 1 0 0 0 0 1 1 0 1 0 1 1 1 1 1 1 0 0 1 1 0 1 1 0 1 0 1 1 1 0 0 1 0 1 0 1 0 1 1 1 1 0 0 1 1 1 0 0 1 1 0 1 0 1 1 0 0 0 1 1 0 0 1 0 1 0 0 0 1 1
0 0 0 0 1 1 0 0 1 1 1 0 0 0 1 0 1 0 0 0 1 1 1 0 1 0 0 0 1 1 0 1 0 1 0 1 0 1 1 0 1 0 1 0 0 0 0 1 1 0 0 0 1 1 0 0 0 1 1 0 0 1 0 0 0 1 0 0 1 0 0 0 1 1 1 1 0 1 0 1 1 0 1 0 1 0 1 1 0 1 0 1 1 0 0 1 1 0 0 1
0 1 1 0 1 1 1 0 1 0 0 0 0 0 1 0 1 0 0 1 1 0 1 0 1 0 0 0 0 1 1 0 0 1 1 0 1 0 0 0 1 0 0 1 0 1 0 0 1 0 0 1 0 0 0 0 0 0 0 0 1 1 0 1 1 1 1 1 0 0 1 0 0 0 0 0 0 0 1 1 1 0 1 1 0 1 0 1 0 1 0 1 0 0 0 0 0 1 1 0
0 0 0 0 1 0 1 0 1 0 1 1 0 1 1 1 0 0 1 1 0 1 1 1 1 1 0 1 1 0 1 0 0 0 0 0 0 0 0 0 0 0 1 1 1 0 1 1 1 1 1 1 1 1 1 1 0 1 0 1 1 1 0 0 1 1 0 0 0 1 1 0 1 1 0 1 1 0 0 0 1 1 0 1 1 0 1 1 1 1 1 1 0 1 0 1 1 1 0 0
0 0 1 1 1 0 0 0 1 1 0 0 0 1 1 0 1 1 0 1 1 0 1 1 1 0 1 0 0 0 0 0 1 0 0 0 0 1 0 1 0 0 0 1 0 0 1 1 1 0 1 0 0 1 1 1 1 0 0 0 0 0 0 0 1 0 1 1 1 0 0 0 1 1 0 1 1 1 1 0 1 0 0 0 0 1 0 1 0 0 1 0 1 1 1 1 1 0 0 1