100 390 5
1 0 0 0 0 0 0 1 0 0 1 0 0 0 1 1 1 0 0 0 1 1 1 0 0 1 1 1 1 1 0 0 0 1 1 1 0 1 1 1 1 0 1 0 0 0 0 0 1 0 0 0 1 0 0 1 0 1 1 0 1 1 1 1 0 0 0 0 0 1 0 1 1 0 1 1 1 0 0 0 0 0 0 1 0 0 0 1 0 0 1 1 0 1 0 1 0 1 1 0
1 0 1 0 1 0 1 0 0 1 0 1 1 1 0 1 1 0 0 1 1 0 0 0 1 0 1 1 0 1 0 1 1 1 0 1 0 1 1 0 0 1 1 1 0 0 1 1 1 0 1 1 1 0 1 1 0 0 0 1 1 0 1 0 1 1 0 0 1 1 1 0 1 1 0 0 1 1 0 1 0 0 1 0 0 0 0 1 1 1 0 0 0 1 1 1 1 0 1 1
1 1 1 0 0 0 1 0 1 1 1 0 1 0 1 0 0 1 1 0 1 0 0 0 1 0 0 0 1 0 0 1 1 0 1 1 0 1 0 0 0 1 1 0 0 0 0 0 0 0 1 0 0 0 1 0 1 0 0 0 1 1 0 1 0 0 1 0 0 0 1 1 0 1 1 0 1 1 1 1 0 1 1 0 1 0 1 0 1 1 0 0 0 1 0 0 1 0 0 1
1 1 0 0 0 1 0 1 1 1 0 0 1 0 0 0 1 1 0 0 1 0 1 0 0 0 1 0 1 0 0 0 0 0 1 0 1 1 0 0 0 1 0 1 1 1 1 1 1 1 0 0 0 1 1 0 1 0 1 0 0 1 0 1 0 1 1 0 0 1 1 1 1 1 0 0 0 1 0 0 0 1 1 1 0 1 1 1 1 0 0 0 1 1 0 1 0 0 0 0
1 0 0 1 0 0 0 0 1 0 1 0 1 0 1 1 0 1 0 0 0 0 0 1 1 0 1 1 1 0 0 0 1 1 0 1 1 1 1 0 1 0 0 1 1 1 0 0 0 0 0 1 0 0 0 1 0 0 1 1 0 1 1 0 1 1 1 0 1 1 0 0 0 1 1 0 1 0 1 1 0 0 0 0 0 0 1 1 0 0 0 1 1 0 0 0 0 0 1 0
0 1
0 2
1 2
0 3
1 3
2 3
0 4
1 4
2 4
3 4
2 5
0 5
4 5
3 5
2 6
4 6
3 6
1 6
2 7
4 7
3 7
1 7
4 8
1 8
7 8
5 8
4 9
3 9
6 9
5 9
1 10
9 10
5 10
8 10
5 11
4 11
2 11
1 11
11 12
4 12
1 12
6 12
7 13
5 13
9 13
2 13
13 14
5 14
4 14
10 14
4 15
6 15
2 15
3 15
5 16
10 16
6 16
12 16
11 17
1 17
9 17
12 17
2 18
16 18
8 18
7 18
10 19
15 19
4 19
8 19
16 20
13 20
9 20
8 20
5 21
7 21
6 21
13 21
20 22
11 22
3 22
2 22
7 23
2 23
19 23
4 23
4 24
3 24
15 24
0 24
8 25
16 25
15 25
12 25
7 26
5 26
3 26
16 26
0 27
12 27
3 27
1 27
4 28
14 28
6 28
1 28
13 29
4 29
15 29
7 29
1 30
5 30
23 30
22 30
24 31
5 31
14 31
13 31
18 32
4 32
16 32
2 32
20 33
3 33
22 33
4 33
21 34
29 34
16 34
27 34
29 35
1 35
17 35
24 35
2 36
6 36
5 36
4 36
1 37
24 37
3 37
9 37
4 38
20 38
18 38
7 38
13 39
28 39
6 39
16 39
13 40
22 40
11 40
35 40
33 41
21 41
37 41
28 41
4 42
34 42
5 42
1 42
21 43
3 43
0 43
28 43
0 44
20 44
4 44
29 44
9 45
8 45
1 45
12 45
2 46
23 46
17 46
11 46
4 47
0 47
10 47
35 47
18 48
33 48
28 48
2 48
4 49
7 49
38 49
2 49
38 50
9 50
17 50
41 50
12 51
17 51
4 51
26 51
16 52
27 52
4 52
7 52
4 53
9 53
33 53
19 53
53 54
33 54
9 54
6 54
8 55
43 55
4 55
31 55
11 56
17 56
4 56
15 56
4 57
52 57
31 57
13 57
24 58
15 58
4 58
45 58
8 59
28 59
14 59
27 59
59 60
10 60
16 60
28 60
0 61
55 61
24 61
21 61
39 62
33 62
6 62
13 62
45 63
47 63
6 63
31 63
8 64
61 64
53 64
21 64
4 65
18 65
1 65
54 65
31 66
19 66
58 66
63 66
49 67
8 67
17 67
12 67
35 68
16 68
14 68
7 68
33 69
28 69
6 69
35 69
50 70
2 70
68 70
28 70
2 71
69 71
8 71
24 71
5 72
2 72
8 72
62 72
23 73
21 73
41 73
38 73
61 74
64 74
14 74
33 74
65 75
26 75
5 75
29 75
28 76
8 76
16 76
47 76
4 77
8 77
16 77
1 77
14 78
66 78
48 78
40 78
16 79
7 79
29 79
0 79
3 80
4 80
56 80
38 80
61 81
44 81
20 81
54 81
19 82
21 82
50 82
28 82
32 83
82 83
0 83
24 83
27 84
69 84
38 84
43 84
1 85
35 85
5 85
38 85
10 86
33 86
13 86
53 86
39 87
30 87
32 87
38 87
24 88
14 88
67 88
85 88
86 89
31 89
77 89
49 89
79 90
77 90
9 90
4 90
29 91
72 91
1 91
26 91
84 92
87 92
14 92
42 92
8 93
34 93
76 93
16 93
22 94
60 94
83 94
9 94
5 95
77 95
81 95
2 95
87 96
8 96
10 96
30 96
12 97
78 97
77 97
69 97
26 98
79 98
6 98
82 98
29 99
71 99
77 99
43 99