50 194 5
0 1
0 2
1 2
0 3
1 3
1 4
2 4
4 5
3 5
3 6
4 6
0 7
6 7
3 8
1 8
5 9
6 9
0 10
5 10
4 11
2 11
3 12
2 12
2 13
3 13
11 14
7 14
2 15
7 15
2 16
3 16
11 17
10 17
3 18
10 18
3 19
2 19
2 20
5 20
2 21
3 21
3 22
10 22
13 23
14 23
13 24
11 24
8 25
19 25
8 26
14 26
23 27
11 27
18 28
20 28
11 29
3 29
5 30
12 30
6 31
9 31
21 32
9 32
8 33
7 33
27 34
4 34
3 35
28 35
28 36
2 36
3 37
14 37
11 38
28 38
29 39
7 39
10 40
29 40
2 41
14 41
19 42
2 42
2 43
6 43
2 44
0 44
11 45
22 45
3 46
29 46
16 47
7 47
23 48
8 48
29 49
12 49
1 0
2 0
2 1
3 0
3 1
4 1
4 2
5 4
5 3
6 3
6 4
7 0
7 6
8 3
8 1
9 5
9 6
10 0
10 5
11 4
11 2
12 3
12 2
13 2
13 3
14 11
14 7
15 2
15 7
16 2
16 3
17 11
17 10
18 3
18 10
19 3
19 2
20 2
20 5
21 2
21 3
22 3
22 10
23 13
23 14
24 13
24 11
25 8
25 19
26 8
26 14
27 23
27 11
28 18
28 20
29 11
29 3
30 5
30 12
31 6
31 9
32 21
32 9
33 8
33 7
34 27
34 4
35 3
35 28
36 28
36 2
37 3
37 14
38 11
38 28
39 29
39 7
40 10
40 29
41 2
41 14
42 19
42 2
43 2
43 6
44 2
44 0
45 11
45 22
46 3
46 29
47 16
47 7
48 23
48 8
49 29
49 12
1 1 1 1 0 0 0 1 0 0 1 0 1 0 0 1 1 1 1 1 0 1 0 0 0 1 1 0 1 0 0 0 1 0 0 0 1 1 0 1 0 1 1 1 0 1 1 1 0 0
1 1 1 0 0 1 0 0 0 1 0 0 0 0 0 1 1 0 1 0 0 0 0 0 0 1 1 1 0 0 1 1 0 0 1 1 0 0 1 0 1 0 1 1 0 0 0 0 0 0
0 1 1 0 1 1 1 0 1 1 1 1 0 1 1 0 1 0 1 0 0 1 1 1 1 1 0 0 0 0 1 0 0 0 0 0 1 0 0 0 0 0 1 0 1 0 0 0 0 0
1 1 0 0 1 1 1 0 1 1 1 0 0 1 0 0 1 0 1 1 0 1 1 0 1 1 1 1 0 0 0 1 0 0 0 0 1 1 1 0 0 0 0 0 1 1 0 0 1 0
1 0 1 1 1 1 1 0 1 0 1 1 1 1 1 0 0 1 1 0 0 0 1 0 1 1 1 0 0 0 0 0 0 0 0 1 1 0 1 0 1 0 1 0 0 1 1 0 1 1