100 394 5
0 1
0 2
1 2
1 3
0 3
3 4
0 4
3 5
2 5
3 6
0 6
3 7
5 7
3 8
2 8
3 9
2 9
6 10
9 10
3 11
9 11
6 12
2 12
4 13
9 13
5 14
1 14
7 15
5 15
3 16
14 16
13 17
6 17
4 18
13 18
0 19
6 19
3 20
16 20
20 21
15 21
3 22
13 22
10 23
13 23
21 24
2 24
3 25
0 25
4 26
13 26
7 27
17 27
27 28
13 28
26 29
17 29
28 30
7 30
6 31
10 31
29 32
13 32
27 33
15 33
3 34
2 34
34 35
9 35
23 36
22 36
23 37
27 37
34 38
26 38
10 39
9 39
0 40
19 40
37 41
12 41
24 42
14 42
21 43
36 43
10 44
32 44
6 45
41 45
12 46
5 46
36 47
12 47
7 48
3 48
1 49
3 49
20 50
13 50
4 51
3 51
50 52
5 52
17 53
6 53
16 54
12 54
3 55
36 55
14 56
28 56
48 57
49 57
56 58
43 58
11 59
7 59
7 60
0 60
35 61
28 61
0 62
43 62
34 63
13 63
49 64
62 64
25 65
36 65
19 66
34 66
2 67
3 67
43 68
55 68
62 69
1 69
45 70
17 70
34 71
36 71
23 72
39 72
36 73
20 73
62 74
9 74
14 75
0 75
38 76
30 76
43 77
56 77
30 78
45 78
14 79
38 79
68 80
17 80
9 81
6 81
38 82
0 82
3 83
41 83
21 84
28 84
3 85
14 85
32 86
42 86
45 87
71 87
3 88
13 88
65 89
36 89
2 90
0 90
13 91
86 91
14 92
30 92
36 93
56 93
40 94
67 94
91 95
11 95
52 96
41 96
46 97
53 97
47 98
11 98
87 99
1 99
1 0
2 0
2 1
3 1
3 0
4 3
4 0
5 3
5 2
6 3
6 0
7 3
7 5
8 3
8 2
9 3
9 2
10 6
10 9
11 3
11 9
12 6
12 2
13 4
13 9
14 5
14 1
15 7
15 5
16 3
16 14
17 13
17 6
18 4
18 13
19 0
19 6
20 3
20 16
21 20
21 15
22 3
22 13
23 10
23 13
24 21
24 2
25 3
25 0
26 4
26 13
27 7
27 17
28 27
28 13
29 26
29 17
30 28
30 7
31 6
31 10
32 29
32 13
33 27
33 15
34 3
34 2
35 34
35 9
36 23
36 22
37 23
37 27
38 34
38 26
39 10
39 9
40 0
40 19
41 37
41 12
42 24
42 14
43 21
43 36
44 10
44 32
45 6
45 41
46 12
46 5
47 36
47 12
48 7
48 3
49 1
49 3
50 20
50 13
51 4
51 3
52 50
52 5
53 17
53 6
54 16
54 12
55 3
55 36
56 14
56 28
57 48
57 49
58 56
58 43
59 11
59 7
60 7
60 0
61 35
61 28
62 0
62 43
63 34
63 13
64 49
64 62
65 25
65 36
66 19
66 34
67 2
67 3
68 43
68 55
69 62
69 1
70 45
70 17
71 34
71 36
72 23
72 39
73 36
73 20
74 62
74 9
75 14
75 0
76 38
76 30
77 43
77 56
78 30
78 45
79 14
79 38
80 68
80 17
81 9
81 6
82 38
82 0
83 3
83 41
84 21
84 28
85 3
85 14
86 32
86 42
87 45
87 71
88 3
88 13
89 65
89 36
90 2
90 0
91 13
91 86
92 14
92 30
93 36
93 56
94 40
94 67
95 91
95 11
96 52
96 41
97 46
97 53
98 47
98 11
99 87
99 1
1 1 0 1 1 0 0 1 1 1 0 0 0 0 0 0 1 0 0 0 1 0 1 0 0 1 0 0 1 1 1 0 0 1 0 0 1 1 0 0 1 1 1 0 0 0 1 0 0 1 0 1 0 1 1 1 1 1 1 0 0 0 1 1 0 0 1 0 0 0 1 0 0 1 1 1 0 1 1 0 0 0 1 0 0 0 0 0 1 0 1 1 0 1 1 0 0 0 1 1
1 1 0 0 1 0 0 0 1 0 1 1 0 0 0 1 0 0 1 0 0 0 0 1 1 1 0 1 0 0 1 1 0 1 0 0 1 1 1 1 1 1 1 1 1 0 0 1 1 0 1 1 1 1 1 0 1 0 1 0 1 1 1 0 1 1 1 1 0 1 1 0 1 0 1 0 1 1 1 0 1 1 1 1 1 0 0 0 1 0 1 1 0 0 1 0 1 0 0 1
0 0 0 1 0 1 0 0 0 0 1 1 1 0 0 1 0 0 1 0 0 0 0 0 1 1 1 0 0 0 1 0 1 1 1 0 1 1 1 0 0 0 1 1 0 0 0 0 0 0 0 0 0 0 0 0 0 0 1 1 1 0 0 1 0 1 0 0 0 0 0 0 1 1 0 0 1 1 1 0 1 0 0 1 0 0 0 0 0 0 0 1 1 0 0 0 1 1 0 0
1 1 1 0 0 0 1 0 1 1 0 0 0 0 0 0 0 1 0 1 0 0 0 1 0 0 0 1 0 1 1 1 0 0 0 1 0 1 1 0 1 0 0 0 0 0 1 1 1 0 0 0 0 1 0 1 1 1 0 0 0 0 0 1 0 1 0 0 1 1 1 0 0 1 0 1 1 1 0 0 0 1 0 0 0 1 1 0 1 0 0 0 0 0 0 1 1 1 0 0
1 1 0 0 0 1 1 0 0 1 0 0 0 1 0 1 1 0 1 0 1 1 0 0 0 0 0 0 0 0 0 1 0 0 1 0 1 1 1 0 1 0 1 1 1 1 1 0 1 0 1 1 0 1 0 1 1 1 0 1 0 1 0 0 0 0 1 0 0 1 1 1 0 0 1 0 1 0 0 0 1 1 0 1 1 1 1 0 1 1 1 0 1 1 1 0 1 1 0 0