100 780 5
0 1
0 2
1 2
0 3
1 3
2 3
0 4
1 4
2 4
3 4
4 5
0 5
1 5
2 5
2 6
1 6
5 6
0 6
2 7
0 7
4 7
5 7
7 8
0 8
3 8
2 8
3 9
5 9
7 9
0 9
3 10
4 10
7 10
0 10
0 11
3 11
7 11
5 11
2 12
11 12
0 12
1 12
1 13
2 13
8 13
11 13
10 14
5 14
1 14
0 14
5 15
3 15
4 15
7 15
8 16
11 16
0 16
5 16
14 17
8 17
5 17
16 17
12 18
7 18
3 18
0 18
0 19
15 19
8 19
4 19
6 20
13 20
7 20
14 20
4 21
9 21
8 21
2 21
21 22
0 22
10 22
1 22
21 23
10 23
1 23
4 23
5 24
4 24
10 24
0 24
8 25
16 25
4 25
3 25
0 26
2 26
21 26
5 26
18 27
7 27
16 27
17 27
14 28
6 28
3 28
1 28
9 29
0 29
2 29
16 29
26 30
15 30
2 30
0 30
11 31
0 31
23 31
22 31
2 32
0 32
18 32
28 32
31 33
21 33
14 33
8 33
30 34
6 34
23 34
4 34
9 35
18 35
7 35
1 35
3 36
33 36
1 36
0 36
7 37
11 37
24 37
21 37
2 38
15 38
33 38
11 38
7 39
0 39
4 39
3 39
2 40
4 40
3 40
18 40
22 41
12 41
0 41
7 41
3 42
1 42
18 42
2 42
11 43
39 43
21 43
6 43
36 44
17 44
3 44
7 44
5 45
33 45
42 45
18 45
37 46
16 46
0 46
41 46
31 47
22 47
5 47
42 47
1 48
0 48
22 48
30 48
43 49
36 49
9 49
48 49
24 50
17 50
4 50
34 50
1 51
24 51
7 51
27 51
9 52
29 52
7 52
5 52
5 53
7 53
43 53
24 53
37 54
38 54
5 54
9 54
7 55
43 55
0 55
17 55
3 56
0 56
32 56
33 56
53 57
3 57
24 57
29 57
14 58
17 58
29 58
5 58
4 59
40 59
15 59
9 59
11 60
44 60
7 60
29 60
42 61
22 61
36 61
1 61
36 62
19 62
5 62
11 62
43 63
24 63
5 63
8 63
14 64
9 64
13 64
29 64
21 65
56 65
7 65
26 65
15 66
18 66
42 66
22 66
4 67
8 67
1 67
0 67
36 68
0 68
10 68
7 68
18 69
5 69
38 69
15 69
11 70
18 70
31 70
38 70
10 71
7 71
5 71
32 71
1 72
10 72
3 72
13 72
36 73
4 73
38 73
66 73
22 74
49 74
24 74
55 74
71 75
16 75
8 75
6 75
22 76
43 76
36 76
60 76
60 77
9 77
8 77
38 77
15 78
1 78
12 78
14 78
6 79
16 79
71 79
7 79
58 80
5 80
67 80
2 80
39 81
79 81
36 81
1 81
66 82
55 82
31 82
42 82
14 83
70 83
4 83
23 83
23 84
14 84
13 84
36 84
24 85
16 85
8 85
9 85
15 86
37 86
14 86
0 86
60 87
31 87
17 87
7 87
68 88
1 88
24 88
5 88
45 89
26 89
3 89
16 89
37 90
16 90
14 90
7 90
2 91
21 91
9 91
4 91
23 92
40 92
5 92
11 92
13 93
34 93
18 93
0 93
83 94
72 94
4 94
2 94
29 95
0 95
2 95
15 95
56 96
40 96
14 96
25 96
95 97
55 97
23 97
3 97
69 98
20 98
24 98
3 98
68 99
66 99
0 99
75 99
1 0
2 0
2 1
3 0
3 1
3 2
4 0
4 1
4 2
4 3
5 4
5 0
5 1
5 2
6 2
6 1
6 5
6 0
7 2
7 0
7 4
7 5
8 7
8 0
8 3
8 2
9 3
9 5
9 7
9 0
10 3
10 4
10 7
10 0
11 0
11 3
11 7
11 5
12 2
12 11
12 0
12 1
13 1
13 2
13 8
13 11
14 10
14 5
14 1
14 0
15 5
15 3
15 4
15 7
16 8
16 11
16 0
16 5
17 14
17 8
17 5
17 16
18 12
18 7
18 3
18 0
19 0
19 15
19 8
19 4
20 6
20 13
20 7
20 14
21 4
21 9
21 8
21 2
22 21
22 0
22 10
22 1
23 21
23 10
23 1
23 4
24 5
24 4
24 10
24 0
25 8
25 16
25 4
25 3
26 0
26 2
26 21
26 5
27 18
27 7
27 16
27 17
28 14
28 6
28 3
28 1
29 9
29 0
29 2
29 16
30 26
30 15
30 2
30 0
31 11
31 0
31 23
31 22
32 2
32 0
32 18
32 28
33 31
33 21
33 14
33 8
34 30
34 6
34 23
34 4
35 9
35 18
35 7
35 1
36 3
36 33
36 1
36 0
37 7
37 11
37 24
37 21
38 2
38 15
38 33
38 11
39 7
39 0
39 4
39 3
40 2
40 4
40 3
40 18
41 22
41 12
41 0
41 7
42 3
42 1
42 18
42 2
43 11
43 39
43 21
43 6
44 36
44 17
44 3
44 7
45 5
45 33
45 42
45 18
46 37
46 16
46 0
46 41
47 31
47 22
47 5
47 42
48 1
48 0
48 22
48 30
49 43
49 36
49 9
49 48
50 24
50 17
50 4
50 34
51 1
51 24
51 7
51 27
52 9
52 29
52 7
52 5
53 5
53 7
53 43
53 24
54 37
54 38
54 5
54 9
55 7
55 43
55 0
55 17
56 3
56 0
56 32
56 33
57 53
57 3
57 24
57 29
58 14
58 17
58 29
58 5
59 4
59 40
59 15
59 9
60 11
60 44
60 7
60 29
61 42
61 22
61 36
61 1
62 36
62 19
62 5
62 11
63 43
63 24
63 5
63 8
64 14
64 9
64 13
64 29
65 21
65 56
65 7
65 26
66 15
66 18
66 42
66 22
67 4
67 8
67 1
67 0
68 36
68 0
68 10
68 7
69 18
69 5
69 38
69 15
70 11
70 18
70 31
70 38
71 10
71 7
71 5
71 32
72 1
72 10
72 3
72 13
73 36
73 4
73 38
73 66
74 22
74 49
74 24
74 55
75 71
75 16
75 8
75 6
76 22
76 43
76 36
76 60
77 60
77 9
77 8
77 38
78 15
78 1
78 12
78 14
79 6
79 16
79 71
79 7
80 58
80 5
80 67
80 2
81 39
81 79
81 36
81 1
82 66
82 55
82 31
82 42
83 14
83 70
83 4
83 23
84 23
84 14
84 13
84 36
85 24
85 16
85 8
85 9
86 15
86 37
86 14
86 0
87 60
87 31
87 17
87 7
88 68
88 1
88 24
88 5
89 45
89 26
89 3
89 16
90 37
90 16
90 14
90 7
91 2
91 21
91 9
91 4
92 23
92 40
92 5
92 11
93 13
93 34
93 18
93 0
94 83
94 72
94 4
94 2
95 29
95 0
95 2
95 15
96 56
96 40
96 14
96 25
97 95
97 55
97 23
97 3
98 69
98 20
98 24
98 3
99 68
99 66
99 0
99 75
0 1 1 0 1 1 1 1 0 0 1 0 1 0 1 0 0 0 1 1 0 0 1 0 1 1 0 1 0 0 1 0 1 1 1 0 1 1 1 0 1 1 0 0 0 1 1 1 0 0 1 1 1 0 1 1 1 0 0 0 0 1 1 1 0 1 1 0 1 0 0 1 0 0 0 0 1 1 0 0 1 1 0 0 0 1 0 1 1 1 0 1 0 1 0 0 1 0 1 0
1 1 0 1 0 1 1 0 1 1 1 1 0 1 0 1 0 0 0 1 0 0 0 1 1 0 0 0 1 1 0 1 1 1 0 1 0 0 0 1 0 1 0 1 1 1 1 0 1 1 0 1 0 1 0 1 1 0 0 1 0 0 1 0 0 0 0 0 1 1 0 1 0 0 0 1 0 0 0 0 1 0 0 1 0 0 1 0 1 1 1 1 1 0 1 0 0 1 0 0
1 0 0 1 0 1 1 0 1 1 1 0 1 0 0 1 0 1 1 1 0 0 1 0 1 1 1 1 0 0 0 0 0 1 0 1 0 1 0 1 0 1 0 0 1 0 1 1 1 1 0 1 0 1 1 1 1 0 1 1 0 1 0 1 0 1 0 0 1 1 0 1 0 1 0 1 1 0 0 1 0 0 1 1 1 0 1 1 1 0 1 1 1 0 1 1 1 1 0 0
1 1 0 0 1 1 1 1 1 0 0 1 1 0 0 0 0 1 0 0 1 1 1 0 0 1 1 0 1 1 1 0 1 0 0 1 0 0 0 0 1 1 1 0 0 0 0 0 1 0 1 1 0 0 0 1 1 0 0 0 0 1 1 1 0 1 0 0 1 1 0 1 1 0 0 1 0 1 0 1 1 0 1 1 0 1 0 0 1 1 0 1 0 1 0 0 0 0 0 0
0 1 0 1 1 0 1 0 0 1 1 1 1 0 1 1 0 0 0 0 1 1 0 1 0 1 1 0 1 0 0 1 1 0 0 0 1 0 0 0 1 1 1 0 0 0 1 1 1 0 0 1 1 1 1 1 0 1 1 0 0 1 0 0 1 1 0 1 1 1 1 1 0 0 1 1 1 0 1 0 1 1 1 0 1 1 0 0 0 0 0 0 1 0 0 0 0 0 0 0