100 390 5
0 0 1 0 0 0 0 1 0 1 0 1 0 1 0 0 1 1 0 1 0 0 1 1 1 1 1 1 0 0 1 0 1 1 0 1 0 0 1 0 1 1 0 0 1 0 1 0 1 1 1 1 1 0 1 1 1 1 1 0 0 1 0 1 1 1 1 0 0 1 0 1 0 0 1 0 0 1 0 1 1 1 0 1 0 0 1 0 0 1 1 1 1 1 1 0 1 1 1 0
0 1 1 0 1 0 0 1 0 1 1 1 0 1 1 0 0 0 1 1 1 1 0 0 0 0 0 1 0 1 0 0 1 1 1 0 0 1 1 0 1 1 0 0 0 1 1 1 1 1 1 1 1 0 0 0 1 1 1 1 0 0 1 0 1 0 0 1 0 0 0 1 1 0 0 0 1 1 1 1 1 1 0 0 1 0 0 1 0 0 1 1 0 0 0 0 1 1 1 1
1 1 0 0 0 1 0 1 0 0 1 0 0 0 0 0 1 1 1 1 0 0 1 0 1 1 1 1 0 1 1 0 1 0 0 0 0 0 1 1 0 1 0 1 1 0 0 1 1 1 1 1 1 0 1 0 1 1 1 0 1 0 1 0 0 0 0 0 0 1 0 0 0 0 0 1 0 1 0 0 1 1 0 0 0 0 0 1 0 0 1 1 1 1 0 1 0 1 1 1
0 1 1 1 1 0 1 0 0 1 1 1 0 0 0 0 1 0 0 0 0 1 0 1 0 1 1 0 0 0 1 0 1 1 0 1 1 0 1 0 0 1 0 0 1 0 0 0 0 0 0 0 0 0 0 0 0 1 1 0 1 1 1 1 1 1 0 1 1 0 1 0 1 0 1 0 1 1 1 1 1 0 1 0 0 0 0 1 0 1 0 1 0 0 1 0 1 0 1 1
1 0 1 1 1 0 1 0 1 0 1 0 1 1 1 0 0 0 1 1 1 1 1 1 0 1 1 1 1 0 0 0 0 1 1 1 0 0 1 0 0 0 0 1 1 1 1 1 0 0 0 1 1 0 0 0 1 0 1 1 0 0 0 1 0 0 0 1 1 1 0 1 0 1 0 1 1 0 1 0 1 1 1 1 1 0 1 0 1 1 1 0 1 1 0 0 0 0 0 0
0 1
0 2
1 2
0 3
1 3
2 3
0 4
1 4
2 4
3 4
3 5
2 5
0 5
4 5
5 6
3 6
0 6
1 6
6 7
5 7
0 7
2 7
0 8
2 8
5 8
3 8
0 9
3 9
2 9
7 9
0 10
1 10
3 10
4 10
1 11
6 11
5 11
10 11
6 12
4 12
7 12
10 12
9 13
5 13
7 13
4 13
3 14
5 14
4 14
1 14
6 15
0 15
2 15
5 15
8 16
0 16
13 16
7 16
11 17
1 17
3 17
16 17
16 18
12 18
3 18
0 18
3 19
7 19
6 19
0 19
10 20
5 20
17 20
6 20
4 21
5 21
1 21
16 21
6 22
0 22
8 22
20 22
3 23
10 23
16 23
4 23
19 24
0 24
18 24
6 24
15 25
5 25
6 25
1 25
15 26
10 26
25 26
20 26
22 27
3 27
19 27
10 27
10 28
17 28
13 28
24 28
26 29
20 29
7 29
22 29
5 30
16 30
1 30
11 30
14 31
7 31
30 31
0 31
22 32
21 32
15 32
17 32
30 33
21 33
6 33
27 33
7 34
13 34
15 34
16 34
6 35
1 35
12 35
10 35
8 36
5 36
2 36
4 36
5 37
6 37
19 37
10 37
12 38
0 38
10 38
7 38
8 39
1 39
32 39
26 39
8 40
5 40
1 40
37 40
26 41
18 41
38 41
13 41
26 42
33 42
6 42
27 42
7 43
0 43
38 43
12 43
43 44
1 44
12 44
30 44
18 45
6 45
26 45
44 45
40 46
6 46
20 46
7 46
43 47
5 47
23 47
20 47
45 48
44 48
2 48
10 48
5 49
10 49
13 49
44 49
4 50
26 50
6 50
21 50
5 51
0 51
10 51
38 51
7 52
1 52
6 52
3 52
6 53
16 53
7 53
18 53
1 54
44 54
6 54
12 54
45 55
46 55
10 55
6 55
37 56
6 56
20 56
5 56
51 57
29 57
4 57
54 57
48 58
13 58
7 58
5 58
6 59
8 59
39 59
5 59
29 60
6 60
10 60
4 60
56 61
5 61
31 61
30 61
7 62
20 62
8 62
43 62
10 63
49 63
26 63
1 63
2 64
57 64
33 64
30 64
7 65
10 65
54 65
44 65
26 66
59 66
62 66
13 66
9 67
27 67
25 67
28 67
54 68
48 68
65 68
1 68
12 69
3 69
4 69
13 69
11 70
26 70
5 70
32 70
26 71
25 71
4 71
5 71
0 72
65 72
15 72
7 72
4 73
5 73
2 73
45 73
13 74
4 74
30 74
62 74
17 75
8 75
39 75
43 75
39 76
4 76
7 76
56 76
25 77
18 77
8 77
41 77
6 78
2 78
20 78
40 78
26 79
17 79
15 79
27 79
7 80
52 80
4 80
30 80
56 81
21 81
4 81
6 81
0 82
6 82
10 82
7 82
28 83
51 83
60 83
15 83
78 84
1 84
73 84
5 84
6 85
0 85
65 85
22 85
21 86
17 86
15 86
5 86
15 87
3 87
75 87
7 87
27 88
41 88
6 88
40 88
1 89
45 89
78 89
68 89
12 90
1 90
6 90
40 90
14 91
56 91
1 91
3 91
70 92
78 92
51 92
20 92
65 93
37 93
10 93
6 93
88 94
15 94
16 94
72 94
26 95
94 95
15 95
0 95
72 96
6 96
89 96
41 96
69 97
1 97
2 97
7 97
32 98
43 98
87 98
59 98
11 99
61 99
19 99
57 99