100 780 5
0 1
0 2
1 2
0 3
1 3
2 3
0 4
1 4
2 4
3 4
4 5
1 5
2 5
3 5
1 6
4 6
3 6
5 6
0 7
1 7
2 7
4 7
6 8
5 8
1 8
3 8
5 9
4 9
6 9
7 9
1 10
0 10
2 10
5 10
5 11
4 11
1 11
7 11
5 12
11 12
3 12
4 12
5 13
11 13
4 13
8 13
5 14
3 14
6 14
7 14
9 15
2 15
1 15
7 15
8 16
12 16
14 16
6 16
4 17
14 17
1 17
15 17
12 18
17 18
5 18
3 18
3 19
1 19
14 19
11 19
6 20
5 20
1 20
14 20
1 21
2 21
5 21
4 21
7 22
11 22
5 22
3 22
5 23
6 23
21 23
13 23
14 24
16 24
21 24
5 24
8 25
9 25
5 25
22 25
21 26
19 26
1 26
4 26
1 27
6 27
21 27
5 27
12 28
14 28
3 28
10 28
4 29
19 29
5 29
8 29
4 30
15 30
14 30
5 30
1 31
30 31
27 31
6 31
22 32
8 32
2 32
4 32
27 33
22 33
5 33
24 33
27 34
11 34
0 34
16 34
17 35
3 35
19 35
15 35
22 36
9 36
13 36
5 36
17 37
25 37
19 37
14 37
26 38
32 38
2 38
18 38
17 39
7 39
21 39
3 39
39 40
13 40
29 40
24 40
21 41
6 41
4 41
14 41
17 42
6 42
31 42
1 42
4 43
2 43
5 43
0 43
18 44
42 44
2 44
26 44
15 45
14 45
4 45
26 45
7 46
45 46
15 46
40 46
5 47
11 47
13 47
35 47
20 48
1 48
42 48
36 48
1 49
15 49
28 49
38 49
0 50
37 50
18 50
6 50
6 51
17 51
1 51
34 51
0 52
7 52
21 52
34 52
5 53
11 53
21 53
29 53
19 54
28 54
1 54
17 54
19 55
5 55
36 55
49 55
9 56
40 56
34 56
26 56
23 57
2 57
54 57
40 57
39 58
35 58
5 58
37 58
5 59
1 59
22 59
35 59
5 60
43 60
18 60
6 60
19 61
9 61
20 61
5 61
17 62
58 62
54 62
34 62
34 63
9 63
27 63
5 63
8 64
18 64
19 64
6 64
51 65
62 65
14 65
21 65
14 66
5 66
38 66
12 66
6 67
50 67
64 67
43 67
6 68
55 68
14 68
47 68
3 69
15 69
17 69
40 69
38 70
24 70
5 70
21 70
23 71
37 71
48 71
5 71
15 72
1 72
2 72
48 72
31 73
65 73
14 73
40 73
5 74
50 74
48 74
47 74
5 75
29 75
34 75
14 75
11 76
4 76
70 76
3 76
38 77
51 77
36 77
13 77
34 78
45 78
38 78
3 78
40 79
10 79
4 79
5 79
4 80
33 80
21 80
53 80
3 81
14 81
40 81
34 81
5 82
25 82
4 82
1 82
4 83
40 83
21 83
53 83
22 84
31 84
4 84
34 84
5 85
36 85
18 85
82 85
65 86
31 86
5 86
2 86
71 87
3 87
17 87
28 87
14 88
3 88
19 88
34 88
5 89
2 89
18 89
52 89
21 90
35 90
24 90
33 90
77 91
19 91
58 91
82 91
54 92
65 92
35 92
15 92
30 93
91 93
3 93
36 93
1 94
87 94
70 94
35 94
4 95
16 95
31 95
78 95
44 96
45 96
13 96
94 96
96 97
18 97
8 97
22 97
7 98
18 98
9 98
94 98
1 99
40 99
0 99
29 99
1 0
2 0
2 1
3 0
3 1
3 2
4 0
4 1
4 2
4 3
5 4
5 1
5 2
5 3
6 1
6 4
6 3
6 5
7 0
7 1
7 2
7 4
8 6
8 5
8 1
8 3
9 5
9 4
9 6
9 7
10 1
10 0
10 2
10 5
11 5
11 4
11 1
11 7
12 5
12 11
12 3
12 4
13 5
13 11
13 4
13 8
14 5
14 3
14 6
14 7
15 9
15 2
15 1
15 7
16 8
16 12
16 14
16 6
17 4
17 14
17 1
17 15
18 12
18 17
18 5
18 3
19 3
19 1
19 14
19 11
20 6
20 5
20 1
20 14
21 1
21 2
21 5
21 4
22 7
22 11
22 5
22 3
23 5
23 6
23 21
23 13
24 14
24 16
24 21
24 5
25 8
25 9
25 5
25 22
26 21
26 19
26 1
26 4
27 1
27 6
27 21
27 5
28 12
28 14
28 3
28 10
29 4
29 19
29 5
29 8
30 4
30 15
30 14
30 5
31 1
31 30
31 27
31 6
32 22
32 8
32 2
32 4
33 27
33 22
33 5
33 24
34 27
34 11
34 0
34 16
35 17
35 3
35 19
35 15
36 22
36 9
36 13
36 5
37 17
37 25
37 19
37 14
38 26
38 32
38 2
38 18
39 17
39 7
39 21
39 3
40 39
40 13
40 29
40 24
41 21
41 6
41 4
41 14
42 17
42 6
42 31
42 1
43 4
43 2
43 5
43 0
44 18
44 42
44 2
44 26
45 15
45 14
45 4
45 26
46 7
46 45
46 15
46 40
47 5
47 11
47 13
47 35
48 20
48 1
48 42
48 36
49 1
49 15
49 28
49 38
50 0
50 37
50 18
50 6
51 6
51 17
51 1
51 34
52 0
52 7
52 21
52 34
53 5
53 11
53 21
53 29
54 19
54 28
54 1
54 17
55 19
55 5
55 36
55 49
56 9
56 40
56 34
56 26
57 23
57 2
57 54
57 40
58 39
58 35
58 5
58 37
59 5
59 1
59 22
59 35
60 5
60 43
60 18
60 6
61 19
61 9
61 20
61 5
62 17
62 58
62 54
62 34
63 34
63 9
63 27
63 5
64 8
64 18
64 19
64 6
65 51
65 62
65 14
65 21
66 14
66 5
66 38
66 12
67 6
67 50
67 64
67 43
68 6
68 55
68 14
68 47
69 3
69 15
69 17
69 40
70 38
70 24
70 5
70 21
71 23
71 37
71 48
71 5
72 15
72 1
72 2
72 48
73 31
73 65
73 14
73 40
74 5
74 50
74 48
74 47
75 5
75 29
75 34
75 14
76 11
76 4
76 70
76 3
77 38
77 51
77 36
77 13
78 34
78 45
78 38
78 3
79 40
79 10
79 4
79 5
80 4
80 33
80 21
80 53
81 3
81 14
81 40
81 34
82 5
82 25
82 4
82 1
83 4
83 40
83 21
83 53
84 22
84 31
84 4
84 34
85 5
85 36
85 18
85 82
86 65
86 31
86 5
86 2
87 71
87 3
87 17
87 28
88 14
88 3
88 19
88 34
89 5
89 2
89 18
89 52
90 21
90 35
90 24
90 33
91 77
91 19
91 58
91 82
92 54
92 65
92 35
92 15
93 30
93 91
93 3
93 36
94 1
94 87
94 70
94 35
95 4
95 16
95 31
95 78
96 44
96 45
96 13
96 94
97 96
97 18
97 8
97 22
98 7
98 18
98 9
98 94
99 1
99 40
99 0
99 29
1 0 0 1 1 1 1 1 1 1 1 0 1 1 1 0 0 1 1 1 0 0 0 1 1 0 0 1 1 1 0 0 0 1 0 1 1 0 1 1 0 0 0 0 1 1 0 0 1 1 1 0 1 0 0 0 1 0 1 1 0 0 0 0 0 0 0 0 0 0 0 0 0 1 0 1 0 0 0 1 0 1 0 1 0 0 0 1 0 1 0 1 1 1 1 0 0 1 1 0
1 1 0 1 1 1 1 1 1 0 0 1 0 0 0 1 0 0 1 0 1 1 1 0 0 1 1 1 1 0 1 1 1 1 0 1 0 0 0 0 0 0 0 1 0 1 0 1 1 0 1 0 1 0 0 0 1 1 1 1 0 1 0 1 1 0 1 0 1 1 1 0 0 1 1 0 0 1 0 1 0 0 1 0 1 1 1 0 1 1 1 0 1 1 0 1 1 1 1 1
1 1 0 1 0 0 0 1 0 1 0 1 0 1 1 1 0 1 0 1 0 1 0 1 0 1 1 0 1 1 0 0 0 1 0 0 1 1 1 1 1 1 0 1 0 1 0 0 0 0 1 0 1 0 1 0 1 0 1 1 1 1 0 1 1 0 0 0 0 0 0 1 0 0 1 1 0 0 0 1 0 1 1 1 0 1 0 1 1 0 1 0 0 0 1 1 1 1 1 1
1 1 0 1 1 0 0 1 0 1 0 0 1 1 1 1 1 1 0 0 1 0 0 0 0 0 0 1 0 0 1 0 0 1 1 1 1 1 0 1 1 1 1 0 1 1 1 0 0 1 1 1 0 1 1 1 0 1 0 0 0 1 1 1 0 1 0 0 0 0 1 0 0 1 1 0 1 0 0 0 0 0 1 0 1 0 0 0 0 1 1 0 1 1 0 0 0 0 0 1
1 0 1 0 0 1 1 1 0 1 0 1 0 0 1 1 0 1 0 1 0 1 0 1 0 0 0 0 0 0 0 1 0 0 0 0 1 0 0 0 1 0 0 1 0 1 1 1 1 0 0 1 0 0 0 0 0 1 1 0 0 0 1 1 0 0 0 0 0 1 1 0 0 0 1 1 1 1 1 1 1 0 0 1 0 1 1 1 0 0 1 0 0 1 1 1 0 1 1 1