100 780 5
0 1
0 2
1 2
0 3
1 3
2 3
0 4
1 4
2 4
3 4
0 5
3 5
1 5
2 5
3 6
0 6
5 6
2 6
1 7
2 7
0 7
6 7
1 8
0 8
3 8
2 8
4 9
3 9
2 9
1 9
0 10
9 10
1 10
3 10
2 11
10 11
9 11
0 11
6 12
0 12
2 12
7 12
0 13
2 13
3 13
4 13
3 14
11 14
13 14
9 14
8 15
6 15
11 15
3 15
11 16
7 16
0 16
2 16
1 17
13 17
9 17
6 17
9 18
14 18
11 18
0 18
11 19
15 19
3 19
10 19
10 20
11 20
4 20
16 20
19 21
0 21
15 21
17 21
0 22
1 22
3 22
21 22
0 23
21 23
12 23
14 23
18 24
19 24
14 24
11 24
1 25
3 25
0 25
15 25
6 26
9 26
14 26
11 26
1 27
25 27
18 27
6 27
25 28
15 28
6 28
0 28
17 29
24 29
12 29
21 29
21 30
13 30
5 30
4 30
25 31
28 31
8 31
20 31
11 32
6 32
14 32
12 32
28 33
4 33
14 33
23 33
30 34
3 34
27 34
14 34
28 35
33 35
19 35
13 35
4 36
0 36
11 36
1 36
0 37
5 37
36 37
13 37
22 38
0 38
25 38
3 38
13 39
21 39
0 39
16 39
32 40
15 40
10 40
26 40
16 41
3 41
18 41
25 41
4 42
1 42
5 42
27 42
11 43
2 43
3 43
15 43
41 44
1 44
16 44
38 44
36 45
1 45
18 45
0 45
27 46
19 46
31 46
36 46
5 47
25 47
19 47
13 47
37 48
27 48
16 48
14 48
48 49
35 49
31 49
9 49
37 50
1 50
9 50
0 50
26 51
10 51
12 51
0 51
37 52
48 52
18 52
42 52
19 53
48 53
15 53
31 53
50 54
32 54
43 54
45 54
15 55
4 55
48 55
17 55
27 56
14 56
51 56
50 56
19 57
24 57
15 57
48 57
32 58
9 58
29 58
22 58
52 59
8 59
10 59
15 59
24 60
17 60
4 60
10 60
19 61
42 61
50 61
40 61
10 62
51 62
48 62
15 62
38 63
27 63
14 63
50 63
12 64
3 64
56 64
4 64
4 65
38 65
39 65
42 65
4 66
3 66
27 66
31 66
45 67
52 67
0 67
46 67
4 68
26 68
62 68
33 68
20 69
12 69
65 69
19 69
14 70
32 70
55 70
37 70
58 71
6 71
34 71
10 71
39 72
68 72
20 72
32 72
48 73
62 73
64 73
32 73
66 74
9 74
48 74
25 74
15 75
3 75
68 75
4 75
30 76
18 76
54 76
14 76
14 77
3 77
75 77
70 77
11 78
34 78
42 78
1 78
9 79
58 79
7 79
34 79
22 80
0 80
4 80
33 80
24 81
26 81
15 81
69 81
16 82
80 82
2 82
6 82
10 83
61 83
9 83
19 83
48 84
49 84
42 84
13 84
37 85
16 85
14 85
62 85
17 86
70 86
82 86
13 86
1 87
32 87
11 87
2 87
3 88
84 88
11 88
37 88
19 89
6 89
82 89
15 89
1 90
37 90
36 90
78 90
6 91
28 91
25 91
31 91
90 92
2 92
14 92
74 92
85 93
48 93
70 93
6 93
12 94
23 94
75 94
35 94
14 95
85 95
39 95
49 95
87 96
75 96
8 96
49 96
74 97
11 97
18 97
31 97
2 98
72 98
66 98
70 98
6 99
3 99
11 99
25 99
1 0
2 0
2 1
3 0
3 1
3 2
4 0
4 1
4 2
4 3
5 0
5 3
5 1
5 2
6 3
6 0
6 5
6 2
7 1
7 2
7 0
7 6
8 1
8 0
8 3
8 2
9 4
9 3
9 2
9 1
10 0
10 9
10 1
10 3
11 2
11 10
11 9
11 0
12 6
12 0
12 2
12 7
13 0
13 2
13 3
13 4
14 3
14 11
14 13
14 9
15 8
15 6
15 11
15 3
16 11
16 7
16 0
16 2
17 1
17 13
17 9
17 6
18 9
18 14
18 11
18 0
19 11
19 15
19 3
19 10
20 10
20 11
20 4
20 16
21 19
21 0
21 15
21 17
22 0
22 1
22 3
22 21
23 0
23 21
23 12
23 14
24 18
24 19
24 14
24 11
25 1
25 3
25 0
25 15
26 6
26 9
26 14
26 11
27 1
27 25
27 18
27 6
28 25
28 15
28 6
28 0
29 17
29 24
29 12
29 21
30 21
30 13
30 5
30 4
31 25
31 28
31 8
31 20
32 11
32 6
32 14
32 12
33 28
33 4
33 14
33 23
34 30
34 3
34 27
34 14
35 28
35 33
35 19
35 13
36 4
36 0
36 11
36 1
37 0
37 5
37 36
37 13
38 22
38 0
38 25
38 3
39 13
39 21
39 0
39 16
40 32
40 15
40 10
40 26
41 16
41 3
41 18
41 25
42 4
42 1
42 5
42 27
43 11
43 2
43 3
43 15
44 41
44 1
44 16
44 38
45 36
45 1
45 18
45 0
46 27
46 19
46 31
46 36
47 5
47 25
47 19
47 13
48 37
48 27
48 16
48 14
49 48
49 35
49 31
49 9
50 37
50 1
50 9
50 0
51 26
51 10
51 12
51 0
52 37
52 48
52 18
52 42
53 19
53 48
53 15
53 31
54 50
54 32
54 43
54 45
55 15
55 4
55 48
55 17
56 27
56 14
56 51
56 50
57 19
57 24
57 15
57 48
58 32
58 9
58 29
58 22
59 52
59 8
59 10
59 15
60 24
60 17
60 4
60 10
61 19
61 42
61 50
61 40
62 10
62 51
62 48
62 15
63 38
63 27
63 14
63 50
64 12
64 3
64 56
64 4
65 4
65 38
65 39
65 42
66 4
66 3
66 27
66 31
67 45
67 52
67 0
67 46
68 4
68 26
68 62
68 33
69 20
69 12
69 65
69 19
70 14
70 32
70 55
70 37
71 58
71 6
71 34
71 10
72 39
72 68
72 20
72 32
73 48
73 62
73 64
73 32
74 66
74 9
74 48
74 25
75 15
75 3
75 68
75 4
76 30
76 18
76 54
76 14
77 14
77 3
77 75
77 70
78 11
78 34
78 42
78 1
79 9
79 58
79 7
79 34
80 22
80 0
80 4
80 33
81 24
81 26
81 15
81 69
82 16
82 80
82 2
82 6
83 10
83 61
83 9
83 19
84 48
84 49
84 42
84 13
85 37
85 16
85 14
85 62
86 17
86 70
86 82
86 13
87 1
87 32
87 11
87 2
88 3
88 84
88 11
88 37
89 19
89 6
89 82
89 15
90 1
90 37
90 36
90 78
91 6
91 28
91 25
91 31
92 90
92 2
92 14
92 74
93 85
93 48
93 70
93 6
94 12
94 23
94 75
94 35
95 14
95 85
95 39
95 49
96 87
96 75
96 8
96 49
97 74
97 11
97 18
97 31
98 2
98 72
98 66
98 70
99 6
99 3
99 11
99 25
0 1 1 1 1 1 0 0 0 0 0 1 0 0 1 0 0 1 0 0 0 1 0 0 1 0 0 0 0 0 1 0 1 1 0 1 0 0 0 0 0 0 0 1 1 0 1 0 1 0 1 1 0 0 0 0 1 0 1 0 0 0 0 0 1 0 1 0 0 1 0 1 0 0 0 1 1 0 0 1 1 0 0 1 0 1 1 1 1 0 1 0 0 1 0 1 1 0 0 1
0 0 1 0 1 0 0 1 1 1 1 1 1 1 0 0 0 0 0 1 1 1 1 0 1 0 0 1 0 1 0 1 1 1 1 1 1 1 1 0 1 0 1 1 0 1 1 1 0 0 1 0 0 0 1 0 1 1 1 1 1 0 0 1 1 1 1 1 1 1 0 0 1 0 0 0 1 0 1 0 0 0 1 1 0 0 1 0 0 1 0 1 1 1 0 1 0 1 0 0
0 0 0 1 1 1 1 1 1 1 0 1 0 0 0 1 0 0 0 1 0 1 0 0 0 1 0 0 1 0 0 0 1 1 0 1 0 1 0 0 0 0 0 0 1 1 0 0 1 1 0 1 0 1 0 0 1 1 0 0 1 0 0 0 1 1 1 0 1 1 1 0 1 0 1 0 0 1 0 0 1 0 0 1 0 1 1 0 1 1 1 0 0 0 0 1 1 1 1 0
0 1 1 1 0 0 1 0 0 1 0 0 0 1 0 0 1 1 1 0 0 1 0 0 0 1 0 0 1 0 1 1 1 1 0 0 1 1 0 1 0 1 1 0 0 1 0 1 1 0 1 0 1 0 0 0 0 0 0 0 0 1 0 1 1 1 1 0 0 1 0 0 0 0 1 0 0 0 1 1 1 0 1 1 0 0 0 1 0 0 1 0 1 0 1 1 0 0 0 1
1 1 1 1 1 1 1 0 0 0 1 0 1 1 1 0 1 0 0 1 0 0 1 0 1 1 0 1 1 0 0 0 0 0 0 1 1 1 0 0 1 0 1 1 0 1 0 1 0 1 0 0 0 1 1 0 0 0 0 1 0 0 0 0 1 1 0 0 1 0 1 0 1 1 1 0 0 0 0 0 1 1 1 1 1 1 0 0 0 0 1 0 1 0 0 1 1 0 1 0