250 1980 5
0 1
0 2
1 2
0 3
1 3
2 3
0 4
1 4
2 4
3 4
1 5
3 5
0 5
4 5
3 6
2 6
4 6
0 6
3 7
0 7
1 7
5 7
4 8
7 8
2 8
0 8
2 9
0 9
1 9
4 9
2 10
5 10
0 10
6 10
5 11
10 11
6 11
0 11
6 12
3 12
5 12
2 12
3 13
6 13
5 13
0 13
2 14
10 14
11 14
9 14
5 15
11 15
6 15
3 15
11 16
4 16
1 16
2 16
4 17
1 17
2 17
11 17
4 18
2 18
1 18
5 18
3 19
0 19
2 19
8 19
7 20
10 20
4 20
17 20
0 21
13 21
10 21
1 21
5 22
2 22
7 22
18 22
10 23
21 23
2 23
9 23
4 24
0 24
20 24
12 24
5 25
2 25
22 25
11 25
0 26
4 26
12 26
1 26
25 27
9 27
3 27
5 27
1 28
14 28
26 28
7 28
6 29
26 29
4 29
18 29
28 30
19 30
6 30
1 30
4 31
30 31
22 31
1 31
22 32
5 32
3 32
31 32
4 33
5 33
2 33
29 33
14 34
28 34
2 34
22 34
20 35
19 35
0 35
3 35
4 36
19 36
22 36
23 36
1 37
2 37
0 37
21 37
31 38
21 38
2 38
0 38
7 39
36 39
31 39
9 39
11 40
7 40
4 40
1 40
40 41
4 41
36 41
18 41
2 42
36 42
3 42
10 42
1 43
26 43
38 43
34 43
25 44
5 44
4 44
1 44
15 45
14 45
7 45
9 45
7 46
28 46
4 46
12 46
1 47
26 47
9 47
22 47
2 48
1 48
9 48
11 48
11 49
7 49
41 49
19 49
7 50
2 50
34 50
14 50
0 51
2 51
6 51
19 51
14 52
7 52
47 52
23 52
2 53
8 53
17 53
18 53
41 54
14 54
28 54
23 54
33 55
46 55
54 55
26 55
4 56
1 56
37 56
0 56
34 57
23 57
21 57
22 57
4 58
14 58
16 58
1 58
16 59
58 59
13 59
21 59
46 60
22 60
14 60
51 60
40 61
38 61
18 61
11 61
25 62
59 62
60 62
26 62
4 63
47 63
5 63
18 63
47 64
59 64
37 64
2 64
7 65
31 65
37 65
1 65
22 66
53 66
1 66
44 66
14 67
40 67
18 67
5 67
52 68
60 68
13 68
4 68
4 69
15 69
9 69
2 69
5 70
21 70
18 70
28 70
14 71
33 71
12 71
9 71
33 72
7 72
55 72
5 72
58 73
62 73
1 73
11 73
15 74
13 74
21 74
5 74
38 75
68 75
20 75
0 75
54 76
31 76
2 76
5 76
18 77
73 77
63 77
74 77
44 78
55 78
13 78
4 78
38 79
23 79
14 79
9 79
0 80
47 80
68 80
65 80
34 81
38 81
73 81
2 81
0 82
4 82
21 82
14 82
7 83
33 83
64 83
28 83
42 84
59 84
40 84
34 84
35 85
4 85
81 85
80 85
38 86
11 86
14 86
56 86
4 87
83 87
59 87
5 87
9 88
3 88
5 88
37 88
11 89
16 89
65 89
23 89
22 90
6 90
10 90
86 90
53 91
9 91
80 91
2 91
53 92
2 92
36 92
49 92
29 93
1 93
61 93
52 93
2 94
18 94
65 94
14 94
3 95
52 95
93 95
20 95
19 96
4 96
24 96
14 96
2 97
73 97
4 97
5 97
22 98
10 98
50 98
13 98
36 99
29 99
49 99
54 99
78 100
1 100
35 100
84 100
2 101
29 101
3 101
30 101
1 102
16 102
72 102
94 102
58 103
56 103
38 103
48 103
72 104
11 104
93 104
0 104
58 105
14 105
74 105
43 105
3 106
68 106
74 106
27 106
3 107
21 107
6 107
10 107
70 108
34 108
84 108
9 108
26 109
15 109
6 109
1 109
41 110
9 110
48 110
0 110
12 111
6 111
84 111
72 111
60 112
28 112
7 112
88 112
8 113
9 113
53 113
1 113
4 114
2 114
37 114
14 114
6 115
0 115
13 115
107 115
1 116
40 116
73 116
65 116
36 117
34 117
114 117
29 117
50 118
2 118
63 118
18 118
59 119
2 119
1 119
15 119
47 120
102 120
3 120
9 120
78 121
36 121
21 121
56 121
19 122
0 122
24 122
85 122
12 123
1 123
4 123
24 123
23 124
11 124
21 124
24 124
2 125
19 125
68 125
100 125
103 126
13 126
33 126
11 126
28 127
110 127
25 127
53 127
125 128
1 128
40 128
53 128
14 129
18 129
15 129
77 129
47 130
2 130
40 130
58 130
33 131
27 131
34 131
35 131
2 132
41 132
3 132
127 132
6 133
108 133
14 133
53 133
5 134
62 134
3 134
64 134
69 135
7 135
4 135
18 135
56 136
28 136
47 136
95 136
25 137
17 137
58 137
18 137
5 138
7 138
41 138
11 138
55 139
104 139
3 139
103 139
71 140
46 140
33 140
1 140
27 141
13 141
24 141
23 141
46 142
58 142
34 142
29 142
30 143
23 143
37 143
50 143
3 144
137 144
4 144
1 144
13 145
60 145
20 145
5 145
4 146
140 146
39 146
32 146
6 147
46 147
93 147
83 147
9 148
94 148
1 148
3 148
60 149
130 149
1 149
0 149
27 150
103 150
121 150
145 150
18 151
89 151
64 151
6 151
4 152
52 152
37 152
2 152
13 153
122 153
6 153
26 153
60 154
74 154
81 154
36 154
89 155
138 155
90 155
151 155
146 156
25 156
9 156
11 156
9 157
30 157
95 157
64 157
4 158
118 158
2 158
30 158
4 159
83 159
38 159
5 159
2 160
113 160
14 160
97 160
21 161
84 161
46 161
138 161
1 162
39 162
149 162
5 162
72 163
26 163
112 163
136 163
28 164
1 164
88 164
86 164
9 165
162 165
79 165
10 165
53 166
37 166
126 166
61 166
147 167
129 167
132 167
50 167
123 168
56 168
98 168
4 168
123 169
41 169
150 169
132 169
26 170
6 170
162 170
22 170
48 171
128 171
80 171
82 171
117 172
34 172
15 172
23 172
23 173
55 173
103 173
89 173
5 174
18 174
4 174
52 174
89 175
111 175
10 175
21 175
5 176
38 176
19 176
21 176
100 177
60 177
169 177
24 177
9 178
3 178
167 178
172 178
17 179
7 179
14 179
47 179
139 180
90 180
95 180
88 180
16 181
7 181
2 181
92 181
5 182
10 182
72 182
6 182
49 183
114 183
67 183
148 183
11 184
23 184
72 184
120 184
53 185
104 185
21 185
90 185
41 186
167 186
38 186
21 186
85 187
58 187
87 187
5 187
78 188
181 188
56 188
157 188
129 189
177 189
178 189
4 189
27 190
22 190
109 190
66 190
101 191
120 191
166 191
76 191
71 192
21 192
18 192
156 192
27 193
19 193
63 193
185 193
133 194
146 194
74 194
89 194
149 195
19 195
1 195
22 195
141 196
102 196
67 196
156 196
26 197
5 197
4 197
53 197
76 198
157 198
13 198
109 198
23 199
31 199
13 199
1 199
120 200
104 200
0 200
2 200
6 201
14 201
136 201
89 201
70 202
178 202
14 202
98 202
19 203
177 203
4 203
69 203
158 204
128 204
118 204
194 204
121 205
122 205
176 205
49 205
163 206
2 206
144 206
156 206
4 207
188 207
31 207
67 207
103 208
104 208
167 208
169 208
185 209
205 209
0 209
19 209
48 210
173 210
2 210
7 210
124 211
75 211
53 211
48 211
34 212
102 212
91 212
56 212
14 213
0 213
25 213
4 213
189 214
14 214
76 214
183 214
29 215
36 215
40 215
19 215
2 216
185 216
89 216
9 216
178 217
131 217
0 217
57 217
4 218
61 218
159 218
50 218
1 219
44 219
7 219
53 219
92 220
102 220
183 220
0 220
3 221
214 221
15 221
69 221
34 222
102 222
69 222
5 222
31 223
118 223
168 223
87 223
137 224
3 224
59 224
114 224
138 225
2 225
18 225
5 225
23 226
130 226
137 226
27 226
103 227
1 227
30 227
134 227
14 228
80 228
210 228
213 228
77 229
107 229
176 229
150 229
155 230
162 230
62 230
175 230
0 231
20 231
11 231
157 231
13 232
164 232
68 232
213 232
89 233
0 233
38 233
216 233
38 234
151 234
4 234
56 234
139 235
188 235
146 235
89 235
144 236
80 236
112 236
44 236
74 237
29 237
136 237
0 237
181 238
24 238
120 238
11 238
23 239
133 239
66 239
93 239
58 240
197 240
69 240
22 240
68 241
147 241
56 241
238 241
124 242
241 242
99 242
64 242
139 243
27 243
9 243
53 243
223 244
2 244
135 244
184 244
33 245
166 245
179 245
128 245
147 246
153 246
10 246
47 246
4 247
116 247
23 247
99 247
36 248
21 248
51 248
26 248
66 249
5 249
90 249
50 249
1 0
2 0
2 1
3 0
3 1
3 2
4 0
4 1
4 2
4 3
5 1
5 3
5 0
5 4
6 3
6 2
6 4
6 0
7 3
7 0
7 1
7 5
8 4
8 7
8 2
8 0
9 2
9 0
9 1
9 4
10 2
10 5
10 0
10 6
11 5
11 10
11 6
11 0
12 6
12 3
12 5
12 2
13 3
13 6
13 5
13 0
14 2
14 10
14 11
14 9
15 5
15 11
15 6
15 3
16 11
16 4
16 1
16 2
17 4
17 1
17 2
17 11
18 4
18 2
18 1
18 5
19 3
19 0
19 2
19 8
20 7
20 10
20 4
20 17
21 0
21 13
21 10
21 1
22 5
22 2
22 7
22 18
23 10
23 21
23 2
23 9
24 4
24 0
24 20
24 12
25 5
25 2
25 22
25 11
26 0
26 4
26 12
26 1
27 25
27 9
27 3
27 5
28 1
28 14
28 26
28 7
29 6
29 26
29 4
29 18
30 28
30 19
30 6
30 1
31 4
31 30
31 22
31 1
32 22
32 5
32 3
32 31
33 4
33 5
33 2
33 29
34 14
34 28
34 2
34 22
35 20
35 19
35 0
35 3
36 4
36 19
36 22
36 23
37 1
37 2
37 0
37 21
38 31
38 21
38 2
38 0
39 7
39 36
39 31
39 9
40 11
40 7
40 4
40 1
41 40
41 4
41 36
41 18
42 2
42 36
42 3
42 10
43 1
43 26
43 38
43 34
44 25
44 5
44 4
44 1
45 15
45 14
45 7
45 9
46 7
46 28
46 4
46 12
47 1
47 26
47 9
47 22
48 2
48 1
48 9
48 11
49 11
49 7
49 41
49 19
50 7
50 2
50 34
50 14
51 0
51 2
51 6
51 19
52 14
52 7
52 47
52 23
53 2
53 8
53 17
53 18
54 41
54 14
54 28
54 23
55 33
55 46
55 54
55 26
56 4
56 1
56 37
56 0
57 34
57 23
57 21
57 22
58 4
58 14
58 16
58 1
59 16
59 58
59 13
59 21
60 46
60 22
60 14
60 51
61 40
61 38
61 18
61 11
62 25
62 59
62 60
62 26
63 4
63 47
63 5
63 18
64 47
64 59
64 37
64 2
65 7
65 31
65 37
65 1
66 22
66 53
66 1
66 44
67 14
67 40
67 18
67 5
68 52
68 60
68 13
68 4
69 4
69 15
69 9
69 2
70 5
70 21
70 18
70 28
71 14
71 33
71 12
71 9
72 33
72 7
72 55
72 5
73 58
73 62
73 1
73 11
74 15
74 13
74 21
74 5
75 38
75 68
75 20
75 0
76 54
76 31
76 2
76 5
77 18
77 73
77 63
77 74
78 44
78 55
78 13
78 4
79 38
79 23
79 14
79 9
80 0
80 47
80 68
80 65
81 34
81 38
81 73
81 2
82 0
82 4
82 21
82 14
83 7
83 33
83 64
83 28
84 42
84 59
84 40
84 34
85 35
85 4
85 81
85 80
86 38
86 11
86 14
86 56
87 4
87 83
87 59
87 5
88 9
88 3
88 5
88 37
89 11
89 16
89 65
89 23
90 22
90 6
90 10
90 86
91 53
91 9
91 80
91 2
92 53
92 2
92 36
92 49
93 29
93 1
93 61
93 52
94 2
94 18
94 65
94 14
95 3
95 52
95 93
95 20
96 19
96 4
96 24
96 14
97 2
97 73
97 4
97 5
98 22
98 10
98 50
98 13
99 36
99 29
99 49
99 54
100 78
100 1
100 35
100 84
101 2
101 29
101 3
101 30
102 1
102 16
102 72
102 94
103 58
103 56
103 38
103 48
104 72
104 11
104 93
104 0
105 58
105 14
105 74
105 43
106 3
106 68
106 74
106 27
107 3
107 21
107 6
107 10
108 70
108 34
108 84
108 9
109 26
109 15
109 6
109 1
110 41
110 9
110 48
110 0
111 12
111 6
111 84
111 72
112 60
112 28
112 7
112 88
113 8
113 9
113 53
113 1
114 4
114 2
114 37
114 14
115 6
115 0
115 13
115 107
116 1
116 40
116 73
116 65
117 36
117 34
117 114
117 29
118 50
118 2
118 63
118 18
119 59
119 2
119 1
119 15
120 47
120 102
120 3
120 9
121 78
121 36
121 21
121 56
122 19
122 0
122 24
122 85
123 12
123 1
123 4
123 24
124 23
124 11
124 21
124 24
125 2
125 19
125 68
125 100
126 103
126 13
126 33
126 11
127 28
127 110
127 25
127 53
128 125
128 1
128 40
128 53
129 14
129 18
129 15
129 77
130 47
130 2
130 40
130 58
131 33
131 27
131 34
131 35
132 2
132 41
132 3
132 127
133 6
133 108
133 14
133 53
134 5
134 62
134 3
134 64
135 69
135 7
135 4
135 18
136 56
136 28
136 47
136 95
137 25
137 17
137 58
137 18
138 5
138 7
138 41
138 11
139 55
139 104
139 3
139 103
140 71
140 46
140 33
140 1
141 27
141 13
141 24
141 23
142 46
142 58
142 34
142 29
143 30
143 23
143 37
143 50
144 3
144 137
144 4
144 1
145 13
145 60
145 20
145 5
146 4
146 140
146 39
146 32
147 6
147 46
147 93
147 83
148 9
148 94
148 1
148 3
149 60
149 130
149 1
149 0
150 27
150 103
150 121
150 145
151 18
151 89
151 64
151 6
152 4
152 52
152 37
152 2
153 13
153 122
153 6
153 26
154 60
154 74
154 81
154 36
155 89
155 138
155 90
155 151
156 146
156 25
156 9
156 11
157 9
157 30
157 95
157 64
158 4
158 118
158 2
158 30
159 4
159 83
159 38
159 5
160 2
160 113
160 14
160 97
161 21
161 84
161 46
161 138
162 1
162 39
162 149
162 5
163 72
163 26
163 112
163 136
164 28
164 1
164 88
164 86
165 9
165 162
165 79
165 10
166 53
166 37
166 126
166 61
167 147
167 129
167 132
167 50
168 123
168 56
168 98
168 4
169 123
169 41
169 150
169 132
170 26
170 6
170 162
170 22
171 48
171 128
171 80
171 82
172 117
172 34
172 15
172 23
173 23
173 55
173 103
173 89
174 5
174 18
174 4
174 52
175 89
175 111
175 10
175 21
176 5
176 38
176 19
176 21
177 100
177 60
177 169
177 24
178 9
178 3
178 167
178 172
179 17
179 7
179 14
179 47
180 139
180 90
180 95
180 88
181 16
181 7
181 2
181 92
182 5
182 10
182 72
182 6
183 49
183 114
183 67
183 148
184 11
184 23
184 72
184 120
185 53
185 104
185 21
185 90
186 41
186 167
186 38
186 21
187 85
187 58
187 87
187 5
188 78
188 181
188 56
188 157
189 129
189 177
189 178
189 4
190 27
190 22
190 109
190 66
191 101
191 120
191 166
191 76
192 71
192 21
192 18
192 156
193 27
193 19
193 63
193 185
194 133
194 146
194 74
194 89
195 149
195 19
195 1
195 22
196 141
196 102
196 67
196 156
197 26
197 5
197 4
197 53
198 76
198 157
198 13
198 109
199 23
199 31
199 13
199 1
200 120
200 104
200 0
200 2
201 6
201 14
201 136
201 89
202 70
202 178
202 14
202 98
203 19
203 177
203 4
203 69
204 158
204 128
204 118
204 194
205 121
205 122
205 176
205 49
206 163
206 2
206 144
206 156
207 4
207 188
207 31
207 67
208 103
208 104
208 167
208 169
209 185
209 205
209 0
209 19
210 48
210 173
210 2
210 7
211 124
211 75
211 53
211 48
212 34
212 102
212 91
212 56
213 14
213 0
213 25
213 4
214 189
214 14
214 76
214 183
215 29
215 36
215 40
215 19
216 2
216 185
216 89
216 9
217 178
217 131
217 0
217 57
218 4
218 61
218 159
218 50
219 1
219 44
219 7
219 53
220 92
220 102
220 183
220 0
221 3
221 214
221 15
221 69
222 34
222 102
222 69
222 5
223 31
223 118
223 168
223 87
224 137
224 3
224 59
224 114
225 138
225 2
225 18
225 5
226 23
226 130
226 137
226 27
227 103
227 1
227 30
227 134
228 14
228 80
228 210
228 213
229 77
229 107
229 176
229 150
230 155
230 162
230 62
230 175
231 0
231 20
231 11
231 157
232 13
232 164
232 68
232 213
233 89
233 0
233 38
233 216
234 38
234 151
234 4
234 56
235 139
235 188
235 146
235 89
236 144
236 80
236 112
236 44
237 74
237 29
237 136
237 0
238 181
238 24
238 120
238 11
239 23
239 133
239 66
239 93
240 58
240 197
240 69
240 22
241 68
241 147
241 56
241 238
242 124
242 241
242 99
242 64
243 139
243 27
243 9
243 53
244 223
244 2
244 135
244 184
245 33
245 166
245 179
245 128
246 147
246 153
246 10
246 47
247 4
247 116
247 23
247 99
248 36
248 21
248 51
248 26
249 66
249 5
249 90
249 50
1 0 1 0 0 1 1 0 0 1 1 1 0 0 0 1 1 0 1 1 0 1 0 1 1 1 1 1 0 1 1 1 1 1 0 1 1 0 0 0 0 1 1 1 1 1 1 0 1 1 1 0 1 0 1 0 0 0 1 1 0 1 0 1 0 0 0 1 0 1 0 1 0 1 0 0 1 1 1 1 1 1 0 1 0 1 1 0 0 0 0 0 0 1 0 0 1 1 0 0 1 0 1 0 1 1 0 0 1 0 1 0 1 0 1 0 1 0 1 1 1 0 1 1 1 1 1 0 0 0 1 0 1 0 0 0 1 0 0 1 0 1 0 1 0 0 1 0 1 0 1 1 1 0 1 1 0 1 0 1 1 1 0 0 1 1 0 0 1 1 1 1 1 1 1 0 0 1 1 1 1 0 1 0 1 0 0 0 0 1 0 0 0 1 0 0 1 1 0 0 0 0 1 1 1 1 0 0 0 1 0 0 0 0 0 1 1 1 0 1 0 1 1 1 1 1 1 1 1 0 1 1 1 1 0 0 0 1 1 0 0 0 1 0 1 0 0 1 0 1
1 1 1 0 0 0 0 0 1 1 1 0 0 0 1 1 0 0 0 0 1 1 1 0 0 1 1 1 0 1 1 0 1 0 0 1 1 1 0 0 0 1 1 1 1 0 1 0 0 1 1 0 1 1 0 0 0 1 1 0 0 1 0 0 0 1 0 0 1 1 0 0 1 1 1 1 1 1 0 0 1 1 0 1 1 0 1 0 1 0 1 1 0 0 1 1 1 1 0 0 0 0 1 1 0 1 1 1 0 0 0 1 0 1 1 0 0 0 0 1 1 0 0 1 0 1 0 1 0 0 0 1 0 0 1 1 0 0 1 0 1 0 0 1 1 1 1 0 1 1 1 1 1 1 0 1 1 1 0 1 0 1 0 0 0 0 1 1 1 1 0 1 0 1 1 1 0 0 1 0 0 0 0 0 1 1 1 1 1 0 1 1 0 1 0 1 1 1 1 0 0 1 1 0 0 1 0 0 0 1 1 1 1 1 1 1 1 0 1 0 1 0 0 0 0 1 1 1 1 1 1 0 1 0 1 1 0 0 0 1 0 1 1 0 0 1 0 1 1 0
1 1 1 1 0 0 0 1 0 1 0 1 0 0 0 0 0 0 1 1 1 1 1 1 1 1 0 1 0 1 1 1 0 1 0 0 1 1 0 0 0 1 1 0 1 1 1 0 0 1 1 1 1 1 0 0 1 0 0 0 1 0 0 1 0 0 1 0 0 1 0 1 1 0 0 1 0 0 0 0 1 0 0 0 1 0 1 0 0 1 1 1 0 0 1 1 1 0 0 1 0 1 1 0 0 0 1 0 1 1 0 1 0 0 1 0 0 0 1 1 0 1 1 1 0 0 1 0 0 0 0 1 1 1 1 1 1 1 0 1 0 0 0 1 1 0 1 1 0 0 1 1 1 1 0 1 0 0 1 0 1 1 0 1 0 0 1 1 0 0 0 0 0 0 1 1 0 1 0 0 0 1 0 1 1 0 0 1 0 0 0 1 0 0 0 1 0 1 0 0 0 0 1 0 1 0 1 0 1 1 1 1 1 1 0 0 0 1 0 1 0 0 0 0 0 0 1 1 1 0 1 0 0 0 1 0 1 1 0 0 1 0 1 0 0 0 1 1 1 0
0 1 1 1 1 0 0 1 1 0 1 1 1 0 0 1 0 1 0 0 0 0 1 0 1 0 1 1 1 0 1 1 0 0 0 0 1 0 0 1 0 1 1 1 1 1 0 1 1 0 1 1 1 1 1 0 0 0 0 1 1 1 1 1 1 0 1 1 1 0 1 1 0 0 0 0 0 1 0 1 0 0 1 1 0 0 0 0 1 0 1 0 0 0 1 0 0 1 1 1 1 1 0 0 1 0 0 0 0 0 0 0 0 0 1 1 1 1 0 1 0 1 0 1 0 0 0 1 0 0 1 0 0 1 0 0 0 0 0 1 0 1 0 0 1 0 1 1 1 1 1 0 1 1 0 1 0 1 1 0 1 0 1 0 1 1 0 1 1 0 1 1 0 1 1 1 0 0 0 1 1 1 0 0 1 0 0 0 1 0 0 1 1 0 1 1 0 1 0 1 0 1 0 0 1 0 1 0 1 1 0 0 0 1 1 0 1 0 0 0 0 0 1 0 1 0 0 0 0 1 0 1 0 1 1 0 0 1 1 1 0 1 1 0 0 0 0 1 1 1
1 0 0 1 0 0 1 1 1 1 1 0 1 1 1 1 1 1 1 0 1 0 1 1 1 0 0 0 1 1 1 0 0 1 0 0 0 1 1 1 1 1 1 1 0 1 1 0 0 1 1 0 1 1 0 1 1 1 1 0 1 0 1 1 1 1 0 1 0 0 1 0 1 1 0 0 0 0 1 1 1 0 1 1 0 0 1 0 0 1 1 0 1 0 0 1 1 1 0 1 1 1 1 0 0 0 0 1 1 1 0 1 0 0 1 0 1 0 1 1 0 1 0 0 0 0 1 0 0 1 0 0 1 1 0 1 0 0 1 1 1 0 0 1 1 1 1 1 1 1 1 0 0 0 1 0 1 1 1 1 0 0 0 1 1 0 0 1 1 1 0 1 0 0 0 0 1 1 0 0 0 1 0 1 0 1 1 0 1 0 0 0 1 1 0 0 1 0 0 0 0 0 1 1 0 1 0 0 1 1 0 0 0 0 1 1 1 1 0 0 0 1 0 1 1 0 1 0 0 0 1 1 1 0 0 0 1 1 1 1 0 1 1 1 0 1 0 1 1 1