250 498 5
0 1
0 2
2 3
0 4
2 5
4 6
0 7
1 8
0 9
7 10
10 11
3 12
5 13
4 14
0 15
7 16
13 17
7 18
12 19
10 20
4 21
0 22
10 23
4 24
2 25
20 26
16 27
20 28
28 29
20 30
2 31
7 32
29 33
0 34
21 35
28 36
4 37
15 38
23 39
20 40
37 41
19 42
7 43
26 44
13 45
10 46
0 47
4 48
7 49
28 50
35 51
39 52
10 53
28 54
11 55
2 56
51 57
28 58
43 59
14 60
5 61
36 62
46 63
10 64
19 65
26 66
22 67
49 68
55 69
46 70
0 71
7 72
14 73
43 74
36 75
15 76
14 77
2 78
61 79
29 80
46 81
0 82
57 83
2 84
62 85
49 86
37 87
2 88
78 89
31 90
10 91
72 92
33 93
28 94
62 95
30 96
2 97
36 98
19 99
92 100
54 101
39 102
21 103
21 104
15 105
97 106
88 107
71 108
13 109
23 110
107 111
17 112
96 113
0 114
4 115
13 116
98 117
20 118
90 119
68 120
11 121
2 122
28 123
89 124
15 125
92 126
119 127
10 128
69 129
2 130
55 131
117 132
41 133
30 134
16 135
49 136
14 137
78 138
85 139
43 140
72 141
50 142
58 143
52 144
89 145
14 146
144 147
107 148
48 149
48 150
58 151
144 152
7 153
35 154
57 155
35 156
113 157
131 158
0 159
61 160
131 161
104 162
145 163
38 164
7 165
163 166
141 167
110 168
57 169
21 170
22 171
30 172
29 173
117 174
41 175
161 176
2 177
78 178
108 179
161 180
88 181
152 182
0 183
6 184
112 185
5 186
29 187
137 188
37 189
116 190
33 191
140 192
112 193
14 194
97 195
69 196
20 197
182 198
88 199
6 200
170 201
80 202
22 203
120 204
2 205
156 206
56 207
104 208
10 209
54 210
0 211
157 212
163 213
154 214
29 215
111 216
158 217
160 218
61 219
14 220
182 221
161 222
45 223
6 224
151 225
175 226
175 227
100 228
69 229
38 230
83 231
210 232
0 233
94 234
171 235
8 236
4 237
6 238
173 239
4 240
107 241
0 242
188 243
89 244
172 245
3 246
180 247
176 248
63 249
1 0
2 0
3 2
4 0
5 2
6 4
7 0
8 1
9 0
10 7
11 10
12 3
13 5
14 4
15 0
16 7
17 13
18 7
19 12
20 10
21 4
22 0
23 10
24 4
25 2
26 20
27 16
28 20
29 28
30 20
31 2
32 7
33 29
34 0
35 21
36 28
37 4
38 15
39 23
40 20
41 37
42 19
43 7
44 26
45 13
46 10
47 0
48 4
49 7
50 28
51 35
52 39
53 10
54 28
55 11
56 2
57 51
58 28
59 43
60 14
61 5
62 36
63 46
64 10
65 19
66 26
67 22
68 49
69 55
70 46
71 0
72 7
73 14
74 43
75 36
76 15
77 14
78 2
79 61
80 29
81 46
82 0
83 57
84 2
85 62
86 49
87 37
88 2
89 78
90 31
91 10
92 72
93 33
94 28
95 62
96 30
97 2
98 36
99 19
100 92
101 54
102 39
103 21
104 21
105 15
106 97
107 88
108 71
109 13
110 23
111 107
112 17
113 96
114 0
115 4
116 13
117 98
118 20
119 90
120 68
121 11
122 2
123 28
124 89
125 15
126 92
127 119
128 10
129 69
130 2
131 55
132 117
133 41
134 30
135 16
136 49
137 14
138 78
139 85
140 43
141 72
142 50
143 58
144 52
145 89
146 14
147 144
148 107
149 48
150 48
151 58
152 144
153 7
154 35
155 57
156 35
157 113
158 131
159 0
160 61
161 131
162 104
163 145
164 38
165 7
166 163
167 141
168 110
169 57
170 21
171 22
172 30
173 29
174 117
175 41
176 161
177 2
178 78
179 108
180 161
181 88
182 152
183 0
184 6
185 112
186 5
187 29
188 137
189 37
190 116
191 33
192 140
193 112
194 14
195 97
196 69
197 20
198 182
199 88
200 6
201 170
202 80
203 22
204 120
205 2
206 156
207 56
208 104
209 10
210 54
211 0
212 157
213 163
214 154
215 29
216 111
217 158
218 160
219 61
220 14
221 182
222 161
223 45
224 6
225 151
226 175
227 175
228 100
229 69
230 38
231 83
232 210
233 0
234 94
235 171
236 8
237 4
238 6
239 173
240 4
241 107
242 0
243 188
244 89
245 172
246 3
247 180
248 176
249 63
0 1 0 1 0 0 0 0 1 1 0 1 0 1 0 1 0 0 0 0 0 0 1 1 0 0 0 0 0 0 0 1 1 1 1 1 1 0 1 1 0 0 0 1 1 0 1 0 0 1 1 1 0 0 1 1 1 1 1 1 1 0 0 1 0 0 0 0 1 1 0 0 0 1 1 1 1 1 1 0 0 0 0 0 0 1 0 1 1 1 1 1 1 1 1 1 1 0 1 0 0 1 0 1 1 1 0 0 0 1 1 1 0 0 1 1 1 1 1 1 0 1 0 1 1 1 0 1 1 1 0 0 1 0 1 1 0 0 0 0 1 1 0 1 0 0 0 0 0 0 0 0 1 0 1 1 1 0 0 0 1 1 0 0 0 1 0 0 0 1 1 0 0 1 0 0 0 1 0 0 1 0 1 0 0 1 0 0 1 1 1 1 0 1 0 1 0 0 0 0 0 0 1 0 0 0 0 1 1 1 1 0 0 0 1 0 0 0 0 0 0 1 0 1 1 0 1 0 1 1 0 1 0 1 0 1 1 1 1 0 1 1 1 1 0 0 0 1 1 1
0 0 0 1 0 1 1 0 0 0 0 0 0 0 1 1 1 0 0 0 0 0 0 1 1 1 0 0 0 0 1 1 0 0 0 1 1 0 0 0 0 1 0 0 1 1 1 0 1 1 0 1 1 1 1 1 1 1 1 1 0 0 0 0 0 1 1 1 0 1 0 1 0 1 1 1 1 0 0 0 0 0 0 0 0 0 0 0 1 1 0 0 1 0 1 0 0 0 1 1 1 0 0 0 1 1 1 0 1 0 1 1 1 1 1 0 0 1 1 1 1 1 1 1 0 1 1 1 1 0 1 0 0 0 1 0 0 1 1 0 0 1 0 1 0 0 1 0 0 1 0 1 0 0 1 1 0 0 0 0 0 0 0 0 0 1 0 0 0 1 0 1 1 1 0 1 0 1 1 1 0 0 0 1 0 1 0 1 0 0 0 0 0 0 0 0 0 1 1 0 0 1 0 1 1 1 0 1 0 0 1 1 0 0 0 1 0 0 0 0 1 0 1 1 1 0 1 1 1 0 0 1 1 1 1 0 0 1 1 1 0 1 1 1 1 0 1 1 0 0
1 1 0 1 1 1 1 1 0 1 0 1 1 1 0 1 0 1 0 0 1 0 0 1 0 0 1 1 0 0 0 1 1 1 0 1 0 0 1 0 1 1 1 1 0 0 0 1 1 1 0 0 1 1 0 0 1 0 0 0 1 0 1 1 0 0 1 0 0 0 0 1 1 0 0 1 1 1 1 1 0 0 1 0 0 0 1 1 0 1 1 1 1 1 1 1 1 1 0 0 0 0 0 0 1 1 1 0 1 0 0 1 0 0 1 1 1 1 1 0 0 0 1 1 0 1 1 1 0 1 0 1 1 1 1 0 0 0 0 1 0 0 0 1 1 0 0 1 0 0 1 0 1 0 1 1 0 0 1 0 0 0 1 1 0 0 1 0 0 0 1 1 0 1 1 0 0 1 1 1 1 0 1 0 1 0 0 1 1 1 1 0 0 0 0 0 0 0 1 0 1 1 1 0 1 1 1 0 0 0 1 1 0 1 1 1 0 0 0 0 0 0 1 1 0 0 1 1 0 1 0 1 0 0 1 0 0 0 1 1 1 0 0 1 0 0 0 0 1 1
0 1 1 0 0 0 0 0 1 0 0 0 0 0 0 0 1 1 1 1 0 0 0 1 1 1 0 0 0 1 0 1 1 1 0 1 0 0 0 0 0 0 0 1 0 1 1 0 1 1 0 1 0 1 1 0 1 0 0 0 1 0 0 1 1 1 1 1 0 0 1 0 1 1 0 1 1 0 1 0 0 1 1 0 0 1 1 0 0 1 0 1 1 1 1 1 0 0 0 0 0 1 1 1 1 1 0 1 0 0 0 0 1 0 1 0 1 0 0 1 0 1 0 1 0 1 1 1 0 1 1 0 0 0 0 0 1 0 0 1 1 0 1 1 0 0 1 0 0 0 0 0 1 0 0 0 1 0 1 1 1 1 0 1 0 1 1 0 0 0 0 0 0 1 0 0 0 1 0 0 1 0 1 1 0 0 0 1 0 1 1 0 0 1 1 1 0 0 1 0 1 0 0 1 0 1 0 1 0 0 1 1 1 0 0 1 1 0 1 0 0 1 1 1 1 1 0 0 0 1 0 0 1 1 0 1 1 1 1 1 1 0 1 1 1 0 0 1 1 0
1 1 0 1 1 0 0 1 1 1 0 1 1 1 0 0 1 1 1 0 0 0 0 1 1 0 0 0 1 1 1 0 0 0 0 1 0 0 1 0 1 0 1 1 0 1 0 0 1 1 1 1 0 1 0 1 1 0 0 0 0 1 1 0 0 1 1 1 1 0 0 0 0 0 0 1 0 0 0 1 1 0 1 0 1 1 0 1 0 0 0 1 0 0 1 0 1 0 0 0 0 0 0 0 1 1 0 1 1 1 0 0 1 1 0 0 1 1 0 1 1 0 0 1 1 0 1 1 0 1 0 1 0 1 1 0 0 0 0 0 1 1 0 1 0 0 0 0 1 1 0 1 1 0 1 0 0 0 1 0 0 1 0 0 0 1 1 0 0 1 1 0 0 1 1 0 1 0 0 0 1 0 0 1 0 1 1 0 0 1 0 0 0 1 1 0 1 1 1 0 0 0 0 0 1 1 0 0 0 0 0 1 1 1 1 0 1 0 1 0 0 1 0 1 1 0 0 1 1 1 1 0 1 1 1 0 1 1 0 1 1 0 0 0 1 1 1 1 1 0