100 780 5
0 1
0 2
1 2
0 3
1 3
2 3
0 4
1 4
2 4
3 4
3 5
0 5
2 5
1 5
1 6
2 6
0 6
4 6
4 7
0 7
1 7
2 7
7 8
1 8
3 8
2 8
3 9
0 9
5 9
4 9
6 10
5 10
4 10
9 10
2 11
6 11
5 11
3 11
5 12
7 12
0 12
2 12
12 13
5 13
7 13
0 13
7 14
2 14
10 14
3 14
7 15
12 15
14 15
0 15
4 16
7 16
5 16
6 16
9 17
2 17
1 17
0 17
0 18
5 18
1 18
14 18
3 19
5 19
16 19
2 19
5 20
14 20
6 20
7 20
18 21
19 21
15 21
0 21
15 22
0 22
12 22
4 22
22 23
15 23
2 23
12 23
16 24
15 24
7 24
2 24
5 25
3 25
4 25
7 25
3 26
4 26
0 26
8 26
4 27
1 27
9 27
0 27
9 28
5 28
0 28
16 28
24 29
19 29
8 29
3 29
7 30
9 30
28 30
5 30
6 31
2 31
25 31
27 31
25 32
3 32
16 32
26 32
4 33
15 33
5 33
11 33
8 34
19 34
5 34
20 34
21 35
25 35
27 35
3 35
12 36
29 36
22 36
20 36
20 37
1 37
23 37
19 37
14 38
21 38
2 38
18 38
0 39
2 39
31 39
20 39
2 40
11 40
20 40
3 40
4 41
1 41
37 41
6 41
15 42
13 42
16 42
12 42
9 43
19 43
6 43
2 43
1 44
5 44
9 44
16 44
38 45
0 45
8 45
5 45
4 46
40 46
9 46
25 46
0 47
7 47
16 47
4 47
37 48
18 48
3 48
14 48
0 49
20 49
37 49
15 49
5 50
0 50
16 50
4 50
11 51
47 51
15 51
0 51
2 52
9 52
51 52
0 52
7 53
2 53
3 53
4 53
2 54
42 54
44 54
11 54
18 55
14 55
25 55
27 55
5 56
38 56
11 56
3 56
55 57
43 57
41 57
0 57
2 58
5 58
29 58
20 58
12 59
5 59
1 59
14 59
19 60
8 60
33 60
25 60
2 61
4 61
0 61
25 61
14 62
15 62
13 62
12 62
37 63
2 63
38 63
46 63
11 64
54 64
0 64
25 64
0 65
50 65
2 65
10 65
14 66
5 66
3 66
1 66
20 67
43 67
55 67
12 67
19 68
24 68
4 68
35 68
50 69
6 69
57 69
20 69
6 70
53 70
7 70
2 70
63 71
40 71
25 71
6 71
36 72
2 72
29 72
43 72
7 73
35 73
37 73
71 73
14 74
18 74
50 74
59 74
50 75
1 75
26 75
41 75
57 76
23 76
34 76
46 76
22 77
33 77
30 77
35 77
22 78
9 78
12 78
40 78
1 79
18 79
4 79
62 79
62 80
0 80
55 80
69 80
18 81
43 81
52 81
2 81
9 82
18 82
37 82
6 82
5 83
44 83
4 83
6 83
25 84
7 84
11 84
68 84
55 85
68 85
15 85
7 85
69 86
27 86
7 86
25 86
72 87
13 87
54 87
10 87
49 88
15 88
22 88
55 88
25 89
46 89
9 89
11 89
8 90
31 90
2 90
63 90
44 91
39 91
58 91
25 91
15 92
9 92
6 92
65 92
29 93
66 93
35 93
9 93
33 94
15 94
32 94
0 94
6 95
67 95
37 95
51 95
25 96
52 96
7 96
20 96
15 97
33 97
0 97
49 97
21 98
3 98
34 98
49 98
24 99
2 99
20 99
83 99
1 0
2 0
2 1
3 0
3 1
3 2
4 0
4 1
4 2
4 3
5 3
5 0
5 2
5 1
6 1
6 2
6 0
6 4
7 4
7 0
7 1
7 2
8 7
8 1
8 3
8 2
9 3
9 0
9 5
9 4
10 6
10 5
10 4
10 9
11 2
11 6
11 5
11 3
12 5
12 7
12 0
12 2
13 12
13 5
13 7
13 0
14 7
14 2
14 10
14 3
15 7
15 12
15 14
15 0
16 4
16 7
16 5
16 6
17 9
17 2
17 1
17 0
18 0
18 5
18 1
18 14
19 3
19 5
19 16
19 2
20 5
20 14
20 6
20 7
21 18
21 19
21 15
21 0
22 15
22 0
22 12
22 4
23 22
23 15
23 2
23 12
24 16
24 15
24 7
24 2
25 5
25 3
25 4
25 7
26 3
26 4
26 0
26 8
27 4
27 1
27 9
27 0
28 9
28 5
28 0
28 16
29 24
29 19
29 8
29 3
30 7
30 9
30 28
30 5
31 6
31 2
31 25
31 27
32 25
32 3
32 16
32 26
33 4
33 15
33 5
33 11
34 8
34 19
34 5
34 20
35 21
35 25
35 27
35 3
36 12
36 29
36 22
36 20
37 20
37 1
37 23
37 19
38 14
38 21
38 2
38 18
39 0
39 2
39 31
39 20
40 2
40 11
40 20
40 3
41 4
41 1
41 37
41 6
42 15
42 13
42 16
42 12
43 9
43 19
43 6
43 2
44 1
44 5
44 9
44 16
45 38
45 0
45 8
45 5
46 4
46 40
46 9
46 25
47 0
47 7
47 16
47 4
48 37
48 18
48 3
48 14
49 0
49 20
49 37
49 15
50 5
50 0
50 16
50 4
51 11
51 47
51 15
51 0
52 2
52 9
52 51
52 0
53 7
53 2
53 3
53 4
54 2
54 42
54 44
54 11
55 18
55 14
55 25
55 27
56 5
56 38
56 11
56 3
57 55
57 43
57 41
57 0
58 2
58 5
58 29
58 20
59 12
59 5
59 1
59 14
60 19
60 8
60 33
60 25
61 2
61 4
61 0
61 25
62 14
62 15
62 13
62 12
63 37
63 2
63 38
63 46
64 11
64 54
64 0
64 25
65 0
65 50
65 2
65 10
66 14
66 5
66 3
66 1
67 20
67 43
67 55
67 12
68 19
68 24
68 4
68 35
69 50
69 6
69 57
69 20
70 6
70 53
70 7
70 2
71 63
71 40
71 25
71 6
72 36
72 2
72 29
72 43
73 7
73 35
73 37
73 71
74 14
74 18
74 50
74 59
75 50
75 1
75 26
75 41
76 57
76 23
76 34
76 46
77 22
77 33
77 30
77 35
78 22
78 9
78 12
78 40
79 1
79 18
79 4
79 62
80 62
80 0
80 55
80 69
81 18
81 43
81 52
81 2
82 9
82 18
82 37
82 6
83 5
83 44
83 4
83 6
84 25
84 7
84 11
84 68
85 55
85 68
85 15
85 7
86 69
86 27
86 7
86 25
87 72
87 13
87 54
87 10
88 49
88 15
88 22
88 55
89 25
89 46
89 9
89 11
90 8
90 31
90 2
90 63
91 44
91 39
91 58
91 25
92 15
92 9
92 6
92 65
93 29
93 66
93 35
93 9
94 33
94 15
94 32
94 0
95 6
95 67
95 37
95 51
96 25
96 52
96 7
96 20
97 15
97 33
97 0
97 49
98 21
98 3
98 34
98 49
99 24
99 2
99 20
99 83
0 1 1 0 1 1 1 0 1 0 0 1 1 0 0 0 1 1 1 1 0 1 1 0 1 1 0 1 0 1 1 0 1 0 1 1 0 0 0 0 0 1 1 0 0 0 0 0 0 1 0 0 0 0 0 0 1 1 1 0 0 0 0 0 1 0 0 1 1 1 1 1 0 0 0 0 1 0 1 0 0 0 0 0 0 0 1 1 0 1 0 1 1 0 1 0 1 1 1 1
0 0 0 1 0 0 1 0 0 1 1 0 0 0 1 0 1 1 1 0 0 0 0 1 0 1 1 1 0 1 1 0 0 0 1 0 0 1 0 1 0 0 1 1 0 1 0 0 1 1 1 0 0 0 1 1 1 0 1 0 0 1 0 1 0 1 1 0 1 0 0 1 0 1 0 0 0 0 1 1 0 0 1 0 0 1 1 0 1 0 1 0 0 1 0 1 0 0 0 0
1 0 1 1 1 1 0 1 0 0 0 0 1 0 1 0 1 0 0 1 0 1 1 1 1 1 1 1 1 1 0 0 1 0 0 1 1 0 1 0 0 1 0 0 1 1 1 1 0 1 1 0 1 1 1 1 1 1 1 0 1 1 1 1 0 0 0 0 0 0 1 0 0 1 1 0 0 0 0 1 1 0 0 1 0 1 0 1 0 1 1 1 1 1 1 1 0 0 0 1
1 1 0 0 1 0 0 0 0 1 0 1 1 1 0 0 0 1 1 0 1 1 1 0 0 0 1 1 0 1 1 0 1 1 0 1 1 1 0 1 1 1 1 0 1 1 1 0 0 0 0 0 1 0 0 0 0 0 0 1 0 1 1 0 0 0 1 0 1 1 1 0 0 0 1 0 0 1 0 1 0 1 0 1 1 0 0 1 0 0 1 0 0 0 1 1 1 0 1 1
0 0 1 1 0 1 1 1 1 1 1 0 1 0 1 1 1 0 0 1 1 1 1 1 1 0 1 1 0 1 1 1 0 0 1 1 1 0 0 0 1 1 1 1 0 0 1 0 0 1 0 0 1 0 0 0 1 1 1 1 1 0 0 0 1 1 1 1 1 1 1 1 1 1 1 1 1 0 0 0 0 0 0 1 0 0 1 0 0 0 0 0 1 1 0 0 1 1 0 1