250 1488 5
0 1
0 2
1 2
0 3
1 3
2 3
2 4
3 4
1 4
1 5
4 5
2 5
2 6
1 6
4 6
5 7
6 7
4 7
1 8
6 8
5 8
8 9
5 9
2 9
6 10
2 10
8 10
0 11
4 11
8 11
2 12
4 12
8 12
10 13
1 13
12 13
8 14
0 14
2 14
5 15
8 15
3 15
8 16
15 16
14 16
8 17
4 17
0 17
4 18
12 18
0 18
5 19
2 19
0 19
18 20
10 20
8 20
2 21
20 21
12 21
18 22
7 22
16 22
5 23
15 23
18 23
14 24
8 24
1 24
2 25
3 25
9 25
8 26
16 26
18 26
25 27
2 27
15 27
15 28
21 28
8 28
4 29
26 29
28 29
23 30
24 30
12 30
4 31
2 31
17 31
28 32
2 32
1 32
1 33
4 33
16 33
24 34
11 34
4 34
1 35
22 35
28 35
2 36
12 36
21 36
20 37
2 37
31 37
24 38
10 38
16 38
2 39
5 39
7 39
3 40
15 40
2 40
3 41
37 41
33 41
8 42
0 42
5 42
19 43
8 43
16 43
7 44
22 44
1 44
40 45
1 45
30 45
20 46
28 46
0 46
30 47
36 47
15 47
20 48
12 48
4 48
13 49
16 49
8 49
16 50
36 50
23 50
25 51
12 51
42 51
35 52
31 52
5 52
9 53
0 53
20 53
17 54
49 54
36 54
43 55
16 55
3 55
2 56
1 56
26 56
12 57
37 57
33 57
0 58
2 58
1 58
2 59
26 59
31 59
9 60
12 60
2 60
13 61
5 61
4 61
2 62
4 62
17 62
26 63
62 63
13 63
1 64
2 64
60 64
32 65
14 65
51 65
20 66
62 66
16 66
31 67
8 67
5 67
12 68
14 68
2 68
29 69
22 69
5 69
9 70
1 70
38 70
0 71
8 71
54 71
20 72
41 72
18 72
30 73
2 73
36 73
63 74
51 74
23 74
26 75
40 75
25 75
32 76
51 76
46 76
6 77
20 77
12 77
48 78
7 78
20 78
50 79
63 79
48 79
43 80
30 80
5 80
66 81
62 81
9 81
51 82
67 82
1 82
80 83
69 83
51 83
47 84
15 84
68 84
14 85
58 85
26 85
2 86
54 86
40 86
72 87
73 87
5 87
5 88
29 88
0 88
76 89
43 89
5 89
35 90
83 90
26 90
68 91
42 91
87 91
68 92
30 92
23 92
6 93
40 93
30 93
1 94
42 94
20 94
78 95
29 95
81 95
3 96
4 96
45 96
0 97
2 97
5 97
80 98
66 98
85 98
15 99
11 99
29 99
5 100
30 100
13 100
65 101
68 101
40 101
47 102
92 102
16 102
46 103
7 103
94 103
40 104
12 104
20 104
21 105
54 105
37 105
13 106
102 106
63 106
47 107
42 107
27 107
42 108
71 108
1 108
96 109
82 109
30 109
0 110
4 110
12 110
2 111
18 111
1 111
5 112
2 112
30 112
2 113
88 113
34 113
24 114
67 114
31 114
22 115
19 115
36 115
5 116
24 116
26 116
33 117
2 117
19 117
115 118
75 118
93 118
102 119
5 119
29 119
4 120
114 120
2 120
15 121
18 121
10 121
26 122
54 122
4 122
117 123
113 123
0 123
35 124
105 124
73 124
1 125
17 125
33 125
39 126
24 126
76 126
14 127
43 127
15 127
5 128
79 128
127 128
5 129
22 129
98 129
16 130
121 130
44 130
101 131
49 131
70 131
3 132
53 132
2 132
76 133
112 133
92 133
56 134
42 134
54 134
54 135
117 135
4 135
9 136
13 136
104 136
12 137
29 137
1 137
78 138
107 138
5 138
66 139
78 139
34 139
126 140
37 140
72 140
61 141
48 141
30 141
0 142
50 142
5 142
16 143
2 143
42 143
70 144
20 144
9 144
10 145
28 145
144 145
27 146
4 146
68 146
119 147
58 147
98 147
58 148
44 148
109 148
18 149
16 149
15 149
21 150
29 150
8 150
86 151
64 151
5 151
42 152
40 152
85 152
33 153
105 153
15 153
7 154
135 154
141 154
4 155
15 155
48 155
18 156
67 156
20 156
60 157
87 157
17 157
70 158
0 158
103 158
2 159
21 159
17 159
103 160
70 160
73 160
1 161
107 161
73 161
9 162
1 162
22 162
86 163
42 163
10 163
4 164
3 164
150 164
27 165
137 165
100 165
23 166
116 166
1 166
110 167
73 167
2 167
22 168
70 168
29 168
18 169
67 169
13 169
15 170
124 170
133 170
0 171
32 171
5 171
7 172
18 172
2 172
168 173
114 173
76 173
32 174
4 174
1 174
45 175
16 175
43 175
0 176
80 176
15 176
74 177
8 177
2 177
14 178
2 178
56 178
156 179
82 179
62 179
79 180
71 180
61 180
32 181
0 181
115 181
162 182
9 182
116 182
1 183
14 183
28 183
151 184
99 184
152 184
45 185
165 185
96 185
108 186
6 186
160 186
82 187
143 187
144 187
17 188
94 188
170 188
93 189
7 189
123 189
8 190
95 190
62 190
32 191
5 191
80 191
104 192
122 192
54 192
159 193
37 193
22 193
44 194
13 194
73 194
36 195
66 195
1 195
79 196
67 196
31 196
193 197
56 197
2 197
38 198
46 198
156 198
158 199
93 199
63 199
4 200
3 200
156 200
43 201
94 201
78 201
20 202
30 202
2 202
47 203
152 203
27 203
63 204
98 204
186 204
17 205
109 205
73 205
193 206
10 206
88 206
205 207
47 207
146 207
73 208
21 208
20 208
135 209
14 209
196 209
39 210
19 210
96 210
1 211
84 211
107 211
25 212
175 212
58 212
157 213
166 213
25 213
12 214
179 214
193 214
21 215
205 215
1 215
1 216
115 216
7 216
159 217
94 217
46 217
150 218
2 218
56 218
5 219
204 219
118 219
4 220
26 220
218 220
96 221
40 221
76 221
78 222
187 222
42 222
68 223
30 223
9 223
82 224
63 224
0 224
24 225
38 225
1 225
182 226
18 226
203 226
217 227
16 227
123 227
83 228
93 228
11 228
2 229
22 229
20 229
75 230
82 230
70 230
33 231
1 231
2 231
51 232
45 232
160 232
0 233
5 233
225 233
45 234
125 234
47 234
5 235
194 235
51 235
8 236
58 236
5 236
0 237
14 237
69 237
79 238
31 238
94 238
102 239
36 239
187 239
54 240
5 240
25 240
2 241
30 241
8 241
22 242
175 242
209 242
216 243
101 243
1 243
81 244
185 244
233 244
80 245
123 245
1 245
157 246
2 246
111 246
23 247
12 247
107 247
46 248
112 248
104 248
33 249
2 249
8 249
1 0
2 0
2 1
3 0
3 1
3 2
4 2
4 3
4 1
5 1
5 4
5 2
6 2
6 1
6 4
7 5
7 6
7 4
8 1
8 6
8 5
9 8
9 5
9 2
10 6
10 2
10 8
11 0
11 4
11 8
12 2
12 4
12 8
13 10
13 1
13 12
14 8
14 0
14 2
15 5
15 8
15 3
16 8
16 15
16 14
17 8
17 4
17 0
18 4
18 12
18 0
19 5
19 2
19 0
20 18
20 10
20 8
21 2
21 20
21 12
22 18
22 7
22 16
23 5
23 15
23 18
24 14
24 8
24 1
25 2
25 3
25 9
26 8
26 16
26 18
27 25
27 2
27 15
28 15
28 21
28 8
29 4
29 26
29 28
30 23
30 24
30 12
31 4
31 2
31 17
32 28
32 2
32 1
33 1
33 4
33 16
34 24
34 11
34 4
35 1
35 22
35 28
36 2
36 12
36 21
37 20
37 2
37 31
38 24
38 10
38 16
39 2
39 5
39 7
40 3
40 15
40 2
41 3
41 37
41 33
42 8
42 0
42 5
43 19
43 8
43 16
44 7
44 22
44 1
45 40
45 1
45 30
46 20
46 28
46 0
47 30
47 36
47 15
48 20
48 12
48 4
49 13
49 16
49 8
50 16
50 36
50 23
51 25
51 12
51 42
52 35
52 31
52 5
53 9
53 0
53 20
54 17
54 49
54 36
55 43
55 16
55 3
56 2
56 1
56 26
57 12
57 37
57 33
58 0
58 2
58 1
59 2
59 26
59 31
60 9
60 12
60 2
61 13
61 5
61 4
62 2
62 4
62 17
63 26
63 62
63 13
64 1
64 2
64 60
65 32
65 14
65 51
66 20
66 62
66 16
67 31
67 8
67 5
68 12
68 14
68 2
69 29
69 22
69 5
70 9
70 1
70 38
71 0
71 8
71 54
72 20
72 41
72 18
73 30
73 2
73 36
74 63
74 51
74 23
75 26
75 40
75 25
76 32
76 51
76 46
77 6
77 20
77 12
78 48
78 7
78 20
79 50
79 63
79 48
80 43
80 30
80 5
81 66
81 62
81 9
82 51
82 67
82 1
83 80
83 69
83 51
84 47
84 15
84 68
85 14
85 58
85 26
86 2
86 54
86 40
87 72
87 73
87 5
88 5
88 29
88 0
89 76
89 43
89 5
90 35
90 83
90 26
91 68
91 42
91 87
92 68
92 30
92 23
93 6
93 40
93 30
94 1
94 42
94 20
95 78
95 29
95 81
96 3
96 4
96 45
97 0
97 2
97 5
98 80
98 66
98 85
99 15
99 11
99 29
100 5
100 30
100 13
101 65
101 68
101 40
102 47
102 92
102 16
103 46
103 7
103 94
104 40
104 12
104 20
105 21
105 54
105 37
106 13
106 102
106 63
107 47
107 42
107 27
108 42
108 71
108 1
109 96
109 82
109 30
110 0
110 4
110 12
111 2
111 18
111 1
112 5
112 2
112 30
113 2
113 88
113 34
114 24
114 67
114 31
115 22
115 19
115 36
116 5
116 24
116 26
117 33
117 2
117 19
118 115
118 75
118 93
119 102
119 5
119 29
120 4
120 114
120 2
121 15
121 18
121 10
122 26
122 54
122 4
123 117
123 113
123 0
124 35
124 105
124 73
125 1
125 17
125 33
126 39
126 24
126 76
127 14
127 43
127 15
128 5
128 79
128 127
129 5
129 22
129 98
130 16
130 121
130 44
131 101
131 49
131 70
132 3
132 53
132 2
133 76
133 112
133 92
134 56
134 42
134 54
135 54
135 117
135 4
136 9
136 13
136 104
137 12
137 29
137 1
138 78
138 107
138 5
139 66
139 78
139 34
140 126
140 37
140 72
141 61
141 48
141 30
142 0
142 50
142 5
143 16
143 2
143 42
144 70
144 20
144 9
145 10
145 28
145 144
146 27
146 4
146 68
147 119
147 58
147 98
148 58
148 44
148 109
149 18
149 16
149 15
150 21
150 29
150 8
151 86
151 64
151 5
152 42
152 40
152 85
153 33
153 105
153 15
154 7
154 135
154 141
155 4
155 15
155 48
156 18
156 67
156 20
157 60
157 87
157 17
158 70
158 0
158 103
159 2
159 21
159 17
160 103
160 70
160 73
161 1
161 107
161 73
162 9
162 1
162 22
163 86
163 42
163 10
164 4
164 3
164 150
165 27
165 137
165 100
166 23
166 116
166 1
167 110
167 73
167 2
168 22
168 70
168 29
169 18
169 67
169 13
170 15
170 124
170 133
171 0
171 32
171 5
172 7
172 18
172 2
173 168
173 114
173 76
174 32
174 4
174 1
175 45
175 16
175 43
176 0
176 80
176 15
177 74
177 8
177 2
178 14
178 2
178 56
179 156
179 82
179 62
180 79
180 71
180 61
181 32
181 0
181 115
182 162
182 9
182 116
183 1
183 14
183 28
184 151
184 99
184 152
185 45
185 165
185 96
186 108
186 6
186 160
187 82
187 143
187 144
188 17
188 94
188 170
189 93
189 7
189 123
190 8
190 95
190 62
191 32
191 5
191 80
192 104
192 122
192 54
193 159
193 37
193 22
194 44
194 13
194 73
195 36
195 66
195 1
196 79
196 67
196 31
197 193
197 56
197 2
198 38
198 46
198 156
199 158
199 93
199 63
200 4
200 3
200 156
201 43
201 94
201 78
202 20
202 30
202 2
203 47
203 152
203 27
204 63
204 98
204 186
205 17
205 109
205 73
206 193
206 10
206 88
207 205
207 47
207 146
208 73
208 21
208 20
209 135
209 14
209 196
210 39
210 19
210 96
211 1
211 84
211 107
212 25
212 175
212 58
213 157
213 166
213 25
214 12
214 179
214 193
215 21
215 205
215 1
216 1
216 115
216 7
217 159
217 94
217 46
218 150
218 2
218 56
219 5
219 204
219 118
220 4
220 26
220 218
221 96
221 40
221 76
222 78
222 187
222 42
223 68
223 30
223 9
224 82
224 63
224 0
225 24
225 38
225 1
226 182
226 18
226 203
227 217
227 16
227 123
228 83
228 93
228 11
229 2
229 22
229 20
230 75
230 82
230 70
231 33
231 1
231 2
232 51
232 45
232 160
233 0
233 5
233 225
234 45
234 125
234 47
235 5
235 194
235 51
236 8
236 58
236 5
237 0
237 14
237 69
238 79
238 31
238 94
239 102
239 36
239 187
240 54
240 5
240 25
241 2
241 30
241 8
242 22
242 175
242 209
243 216
243 101
243 1
244 81
244 185
244 233
245 80
245 123
245 1
246 157
246 2
246 111
247 23
247 12
247 107
248 46
248 112
248 104
249 33
249 2
249 8
1 1 1 1 0 0 0 0 1 1 0 1 1 0 0 0 1 0 1 1 1 1 0 0 0 1 1 0 1 1 1 0 1 0 0 1 1 0 1 1 1 1 0 1 1 1 0 0 1 1 1 0 0 0 0 0 1 0 0 0 1 0 0 1 1 1 0 1 1 1 0 0 1 1 0 0 0 1 0 1 1 1 0 0 0 1 1 1 0 0 0 1 1 1 0 0 1 0 0 0 1 0 1 1 1 0 1 1 0 0 0 1 0 1 0 0 0 1 1 0 1 1 0 1 0 0 1 1 1 0 0 0 0 1 1 0 0 0 1 0 0 1 0 1 0 0 1 0 0 0 1 0 0 1 1 0 0 0 0 0 1 1 0 0 0 1 0 1 1 0 0 1 0 0 0 0 0 0 1 1 1 1 1 0 1 0 1 1 1 1 0 0 0 1 1 0 0 1 0 0 0 1 0 1 0 1 0 1 1 0 0 1 0 1 0 0 1 1 0 0 0 1 1 0 1 0 0 0 1 0 0 0 1 0 1 1 0 1 0 1 0 0 0 0 1 0 1 1 1 0
0 1 0 1 1 1 1 1 0 0 1 1 0 0 1 1 1 0 1 1 0 1 1 1 0 1 1 1 0 0 0 1 1 0 0 1 0 1 1 1 0 1 0 0 0 0 0 1 0 0 1 0 0 1 1 1 0 0 1 1 0 1 1 1 1 0 1 0 1 1 1 0 1 1 0 1 1 1 0 1 0 1 1 0 1 1 0 0 1 0 0 0 1 0 1 1 0 0 0 0 0 0 0 0 0 0 0 1 0 0 0 0 0 1 0 1 1 0 1 1 0 0 0 1 1 0 1 0 0 1 0 1 1 0 0 1 0 0 1 0 1 0 0 1 0 0 1 1 1 0 0 1 1 1 0 1 1 0 1 1 1 1 0 0 0 0 0 1 1 1 0 1 0 1 1 0 0 1 0 1 0 0 1 1 1 1 1 0 1 1 1 1 0 1 0 1 1 0 1 1 0 1 0 0 1 1 0 1 1 0 0 0 1 0 1 1 1 0 1 0 0 1 0 1 1 0 1 1 1 1 1 1 0 0 1 0 1 0 0 0 1 1 0 1 0 1 1 0 0 0
1 0 1 1 1 1 1 1 0 1 1 0 1 1 0 0 1 1 0 1 0 0 1 0 0 0 0 0 1 0 0 0 0 0 1 0 1 0 0 0 1 1 0 1 0 1 1 0 1 1 1 0 1 1 0 1 1 0 0 0 1 0 0 0 0 1 1 1 1 0 0 0 0 0 1 1 0 1 1 0 0 0 0 0 1 1 0 0 1 1 1 1 0 0 0 1 0 0 1 0 1 0 1 0 1 1 0 1 1 0 0 0 0 0 1 0 1 0 1 0 0 0 0 0 1 1 1 1 1 1 1 0 1 0 1 1 1 1 1 1 1 1 0 0 1 0 1 0 0 0 1 1 0 0 1 0 1 0 0 0 1 1 1 1 0 0 1 1 1 0 0 0 1 0 0 1 1 0 0 0 1 1 1 0 1 0 1 0 1 1 0 0 1 1 0 1 1 0 0 0 0 0 0 1 0 0 0 1 1 0 1 1 1 1 1 0 1 1 0 1 1 1 1 1 1 0 0 0 1 0 0 1 0 0 1 1 0 0 1 0 0 1 0 0 0 0 1 0 0 1
1 0 1 1 1 1 1 0 1 1 0 0 1 0 1 1 0 1 1 1 0 1 0 0 1 0 1 0 0 1 0 0 1 1 1 1 0 0 0 0 1 1 1 0 0 1 1 1 0 1 0 0 1 1 0 1 1 1 0 1 1 1 0 0 0 1 1 1 0 1 0 0 0 1 1 1 0 0 1 1 1 0 0 1 0 0 1 1 0 1 1 0 0 0 1 0 0 1 1 1 0 1 0 1 0 1 0 1 1 1 0 1 0 1 0 1 0 1 0 0 0 1 1 1 0 1 1 0 1 1 1 1 1 1 0 0 1 0 1 0 0 1 1 0 1 1 1 0 1 1 1 1 0 0 1 1 0 0 0 0 0 0 0 0 0 1 1 1 1 0 0 0 1 0 1 1 0 0 1 0 0 0 1 0 0 0 0 0 0 1 1 1 0 1 0 1 1 0 0 0 0 1 1 0 1 0 0 1 1 0 1 0 1 1 1 1 0 1 1 1 0 1 0 1 1 1 0 0 1 0 0 1 0 1 1 0 1 0 1 0 0 1 1 1 1 1 1 0 1 1
0 0 0 0 1 0 1 1 1 0 0 0 0 1 0 1 1 0 1 0 1 1 1 0 0 1 1 1 0 0 1 1 0 1 1 1 0 1 1 1 0 0 1 0 0 1 0 0 1 1 0 0 0 1 0 1 0 1 0 1 0 1 0 0 1 0 0 1 0 0 0 1 1 1 1 0 1 0 0 0 0 0 0 1 1 1 0 1 0 0 0 0 1 1 1 1 0 1 0 0 1 0 0 0 1 1 0 1 1 0 1 1 0 0 0 0 0 0 1 0 0 0 1 0 0 0 1 0 1 0 1 1 0 1 1 0 1 0 0 0 0 1 1 0 1 0 1 0 0 0 0 1 0 1 0 1 1 0 1 1 0 0 1 0 0 0 1 0 1 1 0 0 0 0 0 1 0 1 1 1 0 0 1 0 0 0 0 1 0 1 0 1 1 0 0 0 0 1 1 1 0 1 0 0 1 1 1 0 1 1 1 0 0 1 1 0 0 0 0 0 0 1 1 0 0 1 1 0 1 1 0 0 0 1 0 0 0 1 1 0 0 0 0 0 1 0 1 1 0 1