100 780 5
0 1
0 2
1 2
0 3
1 3
2 3
0 4
1 4
2 4
3 4
0 5
3 5
2 5
1 5
1 6
4 6
5 6
0 6
2 7
1 7
0 7
4 7
2 8
0 8
4 8
3 8
3 9
4 9
6 9
2 9
2 10
7 10
9 10
0 10
9 11
1 11
0 11
10 11
5 12
0 12
3 12
7 12
1 13
12 13
4 13
9 13
9 14
6 14
5 14
4 14
7 15
9 15
12 15
0 15
0 16
7 16
9 16
3 16
1 17
4 17
2 17
3 17
7 18
8 18
10 18
4 18
3 19
8 19
9 19
11 19
6 20
10 20
4 20
3 20
0 21
9 21
13 21
11 21
18 22
19 22
2 22
16 22
13 23
22 23
17 23
3 23
7 24
21 24
4 24
9 24
1 25
17 25
7 25
5 25
6 26
7 26
14 26
18 26
12 27
7 27
6 27
3 27
7 28
13 28
15 28
4 28
27 29
0 29
13 29
11 29
2 30
11 30
4 30
28 30
6 31
30 31
1 31
4 31
31 32
25 32
12 32
3 32
0 33
5 33
19 33
30 33
13 34
8 34
24 34
27 34
1 35
32 35
7 35
14 35
12 36
14 36
10 36
30 36
14 37
1 37
0 37
13 37
13 38
33 38
5 38
2 38
20 39
14 39
10 39
8 39
37 40
25 40
6 40
19 40
28 41
4 41
17 41
0 41
34 42
3 42
11 42
30 42
6 43
11 43
0 43
1 43
0 44
30 44
17 44
10 44
17 45
30 45
3 45
31 45
23 46
14 46
12 46
34 46
34 47
3 47
7 47
30 47
24 48
41 48
27 48
5 48
43 49
48 49
15 49
26 49
0 50
6 50
4 50
3 50
8 51
0 51
50 51
29 51
3 52
0 52
1 52
19 52
23 53
5 53
0 53
1 53
11 54
38 54
44 54
51 54
18 55
1 55
20 55
44 55
25 56
51 56
2 56
55 56
20 57
4 57
24 57
38 57
22 58
1 58
3 58
2 58
7 59
52 59
5 59
21 59
4 60
7 60
9 60
10 60
0 61
13 61
20 61
5 61
35 62
22 62
28 62
8 62
17 63
24 63
0 63
18 63
13 64
1 64
0 64
4 64
5 65
13 65
1 65
30 65
4 66
7 66
0 66
48 66
41 67
23 67
24 67
18 67
2 68
20 68
58 68
42 68
5 69
26 69
44 69
11 69
35 70
26 70
6 70
25 70
48 71
69 71
6 71
3 71
4 72
2 72
42 72
59 72
0 73
7 73
54 73
17 73
13 74
3 74
33 74
61 74
5 75
4 75
51 75
74 75
73 76
6 76
32 76
8 76
20 77
0 77
31 77
14 77
61 78
36 78
5 78
2 78
73 79
44 79
4 79
11 79
0 80
50 80
68 80
20 80
45 81
40 81
74 81
41 81
4 82
0 82
71 82
68 82
57 83
2 83
10 83
73 83
19 84
30 84
10 84
73 84
33 85
41 85
9 85
79 85
37 86
67 86
3 86
42 86
41 87
7 87
82 87
61 87
63 88
38 88
13 88
15 88
47 89
28 89
22 89
12 89
7 90
19 90
5 90
47 90
30 91
59 91
14 91
51 91
27 92
7 92
20 92
17 92
14 93
69 93
80 93
20 93
55 94
27 94
8 94
2 94
0 95
61 95
70 95
48 95
20 96
28 96
86 96
30 96
87 97
13 97
51 97
65 97
77 98
20 98
94 98
10 98
32 99
59 99
79 99
2 99
1 0
2 0
2 1
3 0
3 1
3 2
4 0
4 1
4 2
4 3
5 0
5 3
5 2
5 1
6 1
6 4
6 5
6 0
7 2
7 1
7 0
7 4
8 2
8 0
8 4
8 3
9 3
9 4
9 6
9 2
10 2
10 7
10 9
10 0
11 9
11 1
11 0
11 10
12 5
12 0
12 3
12 7
13 1
13 12
13 4
13 9
14 9
14 6
14 5
14 4
15 7
15 9
15 12
15 0
16 0
16 7
16 9
16 3
17 1
17 4
17 2
17 3
18 7
18 8
18 10
18 4
19 3
19 8
19 9
19 11
20 6
20 10
20 4
20 3
21 0
21 9
21 13
21 11
22 18
22 19
22 2
22 16
23 13
23 22
23 17
23 3
24 7
24 21
24 4
24 9
25 1
25 17
25 7
25 5
26 6
26 7
26 14
26 18
27 12
27 7
27 6
27 3
28 7
28 13
28 15
28 4
29 27
29 0
29 13
29 11
30 2
30 11
30 4
30 28
31 6
31 30
31 1
31 4
32 31
32 25
32 12
32 3
33 0
33 5
33 19
33 30
34 13
34 8
34 24
34 27
35 1
35 32
35 7
35 14
36 12
36 14
36 10
36 30
37 14
37 1
37 0
37 13
38 13
38 33
38 5
38 2
39 20
39 14
39 10
39 8
40 37
40 25
40 6
40 19
41 28
41 4
41 17
41 0
42 34
42 3
42 11
42 30
43 6
43 11
43 0
43 1
44 0
44 30
44 17
44 10
45 17
45 30
45 3
45 31
46 23
46 14
46 12
46 34
47 34
47 3
47 7
47 30
48 24
48 41
48 27
48 5
49 43
49 48
49 15
49 26
50 0
50 6
50 4
50 3
51 8
51 0
51 50
51 29
52 3
52 0
52 1
52 19
53 23
53 5
53 0
53 1
54 11
54 38
54 44
54 51
55 18
55 1
55 20
55 44
56 25
56 51
56 2
56 55
57 20
57 4
57 24
57 38
58 22
58 1
58 3
58 2
59 7
59 52
59 5
59 21
60 4
60 7
60 9
60 10
61 0
61 13
61 20
61 5
62 35
62 22
62 28
62 8
63 17
63 24
63 0
63 18
64 13
64 1
64 0
64 4
65 5
65 13
65 1
65 30
66 4
66 7
66 0
66 48
67 41
67 23
67 24
67 18
68 2
68 20
68 58
68 42
69 5
69 26
69 44
69 11
70 35
70 26
70 6
70 25
71 48
71 69
71 6
71 3
72 4
72 2
72 42
72 59
73 0
73 7
73 54
73 17
74 13
74 3
74 33
74 61
75 5
75 4
75 51
75 74
76 73
76 6
76 32
76 8
77 20
77 0
77 31
77 14
78 61
78 36
78 5
78 2
79 73
79 44
79 4
79 11
80 0
80 50
80 68
80 20
81 45
81 40
81 74
81 41
82 4
82 0
82 71
82 68
83 57
83 2
83 10
83 73
84 19
84 30
84 10
84 73
85 33
85 41
85 9
85 79
86 37
86 67
86 3
86 42
87 41
87 7
87 82
87 61
88 63
88 38
88 13
88 15
89 47
89 28
89 22
89 12
90 7
90 19
90 5
90 47
91 30
91 59
91 14
91 51
92 27
92 7
92 20
92 17
93 14
93 69
93 80
93 20
94 55
94 27
94 8
94 2
95 0
95 61
95 70
95 48
96 20
96 28
96 86
96 30
97 87
97 13
97 51
97 65
98 77
98 20
98 94
98 10
99 32
99 59
99 79
99 2
1 0 1 0 0 0 0 0 1 0 0 0 1 0 0 0 0 1 0 1 0 1 0 1 1 0 0 0 0 0 0 1 0 1 0 1 1 0 0 0 1 1 1 0 0 1 0 0 0 1 0 0 1 1 0 0 1 1 1 0 0 1 0 0 0 0 0 0 1 0 0 1 0 1 0 1 0 0 0 1 1 1 0 1 1 0 1 1 0 0 1 0 1 1 1 1 0 1 0 1
0 0 0 0 0 1 0 1 0 1 0 1 0 0 0 1 1 0 0 1 0 1 0 1 1 0 0 0 1 1 1 1 0 0 0 0 0 1 1 1 0 0 1 1 1 1 0 1 0 1 0 1 0 1 0 1 0 1 1 1 1 1 1 1 0 1 1 0 0 1 1 1 1 0 1 1 1 1 1 1 0 0 0 1 1 0 0 0 0 0 0 0 0 1 1 1 1 1 1 0
1 1 0 1 0 1 0 0 0 1 0 1 1 0 0 1 0 1 1 1 0 0 0 0 0 0 0 0 0 1 0 0 0 1 0 0 0 0 1 0 1 1 0 0 0 0 1 1 1 1 1 0 1 0 1 1 1 0 1 0 0 1 1 1 1 1 0 0 1 0 0 1 0 1 1 1 1 0 1 0 0 0 0 1 0 0 0 1 1 0 1 1 1 0 1 1 1 0 0 0
1 1 0 1 1 0 0 1 1 0 1 0 0 0 1 0 0 1 0 1 0 0 0 0 0 1 0 1 1 1 0 1 0 1 0 1 0 1 0 1 1 1 0 0 0 1 0 1 1 1 1 0 0 1 1 0 1 0 1 0 0 1 1 1 0 0 1 0 1 1 0 0 1 1 0 0 0 1 0 1 1 0 0 1 0 0 1 0 1 0 1 1 1 1 1 1 0 1 1 0
1 0 1 0 0 0 1 0 1 0 1 1 0 1 1 0 0 1 1 1 0 0 1 1 0 0 0 1 1 0 1 0 1 0 1 0 1 0 0 1 1 1 1 1 0 0 1 0 0 1 1 0 1 0 0 0 1 1 1 0 0 1 0 0 0 0 0 1 0 0 1 1 1 1 0 0 1 1 0 0 1 0 1 0 1 0 1 1 1 0 1 1 0 0 0 0 1 1 0 1