100 588 5
0 1
0 2
1 2
0 3
1 3
2 3
0 4
3 4
2 4
1 5
0 5
4 5
3 6
1 6
5 6
2 7
3 7
5 7
7 8
3 8
0 8
0 9
3 9
2 9
1 10
5 10
8 10
9 11
7 11
0 11
11 12
5 12
3 12
3 13
6 13
12 13
1 14
2 14
12 14
4 15
8 15
10 15
13 16
2 16
10 16
5 17
15 17
9 17
2 18
7 18
15 18
1 19
5 19
3 19
11 20
3 20
5 20
5 21
11 21
1 21
8 22
2 22
21 22
13 23
6 23
3 23
1 24
3 24
7 24
20 25
0 25
2 25
21 26
2 26
0 26
1 27
25 27
3 27
7 28
4 28
19 28
5 29
7 29
26 29
3 30
23 30
17 30
5 31
0 31
20 31
16 32
12 32
8 32
5 33
7 33
9 33
33 34
1 34
25 34
14 35
1 35
25 35
0 36
1 36
26 36
26 37
22 37
8 37
0 38
3 38
11 38
9 39
1 39
11 39
17 40
16 40
5 40
1 41
16 41
0 41
31 42
38 42
8 42
7 43
5 43
11 43
1 44
22 44
15 44
24 45
11 45
27 45
1 46
0 46
24 46
15 47
26 47
5 47
19 48
34 48
27 48
1 49
39 49
27 49
0 50
8 50
3 50
27 51
5 51
42 51
1 52
31 52
3 52
26 53
3 53
38 53
23 54
6 54
29 54
10 55
26 55
44 55
5 56
32 56
0 56
10 57
24 57
3 57
21 58
0 58
27 58
15 59
8 59
5 59
25 60
21 60
17 60
13 61
17 61
37 61
10 62
5 62
11 62
0 63
1 63
50 63
3 64
39 64
4 64
20 65
26 65
23 65
32 66
17 66
5 66
34 67
52 67
63 67
40 68
1 68
10 68
1 69
3 69
47 69
45 70
16 70
27 70
5 71
20 71
62 71
31 72
1 72
3 72
30 73
7 73
26 73
22 74
6 74
41 74
15 75
1 75
27 75
49 76
12 76
3 76
5 77
34 77
3 77
11 78
69 78
61 78
22 79
77 79
63 79
5 80
59 80
16 80
63 81
36 81
28 81
3 82
20 82
8 82
0 83
74 83
55 83
3 84
1 84
5 84
6 85
60 85
21 85
11 86
79 86
78 86
2 87
21 87
46 87
21 88
5 88
52 88
25 89
21 89
7 89
74 90
49 90
33 90
11 91
90 91
63 91
0 92
46 92
5 92
3 93
54 93
37 93
16 94
5 94
0 94
6 95
72 95
13 95
12 96
0 96
21 96
0 97
10 97
30 97
43 98
6 98
3 98
56 99
27 99
91 99
1 0
2 0
2 1
3 0
3 1
3 2
4 0
4 3
4 2
5 1
5 0
5 4
6 3
6 1
6 5
7 2
7 3
7 5
8 7
8 3
8 0
9 0
9 3
9 2
10 1
10 5
10 8
11 9
11 7
11 0
12 11
12 5
12 3
13 3
13 6
13 12
14 1
14 2
14 12
15 4
15 8
15 10
16 13
16 2
16 10
17 5
17 15
17 9
18 2
18 7
18 15
19 1
19 5
19 3
20 11
20 3
20 5
21 5
21 11
21 1
22 8
22 2
22 21
23 13
23 6
23 3
24 1
24 3
24 7
25 20
25 0
25 2
26 21
26 2
26 0
27 1
27 25
27 3
28 7
28 4
28 19
29 5
29 7
29 26
30 3
30 23
30 17
31 5
31 0
31 20
32 16
32 12
32 8
33 5
33 7
33 9
34 33
34 1
34 25
35 14
35 1
35 25
36 0
36 1
36 26
37 26
37 22
37 8
38 0
38 3
38 11
39 9
39 1
39 11
40 17
40 16
40 5
41 1
41 16
41 0
42 31
42 38
42 8
43 7
43 5
43 11
44 1
44 22
44 15
45 24
45 11
45 27
46 1
46 0
46 24
47 15
47 26
47 5
48 19
48 34
48 27
49 1
49 39
49 27
50 0
50 8
50 3
51 27
51 5
51 42
52 1
52 31
52 3
53 26
53 3
53 38
54 23
54 6
54 29
55 10
55 26
55 44
56 5
56 32
56 0
57 10
57 24
57 3
58 21
58 0
58 27
59 15
59 8
59 5
60 25
60 21
60 17
61 13
61 17
61 37
62 10
62 5
62 11
63 0
63 1
63 50
64 3
64 39
64 4
65 20
65 26
65 23
66 32
66 17
66 5
67 34
67 52
67 63
68 40
68 1
68 10
69 1
69 3
69 47
70 45
70 16
70 27
71 5
71 20
71 62
72 31
72 1
72 3
73 30
73 7
73 26
74 22
74 6
74 41
75 15
75 1
75 27
76 49
76 12
76 3
77 5
77 34
77 3
78 11
78 69
78 61
79 22
79 77
79 63
80 5
80 59
80 16
81 63
81 36
81 28
82 3
82 20
82 8
83 0
83 74
83 55
84 3
84 1
84 5
85 6
85 60
85 21
86 11
86 79
86 78
87 2
87 21
87 46
88 21
88 5
88 52
89 25
89 21
89 7
90 74
90 49
90 33
91 11
91 90
91 63
92 0
92 46
92 5
93 3
93 54
93 37
94 16
94 5
94 0
95 6
95 72
95 13
96 12
96 0
96 21
97 0
97 10
97 30
98 43
98 6
98 3
99 56
99 27
99 91
0 0 0 1 1 0 1 1 1 0 0 1 1 1 1 0 1 1 1 0 1 0 0 1 0 1 0 1 1 0 1 0 0 1 1 0 1 0 0 0 1 1 0 0 0 1 1 1 1 0 1 0 0 1 0 0 1 0 1 1 1 1 1 1 1 0 0 1 1 1 0 0 1 1 0 1 0 0 1 1 1 0 0 0 0 0 1 0 1 1 0 1 1 0 1 1 0 0 1 0
1 1 1 0 0 0 1 0 1 1 1 0 0 0 0 1 0 1 1 0 0 0 1 0 1 1 1 0 1 0 1 0 1 1 0 0 0 0 0 1 1 0 1 1 0 1 0 0 0 1 1 1 1 1 0 1 0 1 0 0 0 0 0 1 0 0 1 0 1 1 0 1 0 1 1 1 0 0 0 1 0 0 0 1 1 1 1 0 1 0 1 0 0 1 0 1 1 0 1 0
0 1 1 1 1 1 0 0 0 0 1 1 0 1 0 0 0 1 1 0 0 1 0 0 0 0 0 0 0 1 0 0 1 1 0 0 0 0 1 1 0 0 0 0 1 1 0 1 1 0 1 0 1 0 1 0 1 1 1 1 1 1 0 0 1 1 0 1 1 0 1 0 1 0 1 0 1 1 0 1 1 0 1 0 1 0 0 0 1 1 1 0 1 1 1 0 1 1 0 0
0 0 0 1 1 0 0 0 0 0 1 0 0 1 1 0 0 1 1 0 1 1 0 1 1 1 0 1 1 1 0 0 0 0 0 0 0 1 1 0 1 0 0 1 1 0 1 0 0 1 1 0 1 0 0 1 1 0 0 1 1 0 1 1 1 1 0 0 1 1 1 1 0 1 1 1 1 0 0 0 0 1 1 1 1 0 0 0 1 0 0 0 1 0 0 0 1 0 1 1
1 1 0 0 1 0 0 1 0 1 1 0 0 1 0 0 0 0 1 0 0 1 0 0 0 1 0 1 1 0 1 0 1 1 1 1 1 0 1 1 1 1 1 0 0 1 1 1 0 0 1 1 1 0 1 0 0 0 1 1 1 0 1 1 1 0 1 1 1 1 0 1 0 0 0 1 1 1 0 1 1 1 0 0 1 1 1 1 1 1 1 1 0 0 0 0 1 0 1 0