100 780 5
0 1
0 2
1 2
0 3
1 3
2 3
0 4
1 4
2 4
3 4
4 5
2 5
1 5
3 5
1 6
3 6
2 6
0 6
1 7
5 7
4 7
0 7
7 8
6 8
1 8
5 8
8 9
6 9
0 9
3 9
4 10
5 10
1 10
9 10
0 11
4 11
3 11
10 11
1 12
8 12
4 12
2 12
0 13
8 13
1 13
6 13
4 14
6 14
5 14
13 14
2 15
1 15
12 15
10 15
1 16
2 16
6 16
4 16
1 17
0 17
15 17
6 17
10 18
1 18
3 18
0 18
15 19
1 19
8 19
13 19
0 20
5 20
6 20
11 20
19 21
4 21
20 21
10 21
13 22
6 22
4 22
16 22
10 23
2 23
14 23
9 23
12 24
0 24
9 24
22 24
13 25
3 25
22 25
18 25
3 26
6 26
24 26
14 26
18 27
3 27
26 27
1 27
1 28
19 28
25 28
16 28
23 29
8 29
1 29
4 29
27 30
8 30
17 30
22 30
9 31
4 31
8 31
3 31
5 32
1 32
23 32
3 32
3 33
10 33
1 33
28 33
26 34
1 34
6 34
4 34
7 35
5 35
16 35
32 35
20 36
15 36
8 36
1 36
14 37
17 37
3 37
16 37
25 38
13 38
17 38
7 38
4 39
5 39
1 39
6 39
37 40
23 40
16 40
2 40
40 41
2 41
5 41
1 41
38 42
33 42
19 42
14 42
8 43
4 43
26 43
7 43
34 44
4 44
19 44
42 44
5 45
44 45
40 45
33 45
6 46
19 46
27 46
5 46
42 47
1 47
8 47
40 47
41 48
16 48
1 48
17 48
32 49
8 49
45 49
42 49
13 50
0 50
32 50
3 50
1 51
25 51
13 51
45 51
36 52
23 52
18 52
42 52
38 53
1 53
11 53
18 53
5 54
14 54
9 54
27 54
10 55
36 55
9 55
3 55
27 56
1 56
8 56
30 56
3 57
32 57
4 57
1 57
1 58
52 58
4 58
39 58
52 59
13 59
10 59
44 59
42 60
28 60
16 60
39 60
58 61
19 61
11 61
40 61
19 62
36 62
49 62
7 62
38 63
6 63
40 63
4 63
4 64
6 64
24 64
14 64
5 65
12 65
16 65
39 65
7 66
61 66
5 66
10 66
5 67
6 67
35 67
8 67
14 68
8 68
63 68
23 68
22 69
7 69
6 69
32 69
7 70
13 70
59 70
69 70
13 71
32 71
51 71
25 71
25 72
53 72
14 72
8 72
44 73
33 73
4 73
17 73
12 74
59 74
34 74
24 74
50 75
40 75
15 75
13 75
42 76
1 76
43 76
5 76
19 77
66 77
34 77
51 77
42 78
2 78
16 78
54 78
2 79
6 79
40 79
3 79
67 80
1 80
40 80
5 80
40 81
77 81
4 81
78 81
41 82
17 82
6 82
11 82
19 83
22 83
44 83
1 83
23 84
50 84
33 84
82 84
8 85
62 85
41 85
4 85
69 86
15 86
53 86
5 86
9 87
23 87
64 87
1 87
7 88
1 88
85 88
21 88
3 89
55 89
1 89
64 89
40 90
25 90
5 90
2 90
19 91
65 91
58 91
10 91
18 92
11 92
64 92
35 92
57 93
71 93
44 93
26 93
40 94
42 94
0 94
13 94
82 95
6 95
64 95
76 95
1 96
41 96
10 96
48 96
92 97
17 97
20 97
13 97
17 98
36 98
23 98
91 98
58 99
57 99
7 99
50 99
1 0
2 0
2 1
3 0
3 1
3 2
4 0
4 1
4 2
4 3
5 4
5 2
5 1
5 3
6 1
6 3
6 2
6 0
7 1
7 5
7 4
7 0
8 7
8 6
8 1
8 5
9 8
9 6
9 0
9 3
10 4
10 5
10 1
10 9
11 0
11 4
11 3
11 10
12 1
12 8
12 4
12 2
13 0
13 8
13 1
13 6
14 4
14 6
14 5
14 13
15 2
15 1
15 12
15 10
16 1
16 2
16 6
16 4
17 1
17 0
17 15
17 6
18 10
18 1
18 3
18 0
19 15
19 1
19 8
19 13
20 0
20 5
20 6
20 11
21 19
21 4
21 20
21 10
22 13
22 6
22 4
22 16
23 10
23 2
23 14
23 9
24 12
24 0
24 9
24 22
25 13
25 3
25 22
25 18
26 3
26 6
26 24
26 14
27 18
27 3
27 26
27 1
28 1
28 19
28 25
28 16
29 23
29 8
29 1
29 4
30 27
30 8
30 17
30 22
31 9
31 4
31 8
31 3
32 5
32 1
32 23
32 3
33 3
33 10
33 1
33 28
34 26
34 1
34 6
34 4
35 7
35 5
35 16
35 32
36 20
36 15
36 8
36 1
37 14
37 17
37 3
37 16
38 25
38 13
38 17
38 7
39 4
39 5
39 1
39 6
40 37
40 23
40 16
40 2
41 40
41 2
41 5
41 1
42 38
42 33
42 19
42 14
43 8
43 4
43 26
43 7
44 34
44 4
44 19
44 42
45 5
45 44
45 40
45 33
46 6
46 19
46 27
46 5
47 42
47 1
47 8
47 40
48 41
48 16
48 1
48 17
49 32
49 8
49 45
49 42
50 13
50 0
50 32
50 3
51 1
51 25
51 13
51 45
52 36
52 23
52 18
52 42
53 38
53 1
53 11
53 18
54 5
54 14
54 9
54 27
55 10
55 36
55 9
55 3
56 27
56 1
56 8
56 30
57 3
57 32
57 4
57 1
58 1
58 52
58 4
58 39
59 52
59 13
59 10
59 44
60 42
60 28
60 16
60 39
61 58
61 19
61 11
61 40
62 19
62 36
62 49
62 7
63 38
63 6
63 40
63 4
64 4
64 6
64 24
64 14
65 5
65 12
65 16
65 39
66 7
66 61
66 5
66 10
67 5
67 6
67 35
67 8
68 14
68 8
68 63
68 23
69 22
69 7
69 6
69 32
70 7
70 13
70 59
70 69
71 13
71 32
71 51
71 25
72 25
72 53
72 14
72 8
73 44
73 33
73 4
73 17
74 12
74 59
74 34
74 24
75 50
75 40
75 15
75 13
76 42
76 1
76 43
76 5
77 19
77 66
77 34
77 51
78 42
78 2
78 16
78 54
79 2
79 6
79 40
79 3
80 67
80 1
80 40
80 5
81 40
81 77
81 4
81 78
82 41
82 17
82 6
82 11
83 19
83 22
83 44
83 1
84 23
84 50
84 33
84 82
85 8
85 62
85 41
85 4
86 69
86 15
86 53
86 5
87 9
87 23
87 64
87 1
88 7
88 1
88 85
88 21
89 3
89 55
89 1
89 64
90 40
90 25
90 5
90 2
91 19
91 65
91 58
91 10
92 18
92 11
92 64
92 35
93 57
93 71
93 44
93 26
94 40
94 42
94 0
94 13
95 82
95 6
95 64
95 76
96 1
96 41
96 10
96 48
97 92
97 17
97 20
97 13
98 17
98 36
98 23
98 91
99 58
99 57
99 7
99 50
0 0 1 1 0 0 0 1 0 1 1 1 0 1 0 1 1 1 1 0 1 1 1 1 0 0 1 0 1 0 1 1 1 1 1 1 0 0 1 0 0 1 0 0 1 0 0 1 1 0 0 0 1 0 1 0 0 1 1 1 0 0 1 1 0 0 1 0 0 1 0 0 1 1 0 0 0 1 0 0 1 0 1 0 0 0 1 1 0 0 0 1 1 1 1 0 0 0 0 0
0 0 0 1 1 0 0 1 1 0 0 1 0 1 1 1 1 1 1 0 1 0 0 0 0 1 0 1 1 1 0 0 1 0 1 1 1 1 0 0 1 0 0 1 0 1 0 0 1 1 1 0 0 1 0 1 1 0 0 0 0 1 0 0 0 1 0 0 0 0 0 0 0 1 0 1 0 0 0 0 1 0 1 0 0 0 1 0 0 1 0 0 1 0 0 0 1 1 0 0
1 0 1 0 0 0 1 1 1 0 1 0 0 1 0 1 0 0 0 1 1 1 0 1 1 1 1 0 1 0 0 0 0 0 1 1 0 0 1 1 1 1 1 1 1 1 0 1 1 0 1 0 1 0 1 1 0 1 1 1 1 0 1 0 0 0 0 1 1 1 0 0 0 0 1 0 1 1 1 1 0 0 0 1 1 1 1 1 1 0 1 0 0 0 1 0 0 0 1 0
1 1 1 1 1 1 0 0 0 1 1 0 0 1 0 1 0 1 1 0 1 1 0 0 0 1 0 1 0 0 1 1 0 0 0 0 0 1 0 1 0 1 0 0 0 0 0 1 1 1 0 1 1 1 0 1 1 1 0 1 0 1 0 0 0 0 1 0 1 0 0 0 1 1 1 1 0 0 0 1 1 1 1 1 1 1 1 0 0 1 0 1 0 0 1 1 1 1 1 1
1 0 0 0 1 0 0 1 1 0 1 1 1 0 0 1 1 1 0 1 1 1 0 0 0 0 1 1 0 1 0 0 0 0 0 1 1 0 0 0 0 0 0 1 0 0 1 0 1 1 0 1 1 0 0 0 0 0 0 0 1 0 1 1 0 1 1 1 1 0 0 0 1 0 0 0 1 0 1 0 0 0 1 1 0 0 0 0 1 1 0 0 1 0 0 1 1 1 1 0