100 780 5
0 1
0 2
1 2
0 3
1 3
2 3
0 4
1 4
2 4
3 4
1 5
2 5
0 5
4 5
4 6
5 6
3 6
1 6
3 7
4 7
0 7
6 7
3 8
4 8
5 8
1 8
6 9
3 9
7 9
8 9
1 10
5 10
2 10
3 10
3 11
1 11
4 11
5 11
3 12
1 12
4 12
5 12
8 13
5 13
1 13
0 13
11 14
5 14
10 14
7 14
5 15
1 15
14 15
12 15
9 16
8 16
6 16
5 16
6 17
10 17
4 17
7 17
7 18
4 18
16 18
10 18
0 19
3 19
7 19
4 19
3 20
4 20
1 20
8 20
7 21
14 21
4 21
5 21
7 22
20 22
19 22
8 22
10 23
11 23
21 23
6 23
10 24
8 24
1 24
9 24
6 25
7 25
20 25
5 25
14 26
25 26
0 26
7 26
5 27
26 27
17 27
3 27
17 28
5 28
24 28
1 28
22 29
14 29
3 29
4 29
14 30
24 30
16 30
1 30
11 31
4 31
27 31
20 31
10 32
9 32
12 32
14 32
27 33
22 33
14 33
1 33
3 34
5 34
24 34
23 34
28 35
5 35
25 35
13 35
0 36
18 36
9 36
3 36
32 37
5 37
6 37
28 37
18 38
1 38
20 38
8 38
8 39
33 39
4 39
25 39
19 40
8 40
36 40
6 40
8 41
6 41
13 41
15 41
35 42
7 42
1 42
41 42
1 43
20 43
14 43
5 43
8 44
6 44
5 44
42 44
38 45
17 45
26 45
42 45
3 46
40 46
19 46
32 46
22 47
42 47
1 47
31 47
31 48
18 48
17 48
23 48
30 49
35 49
21 49
8 49
5 50
3 50
45 50
8 50
41 51
37 51
32 51
7 51
10 52
5 52
31 52
21 52
17 53
44 53
38 53
16 53
43 54
26 54
34 54
21 54
39 55
6 55
47 55
30 55
25 56
1 56
11 56
50 56
18 57
28 57
9 57
6 57
10 58
7 58
2 58
8 58
4 59
1 59
26 59
45 59
9 60
19 60
46 60
1 60
3 61
49 61
28 61
17 61
0 62
28 62
49 62
16 62
15 63
30 63
10 63
39 63
28 64
7 64
6 64
2 64
40 65
11 65
5 65
10 65
6 66
47 66
45 66
7 66
11 67
39 67
59 67
20 67
51 68
30 68
56 68
37 68
51 69
9 69
8 69
41 69
42 70
2 70
0 70
36 70
9 71
3 71
6 71
4 71
4 72
68 72
50 72
38 72
62 73
28 73
53 73
3 73
1 74
18 74
56 74
43 74
28 75
7 75
3 75
9 75
4 76
7 76
41 76
3 76
1 77
47 77
60 77
19 77
68 78
71 78
24 78
12 78
1 79
65 79
51 79
22 79
4 80
50 80
3 80
6 80
19 81
16 81
23 81
39 81
4 82
1 82
81 82
70 82
11 83
8 83
64 83
0 83
65 84
79 84
11 84
28 84
50 85
8 85
4 85
1 85
39 86
8 86
5 86
85 86
64 87
9 87
52 87
55 87
79 88
36 88
25 88
31 88
37 89
6 89
10 89
52 89
66 90
75 90
22 90
0 90
16 91
34 91
7 91
8 91
13 92
28 92
5 92
56 92
64 93
16 93
35 93
47 93
65 94
0 94
24 94
50 94
75 95
68 95
62 95
43 95
7 96
3 96
12 96
40 96
90 97
4 97
27 97
2 97
61 98
30 98
74 98
18 98
95 99
31 99
79 99
3 99
1 0
2 0
2 1
3 0
3 1
3 2
4 0
4 1
4 2
4 3
5 1
5 2
5 0
5 4
6 4
6 5
6 3
6 1
7 3
7 4
7 0
7 6
8 3
8 4
8 5
8 1
9 6
9 3
9 7
9 8
10 1
10 5
10 2
10 3
11 3
11 1
11 4
11 5
12 3
12 1
12 4
12 5
13 8
13 5
13 1
13 0
14 11
14 5
14 10
14 7
15 5
15 1
15 14
15 12
16 9
16 8
16 6
16 5
17 6
17 10
17 4
17 7
18 7
18 4
18 16
18 10
19 0
19 3
19 7
19 4
20 3
20 4
20 1
20 8
21 7
21 14
21 4
21 5
22 7
22 20
22 19
22 8
23 10
23 11
23 21
23 6
24 10
24 8
24 1
24 9
25 6
25 7
25 20
25 5
26 14
26 25
26 0
26 7
27 5
27 26
27 17
27 3
28 17
28 5
28 24
28 1
29 22
29 14
29 3
29 4
30 14
30 24
30 16
30 1
31 11
31 4
31 27
31 20
32 10
32 9
32 12
32 14
33 27
33 22
33 14
33 1
34 3
34 5
34 24
34 23
35 28
35 5
35 25
35 13
36 0
36 18
36 9
36 3
37 32
37 5
37 6
37 28
38 18
38 1
38 20
38 8
39 8
39 33
39 4
39 25
40 19
40 8
40 36
40 6
41 8
41 6
41 13
41 15
42 35
42 7
42 1
42 41
43 1
43 20
43 14
43 5
44 8
44 6
44 5
44 42
45 38
45 17
45 26
45 42
46 3
46 40
46 19
46 32
47 22
47 42
47 1
47 31
48 31
48 18
48 17
48 23
49 30
49 35
49 21
49 8
50 5
50 3
50 45
50 8
51 41
51 37
51 32
51 7
52 10
52 5
52 31
52 21
53 17
53 44
53 38
53 16
54 43
54 26
54 34
54 21
55 39
55 6
55 47
55 30
56 25
56 1
56 11
56 50
57 18
57 28
57 9
57 6
58 10
58 7
58 2
58 8
59 4
59 1
59 26
59 45
60 9
60 19
60 46
60 1
61 3
61 49
61 28
61 17
62 0
62 28
62 49
62 16
63 15
63 30
63 10
63 39
64 28
64 7
64 6
64 2
65 40
65 11
65 5
65 10
66 6
66 47
66 45
66 7
67 11
67 39
67 59
67 20
68 51
68 30
68 56
68 37
69 51
69 9
69 8
69 41
70 42
70 2
70 0
70 36
71 9
71 3
71 6
71 4
72 4
72 68
72 50
72 38
73 62
73 28
73 53
73 3
74 1
74 18
74 56
74 43
75 28
75 7
75 3
75 9
76 4
76 7
76 41
76 3
77 1
77 47
77 60
77 19
78 68
78 71
78 24
78 12
79 1
79 65
79 51
79 22
80 4
80 50
80 3
80 6
81 19
81 16
81 23
81 39
82 4
82 1
82 81
82 70
83 11
83 8
83 64
83 0
84 65
84 79
84 11
84 28
85 50
85 8
85 4
85 1
86 39
86 8
86 5
86 85
87 64
87 9
87 52
87 55
88 79
88 36
88 25
88 31
89 37
89 6
89 10
89 52
90 66
90 75
90 22
90 0
91 16
91 34
91 7
91 8
92 13
92 28
92 5
92 56
93 64
93 16
93 35
93 47
94 65
94 0
94 24
94 50
95 75
95 68
95 62
95 43
96 7
96 3
96 12
96 40
97 90
97 4
97 27
97 2
98 61
98 30
98 74
98 18
99 95
99 31
99 79
99 3
0 1 1 1 1 1 1 1 1 0 0 1 0 1 1 1 0 0 0 0 0 1 1 0 0 0 0 0 1 1 1 0 1 0 0 0 0 1 1 0 0 1 0 0 1 1 1 1 1 1 0 0 1 0 0 0 1 1 0 0 0 0 0 1 1 1 0 0 1 0 1 0 1 1 0 0 0 0 0 0 0 0 0 0 1 0 0 1 0 1 0 0 0 1 0 1 1 1 1 0
1 1 0 0 0 1 1 1 1 1 1 0 0 0 1 1 0 1 0 1 1 0 1 1 1 1 0 0 0 0 0 0 1 1 1 1 1 0 0 1 0 1 1 0 1 1 1 1 1 1 1 0 1 0 1 1 1 1 0 1 0 0 0 0 1 1 0 1 1 1 1 0 0 1 0 1 1 1 1 1 1 1 1 1 0 1 0 1 0 1 1 0 0 1 1 0 1 0 0 0
0 0 0 1 1 1 1 0 1 0 1 0 1 1 1 1 1 1 1 1 1 1 1 1 0 1 0 0 1 1 0 1 1 1 1 0 0 1 0 1 1 0 1 0 0 1 1 1 1 0 1 0 0 1 1 1 0 1 0 1 1 0 1 1 1 1 0 1 1 1 1 1 0 0 1 0 1 1 0 0 1 1 1 0 1 0 0 1 0 1 1 1 1 1 1 0 0 0 0 1
1 1 1 1 0 0 1 1 1 0 0 1 1 0 1 1 1 1 0 1 0 1 0 1 0 0 0 0 0 0 1 0 1 1 1 1 1 1 0 1 0 1 0 0 1 1 0 1 1 0 0 0 1 0 1 0 0 1 1 1 0 0 0 0 0 0 0 1 1 0 1 0 1 1 0 0 1 1 0 0 1 1 0 0 0 1 1 1 0 0 0 0 0 1 0 0 0 1 0 0
0 1 1 1 1 0 1 1 1 1 0 1 1 1 1 0 1 1 0 1 0 1 0 0 1 0 1 0 0 1 1 1 0 1 1 1 1 1 0 0 1 0 0 1 0 0 0 0 0 0 0 0 1 0 0 1 1 1 1 1 1 1 0 1 1 0 0 1 1 0 1 1 1 1 1 0 0 1 1 1 0 0 1 0 0 1 1 0 0 1 1 1 1 0 1 0 1 0 0 1