100 780 5
0 1
0 2
1 2
0 3
1 3
2 3
0 4
1 4
2 4
3 4
0 5
2 5
1 5
3 5
3 6
2 6
4 6
0 6
2 7
1 7
5 7
0 7
4 8
7 8
3 8
5 8
1 9
7 9
4 9
3 9
9 10
1 10
5 10
3 10
6 11
0 11
4 11
3 11
1 12
2 12
4 12
10 12
2 13
4 13
11 13
12 13
0 14
9 14
1 14
7 14
2 15
10 15
13 15
5 15
7 16
3 16
11 16
8 16
3 17
14 17
10 17
11 17
5 18
10 18
1 18
2 18
5 19
13 19
3 19
1 19
1 20
13 20
8 20
17 20
6 21
12 21
0 21
5 21
16 22
5 22
6 22
15 22
5 23
6 23
16 23
12 23
10 24
3 24
7 24
2 24
13 25
15 25
23 25
21 25
7 26
1 26
21 26
18 26
4 27
3 27
25 27
23 27
2 28
3 28
1 28
15 28
22 29
13 29
0 29
10 29
7 30
11 30
21 30
3 30
2 31
4 31
1 31
22 31
27 32
0 32
18 32
3 32
13 33
5 33
1 33
12 33
15 34
27 34
33 34
4 34
11 35
9 35
32 35
2 35
16 36
18 36
3 36
2 36
7 37
32 37
31 37
10 37
0 38
9 38
14 38
1 38
5 39
9 39
7 39
32 39
7 40
11 40
37 40
2 40
9 41
19 41
3 41
37 41
12 42
2 42
36 42
37 42
12 43
30 43
9 43
32 43
30 44
6 44
14 44
40 44
8 45
25 45
40 45
2 45
8 46
0 46
41 46
7 46
45 47
20 47
11 47
24 47
16 48
20 48
1 48
27 48
7 49
38 49
10 49
12 49
43 50
2 50
3 50
41 50
11 51
0 51
40 51
41 51
18 52
5 52
11 52
37 52
14 53
33 53
8 53
11 53
48 54
3 54
26 54
10 54
3 55
13 55
18 55
0 55
11 56
51 56
7 56
1 56
5 57
1 57
38 57
3 57
38 58
37 58
47 58
19 58
2 59
41 59
25 59
58 59
13 60
32 60
4 60
1 60
15 61
5 61
6 61
3 61
3 62
54 62
0 62
42 62
8 63
1 63
2 63
9 63
11 64
19 64
0 64
18 64
39 65
28 65
2 65
5 65
24 66
5 66
39 66
45 66
31 67
10 67
6 67
48 67
0 68
2 68
24 68
11 68
0 69
50 69
11 69
13 69
1 70
13 70
19 70
2 70
1 71
17 71
42 71
7 71
68 72
53 72
3 72
8 72
65 73
19 73
53 73
37 73
18 74
39 74
54 74
11 74
47 75
12 75
17 75
7 75
9 76
26 76
39 76
41 76
28 77
60 77
38 77
7 77
30 78
60 78
0 78
56 78
57 79
1 79
24 79
12 79
61 80
45 80
15 80
53 80
52 81
63 81
65 81
41 81
1 82
3 82
37 82
40 82
34 83
57 83
7 83
11 83
16 84
14 84
55 84
5 84
7 85
18 85
38 85
5 85
3 86
45 86
17 86
16 86
67 87
84 87
9 87
1 87
44 88
54 88
1 88
0 88
11 89
71 89
4 89
5 89
3 90
32 90
18 90
30 90
6 91
61 91
7 91
12 91
20 92
18 92
39 92
86 92
62 93
4 93
30 93
3 93
87 94
32 94
13 94
2 94
7 95
5 95
40 95
87 95
21 96
3 96
2 96
10 96
88 97
3 97
73 97
85 97
9 98
1 98
40 98
0 98
5 99
0 99
43 99
85 99
1 0
2 0
2 1
3 0
3 1
3 2
4 0
4 1
4 2
4 3
5 0
5 2
5 1
5 3
6 3
6 2
6 4
6 0
7 2
7 1
7 5
7 0
8 4
8 7
8 3
8 5
9 1
9 7
9 4
9 3
10 9
10 1
10 5
10 3
11 6
11 0
11 4
11 3
12 1
12 2
12 4
12 10
13 2
13 4
13 11
13 12
14 0
14 9
14 1
14 7
15 2
15 10
15 13
15 5
16 7
16 3
16 11
16 8
17 3
17 14
17 10
17 11
18 5
18 10
18 1
18 2
19 5
19 13
19 3
19 1
20 1
20 13
20 8
20 17
21 6
21 12
21 0
21 5
22 16
22 5
22 6
22 15
23 5
23 6
23 16
23 12
24 10
24 3
24 7
24 2
25 13
25 15
25 23
25 21
26 7
26 1
26 21
26 18
27 4
27 3
27 25
27 23
28 2
28 3
28 1
28 15
29 22
29 13
29 0
29 10
30 7
30 11
30 21
30 3
31 2
31 4
31 1
31 22
32 27
32 0
32 18
32 3
33 13
33 5
33 1
33 12
34 15
34 27
34 33
34 4
35 11
35 9
35 32
35 2
36 16
36 18
36 3
36 2
37 7
37 32
37 31
37 10
38 0
38 9
38 14
38 1
39 5
39 9
39 7
39 32
40 7
40 11
40 37
40 2
41 9
41 19
41 3
41 37
42 12
42 2
42 36
42 37
43 12
43 30
43 9
43 32
44 30
44 6
44 14
44 40
45 8
45 25
45 40
45 2
46 8
46 0
46 41
46 7
47 45
47 20
47 11
47 24
48 16
48 20
48 1
48 27
49 7
49 38
49 10
49 12
50 43
50 2
50 3
50 41
51 11
51 0
51 40
51 41
52 18
52 5
52 11
52 37
53 14
53 33
53 8
53 11
54 48
54 3
54 26
54 10
55 3
55 13
55 18
55 0
56 11
56 51
56 7
56 1
57 5
57 1
57 38
57 3
58 38
58 37
58 47
58 19
59 2
59 41
59 25
59 58
60 13
60 32
60 4
60 1
61 15
61 5
61 6
61 3
62 3
62 54
62 0
62 42
63 8
63 1
63 2
63 9
64 11
64 19
64 0
64 18
65 39
65 28
65 2
65 5
66 24
66 5
66 39
66 45
67 31
67 10
67 6
67 48
68 0
68 2
68 24
68 11
69 0
69 50
69 11
69 13
70 1
70 13
70 19
70 2
71 1
71 17
71 42
71 7
72 68
72 53
72 3
72 8
73 65
73 19
73 53
73 37
74 18
74 39
74 54
74 11
75 47
75 12
75 17
75 7
76 9
76 26
76 39
76 41
77 28
77 60
77 38
77 7
78 30
78 60
78 0
78 56
79 57
79 1
79 24
79 12
80 61
80 45
80 15
80 53
81 52
81 63
81 65
81 41
82 1
82 3
82 37
82 40
83 34
83 57
83 7
83 11
84 16
84 14
84 55
84 5
85 7
85 18
85 38
85 5
86 3
86 45
86 17
86 16
87 67
87 84
87 9
87 1
88 44
88 54
88 1
88 0
89 11
89 71
89 4
89 5
90 3
90 32
90 18
90 30
91 6
91 61
91 7
91 12
92 20
92 18
92 39
92 86
93 62
93 4
93 30
93 3
94 87
94 32
94 13
94 2
95 7
95 5
95 40
95 87
96 21
96 3
96 2
96 10
97 88
97 3
97 73
97 85
98 9
98 1
98 40
98 0
99 5
99 0
99 43
99 85
0 1 0 0 1 1 1 0 1 0 0 0 0 0 0 1 0 0 1 1 1 1 1 1 0 0 0 0 0 1 0 0 1 0 1 1 1 0 0 1 1 1 1 0 0 1 1 1 0 0 0 1 0 0 1 1 0 0 1 1 1 1 0 1 0 1 1 0 1 0 0 0 0 1 0 1 1 1 1 1 1 1 0 0 1 1 1 1 0 0 1 1 0 1 1 0 0 1 0 0
0 1 1 0 1 1 0 1 1 1 0 1 1 1 1 1 1 1 0 0 0 0 0 1 1 0 0 0 1 0 1 1 1 1 1 0 0 0 1 0 0 1 0 0 0 0 0 0 0 0 1 1 1 0 0 0 0 0 1 1 1 1 1 1 1 1 1 0 0 1 1 0 0 1 1 0 1 0 0 1 1 1 0 0 1 0 0 1 0 0 0 1 1 0 0 1 0 0 0 0
0 1 1 1 0 1 0 0 0 0 0 1 0 0 1 0 0 1 1 0 1 1 0 0 0 1 0 1 1 1 1 1 0 1 1 1 1 1 1 0 0 0 1 0 1 0 0 0 1 0 1 0 1 1 1 0 0 1 0 1 1 0 1 0 0 0 1 1 0 1 1 0 0 1 0 0 1 1 0 1 0 0 1 0 0 1 0 1 1 1 0 1 1 1 0 0 1 0 1 0
0 0 0 1 0 0 0 1 0 1 1 0 0 0 0 0 1 1 1 1 1 0 0 1 0 1 0 0 1 0 0 1 0 0 0 0 0 1 0 1 1 1 0 1 0 1 0 1 1 1 1 1 1 1 1 0 1 0 0 1 1 1 1 1 1 1 1 1 1 1 0 1 0 0 1 1 1 1 0 0 0 0 0 1 1 0 0 0 0 0 0 1 0 1 0 0 1 0 1 1
1 0 0 1 0 1 1 0 0 1 1 0 0 0 1 0 1 0 0 0 1 1 1 0 0 1 0 0 1 0 1 1 1 0 1 1 1 0 1 0 0 1 0 1 1 1 1 0 0 0 0 0 1 0 0 0 1 0 1 0 0 1 0 0 1 1 1 1 1 0 1 1 0 0 1 1 1 1 1 0 0 1 0 0 0 0 1 0 0 1 1 1 1 1 1 0 1 1 1 0