250 994 5
0 1
0 2
1 2
1 3
0 3
1 4
2 4
1 5
0 5
2 6
1 6
3 7
5 7
7 8
3 8
5 9
8 9
5 10
2 10
8 11
5 11
8 12
9 12
2 13
8 13
7 14
8 14
12 15
14 15
5 16
4 16
4 17
7 17
8 18
2 18
0 19
4 19
2 20
8 20
3 21
15 21
14 22
7 22
8 23
10 23
15 24
14 24
13 25
7 25
10 26
7 26
11 27
8 27
3 28
18 28
2 29
8 29
0 30
13 30
3 31
5 31
1 32
3 32
12 33
3 33
2 34
0 34
15 35
1 35
2 36
12 36
7 37
20 37
5 38
31 38
12 39
4 39
4 40
26 40
3 41
5 41
12 42
27 42
34 43
7 43
31 44
8 44
12 45
2 45
8 46
12 46
9 47
17 47
3 48
8 48
32 49
8 49
47 50
10 50
40 51
12 51
2 52
41 52
15 53
44 53
38 54
14 54
25 55
51 55
0 56
18 56
3 57
2 57
53 58
6 58
38 59
2 59
48 60
14 60
13 61
40 61
13 62
24 62
10 63
31 63
25 64
39 64
12 65
64 65
9 66
4 66
0 67
24 67
0 68
47 68
17 69
66 69
45 70
7 70
18 71
54 71
57 72
2 72
37 73
7 73
65 74
14 74
71 75
17 75
2 76
4 76
9 77
7 77
77 78
66 78
8 79
75 79
53 80
13 80
60 81
54 81
23 82
12 82
73 83
8 83
53 84
22 84
80 85
73 85
34 86
65 86
14 87
57 87
0 88
8 88
8 89
41 89
53 90
23 90
79 91
17 91
55 92
37 92
72 93
7 93
20 94
2 94
56 95
61 95
50 96
31 96
4 97
93 97
8 98
12 98
25 99
85 99
57 100
5 100
12 101
2 101
45 102
2 102
36 103
16 103
67 104
41 104
72 105
9 105
27 106
8 106
10 107
101 107
75 108
2 108
90 109
59 109
10 110
73 110
7 111
43 111
3 112
53 112
74 113
31 113
71 114
67 114
44 115
7 115
44 116
48 116
101 117
38 117
57 118
10 118
8 119
74 119
0 120
103 120
76 121
8 121
0 122
91 122
14 123
10 123
33 124
1 124
31 125
17 125
24 126
39 126
42 127
12 127
15 128
27 128
26 129
10 129
1 130
76 130
16 131
28 131
32 132
114 132
55 133
104 133
78 134
4 134
47 135
102 135
27 136
7 136
21 137
105 137
3 138
92 138
92 139
41 139
57 140
139 140
109 141
19 141
8 142
88 142
17 143
20 143
110 144
130 144
91 145
5 145
5 146
37 146
52 147
30 147
38 148
42 148
8 149
76 149
13 150
76 150
5 151
84 151
84 152
95 152
91 153
115 153
140 154
23 154
5 155
7 155
56 156
34 156
17 157
14 157
8 158
138 158
28 159
140 159
34 160
12 160
52 161
131 161
159 162
119 162
3 163
30 163
40 164
5 164
27 165
37 165
114 166
86 166
1 167
8 167
7 168
124 168
80 169
108 169
146 170
9 170
82 171
2 171
1 172
170 172
24 173
167 173
48 174
3 174
63 175
4 175
18 176
2 176
19 177
114 177
6 178
0 178
53 179
49 179
2 180
94 180
79 181
74 181
38 182
27 182
7 183
101 183
138 184
90 184
147 185
10 185
15 186
30 186
10 187
4 187
3 188
56 188
68 189
8 189
22 190
145 190
90 191
67 191
80 192
12 192
162 193
91 193
78 194
150 194
29 195
15 195
118 196
2 196
184 197
18 197
77 198
40 198
30 199
47 199
24 200
40 200
46 201
184 201
79 202
53 202
147 203
49 203
92 204
24 204
42 205
108 205
34 206
104 206
109 207
0 207
56 208
54 208
108 209
80 209
27 210
144 210
96 211
60 211
3 212
14 212
82 213
43 213
61 214
212 214
18 215
76 215
29 216
76 216
118 217
55 217
0 218
103 218
48 219
179 219
188 220
199 220
177 221
53 221
44 222
9 222
35 223
95 223
167 224
67 224
130 225
8 225
110 226
86 226
78 227
187 227
5 228
25 228
97 229
154 229
3 230
0 230
37 231
139 231
14 232
199 232
46 233
28 233
139 234
108 234
10 235
123 235
18 236
68 236
90 237
1 237
99 238
145 238
48 239
136 239
90 240
34 240
21 241
27 241
174 242
1 242
16 243
7 243
31 244
57 244
3 245
146 245
87 246
152 246
55 247
113 247
34 248
109 248
7 249
14 249
1 0
2 0
2 1
3 1
3 0
4 1
4 2
5 1
5 0
6 2
6 1
7 3
7 5
8 7
8 3
9 5
9 8
10 5
10 2
11 8
11 5
12 8
12 9
13 2
13 8
14 7
14 8
15 12
15 14
16 5
16 4
17 4
17 7
18 8
18 2
19 0
19 4
20 2
20 8
21 3
21 15
22 14
22 7
23 8
23 10
24 15
24 14
25 13
25 7
26 10
26 7
27 11
27 8
28 3
28 18
29 2
29 8
30 0
30 13
31 3
31 5
32 1
32 3
33 12
33 3
34 2
34 0
35 15
35 1
36 2
36 12
37 7
37 20
38 5
38 31
39 12
39 4
40 4
40 26
41 3
41 5
42 12
42 27
43 34
43 7
44 31
44 8
45 12
45 2
46 8
46 12
47 9
47 17
48 3
48 8
49 32
49 8
50 47
50 10
51 40
51 12
52 2
52 41
53 15
53 44
54 38
54 14
55 25
55 51
56 0
56 18
57 3
57 2
58 53
58 6
59 38
59 2
60 48
60 14
61 13
61 40
62 13
62 24
63 10
63 31
64 25
64 39
65 12
65 64
66 9
66 4
67 0
67 24
68 0
68 47
69 17
69 66
70 45
70 7
71 18
71 54
72 57
72 2
73 37
73 7
74 65
74 14
75 71
75 17
76 2
76 4
77 9
77 7
78 77
78 66
79 8
79 75
80 53
80 13
81 60
81 54
82 23
82 12
83 73
83 8
84 53
84 22
85 80
85 73
86 34
86 65
87 14
87 57
88 0
88 8
89 8
89 41
90 53
90 23
91 79
91 17
92 55
92 37
93 72
93 7
94 20
94 2
95 56
95 61
96 50
96 31
97 4
97 93
98 8
98 12
99 25
99 85
100 57
100 5
101 12
101 2
102 45
102 2
103 36
103 16
104 67
104 41
105 72
105 9
106 27
106 8
107 10
107 101
108 75
108 2
109 90
109 59
110 10
110 73
111 7
111 43
112 3
112 53
113 74
113 31
114 71
114 67
115 44
115 7
116 44
116 48
117 101
117 38
118 57
118 10
119 8
119 74
120 0
120 103
121 76
121 8
122 0
122 91
123 14
123 10
124 33
124 1
125 31
125 17
126 24
126 39
127 42
127 12
128 15
128 27
129 26
129 10
130 1
130 76
131 16
131 28
132 32
132 114
133 55
133 104
134 78
134 4
135 47
135 102
136 27
136 7
137 21
137 105
138 3
138 92
139 92
139 41
140 57
140 139
141 109
141 19
142 8
142 88
143 17
143 20
144 110
144 130
145 91
145 5
146 5
146 37
147 52
147 30
148 38
148 42
149 8
149 76
150 13
150 76
151 5
151 84
152 84
152 95
153 91
153 115
154 140
154 23
155 5
155 7
156 56
156 34
157 17
157 14
158 8
158 138
159 28
159 140
160 34
160 12
161 52
161 131
162 159
162 119
163 3
163 30
164 40
164 5
165 27
165 37
166 114
166 86
167 1
167 8
168 7
168 124
169 80
169 108
170 146
170 9
171 82
171 2
172 1
172 170
173 24
173 167
174 48
174 3
175 63
175 4
176 18
176 2
177 19
177 114
178 6
178 0
179 53
179 49
180 2
180 94
181 79
181 74
182 38
182 27
183 7
183 101
184 138
184 90
185 147
185 10
186 15
186 30
187 10
187 4
188 3
188 56
189 68
189 8
190 22
190 145
191 90
191 67
192 80
192 12
193 162
193 91
194 78
194 150
195 29
195 15
196 118
196 2
197 184
197 18
198 77
198 40
199 30
199 47
200 24
200 40
201 46
201 184
202 79
202 53
203 147
203 49
204 92
204 24
205 42
205 108
206 34
206 104
207 109
207 0
208 56
208 54
209 108
209 80
210 27
210 144
211 96
211 60
212 3
212 14
213 82
213 43
214 61
214 212
215 18
215 76
216 29
216 76
217 118
217 55
218 0
218 103
219 48
219 179
220 188
220 199
221 177
221 53
222 44
222 9
223 35
223 95
224 167
224 67
225 130
225 8
226 110
226 86
227 78
227 187
228 5
228 25
229 97
229 154
230 3
230 0
231 37
231 139
232 14
232 199
233 46
233 28
234 139
234 108
235 10
235 123
236 18
236 68
237 90
237 1
238 99
238 145
239 48
239 136
240 90
240 34
241 21
241 27
242 174
242 1
243 16
243 7
244 31
244 57
245 3
245 146
246 87
246 152
247 55
247 113
248 34
248 109
249 7
249 14
0 0 1 0 0 0 1 1 1 0 1 1 1 1 0 1 1 1 0 0 0 1 1 1 1 1 0 0 1 1 0 0 1 0 1 1 1 1 1 1 1 1 1 1 0 1 0 0 1 0 1 0 0 0 0 0 1 1 0 1 0 1 1 0 0 1 0 1 1 0 0 0 1 1 0 1 1 0 1 1 0 0 1 0 0 1 0 0 0 0 1 0 1 1 0 0 1 1 1 1 1 0 1 1 1 1 1 1 0 0 1 0 1 1 0 1 0 1 1 0 0 0 1 0 0 0 1 0 1 1 1 0 1 0 1 1 1 0 0 1 0 0 0 1 0 1 0 1 0 0 1 0 0 0 1 1 1 0 1 1 1 0 0 1 1 0 0 0 0 0 1 0 0 0 0 1 1 1 1 0 0 1 1 0 1 1 0 1 0 0 1 0 1 1 0 1 0 0 0 0 1 1 1 1 1 0 1 1 1 0 1 0 0 1 0 0 1 1 0 0 0 1 1 1 0 1 0 0 0 1 0 0 0 1 0 0 0 0 0 0 0 1 1 0 1 0 0 1 1 0
1 1 0 1 0 1 0 1 0 0 1 0 0 0 0 1 1 1 0 0 0 1 0 0 1 0 1 0 1 1 0 1 1 0 0 0 0 1 1 0 1 0 0 1 0 1 0 0 0 1 0 1 1 1 0 0 1 0 1 0 1 0 1 1 1 1 1 0 0 0 0 0 1 0 0 1 1 1 1 0 0 0 0 0 0 1 1 1 0 0 0 0 0 0 0 1 1 0 0 0 1 1 0 0 0 1 0 1 1 0 1 0 0 1 0 0 0 1 0 1 1 1 0 0 1 0 0 0 0 1 1 0 0 1 0 1 1 0 1 1 1 1 0 0 1 1 1 1 0 0 1 1 0 0 0 0 1 0 0 0 1 1 1 0 1 1 0 1 0 0 0 1 0 1 1 0 0 1 0 0 0 0 1 0 0 1 0 1 1 0 0 1 0 1 0 0 1 1 1 0 1 0 0 0 0 1 1 1 1 0 1 1 1 1 0 0 0 1 0 0 1 0 1 0 0 1 1 0 0 0 1 1 1 0 0 1 0 1 1 1 0 1 1 0 0 1 0 1 0 0
1 0 0 0 0 0 1 1 0 1 0 1 0 1 1 1 1 1 1 1 1 1 1 1 0 0 0 1 1 1 1 1 1 0 1 1 0 0 1 1 0 0 0 1 0 0 0 1 1 1 0 1 1 1 1 1 0 0 0 0 0 1 1 1 1 0 1 0 1 1 0 0 0 0 0 0 0 0 0 0 0 1 0 1 0 1 1 1 1 1 1 1 0 1 1 1 0 1 0 0 0 0 0 0 1 1 0 0 0 1 1 1 1 0 0 1 1 1 1 1 0 0 1 1 1 0 1 0 0 0 0 0 0 0 1 1 0 0 0 0 1 0 0 0 1 1 0 1 0 0 0 1 1 0 1 1 1 0 0 1 0 0 0 1 0 1 1 0 1 1 1 0 1 1 0 0 0 0 1 1 1 1 0 1 0 0 0 1 1 0 0 1 0 1 0 1 1 0 0 1 1 1 0 1 0 0 1 1 0 1 0 1 1 1 0 0 0 0 0 1 1 1 1 0 0 0 0 0 0 1 1 1 1 0 0 1 1 1 1 0 0 0 1 1 1 0 0 0 1 1
1 1 1 0 0 0 1 0 1 1 1 0 1 1 1 1 1 1 0 1 1 1 1 1 1 1 0 0 1 1 1 1 0 0 0 0 0 0 0 0 0 0 0 0 0 0 1 1 0 1 0 0 0 0 1 0 0 0 1 0 0 1 0 0 0 0 1 1 1 0 1 1 0 0 1 0 0 1 0 0 1 0 0 0 1 0 1 1 0 0 0 0 0 0 1 1 1 1 0 1 0 0 1 1 1 1 1 1 0 0 0 1 1 1 1 1 1 1 1 1 0 1 1 0 1 1 0 1 1 1 0 0 1 1 1 1 1 1 0 1 1 1 0 1 0 0 0 0 0 0 0 0 1 0 1 0 1 0 1 0 0 1 0 0 1 1 0 1 1 0 1 0 0 1 0 1 0 0 0 1 1 0 1 0 0 0 0 0 1 1 1 0 0 1 1 1 0 1 0 1 1 1 1 1 1 0 0 0 1 1 1 0 1 0 0 1 0 1 1 0 1 1 1 1 1 1 0 0 0 1 0 1 0 0 1 0 1 0 1 1 1 1 1 1 1 0 1 1 1 1
0 0 1 1 0 0 0 1 0 1 1 0 1 1 0 0 1 1 0 0 0 0 0 1 1 0 0 0 0 1 1 0 1 0 0 1 0 1 0 1 1 1 1 1 1 1 0 0 1 0 0 0 1 0 0 1 1 1 0 1 1 0 0 1 0 0 1 1 1 0 0 0 1 1 0 0 1 0 0 1 1 0 1 0 0 0 1 0 1 0 1 0 1 0 1 0 1 1 0 0 0 0 1 1 0 0 0 1 1 1 1 0 0 1 0 0 0 0 0 1 1 1 1 1 1 1 1 1 0 1 1 1 1 0 1 1 1 1 0 0 0 0 1 0 0 1 1 0 0 1 1 0 1 1 1 1 1 1 0 1 0 0 1 0 1 1 1 1 0 1 0 1 0 0 0 1 1 1 1 1 1 1 1 1 1 0 0 1 0 0 1 1 1 0 0 1 1 1 1 0 1 0 0 1 0 0 0 1 1 0 0 0 1 1 1 1 1 1 1 1 1 1 1 0 1 1 0 1 1 0 1 0 1 0 1 1 0 0 1 1 1 0 1 1 1 0 1 1 0 0