100 390 5
0 1
0 2
1 2
0 3
1 3
2 3
0 4
1 4
2 4
3 4
4 5
0 5
1 5
2 5
3 6
2 6
0 6
4 6
1 7
2 7
3 7
6 7
4 8
1 8
6 8
0 8
3 9
4 9
0 9
1 9
1 10
3 10
0 10
8 10
3 11
2 11
4 11
8 11
10 12
7 12
2 12
3 12
2 13
6 13
4 13
3 13
4 14
2 14
9 14
7 14
13 15
3 15
6 15
8 15
1 16
13 16
12 16
4 16
8 17
13 17
12 17
2 17
7 18
11 18
8 18
1 18
2 19
17 19
4 19
3 19
7 20
14 20
3 20
6 20
11 21
13 21
4 21
1 21
1 22
3 22
8 22
4 22
6 23
4 23
12 23
5 23
5 24
14 24
4 24
11 24
21 25
11 25
6 25
19 25
25 26
12 26
7 26
8 26
26 27
8 27
18 27
2 27
12 28
1 28
20 28
13 28
4 29
0 29
3 29
7 29
0 30
27 30
3 30
2 30
3 31
8 31
18 31
16 31
31 32
22 32
1 32
26 32
31 33
10 33
14 33
21 33
14 34
21 34
29 34
28 34
1 35
8 35
32 35
34 35
11 36
29 36
2 36
5 36
0 37
3 37
24 37
13 37
4 38
24 38
6 38
12 38
5 39
34 39
3 39
7 39
6 40
9 40
21 40
37 40
30 41
19 41
31 41
2 41
5 42
2 42
13 42
4 42
24 43
12 43
7 43
14 43
12 44
10 44
22 44
0 44
43 45
14 45
36 45
11 45
12 46
8 46
3 46
36 46
7 47
4 47
11 47
6 47
4 48
6 48
16 48
41 48
40 49
6 49
9 49
45 49
31 50
34 50
44 50
43 50
7 51
23 51
11 51
8 51
3 52
30 52
2 52
31 52
2 53
35 53
13 53
51 53
31 54
17 54
22 54
33 54
29 55
2 55
12 55
11 55
5 56
40 56
35 56
8 56
9 57
31 57
1 57
0 57
11 58
0 58
8 58
1 58
0 59
8 59
27 59
3 59
3 60
6 60
29 60
20 60
46 61
26 61
7 61
53 61
7 62
0 62
27 62
37 62
34 63
7 63
1 63
11 63
32 64
22 64
52 64
57 64
34 65
7 65
42 65
2 65
28 66
21 66
51 66
0 66
13 67
54 67
12 67
47 67
9 68
34 68
6 68
4 68
47 69
12 69
8 69
29 69
26 70
3 70
8 70
16 70
26 71
48 71
29 71
1 71
24 72
4 72
8 72
13 72
30 73
1 73
46 73
2 73
5 74
7 74
12 74
13 74
11 75
46 75
16 75
3 75
6 76
42 76
54 76
44 76
65 77
3 77
13 77
8 77
70 78
77 78
31 78
4 78
29 79
16 79
70 79
15 79
55 80
4 80
2 80
16 80
13 81
60 81
39 81
9 81
36 82
7 82
3 82
39 82
2 83
6 83
54 83
80 83
64 84
29 84
74 84
7 84
5 85
41 85
32 85
76 85
54 86
12 86
29 86
60 86
43 87
0 87
6 87
73 87
29 88
54 88
8 88
64 88
15 89
28 89
44 89
2 89
13 90
67 90
53 90
0 90
19 91
81 91
16 91
6 91
71 92
67 92
54 92
14 92
44 93
67 93
13 93
21 93
14 94
6 94
12 94
84 94
6 95
35 95
34 95
9 95
0 96
29 96
85 96
3 96
2 97
14 97
32 97
92 97
29 98
96 98
4 98
36 98
66 99
33 99
25 99
0 99
0 0 0 0 0 0 0 0 0 1 0 0 1 1 0 1 1 1 0 1 1 1 0 0 0 0 0 0 0 0 0 1 0 1 1 0 0 0 0 0 0 0 0 1 1 1 1 0 0 0 1 1 0 1 1 1 1 0 0 0 0 0 1 0 0 0 0 1 0 1 1 1 0 1 1 1 1 1 0 0 0 1 0 1 1 0 1 0 0 1 1 1 0 1 0 0 1 1 1 1
1 0 1 0 0 1 0 0 1 0 1 1 1 0 1 0 1 1 0 1 0 0 0 0 0 0 1 0 1 1 1 1 0 1 1 0 0 0 1 1 1 0 0 0 0 1 1 1 0 0 0 0 1 1 0 0 0 1 0 0 0 1 1 0 0 1 0 0 0 1 1 1 1 0 0 0 0 1 1 0 1 0 0 1 0 0 0 0 0 1 0 1 0 1 0 1 0 0 1 0
0 0 1 1 1 1 1 0 0 0 1 1 1 0 1 0 0 1 1 1 0 0 0 1 1 0 1 0 0 0 1 1 0 1 0 1 0 0 1 0 1 1 1 1 1 0 0 0 1 0 1 1 0 1 1 0 0 1 1 1 1 0 0 0 1 0 1 1 1 1 1 1 1 1 0 0 0 0 0 0 0 1 0 1 1 0 0 0 1 1 0 0 1 0 0 1 0 1 1 0
0 1 0 0 0 0 1 0 1 0 1 0 1 1 0 1 0 0 1 0 1 1 1 1 1 0 1 0 1 0 1 1 0 1 0 0 1 1 1 0 0 1 0 0 0 1 0 0 0 1 0 1 1 1 1 0 1 0 1 1 1 1 1 1 1 1 1 0 0 0 1 1 1 0 0 1 0 1 1 0 0 1 1 1 1 1 0 1 0 1 0 1 1 0 0 0 0 0 1 1
0 1 0 1 1 1 0 0 0 0 0 1 0 1 1 0 1 0 1 1 1 1 0 0 1 1 0 0 0 1 1 1 0 1 1 0 0 0 1 1 1 0 0 0 0 0 0 1 0 0 1 1 1 1 0 1 1 1 0 0 0 0 0 1 0 1 1 0 1 0 1 1 1 1 1 1 0 0 0 0 1 1 1 0 1 0 1 1 1 1 0 0 0 0 1 0 0 0 0 0