250 498 5
0 1
0 2
0 3
3 4
1 5
0 6
0 7
6 8
0 9
7 10
5 11
7 12
1 13
5 14
1 15
12 16
9 17
14 18
4 19
5 20
16 21
11 22
5 23
6 24
1 25
14 26
23 27
14 28
0 29
21 30
7 31
23 32
27 33
32 34
31 35
14 36
29 37
35 38
12 39
22 40
21 41
15 42
30 43
42 44
6 45
14 46
16 47
5 48
5 49
0 50
17 51
50 52
28 53
38 54
50 55
6 56
16 57
57 58
30 59
4 60
6 61
57 62
14 63
1 64
58 65
32 66
40 67
1 68
9 69
0 70
0 71
5 72
1 73
56 74
48 75
68 76
24 77
0 78
69 79
6 80
16 81
27 82
6 83
38 84
63 85
4 86
0 87
85 88
76 89
38 90
41 91
50 92
26 93
31 94
50 95
13 96
27 97
46 98
37 99
58 100
16 101
78 102
76 103
6 104
30 105
50 106
54 107
37 108
55 109
50 110
42 111
72 112
17 113
36 114
1 115
45 116
27 117
67 118
4 119
87 120
119 121
107 122
113 123
0 124
114 125
0 126
25 127
29 128
29 129
28 130
49 131
128 132
109 133
70 134
127 135
109 136
81 137
6 138
28 139
39 140
7 141
103 142
135 143
119 144
50 145
135 146
26 147
122 148
141 149
6 150
57 151
37 152
148 153
60 154
28 155
9 156
128 157
98 158
38 159
9 160
25 161
127 162
106 163
99 164
12 165
138 166
113 167
135 168
101 169
58 170
56 171
27 172
8 173
28 174
55 175
25 176
40 177
5 178
117 179
1 180
101 181
87 182
148 183
0 184
59 185
172 186
28 187
95 188
53 189
27 190
19 191
84 192
29 193
44 194
34 195
34 196
69 197
20 198
6 199
133 200
193 201
16 202
56 203
109 204
195 205
27 206
101 207
83 208
28 209
28 210
1 211
17 212
6 213
19 214
4 215
54 216
75 217
49 218
56 219
14 220
14 221
113 222
106 223
209 224
98 225
175 226
131 227
149 228
130 229
56 230
21 231
4 232
44 233
13 234
122 235
116 236
6 237
14 238
10 239
93 240
171 241
138 242
118 243
9 244
118 245
70 246
74 247
175 248
9 249
1 0
2 0
3 0
4 3
5 1
6 0
7 0
8 6
9 0
10 7
11 5
12 7
13 1
14 5
15 1
16 12
17 9
18 14
19 4
20 5
21 16
22 11
23 5
24 6
25 1
26 14
27 23
28 14
29 0
30 21
31 7
32 23
33 27
34 32
35 31
36 14
37 29
38 35
39 12
40 22
41 21
42 15
43 30
44 42
45 6
46 14
47 16
48 5
49 5
50 0
51 17
52 50
53 28
54 38
55 50
56 6
57 16
58 57
59 30
60 4
61 6
62 57
63 14
64 1
65 58
66 32
67 40
68 1
69 9
70 0
71 0
72 5
73 1
74 56
75 48
76 68
77 24
78 0
79 69
80 6
81 16
82 27
83 6
84 38
85 63
86 4
87 0
88 85
89 76
90 38
91 41
92 50
93 26
94 31
95 50
96 13
97 27
98 46
99 37
100 58
101 16
102 78
103 76
104 6
105 30
106 50
107 54
108 37
109 55
110 50
111 42
112 72
113 17
114 36
115 1
116 45
117 27
118 67
119 4
120 87
121 119
122 107
123 113
124 0
125 114
126 0
127 25
128 29
129 29
130 28
131 49
132 128
133 109
134 70
135 127
136 109
137 81
138 6
139 28
140 39
141 7
142 103
143 135
144 119
145 50
146 135
147 26
148 122
149 141
150 6
151 57
152 37
153 148
154 60
155 28
156 9
157 128
158 98
159 38
160 9
161 25
162 127
163 106
164 99
165 12
166 138
167 113
168 135
169 101
170 58
171 56
172 27
173 8
174 28
175 55
176 25
177 40
178 5
179 117
180 1
181 101
182 87
183 148
184 0
185 59
186 172
187 28
188 95
189 53
190 27
191 19
192 84
193 29
194 44
195 34
196 34
197 69
198 20
199 6
200 133
201 193
202 16
203 56
204 109
205 195
206 27
207 101
208 83
209 28
210 28
211 1
212 17
213 6
214 19
215 4
216 54
217 75
218 49
219 56
220 14
221 14
222 113
223 106
224 209
225 98
226 175
227 131
228 149
229 130
230 56
231 21
232 4
233 44
234 13
235 122
236 116
237 6
238 14
239 10
240 93
241 171
242 138
243 118
244 9
245 118
246 70
247 74
248 175
249 9
0 1 1 0 1 0 1 1 0 0 1 0 1 1 1 0 1 1 1 0 1 0 0 0 1 1 0 1 1 0 0 1 0 0 1 1 1 1 0 0 1 1 0 0 1 1 0 0 0 1 0 1 1 1 0 0 1 1 1 0 1 0 0 0 0 1 0 1 1 1 1 0 0 1 1 0 1 1 0 1 0 0 0 1 1 0 1 1 1 0 0 0 0 1 0 0 0 0 1 1 0 0 1 0 1 1 1 0 1 0 1 0 0 1 0 0 0 0 1 0 1 0 0 0 0 0 1 1 0 1 1 0 0 1 1 0 1 1 1 1 1 0 0 1 0 1 1 1 0 0 0 1 0 0 0 1 0 0 1 1 1 1 1 0 0 0 0 1 0 0 0 1 0 0 0 0 0 0 1 0 0 1 1 0 0 1 0 0 0 1 1 1 0 0 0 0 1 0 0 1 1 1 1 0 1 0 0 1 0 0 1 0 1 0 1 1 1 1 1 0 0 1 1 1 0 0 1 1 1 1 1 0 1 0 1 0 1 1 1 0 1 0 1 1 1 0 0 0 1 1
1 0 0 0 1 1 0 0 1 0 1 0 1 1 1 1 0 1 1 1 0 1 1 1 0 1 1 1 1 1 0 1 1 0 1 1 0 0 0 1 1 0 1 0 0 0 1 0 1 1 1 0 1 1 0 1 1 1 0 1 1 0 1 1 1 0 0 1 1 0 0 1 0 1 1 1 1 1 1 1 1 1 0 0 1 0 1 0 1 1 1 0 1 1 0 1 1 0 0 0 1 0 0 0 0 1 1 1 1 0 0 1 0 0 1 1 1 1 1 1 0 1 1 1 1 0 1 0 0 0 0 0 0 1 1 0 0 0 1 1 1 0 0 1 0 0 0 1 1 1 1 0 1 0 0 1 0 0 1 1 0 1 1 0 0 1 1 0 1 0 1 1 0 1 1 0 1 1 1 1 0 0 1 0 1 0 1 1 0 0 1 0 1 0 0 1 0 0 0 1 1 0 1 1 1 0 0 1 0 1 0 0 1 0 1 1 0 0 1 1 0 1 0 1 1 0 0 1 0 0 0 0 0 0 1 1 1 0 0 1 0 1 0 1 1 0 0 0 1 0
1 0 0 1 1 0 0 1 0 0 1 0 1 0 0 0 1 0 0 1 0 1 0 1 0 1 0 0 1 0 1 1 0 1 0 1 0 1 0 1 0 0 0 0 0 0 0 1 1 0 0 0 1 0 1 1 1 1 0 0 1 0 0 0 0 1 1 0 1 1 0 0 1 0 0 0 1 0 0 0 1 1 0 0 1 0 1 1 1 1 0 1 0 0 0 0 1 1 1 1 1 1 1 1 1 1 0 1 0 1 1 0 0 0 0 1 0 0 1 0 1 1 0 1 1 0 0 0 0 0 0 0 1 1 0 1 1 1 1 0 1 0 1 1 1 1 0 0 0 0 1 0 1 0 1 0 1 0 1 0 1 1 0 1 0 1 0 1 1 0 1 1 0 0 1 0 0 0 0 0 0 1 0 0 0 1 0 1 1 1 0 0 0 1 1 0 1 1 1 0 1 0 1 0 0 0 1 0 0 1 0 1 1 1 0 0 0 0 0 1 0 1 0 1 1 0 1 0 1 1 0 1 0 0 1 0 0 0 0 0 1 1 0 1 0 0 1 0 0 0
1 0 1 0 0 0 1 1 1 0 0 0 1 1 1 0 0 1 0 0 1 0 1 1 0 1 1 0 0 0 1 0 1 0 1 0 1 0 1 1 1 0 1 1 0 1 0 0 1 0 1 0 1 0 1 0 0 0 1 0 0 1 1 0 1 0 1 1 1 0 0 1 0 0 1 1 1 0 0 0 0 1 1 0 1 1 0 0 0 0 0 1 1 1 1 1 0 1 1 1 1 0 1 0 0 1 1 0 0 0 1 1 0 1 1 0 1 1 0 1 1 1 1 1 1 0 1 0 1 1 1 1 1 1 1 1 1 1 0 0 0 0 0 0 1 1 1 0 1 0 1 0 1 0 0 0 0 0 0 0 1 1 0 1 1 1 0 1 0 1 1 0 1 1 0 0 0 1 0 0 1 0 1 0 1 0 0 0 0 0 1 0 0 0 0 0 0 1 0 1 0 1 1 0 0 0 0 1 0 1 0 1 1 0 1 0 0 0 1 1 1 1 0 1 0 0 0 1 1 1 1 0 0 1 1 1 1 1 0 0 0 1 1 0 1 0 0 1 0 0
0 1 0 0 1 1 1 1 0 0 1 1 0 1 0 1 1 0 0 0 0 0 0 0 0 1 0 0 0 0 1 1 0 1 1 1 0 0 1 0 1 0 0 0 0 1 0 1 0 0 1 0 0 0 1 1 0 0 0 1 0 0 0 0 0 1 1 0 1 0 0 1 0 0 1 0 0 0 0 0 1 0 0 1 0 1 1 1 1 1 0 1 0 1 0 1 0 1 1 0 0 0 0 1 0 0 1 0 0 0 0 1 1 1 1 0 0 1 0 1 1 0 1 0 1 1 1 1 1 1 1 1 0 0 1 0 0 0 0 1 1 1 1 1 0 1 0 0 0 1 1 1 0 0 0 0 1 0 0 1 1 0 0 1 0 1 0 0 1 1 0 1 1 1 0 0 0 0 0 0 0 0 0 1 1 1 1 1 0 1 0 0 1 0 1 0 1 1 0 1 1 0 0 1 1 1 0 1 1 0 0 1 0 0 0 0 1 1 0 1 0 0 1 0 0 1 1 0 0 1 0 1 0 0 1 1 0 0 0 0 0 0 0 0 0 0 0 0 1 0