100 780 5
0 1
0 2
1 2
0 3
1 3
2 3
0 4
1 4
2 4
3 4
0 5
3 5
2 5
4 5
0 6
5 6
2 6
1 6
2 7
1 7
4 7
5 7
1 8
0 8
2 8
4 8
2 9
8 9
5 9
3 9
4 10
3 10
2 10
9 10
2 11
9 11
1 11
7 11
1 12
4 12
11 12
9 12
3 13
6 13
0 13
8 13
10 14
1 14
4 14
6 14
3 15
2 15
9 15
13 15
0 16
1 16
13 16
3 16
13 17
4 17
10 17
11 17
3 18
13 18
1 18
8 18
8 19
15 19
3 19
2 19
3 20
0 20
1 20
5 20
5 21
12 21
15 21
19 21
8 22
9 22
2 22
11 22
2 23
1 23
18 23
10 23
8 24
3 24
18 24
6 24
0 25
16 25
4 25
13 25
4 26
0 26
11 26
21 26
22 27
15 27
9 27
19 27
24 28
16 28
4 28
0 28
13 29
18 29
3 29
9 29
10 30
5 30
9 30
14 30
2 31
0 31
25 31
20 31
13 32
8 32
9 32
15 32
2 33
8 33
27 33
19 33
2 34
1 34
19 34
16 34
20 35
2 35
34 35
8 35
10 36
1 36
8 36
3 36
14 37
11 37
6 37
4 37
25 38
9 38
13 38
23 38
19 39
2 39
36 39
28 39
9 40
12 40
22 40
14 40
2 41
15 41
34 41
16 41
9 42
3 42
19 42
21 42
32 43
24 43
6 43
41 43
35 44
3 44
5 44
2 44
0 45
17 45
16 45
13 45
40 46
29 46
37 46
11 46
1 47
35 47
26 47
36 47
6 48
11 48
18 48
38 48
4 49
48 49
18 49
19 49
4 50
45 50
9 50
5 50
18 51
23 51
3 51
16 51
40 52
13 52
37 52
11 52
36 53
20 53
19 53
1 53
26 54
33 54
2 54
12 54
26 55
48 55
3 55
28 55
5 56
2 56
18 56
49 56
2 57
21 57
53 57
56 57
48 58
6 58
30 58
36 58
33 59
9 59
8 59
12 59
48 60
16 60
25 60
27 60
10 61
35 61
1 61
15 61
1 62
61 62
17 62
5 62
57 63
5 63
25 63
2 63
11 64
45 64
16 64
28 64
35 65
45 65
61 65
3 65
47 66
23 66
65 66
27 66
9 67
66 67
48 67
4 67
60 68
9 68
19 68
0 68
28 69
35 69
5 69
11 69
11 70
42 70
25 70
38 70
13 71
33 71
6 71
43 71
3 72
2 72
28 72
12 72
0 73
40 73
8 73
66 73
10 74
9 74
31 74
26 74
25 75
60 75
9 75
3 75
65 76
24 76
23 76
45 76
75 77
2 77
38 77
32 77
43 78
30 78
21 78
39 78
5 79
54 79
18 79
19 79
11 80
12 80
61 80
37 80
13 81
64 81
1 81
4 81
29 82
69 82
1 82
19 82
75 83
18 83
25 83
9 83
25 84
45 84
34 84
51 84
45 85
11 85
3 85
34 85
18 86
25 86
68 86
52 86
13 87
2 87
26 87
80 87
22 88
26 88
33 88
40 88
4 89
88 89
62 89
72 89
3 90
5 90
2 90
9 90
15 91
35 91
14 91
49 91
5 92
35 92
3 92
77 92
79 93
2 93
71 93
15 93
4 94
3 94
57 94
2 94
88 95
3 95
2 95
12 95
5 96
21 96
1 96
13 96
44 97
94 97
61 97
11 97
22 98
23 98
0 98
70 98
13 99
4 99
32 99
53 99
1 0
2 0
2 1
3 0
3 1
3 2
4 0
4 1
4 2
4 3
5 0
5 3
5 2
5 4
6 0
6 5
6 2
6 1
7 2
7 1
7 4
7 5
8 1
8 0
8 2
8 4
9 2
9 8
9 5
9 3
10 4
10 3
10 2
10 9
11 2
11 9
11 1
11 7
12 1
12 4
12 11
12 9
13 3
13 6
13 0
13 8
14 10
14 1
14 4
14 6
15 3
15 2
15 9
15 13
16 0
16 1
16 13
16 3
17 13
17 4
17 10
17 11
18 3
18 13
18 1
18 8
19 8
19 15
19 3
19 2
20 3
20 0
20 1
20 5
21 5
21 12
21 15
21 19
22 8
22 9
22 2
22 11
23 2
23 1
23 18
23 10
24 8
24 3
24 18
24 6
25 0
25 16
25 4
25 13
26 4
26 0
26 11
26 21
27 22
27 15
27 9
27 19
28 24
28 16
28 4
28 0
29 13
29 18
29 3
29 9
30 10
30 5
30 9
30 14
31 2
31 0
31 25
31 20
32 13
32 8
32 9
32 15
33 2
33 8
33 27
33 19
34 2
34 1
34 19
34 16
35 20
35 2
35 34
35 8
36 10
36 1
36 8
36 3
37 14
37 11
37 6
37 4
38 25
38 9
38 13
38 23
39 19
39 2
39 36
39 28
40 9
40 12
40 22
40 14
41 2
41 15
41 34
41 16
42 9
42 3
42 19
42 21
43 32
43 24
43 6
43 41
44 35
44 3
44 5
44 2
45 0
45 17
45 16
45 13
46 40
46 29
46 37
46 11
47 1
47 35
47 26
47 36
48 6
48 11
48 18
48 38
49 4
49 48
49 18
49 19
50 4
50 45
50 9
50 5
51 18
51 23
51 3
51 16
52 40
52 13
52 37
52 11
53 36
53 20
53 19
53 1
54 26
54 33
54 2
54 12
55 26
55 48
55 3
55 28
56 5
56 2
56 18
56 49
57 2
57 21
57 53
57 56
58 48
58 6
58 30
58 36
59 33
59 9
59 8
59 12
60 48
60 16
60 25
60 27
61 10
61 35
61 1
61 15
62 1
62 61
62 17
62 5
63 57
63 5
63 25
63 2
64 11
64 45
64 16
64 28
65 35
65 45
65 61
65 3
66 47
66 23
66 65
66 27
67 9
67 66
67 48
67 4
68 60
68 9
68 19
68 0
69 28
69 35
69 5
69 11
70 11
70 42
70 25
70 38
71 13
71 33
71 6
71 43
72 3
72 2
72 28
72 12
73 0
73 40
73 8
73 66
74 10
74 9
74 31
74 26
75 25
75 60
75 9
75 3
76 65
76 24
76 23
76 45
77 75
77 2
77 38
77 32
78 43
78 30
78 21
78 39
79 5
79 54
79 18
79 19
80 11
80 12
80 61
80 37
81 13
81 64
81 1
81 4
82 29
82 69
82 1
82 19
83 75
83 18
83 25
83 9
84 25
84 45
84 34
84 51
85 45
85 11
85 3
85 34
86 18
86 25
86 68
86 52
87 13
87 2
87 26
87 80
88 22
88 26
88 33
88 40
89 4
89 88
89 62
89 72
90 3
90 5
90 2
90 9
91 15
91 35
91 14
91 49
92 5
92 35
92 3
92 77
93 79
93 2
93 71
93 15
94 4
94 3
94 57
94 2
95 88
95 3
95 2
95 12
96 5
96 21
96 1
96 13
97 44
97 94
97 61
97 11
98 22
98 23
98 0
98 70
99 13
99 4
99 32
99 53
1 0 1 0 0 0 1 1 0 1 0 1 1 0 0 1 0 1 1 1 1 1 0 1 0 0 1 0 0 1 0 0 0 0 0 1 1 0 0 1 0 1 1 1 1 0 0 1 0 0 1 1 1 0 1 1 0 0 0 0 0 1 1 1 0 0 1 1 1 0 0 1 1 0 0 0 0 0 0 0 0 0 1 0 0 1 0 0 1 0 1 1 1 1 1 1 1 1 0 0
1 1 0 0 1 1 0 1 0 0 0 0 0 0 0 1 1 1 0 1 1 0 1 0 1 1 1 0 1 1 1 1 1 1 1 0 0 0 0 1 1 0 0 0 0 1 0 1 0 0 1 1 1 0 0 0 0 0 1 1 0 1 0 1 1 0 0 1 0 0 1 0 1 1 0 1 0 1 0 1 1 0 0 1 0 0 0 0 1 0 0 0 0 1 1 1 1 1 1 1
1 1 1 1 1 0 1 0 0 0 1 0 0 1 1 0 1 1 0 0 0 1 0 0 1 1 0 0 1 1 0 1 1 0 0 0 0 0 1 1 1 0 0 0 0 1 1 1 0 1 0 0 0 1 1 0 0 0 1 1 0 0 1 0 1 1 0 1 1 1 0 1 0 1 1 0 1 0 0 0 0 0 0 1 1 0 0 0 1 1 0 0 1 1 1 0 1 0 0 1
0 0 0 0 1 1 1 0 1 1 0 1 0 1 1 0 1 1 0 1 0 0 0 1 0 1 0 0 1 0 1 1 1 1 1 0 0 0 1 1 0 1 0 1 1 0 1 1 0 0 0 0 1 0 1 0 0 1 0 1 0 1 1 1 1 0 1 0 1 1 0 1 1 1 1 1 1 1 0 0 1 1 0 1 0 0 1 1 0 1 1 0 0 0 0 1 1 0 0 1
1 1 0 0 1 1 1 1 0 1 0 1 0 0 1 0 0 0 1 0 1 0 0 0 1 0 0 1 1 1 1 0 0 1 1 1 1 1 1 0 1 1 0 1 0 0 0 0 0 1 0 1 1 1 0 1 1 1 0 1 0 0 1 1 1 1 0 1 0 0 0 0 1 1 1 0 1 1 1 0 0 0 1 1 1 1 1 1 0 0 0 1 1 0 1 0 0 1 1 1