100 780 5
0 1
0 2
1 2
0 3
1 3
2 3
0 4
1 4
2 4
3 4
1 5
3 5
4 5
0 5
1 6
4 6
5 6
0 6
6 7
0 7
4 7
2 7
4 8
5 8
1 8
7 8
1 9
3 9
4 9
2 9
3 10
2 10
1 10
0 10
0 11
2 11
8 11
4 11
5 12
2 12
10 12
3 12
0 13
7 13
6 13
11 13
4 14
6 14
8 14
7 14
14 15
0 15
13 15
9 15
9 16
3 16
7 16
14 16
1 17
0 17
5 17
12 17
17 18
5 18
9 18
1 18
1 19
17 19
9 19
13 19
9 20
2 20
0 20
19 20
3 21
12 21
11 21
10 21
15 22
11 22
16 22
8 22
12 23
2 23
0 23
6 23
20 24
5 24
2 24
19 24
0 25
16 25
10 25
3 25
1 26
14 26
23 26
3 26
13 27
8 27
7 27
17 27
12 28
13 28
21 28
5 28
3 29
25 29
7 29
9 29
7 30
6 30
10 30
17 30
10 31
0 31
13 31
9 31
9 32
1 32
4 32
16 32
16 33
26 33
0 33
8 33
14 34
25 34
9 34
7 34
29 35
10 35
12 35
31 35
10 36
1 36
5 36
28 36
2 37
32 37
15 37
29 37
9 38
30 38
20 38
28 38
9 39
28 39
2 39
24 39
7 40
1 40
10 40
9 40
7 41
40 41
20 41
23 41
14 42
2 42
0 42
18 42
4 43
33 43
2 43
10 43
29 44
0 44
42 44
12 44
40 45
23 45
20 45
28 45
7 46
9 46
10 46
12 46
8 47
20 47
7 47
15 47
0 48
4 48
3 48
14 48
12 49
3 49
10 49
11 49
37 50
9 50
8 50
1 50
40 51
2 51
49 51
20 51
33 52
28 52
32 52
3 52
48 53
8 53
9 53
5 53
19 54
38 54
35 54
15 54
51 55
0 55
9 55
10 55
44 56
26 56
29 56
5 56
1 57
13 57
28 57
2 57
6 58
0 58
27 58
26 58
14 59
38 59
29 59
26 59
2 60
6 60
26 60
52 60
56 61
13 61
53 61
22 61
32 62
61 62
18 62
7 62
40 63
9 63
46 63
5 63
1 64
33 64
10 64
63 64
17 65
22 65
52 65
55 65
8 66
54 66
34 66
52 66
39 67
21 67
9 67
0 67
57 68
28 68
10 68
4 68
20 69
51 69
59 69
10 69
13 70
38 70
0 70
8 70
7 71
57 71
18 71
70 71
4 72
13 72
9 72
17 72
2 73
16 73
31 73
7 73
15 74
43 74
38 74
55 74
16 75
9 75
10 75
55 75
58 76
34 76
15 76
10 76
10 77
48 77
36 77
13 77
72 78
17 78
25 78
3 78
41 79
4 79
40 79
27 79
3 80
2 80
18 80
23 80
22 81
19 81
1 81
30 81
22 82
63 82
6 82
9 82
48 83
60 83
6 83
44 83
10 84
8 84
27 84
20 84
74 85
10 85
13 85
28 85
17 86
5 86
10 86
14 86
11 87
3 87
50 87
72 87
19 88
13 88
24 88
3 88
28 89
20 89
72 89
48 89
10 90
51 90
89 90
58 90
24 91
21 91
9 91
13 91
89 92
64 92
1 92
13 92
8 93
82 93
1 93
5 93
83 94
38 94
14 94
74 94
20 95
73 95
5 95
29 95
59 96
26 96
57 96
4 96
44 97
13 97
58 97
38 97
47 98
73 98
20 98
58 98
79 99
39 99
5 99
46 99
1 0
2 0
2 1
3 0
3 1
3 2
4 0
4 1
4 2
4 3
5 1
5 3
5 4
5 0
6 1
6 4
6 5
6 0
7 6
7 0
7 4
7 2
8 4
8 5
8 1
8 7
9 1
9 3
9 4
9 2
10 3
10 2
10 1
10 0
11 0
11 2
11 8
11 4
12 5
12 2
12 10
12 3
13 0
13 7
13 6
13 11
14 4
14 6
14 8
14 7
15 14
15 0
15 13
15 9
16 9
16 3
16 7
16 14
17 1
17 0
17 5
17 12
18 17
18 5
18 9
18 1
19 1
19 17
19 9
19 13
20 9
20 2
20 0
20 19
21 3
21 12
21 11
21 10
22 15
22 11
22 16
22 8
23 12
23 2
23 0
23 6
24 20
24 5
24 2
24 19
25 0
25 16
25 10
25 3
26 1
26 14
26 23
26 3
27 13
27 8
27 7
27 17
28 12
28 13
28 21
28 5
29 3
29 25
29 7
29 9
30 7
30 6
30 10
30 17
31 10
31 0
31 13
31 9
32 9
32 1
32 4
32 16
33 16
33 26
33 0
33 8
34 14
34 25
34 9
34 7
35 29
35 10
35 12
35 31
36 10
36 1
36 5
36 28
37 2
37 32
37 15
37 29
38 9
38 30
38 20
38 28
39 9
39 28
39 2
39 24
40 7
40 1
40 10
40 9
41 7
41 40
41 20
41 23
42 14
42 2
42 0
42 18
43 4
43 33
43 2
43 10
44 29
44 0
44 42
44 12
45 40
45 23
45 20
45 28
46 7
46 9
46 10
46 12
47 8
47 20
47 7
47 15
48 0
48 4
48 3
48 14
49 12
49 3
49 10
49 11
50 37
50 9
50 8
50 1
51 40
51 2
51 49
51 20
52 33
52 28
52 32
52 3
53 48
53 8
53 9
53 5
54 19
54 38
54 35
54 15
55 51
55 0
55 9
55 10
56 44
56 26
56 29
56 5
57 1
57 13
57 28
57 2
58 6
58 0
58 27
58 26
59 14
59 38
59 29
59 26
60 2
60 6
60 26
60 52
61 56
61 13
61 53
61 22
62 32
62 61
62 18
62 7
63 40
63 9
63 46
63 5
64 1
64 33
64 10
64 63
65 17
65 22
65 52
65 55
66 8
66 54
66 34
66 52
67 39
67 21
67 9
67 0
68 57
68 28
68 10
68 4
69 20
69 51
69 59
69 10
70 13
70 38
70 0
70 8
71 7
71 57
71 18
71 70
72 4
72 13
72 9
72 17
73 2
73 16
73 31
73 7
74 15
74 43
74 38
74 55
75 16
75 9
75 10
75 55
76 58
76 34
76 15
76 10
77 10
77 48
77 36
77 13
78 72
78 17
78 25
78 3
79 41
79 4
79 40
79 27
80 3
80 2
80 18
80 23
81 22
81 19
81 1
81 30
82 22
82 63
82 6
82 9
83 48
83 60
83 6
83 44
84 10
84 8
84 27
84 20
85 74
85 10
85 13
85 28
86 17
86 5
86 10
86 14
87 11
87 3
87 50
87 72
88 19
88 13
88 24
88 3
89 28
89 20
89 72
89 48
90 10
90 51
90 89
90 58
91 24
91 21
91 9
91 13
92 89
92 64
92 1
92 13
93 8
93 82
93 1
93 5
94 83
94 38
94 14
94 74
95 20
95 73
95 5
95 29
96 59
96 26
96 57
96 4
97 44
97 13
97 58
97 38
98 47
98 73
98 20
98 58
99 79
99 39
99 5
99 46
0 1 0 1 1 1 0 0 1 0 0 0 1 0 1 0 1 0 0 0 0 0 0 1 0 0 1 0 1 1 0 1 1 0 1 1 1 0 1 0 1 0 0 1 1 0 1 0 1 1 1 1 0 1 0 1 0 0 0 0 1 0 0 0 0 1 0 1 1 0 0 0 0 1 1 1 1 0 0 1 1 1 1 1 1 1 1 1 1 0 0 0 0 0 1 0 0 1 1 1
1 0 0 0 0 1 1 1 1 1 1 0 0 0 0 1 1 1 1 1 1 1 1 0 1 0 1 1 0 0 0 1 1 0 0 1 1 0 0 1 1 1 1 1 0 1 1 1 0 0 1 1 1 1 0 0 0 1 1 1 0 1 0 0 1 1 1 1 1 1 1 0 1 1 1 0 1 1 0 1 0 1 1 1 0 0 0 1 1 1 0 0 0 0 0 1 1 0 1 0
0 0 1 1 1 0 1 1 1 1 1 0 0 1 0 1 1 1 0 0 1 0 0 0 1 0 0 1 1 0 1 0 1 1 0 1 0 0 1 1 1 0 1 1 0 1 1 1 1 0 1 1 1 1 0 0 1 0 0 1 0 0 1 0 1 1 1 1 0 1 0 1 0 0 0 1 1 1 0 1 0 0 1 1 1 1 1 1 0 1 0 1 1 0 0 1 0 1 1 1
1 1 0 0 0 1 0 1 0 0 1 0 1 0 1 1 0 0 0 0 1 0 1 1 0 0 0 0 0 1 0 1 1 0 1 1 0 0 0 1 1 1 1 1 0 0 1 1 0 1 0 1 1 0 0 0 1 1 0 0 1 0 1 1 1 0 0 0 0 0 0 0 0 0 1 1 0 0 1 1 1 0 1 0 0 0 0 1 1 1 1 1 0 1 0 0 0 1 0 0
0 0 1 1 1 0 1 0 0 0 0 1 0 1 0 1 0 1 1 1 1 1 1 0 0 0 0 1 0 0 1 1 0 1 0 0 1 1 1 1 0 1 1 0 0 0 0 1 1 0 0 1 1 0 0 0 0 0 1 0 1 1 1 1 0 0 1 1 1 0 1 1 1 1 0 1 0 0 0 0 1 0 0 0 1 0 0 0 0 1 1 0 0 1 1 1 0 0 0 1