100 390 5
1 0 0 0 0 1 1 1 1 0 0 0 0 1 1 1 0 1 0 1 1 0 1 1 0 0 0 0 1 0 0 1 0 1 0 1 1 0 1 0 0 1 0 1 1 1 1 0 0 0 1 1 1 0 1 1 1 0 1 0 1 1 1 1 0 1 0 1 1 0 0 1 0 1 0 1 1 1 1 1 1 1 1 1 1 1 1 0 1 1 0 1 0 0 0 1 1 0 0 1
0 0 0 1 1 1 0 1 0 1 1 1 1 1 0 1 0 0 1 0 1 1 0 0 1 0 1 1 1 0 1 0 0 1 1 0 0 0 1 0 0 1 1 1 0 0 0 0 0 0 0 1 0 1 0 1 0 1 1 1 1 0 0 0 0 0 0 0 1 0 0 0 1 0 1 0 0 0 0 1 0 1 1 1 1 0 0 1 1 0 0 1 0 1 1 1 0 1 0 0
1 0 1 1 0 0 0 1 1 0 0 0 1 1 1 1 1 0 0 0 1 0 1 1 0 1 1 1 0 0 0 1 0 1 1 0 1 1 1 1 0 0 0 1 1 0 0 0 1 1 1 0 1 0 0 1 1 0 0 1 0 0 1 1 1 1 1 0 0 0 0 1 1 1 1 1 0 1 0 1 1 0 1 0 1 1 1 0 0 0 1 1 1 0 1 1 0 0 0 1
0 0 0 1 0 0 0 0 0 0 0 0 0 0 0 1 0 0 0 1 0 0 1 1 1 1 1 1 0 1 0 0 1 0 0 0 0 1 1 1 0 1 1 1 1 0 0 1 0 0 0 1 0 1 0 0 0 1 0 0 0 1 0 0 0 1 1 1 1 0 0 0 1 0 0 0 1 1 1 0 0 0 0 1 1 1 1 0 0 0 1 0 0 0 1 0 1 1 0 0
1 0 1 1 0 1 1 0 0 0 1 1 1 1 0 0 1 1 0 1 0 1 1 1 1 1 1 1 0 0 0 1 1 1 0 0 0 1 0 1 0 0 0 0 1 1 1 1 0 1 0 0 0 1 0 1 0 0 0 0 0 1 1 1 0 1 0 1 1 1 0 0 1 1 0 1 0 1 0 1 1 0 0 0 0 0 0 1 0 1 0 0 0 1 1 1 0 0 1 0
0 1
0 2
1 2
0 3
1 3
2 3
0 4
1 4
2 4
3 4
4 5
0 5
2 5
3 5
5 6
0 6
3 6
4 6
0 7
3 7
1 7
4 7
0 8
2 8
4 8
3 8
0 9
5 9
2 9
7 9
2 10
0 10
3 10
1 10
7 11
5 11
0 11
3 11
11 12
0 12
6 12
2 12
10 13
4 13
0 13
12 13
1 14
13 14
5 14
12 14
6 15
0 15
13 15
1 15
12 16
1 16
6 16
8 16
6 17
11 17
0 17
8 17
4 18
5 18
13 18
14 18
7 19
3 19
2 19
15 19
15 20
4 20
16 20
19 20
15 21
7 21
18 21
0 21
8 22
6 22
3 22
21 22
18 23
2 23
6 23
7 23
20 24
13 24
4 24
5 24
0 25
6 25
13 25
10 25
11 26
5 26
6 26
7 26
0 27
14 27
6 27
25 27
5 28
25 28
9 28
18 28
12 29
5 29
20 29
10 29
3 30
6 30
14 30
7 30
16 31
25 31
13 31
2 31
3 32
4 32
13 32
6 32
5 33
25 33
28 33
17 33
30 34
8 34
27 34
12 34
32 35
33 35
4 35
25 35
6 36
21 36
8 36
10 36
24 37
16 37
21 37
26 37
0 38
32 38
23 38
28 38
33 39
20 39
17 39
35 39
39 40
12 40
38 40
3 40
5 41
34 41
9 41
25 41
0 42
1 42
39 42
2 42
19 43
21 43
17 43
26 43
42 44
30 44
41 44
17 44
22 45
16 45
0 45
12 45
13 46
20 46
2 46
7 46
38 47
2 47
10 47
21 47
2 48
5 48
23 48
34 48
21 49
31 49
25 49
4 49
5 50
26 50
2 50
18 50
23 51
7 51
21 51
32 51
49 52
25 52
15 52
6 52
3 53
42 53
5 53
17 53
13 54
50 54
3 54
31 54
4 55
5 55
1 55
29 55
24 56
6 56
0 56
38 56
0 57
11 57
10 57
54 57
2 58
20 58
21 58
17 58
38 59
6 59
34 59
13 59
17 60
6 60
3 60
47 60
10 61
38 61
4 61
28 61
19 62
0 62
3 62
61 62
1 63
61 63
16 63
18 63
40 64
17 64
34 64
23 64
7 65
34 65
16 65
6 65
15 66
50 66
38 66
45 66
32 67
46 67
12 67
58 67
23 68
32 68
38 68
52 68
15 69
10 69
4 69
21 69
9 70
2 70
55 70
25 70
51 71
3 71
31 71
37 71
14 72
48 72
20 72
42 72
10 73
11 73
1 73
13 73
43 74
25 74
49 74
45 74
28 75
17 75
33 75
40 75
0 76
17 76
38 76
13 76
72 77
21 77
7 77
3 77
70 78
34 78
0 78
23 78
71 79
62 79
0 79
60 79
26 80
17 80
70 80
21 80
54 81
12 81
3 81
1 81
46 82
6 82
53 82
30 82
7 83
9 83
31 83
0 83
7 84
49 84
52 84
27 84
61 85
15 85
53 85
4 85
43 86
8 86
5 86
79 86
13 87
73 87
19 87
76 87
11 88
38 88
6 88
49 88
23 89
5 89
20 89
43 89
3 90
17 90
59 90
42 90
5 91
30 91
47 91
41 91
41 92
48 92
73 92
23 92
11 93
32 93
60 93
49 93
17 94
0 94
16 94
54 94
23 95
52 95
78 95
37 95
10 96
61 96
80 96
3 96
54 97
69 97
21 97
1 97
83 98
61 98
25 98
68 98
55 99
81 99
88 99
37 99