100 780 5
0 1
0 2
1 2
0 3
1 3
2 3
0 4
1 4
2 4
3 4
3 5
4 5
1 5
2 5
0 6
1 6
3 6
2 6
5 7
2 7
4 7
6 7
2 8
6 8
4 8
0 8
3 9
2 9
6 9
5 9
0 10
3 10
6 10
4 10
7 11
6 11
5 11
2 11
11 12
2 12
5 12
4 12
9 13
5 13
2 13
12 13
5 14
4 14
12 14
11 14
13 15
10 15
7 15
6 15
4 16
5 16
8 16
10 16
2 17
9 17
13 17
6 17
5 18
2 18
9 18
4 18
9 19
4 19
13 19
0 19
18 20
6 20
4 20
14 20
3 21
14 21
20 21
5 21
8 22
1 22
9 22
2 22
17 23
6 23
8 23
13 23
9 24
5 24
7 24
12 24
12 25
7 25
2 25
10 25
24 26
13 26
0 26
11 26
4 27
2 27
5 27
13 27
27 28
3 28
4 28
0 28
1 29
16 29
13 29
11 29
4 30
21 30
19 30
0 30
5 31
21 31
2 31
19 31
5 32
13 32
6 32
11 32
5 33
10 33
17 33
28 33
28 34
6 34
2 34
12 34
9 35
7 35
27 35
3 35
0 36
15 36
28 36
4 36
12 37
14 37
36 37
4 37
5 38
34 38
1 38
8 38
2 39
15 39
36 39
25 39
3 40
22 40
7 40
35 40
18 41
39 41
10 41
6 41
2 42
20 42
29 42
3 42
3 43
24 43
21 43
5 43
5 44
1 44
8 44
3 44
15 45
25 45
28 45
11 45
30 46
1 46
18 46
45 46
4 47
36 47
5 47
0 47
19 48
39 48
29 48
25 48
16 49
13 49
11 49
38 49
30 50
21 50
2 50
1 50
0 51
6 51
8 51
43 51
38 52
0 52
13 52
4 52
4 53
2 53
11 53
8 53
14 54
26 54
44 54
52 54
44 55
25 55
39 55
1 55
6 56
29 56
52 56
38 56
39 57
36 57
3 57
1 57
37 58
45 58
2 58
4 58
2 59
14 59
3 59
42 59
1 60
53 60
30 60
3 60
42 61
14 61
20 61
11 61
5 62
15 62
20 62
9 62
49 63
18 63
20 63
39 63
22 64
56 64
45 64
3 64
53 65
41 65
0 65
16 65
61 66
22 66
44 66
55 66
17 67
30 67
39 67
13 67
26 68
20 68
2 68
18 68
55 69
18 69
1 69
48 69
40 70
44 70
21 70
29 70
9 71
70 71
61 71
5 71
51 72
13 72
6 72
4 72
40 73
25 73
6 73
2 73
58 74
44 74
18 74
25 74
24 75
44 75
13 75
28 75
42 76
13 76
38 76
67 76
3 77
28 77
64 77
15 77
15 78
13 78
74 78
65 78
20 79
44 79
56 79
2 79
55 80
12 80
73 80
3 80
0 81
50 81
36 81
45 81
15 82
77 82
81 82
57 82
36 83
6 83
77 83
71 83
45 84
25 84
70 84
10 84
61 85
6 85
31 85
67 85
14 86
74 86
25 86
47 86
73 87
30 87
40 87
9 87
50 88
67 88
18 88
23 88
19 89
18 89
15 89
25 89
63 90
70 90
0 90
8 90
14 91
66 91
58 91
4 91
51 92
40 92
91 92
8 92
9 93
5 93
0 93
38 93
80 94
59 94
11 94
13 94
10 95
74 95
28 95
3 95
42 96
51 96
44 96
45 96
94 97
11 97
18 97
48 97
70 98
30 98
4 98
24 98
3 99
28 99
70 99
5 99
1 0
2 0
2 1
3 0
3 1
3 2
4 0
4 1
4 2
4 3
5 3
5 4
5 1
5 2
6 0
6 1
6 3
6 2
7 5
7 2
7 4
7 6
8 2
8 6
8 4
8 0
9 3
9 2
9 6
9 5
10 0
10 3
10 6
10 4
11 7
11 6
11 5
11 2
12 11
12 2
12 5
12 4
13 9
13 5
13 2
13 12
14 5
14 4
14 12
14 11
15 13
15 10
15 7
15 6
16 4
16 5
16 8
16 10
17 2
17 9
17 13
17 6
18 5
18 2
18 9
18 4
19 9
19 4
19 13
19 0
20 18
20 6
20 4
20 14
21 3
21 14
21 20
21 5
22 8
22 1
22 9
22 2
23 17
23 6
23 8
23 13
24 9
24 5
24 7
24 12
25 12
25 7
25 2
25 10
26 24
26 13
26 0
26 11
27 4
27 2
27 5
27 13
28 27
28 3
28 4
28 0
29 1
29 16
29 13
29 11
30 4
30 21
30 19
30 0
31 5
31 21
31 2
31 19
32 5
32 13
32 6
32 11
33 5
33 10
33 17
33 28
34 28
34 6
34 2
34 12
35 9
35 7
35 27
35 3
36 0
36 15
36 28
36 4
37 12
37 14
37 36
37 4
38 5
38 34
38 1
38 8
39 2
39 15
39 36
39 25
40 3
40 22
40 7
40 35
41 18
41 39
41 10
41 6
42 2
42 20
42 29
42 3
43 3
43 24
43 21
43 5
44 5
44 1
44 8
44 3
45 15
45 25
45 28
45 11
46 30
46 1
46 18
46 45
47 4
47 36
47 5
47 0
48 19
48 39
48 29
48 25
49 16
49 13
49 11
49 38
50 30
50 21
50 2
50 1
51 0
51 6
51 8
51 43
52 38
52 0
52 13
52 4
53 4
53 2
53 11
53 8
54 14
54 26
54 44
54 52
55 44
55 25
55 39
55 1
56 6
56 29
56 52
56 38
57 39
57 36
57 3
57 1
58 37
58 45
58 2
58 4
59 2
59 14
59 3
59 42
60 1
60 53
60 30
60 3
61 42
61 14
61 20
61 11
62 5
62 15
62 20
62 9
63 49
63 18
63 20
63 39
64 22
64 56
64 45
64 3
65 53
65 41
65 0
65 16
66 61
66 22
66 44
66 55
67 17
67 30
67 39
67 13
68 26
68 20
68 2
68 18
69 55
69 18
69 1
69 48
70 40
70 44
70 21
70 29
71 9
71 70
71 61
71 5
72 51
72 13
72 6
72 4
73 40
73 25
73 6
73 2
74 58
74 44
74 18
74 25
75 24
75 44
75 13
75 28
76 42
76 13
76 38
76 67
77 3
77 28
77 64
77 15
78 15
78 13
78 74
78 65
79 20
79 44
79 56
79 2
80 55
80 12
80 73
80 3
81 0
81 50
81 36
81 45
82 15
82 77
82 81
82 57
83 36
83 6
83 77
83 71
84 45
84 25
84 70
84 10
85 61
85 6
85 31
85 67
86 14
86 74
86 25
86 47
87 73
87 30
87 40
87 9
88 50
88 67
88 18
88 23
89 19
89 18
89 15
89 25
90 63
90 70
90 0
90 8
91 14
91 66
91 58
91 4
92 51
92 40
92 91
92 8
93 9
93 5
93 0
93 38
94 80
94 59
94 11
94 13
95 10
95 74
95 28
95 3
96 42
96 51
96 44
96 45
97 94
97 11
97 18
97 48
98 70
98 30
98 4
98 24
99 3
99 28
99 70
99 5
0 1 0 1 0 0 0 0 1 1 0 0 1 0 0 1 1 1 1 0 0 1 1 0 1 1 1 0 1 0 0 1 1 0 1 0 0 0 0 0 0 0 0 1 0 1 0 1 1 1 0 1 1 0 1 1 0 1 1 0 0 0 0 1 0 0 1 1 0 0 0 1 1 0 0 0 0 1 1 1 1 1 1 0 1 1 1 1 0 0 1 0 1 0 0 0 0 0 0 0
1 0 1 1 1 1 0 0 1 1 0 1 0 0 1 0 1 1 0 0 1 1 1 0 1 0 0 0 0 0 1 0 0 1 0 1 0 1 0 0 0 0 0 1 0 0 0 1 0 0 1 1 1 0 0 1 0 0 1 1 1 0 1 0 1 1 1 1 0 0 0 1 1 0 0 0 0 1 0 1 0 1 0 1 0 0 1 1 1 1 0 1 1 1 0 1 0 1 0 1
1 0 1 1 0 0 0 1 1 0 0 1 0 1 0 1 1 0 1 1 1 0 1 0 0 1 1 1 0 1 1 1 1 0 0 1 0 0 0 1 1 0 1 0 0 1 1 0 1 0 0 0 0 1 1 1 0 1 1 0 1 1 0 1 1 1 1 1 0 0 1 1 1 1 1 0 0 1 1 1 0 1 1 0 1 0 1 1 1 0 0 1 1 0 0 1 0 1 1 0
1 0 1 0 0 0 0 0 0 0 0 0 0 0 1 1 1 0 0 0 1 1 1 1 0 0 0 0 0 1 0 0 1 0 0 1 0 1 1 0 1 1 1 0 0 1 1 1 0 1 0 0 1 0 1 0 1 0 0 0 1 0 0 1 1 0 0 1 0 1 0 1 1 0 0 1 1 0 1 0 1 1 1 1 0 0 1 1 0 0 0 1 1 1 0 1 0 0 0 1
1 1 0 0 1 1 1 1 0 0 1 1 0 1 1 1 1 1 0 0 0 0 0 0 0 0 0 0 0 1 1 0 1 0 1 0 1 1 0 0 1 0 1 1 0 0 0 1 0 0 1 1 0 0 1 0 0 0 0 0 1 1 0 1 1 1 1 0 0 0 0 0 1 1 1 1 0 0 1 0 1 1 0 0 1 1 0 0 1 0 0 0 1 1 0 1 1 0 0 1