100 780 5
0 1
0 2
1 2
0 3
1 3
2 3
0 4
1 4
2 4
3 4
4 5
0 5
3 5
2 5
3 6
4 6
5 6
0 6
2 7
6 7
0 7
5 7
2 8
4 8
0 8
3 8
0 9
5 9
7 9
6 9
2 10
7 10
0 10
9 10
0 11
5 11
2 11
10 11
11 12
4 12
0 12
10 12
0 13
4 13
5 13
12 13
0 14
10 14
7 14
11 14
5 15
2 15
0 15
10 15
7 16
3 16
12 16
5 16
7 17
15 17
6 17
9 17
13 18
2 18
6 18
8 18
0 19
9 19
7 19
11 19
11 20
16 20
6 20
7 20
16 21
6 21
12 21
5 21
11 22
10 22
2 22
1 22
15 23
10 23
5 23
6 23
6 24
7 24
10 24
2 24
20 25
9 25
14 25
0 25
6 26
8 26
2 26
0 26
10 27
20 27
12 27
18 27
0 28
2 28
20 28
7 28
7 29
6 29
27 29
4 29
29 30
20 30
8 30
3 30
10 31
19 31
3 31
20 31
10 32
0 32
8 32
25 32
5 33
15 33
20 33
31 33
7 34
2 34
10 34
6 34
33 35
25 35
20 35
16 35
8 36
6 36
2 36
10 36
10 37
28 37
33 37
2 37
5 38
13 38
2 38
16 38
28 39
0 39
13 39
2 39
12 40
27 40
7 40
18 40
16 41
31 41
14 41
21 41
8 42
19 42
29 42
39 42
1 43
3 43
5 43
29 43
8 44
0 44
27 44
6 44
32 45
33 45
6 45
13 45
7 46
10 46
12 46
11 46
41 47
2 47
19 47
30 47
15 48
0 48
20 48
6 48
2 49
20 49
5 49
35 49
3 50
5 50
4 50
2 50
7 51
10 51
12 51
5 51
38 52
13 52
12 52
25 52
8 53
2 53
6 53
26 53
21 54
20 54
41 54
0 54
43 55
50 55
33 55
6 55
13 56
2 56
33 56
10 56
51 57
5 57
12 57
33 57
14 58
9 58
6 58
20 58
0 59
32 59
16 59
31 59
16 60
27 60
2 60
6 60
14 61
53 61
58 61
55 61
11 62
37 62
14 62
2 62
51 63
39 63
14 63
8 63
62 64
5 64
0 64
1 64
14 65
39 65
20 65
4 65
4 66
36 66
5 66
44 66
4 67
10 67
21 67
54 67
33 68
19 68
3 68
31 68
16 69
32 69
33 69
10 69
65 70
0 70
39 70
6 70
1 71
12 71
19 71
7 71
0 72
7 72
8 72
11 72
29 73
2 73
18 73
43 73
58 74
34 74
53 74
9 74
48 75
3 75
4 75
23 75
44 76
28 76
10 76
36 76
58 77
61 77
7 77
10 77
10 78
14 78
65 78
31 78
5 79
19 79
11 79
51 79
58 80
14 80
19 80
23 80
2 81
52 81
51 81
10 81
6 82
0 82
35 82
9 82
79 83
17 83
2 83
23 83
41 84
7 84
9 84
54 84
49 85
2 85
20 85
78 85
12 86
0 86
6 86
4 86
0 87
81 87
75 87
10 87
10 88
46 88
74 88
64 88
2 89
38 89
1 89
48 89
5 90
34 90
31 90
10 90
58 91
5 91
2 91
78 91
15 92
55 92
64 92
0 92
44 93
61 93
10 93
6 93
10 94
48 94
66 94
2 94
32 95
26 95
0 95
34 95
5 96
10 96
18 96
65 96
0 97
89 97
61 97
13 97
27 98
19 98
65 98
2 98
75 99
39 99
33 99
2 99
1 0
2 0
2 1
3 0
3 1
3 2
4 0
4 1
4 2
4 3
5 4
5 0
5 3
5 2
6 3
6 4
6 5
6 0
7 2
7 6
7 0
7 5
8 2
8 4
8 0
8 3
9 0
9 5
9 7
9 6
10 2
10 7
10 0
10 9
11 0
11 5
11 2
11 10
12 11
12 4
12 0
12 10
13 0
13 4
13 5
13 12
14 0
14 10
14 7
14 11
15 5
15 2
15 0
15 10
16 7
16 3
16 12
16 5
17 7
17 15
17 6
17 9
18 13
18 2
18 6
18 8
19 0
19 9
19 7
19 11
20 11
20 16
20 6
20 7
21 16
21 6
21 12
21 5
22 11
22 10
22 2
22 1
23 15
23 10
23 5
23 6
24 6
24 7
24 10
24 2
25 20
25 9
25 14
25 0
26 6
26 8
26 2
26 0
27 10
27 20
27 12
27 18
28 0
28 2
28 20
28 7
29 7
29 6
29 27
29 4
30 29
30 20
30 8
30 3
31 10
31 19
31 3
31 20
32 10
32 0
32 8
32 25
33 5
33 15
33 20
33 31
34 7
34 2
34 10
34 6
35 33
35 25
35 20
35 16
36 8
36 6
36 2
36 10
37 10
37 28
37 33
37 2
38 5
38 13
38 2
38 16
39 28
39 0
39 13
39 2
40 12
40 27
40 7
40 18
41 16
41 31
41 14
41 21
42 8
42 19
42 29
42 39
43 1
43 3
43 5
43 29
44 8
44 0
44 27
44 6
45 32
45 33
45 6
45 13
46 7
46 10
46 12
46 11
47 41
47 2
47 19
47 30
48 15
48 0
48 20
48 6
49 2
49 20
49 5
49 35
50 3
50 5
50 4
50 2
51 7
51 10
51 12
51 5
52 38
52 13
52 12
52 25
53 8
53 2
53 6
53 26
54 21
54 20
54 41
54 0
55 43
55 50
55 33
55 6
56 13
56 2
56 33
56 10
57 51
57 5
57 12
57 33
58 14
58 9
58 6
58 20
59 0
59 32
59 16
59 31
60 16
60 27
60 2
60 6
61 14
61 53
61 58
61 55
62 11
62 37
62 14
62 2
63 51
63 39
63 14
63 8
64 62
64 5
64 0
64 1
65 14
65 39
65 20
65 4
66 4
66 36
66 5
66 44
67 4
67 10
67 21
67 54
68 33
68 19
68 3
68 31
69 16
69 32
69 33
69 10
70 65
70 0
70 39
70 6
71 1
71 12
71 19
71 7
72 0
72 7
72 8
72 11
73 29
73 2
73 18
73 43
74 58
74 34
74 53
74 9
75 48
75 3
75 4
75 23
76 44
76 28
76 10
76 36
77 58
77 61
77 7
77 10
78 10
78 14
78 65
78 31
79 5
79 19
79 11
79 51
80 58
80 14
80 19
80 23
81 2
81 52
81 51
81 10
82 6
82 0
82 35
82 9
83 79
83 17
83 2
83 23
84 41
84 7
84 9
84 54
85 49
85 2
85 20
85 78
86 12
86 0
86 6
86 4
87 0
87 81
87 75
87 10
88 10
88 46
88 74
88 64
89 2
89 38
89 1
89 48
90 5
90 34
90 31
90 10
91 58
91 5
91 2
91 78
92 15
92 55
92 64
92 0
93 44
93 61
93 10
93 6
94 10
94 48
94 66
94 2
95 32
95 26
95 0
95 34
96 5
96 10
96 18
96 65
97 0
97 89
97 61
97 13
98 27
98 19
98 65
98 2
99 75
99 39
99 33
99 2
0 0 1 0 1 1 1 0 0 0 1 1 0 1 0 0 0 1 1 0 1 1 1 1 1 1 0 0 0 1 1 1 0 1 1 0 1 1 1 0 1 0 1 0 0 1 0 1 0 1 0 1 1 0 0 0 0 0 0 0 0 1 0 0 0 1 0 0 1 1 1 0 0 1 1 1 0 1 1 0 1 1 0 1 0 0 1 0 0 1 1 0 0 1 1 0 1 0 0 0
0 1 0 1 1 1 0 0 0 1 0 0 0 0 0 0 0 0 0 1 1 0 1 0 0 0 0 1 1 1 0 0 0 0 0 0 0 0 0 0 0 0 0 0 0 0 0 1 0 1 0 0 1 1 1 1 1 0 1 1 0 0 0 1 1 1 1 0 0 0 0 0 0 0 1 0 0 1 0 1 1 1 1 0 0 1 0 0 0 0 0 1 1 0 0 0 0 0 0 1
0 1 1 1 0 1 1 1 1 0 0 1 0 0 0 1 1 0 1 1 1 0 0 0 1 1 1 1 1 1 1 0 1 1 0 1 0 0 1 1 0 0 0 0 0 0 0 1 1 0 0 1 0 0 0 1 1 1 0 1 1 0 0 1 1 0 1 1 1 1 0 1 0 1 1 1 0 1 0 1 0 1 1 0 0 1 1 1 1 1 0 0 0 1 0 0 1 0 1 0
0 0 0 0 1 1 0 0 1 0 0 0 1 1 1 1 0 0 0 1 0 1 1 1 0 1 0 1 1 1 0 1 1 1 0 1 0 0 1 0 0 0 0 1 1 0 0 0 0 0 1 0 0 0 1 0 0 0 0 1 1 0 0 1 1 1 1 0 0 1 0 0 1 1 1 0 0 1 0 1 0 1 0 1 0 0 1 1 1 0 0 0 1 1 0 0 0 0 1 1
0 1 0 0 1 0 0 0 0 1 1 0 0 1 0 0 1 0 0 0 0 1 0 0 1 1 0 1 0 0 1 0 1 1 1 1 0 0 0 0 1 0 0 0 1 1 1 1 0 0 1 0 0 0 1 0 1 1 0 1 1 1 1 0 0 0 1 1 0 0 1 1 1 1 1 1 1 1 1 0 1 1 1 1 0 1 0 1 1 0 1 0 0 1 0 0 0 0 0 1