250 994 5
0 1
0 2
1 2
2 3
0 3
0 4
3 4
0 5
2 5
3 6
2 6
2 7
0 7
0 8
2 8
1 9
3 9
7 10
3 10
3 11
0 11
7 12
4 12
3 13
11 13
6 14
4 14
5 15
4 15
7 16
13 16
0 17
2 17
9 18
0 18
0 19
16 19
0 20
14 20
1 21
15 21
12 22
13 22
0 23
1 23
4 24
2 24
6 25
16 25
3 26
12 26
13 27
11 27
2 28
11 28
7 29
3 29
27 30
4 30
8 31
15 31
13 32
20 32
0 33
1 33
17 34
0 34
2 35
4 35
8 36
2 36
4 37
11 37
26 38
14 38
30 39
28 39
6 40
23 40
15 41
6 41
5 42
13 42
12 43
0 43
6 44
28 44
40 45
5 45
28 46
0 46
2 47
8 47
32 48
16 48
31 49
17 49
0 50
2 50
15 51
2 51
2 52
36 52
52 53
27 53
19 54
34 54
2 55
29 55
8 56
53 56
16 57
9 57
36 58
13 58
6 59
7 59
5 60
13 60
50 61
7 61
15 62
31 62
14 63
32 63
7 64
3 64
4 65
42 65
3 66
24 66
0 67
4 67
28 68
42 68
34 69
24 69
32 70
3 70
31 71
25 71
39 72
42 72
26 73
44 73
14 74
15 74
1 75
15 75
44 76
60 76
5 77
0 77
22 78
26 78
11 79
8 79
9 80
32 80
64 81
0 81
26 82
1 82
36 83
63 83
36 84
7 84
3 85
45 85
6 86
26 86
39 87
2 87
15 88
23 88
17 89
2 89
18 90
15 90
79 91
77 91
16 92
64 92
14 93
11 93
2 94
52 94
13 95
17 95
6 96
2 96
66 97
34 97
52 98
15 98
14 99
65 99
29 100
20 100
15 101
47 101
67 102
1 102
40 103
31 103
89 104
40 104
33 105
15 105
9 106
3 106
2 107
23 107
47 108
52 108
2 109
55 109
61 110
10 110
101 111
90 111
4 112
57 112
34 113
4 113
32 114
54 114
106 115
47 115
50 116
92 116
115 117
95 117
3 118
98 118
59 119
68 119
0 120
111 120
12 121
42 121
16 122
0 122
28 123
69 123
5 124
78 124
63 125
0 125
66 126
1 126
87 127
97 127
23 128
36 128
45 129
3 129
45 130
38 130
109 131
115 131
100 132
9 132
23 133
42 133
105 134
2 134
57 135
106 135
119 136
53 136
0 137
135 137
20 138
4 138
34 139
0 139
128 140
114 140
46 141
134 141
4 142
3 142
5 143
64 143
70 144
52 144
7 145
8 145
3 146
127 146
27 147
25 147
9 148
13 148
0 149
8 149
79 150
25 150
53 151
89 151
135 152
34 152
26 153
23 153
8 154
151 154
47 155
14 155
128 156
70 156
39 157
3 157
3 158
0 158
36 159
131 159
77 160
0 160
91 161
3 161
5 162
26 162
122 163
0 163
8 164
87 164
92 165
79 165
42 166
3 166
165 167
5 167
4 168
22 168
92 169
48 169
87 170
9 170
57 171
150 171
111 172
163 172
130 173
127 173
87 174
0 174
98 175
114 175
130 176
32 176
111 177
32 177
8 178
32 178
19 179
34 179
69 180
5 180
11 181
132 181
117 182
47 182
28 183
72 183
2 184
92 184
118 185
76 185
172 186
2 186
70 187
124 187
3 188
36 188
29 189
13 189
64 190
68 190
0 191
40 191
191 192
89 192
0 193
3 193
3 194
44 194
159 195
185 195
79 196
10 196
119 197
80 197
17 198
2 198
119 199
31 199
0 200
52 200
181 201
31 201
172 202
176 202
7 203
45 203
0 204
111 204
93 205
59 205
14 206
40 206
192 207
123 207
95 208
102 208
118 209
101 209
3 210
1 210
194 211
4 211
141 212
34 212
195 213
31 213
40 214
10 214
199 215
79 215
204 216
24 216
63 217
26 217
58 218
35 218
199 219
188 219
66 220
215 220
64 221
0 221
45 222
34 222
13 223
145 223
134 224
185 224
206 225
23 225
42 226
185 226
32 227
145 227
133 228
210 228
49 229
212 229
198 230
45 230
79 231
1 231
19 232
31 232
183 233
57 233
59 234
0 234
20 235
97 235
20 236
202 236
31 237
165 237
0 238
11 238
44 239
217 239
39 240
23 240
52 241
130 241
7 242
192 242
37 243
106 243
3 244
134 244
215 245
4 245
198 246
215 246
137 247
15 247
36 248
23 248
7 249
64 249
1 0
2 0
2 1
3 2
3 0
4 0
4 3
5 0
5 2
6 3
6 2
7 2
7 0
8 0
8 2
9 1
9 3
10 7
10 3
11 3
11 0
12 7
12 4
13 3
13 11
14 6
14 4
15 5
15 4
16 7
16 13
17 0
17 2
18 9
18 0
19 0
19 16
20 0
20 14
21 1
21 15
22 12
22 13
23 0
23 1
24 4
24 2
25 6
25 16
26 3
26 12
27 13
27 11
28 2
28 11
29 7
29 3
30 27
30 4
31 8
31 15
32 13
32 20
33 0
33 1
34 17
34 0
35 2
35 4
36 8
36 2
37 4
37 11
38 26
38 14
39 30
39 28
40 6
40 23
41 15
41 6
42 5
42 13
43 12
43 0
44 6
44 28
45 40
45 5
46 28
46 0
47 2
47 8
48 32
48 16
49 31
49 17
50 0
50 2
51 15
51 2
52 2
52 36
53 52
53 27
54 19
54 34
55 2
55 29
56 8
56 53
57 16
57 9
58 36
58 13
59 6
59 7
60 5
60 13
61 50
61 7
62 15
62 31
63 14
63 32
64 7
64 3
65 4
65 42
66 3
66 24
67 0
67 4
68 28
68 42
69 34
69 24
70 32
70 3
71 31
71 25
72 39
72 42
73 26
73 44
74 14
74 15
75 1
75 15
76 44
76 60
77 5
77 0
78 22
78 26
79 11
79 8
80 9
80 32
81 64
81 0
82 26
82 1
83 36
83 63
84 36
84 7
85 3
85 45
86 6
86 26
87 39
87 2
88 15
88 23
89 17
89 2
90 18
90 15
91 79
91 77
92 16
92 64
93 14
93 11
94 2
94 52
95 13
95 17
96 6
96 2
97 66
97 34
98 52
98 15
99 14
99 65
100 29
100 20
101 15
101 47
102 67
102 1
103 40
103 31
104 89
104 40
105 33
105 15
106 9
106 3
107 2
107 23
108 47
108 52
109 2
109 55
110 61
110 10
111 101
111 90
112 4
112 57
113 34
113 4
114 32
114 54
115 106
115 47
116 50
116 92
117 115
117 95
118 3
118 98
119 59
119 68
120 0
120 111
121 12
121 42
122 16
122 0
123 28
123 69
124 5
124 78
125 63
125 0
126 66
126 1
127 87
127 97
128 23
128 36
129 45
129 3
130 45
130 38
131 109
131 115
132 100
132 9
133 23
133 42
134 105
134 2
135 57
135 106
136 119
136 53
137 0
137 135
138 20
138 4
139 34
139 0
140 128
140 114
141 46
141 134
142 4
142 3
143 5
143 64
144 70
144 52
145 7
145 8
146 3
146 127
147 27
147 25
148 9
148 13
149 0
149 8
150 79
150 25
151 53
151 89
152 135
152 34
153 26
153 23
154 8
154 151
155 47
155 14
156 128
156 70
157 39
157 3
158 3
158 0
159 36
159 131
160 77
160 0
161 91
161 3
162 5
162 26
163 122
163 0
164 8
164 87
165 92
165 79
166 42
166 3
167 165
167 5
168 4
168 22
169 92
169 48
170 87
170 9
171 57
171 150
172 111
172 163
173 130
173 127
174 87
174 0
175 98
175 114
176 130
176 32
177 111
177 32
178 8
178 32
179 19
179 34
180 69
180 5
181 11
181 132
182 117
182 47
183 28
183 72
184 2
184 92
185 118
185 76
186 172
186 2
187 70
187 124
188 3
188 36
189 29
189 13
190 64
190 68
191 0
191 40
192 191
192 89
193 0
193 3
194 3
194 44
195 159
195 185
196 79
196 10
197 119
197 80
198 17
198 2
199 119
199 31
200 0
200 52
201 181
201 31
202 172
202 176
203 7
203 45
204 0
204 111
205 93
205 59
206 14
206 40
207 192
207 123
208 95
208 102
209 118
209 101
210 3
210 1
211 194
211 4
212 141
212 34
213 195
213 31
214 40
214 10
215 199
215 79
216 204
216 24
217 63
217 26
218 58
218 35
219 199
219 188
220 66
220 215
221 64
221 0
222 45
222 34
223 13
223 145
224 134
224 185
225 206
225 23
226 42
226 185
227 32
227 145
228 133
228 210
229 49
229 212
230 198
230 45
231 79
231 1
232 19
232 31
233 183
233 57
234 59
234 0
235 20
235 97
236 20
236 202
237 31
237 165
238 0
238 11
239 44
239 217
240 39
240 23
241 52
241 130
242 7
242 192
243 37
243 106
244 3
244 134
245 215
245 4
246 198
246 215
247 137
247 15
248 36
248 23
249 7
249 64
0 1 0 0 0 0 1 1 0 0 1 1 1 1 0 0 0 0 1 0 0 1 0 1 0 1 1 0 1 0 0 0 1 0 1 0 0 1 0 0 1 0 0 1 0 0 1 1 0 1 0 0 0 0 0 0 1 0 0 1 0 0 0 0 1 1 0 1 0 1 1 1 1 1 1 1 0 1 0 0 0 0 0 1 0 1 0 1 1 0 1 1 1 0 1 1 1 1 1 0 1 1 0 0 0 0 1 1 1 1 0 0 0 0 0 1 0 0 1 1 1 0 0 0 1 0 0 0 0 0 0 1 1 0 0 0 1 1 1 1 1 0 1 1 1 0 1 0 1 1 0 0 0 0 0 1 1 1 0 0 0 0 1 0 0 1 1 0 0 1 1 1 1 1 0 1 0 0 1 0 0 0 0 1 0 0 1 0 1 1 1 1 0 1 1 0 0 1 0 0 1 0 1 0 0 0 0 0 1 0 1 0 1 1 0 0 0 1 0 1 1 0 1 1 1 1 1 1 0 0 1 0 1 0 1 0 0 0 0 0 0 1 1 1 0 0 0 1 1 1
0 0 0 0 0 0 1 0 0 0 1 1 1 0 1 1 1 0 1 0 1 1 0 0 1 0 0 1 0 1 1 1 0 0 1 1 1 0 1 1 0 0 1 1 0 0 1 0 1 1 1 1 1 1 0 0 0 1 0 0 1 1 0 1 0 1 1 1 1 0 0 0 0 1 1 1 1 1 0 0 0 1 0 1 1 0 1 0 1 1 1 0 0 1 1 1 0 0 0 1 0 0 1 0 0 0 1 0 1 1 0 1 0 0 1 0 1 0 0 0 1 1 0 0 0 0 1 1 0 1 0 0 0 1 0 0 0 1 1 0 0 0 0 1 1 1 0 1 1 0 1 0 0 0 0 1 0 0 1 1 1 0 1 1 0 1 1 0 0 1 0 1 1 0 0 1 0 1 1 0 1 0 0 1 0 1 0 0 0 1 1 0 1 1 1 0 1 0 1 0 1 0 1 1 1 1 1 1 0 0 1 1 0 1 0 0 0 0 1 1 1 0 1 1 0 0 1 1 0 1 0 1 1 1 1 1 0 1 0 0 1 1 1 0 1 1 0 1 1 1
0 0 0 1 0 0 0 1 1 0 1 0 1 1 1 1 0 0 1 1 1 1 0 0 1 1 0 0 0 0 0 1 0 0 0 0 0 0 1 0 0 0 0 0 0 0 0 0 1 1 1 1 1 1 0 1 0 0 0 1 0 1 0 0 0 0 1 0 0 1 1 1 0 1 0 1 0 1 1 1 1 1 1 1 1 1 1 0 0 0 0 1 1 1 0 0 1 1 0 1 0 0 1 0 0 1 1 1 0 1 1 1 0 0 1 1 0 1 1 1 0 1 1 0 1 0 1 0 0 1 0 0 1 1 1 0 1 0 1 0 0 0 0 0 0 1 0 0 1 0 1 0 1 0 0 1 0 1 1 0 0 0 1 0 0 0 0 1 1 0 1 1 1 1 1 0 0 1 0 0 1 1 0 1 0 0 1 1 0 0 0 1 0 0 0 0 1 1 0 0 1 1 0 0 1 1 1 0 0 0 0 1 0 0 0 0 1 0 0 0 1 0 0 0 0 1 1 1 1 0 1 1 0 1 1 1 1 0 1 1 0 1 0 1 1 1 1 1 1 0
1 0 1 1 1 0 1 0 1 0 0 1 1 0 0 1 1 1 1 1 1 1 1 1 1 1 1 0 0 0 1 0 0 1 0 0 1 0 0 1 0 1 1 0 0 1 1 1 1 0 0 1 0 1 1 0 0 0 1 0 1 0 0 1 1 1 1 1 0 1 1 0 1 1 0 1 1 1 0 0 1 1 1 1 0 1 0 1 0 0 0 1 1 0 1 1 0 0 1 1 0 0 0 0 0 1 0 1 0 1 0 1 1 0 0 1 1 1 1 0 0 0 0 0 1 0 1 0 1 1 0 1 1 1 1 0 0 1 0 0 0 0 0 1 1 1 0 1 1 0 1 0 1 0 1 0 0 0 1 1 1 1 0 1 1 0 0 0 0 1 0 1 1 0 1 1 0 1 1 0 1 0 0 1 1 0 1 0 1 1 1 0 1 1 0 0 0 0 1 1 1 1 0 0 1 1 1 1 1 0 0 0 0 0 1 1 0 0 1 0 0 1 0 0 0 0 1 0 1 0 1 1 1 1 0 1 1 1 1 0 1 1 0 1 0 0 1 0 1 0
1 1 0 1 1 1 1 0 1 0 0 1 1 1 1 0 1 1 0 1 0 1 0 0 1 0 0 0 1 0 0 1 0 1 1 0 1 1 1 0 0 1 1 0 1 1 1 1 0 0 0 1 0 0 1 0 1 0 1 1 1 1 0 1 1 1 0 0 0 0 0 1 0 0 0 0 1 1 0 0 0 1 1 0 0 1 1 1 1 0 0 0 1 0 1 1 1 1 0 1 1 1 0 1 1 0 0 1 0 1 1 0 1 1 1 1 1 1 0 1 0 1 0 0 1 1 1 1 0 0 0 1 1 1 1 0 0 0 0 1 0 1 1 0 1 1 0 1 1 0 0 1 0 1 1 0 0 1 0 1 1 0 1 0 1 0 1 0 0 0 1 1 1 0 0 1 0 0 1 1 1 0 1 0 0 0 1 1 1 0 1 0 0 1 1 1 1 0 0 0 0 1 0 1 1 1 0 1 1 0 0 0 0 0 0 0 0 0 0 1 1 0 0 1 0 1 1 0 0 1 1 0 0 1 1 0 1 1 0 1 1 0 0 0 0 1 0 1 0 0