100 198 5
0 1
1 2
1 3
3 4
1 5
3 6
3 7
1 8
1 9
3 10
4 11
3 12
11 13
1 14
3 15
10 16
4 17
3 18
1 19
1 20
1 21
11 22
0 23
3 24
9 25
16 26
9 27
20 28
11 29
16 30
24 31
7 32
18 33
13 34
34 35
2 36
9 37
15 38
10 39
38 40
8 41
28 42
8 43
29 44
28 45
36 46
9 47
3 48
46 49
41 50
37 51
9 52
1 53
13 54
32 55
19 56
1 57
35 58
19 59
29 60
40 61
34 62
9 63
3 64
5 65
5 66
11 67
23 68
61 69
23 70
3 71
21 72
1 73
21 74
67 75
14 76
61 77
15 78
15 79
69 80
21 81
58 82
8 83
8 84
21 85
77 86
18 87
36 88
52 89
14 90
45 91
66 92
52 93
8 94
52 95
73 96
67 97
10 98
61 99
1 0
2 1
3 1
4 3
5 1
6 3
7 3
8 1
9 1
10 3
11 4
12 3
13 11
14 1
15 3
16 10
17 4
18 3
19 1
20 1
21 1
22 11
23 0
24 3
25 9
26 16
27 9
28 20
29 11
30 16
31 24
32 7
33 18
34 13
35 34
36 2
37 9
38 15
39 10
40 38
41 8
42 28
43 8
44 29
45 28
46 36
47 9
48 3
49 46
50 41
51 37
52 9
53 1
54 13
55 32
56 19
57 1
58 35
59 19
60 29
61 40
62 34
63 9
64 3
65 5
66 5
67 11
68 23
69 61
70 23
71 3
72 21
73 1
74 21
75 67
76 14
77 61
78 15
79 15
80 69
81 21
82 58
83 8
84 8
85 21
86 77
87 18
88 36
89 52
90 14
91 45
92 66
93 52
94 8
95 52
96 73
97 67
98 10
99 61
1 1 0 0 0 1 0 1 0 1 0 0 0 0 1 1 1 0 0 0 1 1 1 0 1 0 1 1 0 1 1 0 1 0 1 0 0 1 0 1 1 0 1 0 1 1 0 1 1 1 1 0 0 0 0 1 0 1 1 1 1 1 0 1 1 0 0 1 0 1 0 0 0 1 1 0 1 1 1 1 0 0 1 1 0 0 1 1 0 1 0 0 1 0 1 1 0 0 1 0
1 1 0 0 1 1 1 1 0 1 0 0 0 0 1 0 0 0 0 1 1 1 1 1 1 1 1 1 0 1 0 0 1 0 1 1 1 1 1 0 0 1 1 1 0 1 0 1 0 1 1 0 0 0 1 0 1 1 0 0 0 1 0 1 1 0 1 0 1 0 0 1 0 0 0 0 1 0 1 0 1 1 0 0 0 1 1 0 0 0 0 1 1 0 0 0 0 0 0 1
0 0 1 0 0 1 0 0 0 1 1 0 1 0 0 0 1 1 0 0 0 0 1 0 0 0 1 1 1 0 1 1 0 0 1 1 1 0 1 0 1 0 1 1 0 1 1 1 1 1 0 0 0 0 0 1 1 0 1 1 0 0 0 0 0 1 0 0 1 0 0 0 0 1 1 1 1 1 1 1 1 1 1 1 1 1 1 1 0 1 1 1 0 1 0 1 1 0 0 1
1 0 0 0 1 1 1 1 0 0 0 1 1 1 0 0 1 1 1 0 1 1 0 0 0 1 1 0 0 0 0 1 1 1 1 1 1 1 1 0 1 1 0 1 0 0 1 0 1 0 0 1 0 1 0 1 0 1 1 1 1 0 1 0 1 1 1 1 0 0 0 1 1 0 0 0 1 0 0 1 0 1 0 1 1 1 0 1 0 1 1 1 0 0 1 1 1 1 1 0
0 1 0 0 0 0 0 0 1 1 1 1 1 1 0 1 1 0 0 0 1 1 1 1 0 1 0 0 1 0 0 1 0 0 0 0 1 1 1 1 1 1 1 1 0 1 0 1 0 0 1 0 0 0 0 1 1 1 0 0 1 1 0 1 1 0 0 1 1 0 0 0 0 1 0 1 1 0 0 0 1 1 0 1 1 1 0 1 0 1 1 1 1 1 1 0 0 1 0 1