250 1488 5
0 1
0 2
1 2
0 3
1 3
2 3
3 4
0 4
1 4
3 5
2 5
0 5
0 6
4 6
3 6
0 7
5 7
3 7
1 8
4 8
7 8
0 9
2 9
1 9
1 10
0 10
7 10
3 11
7 11
1 11
2 12
11 12
1 12
5 13
3 13
9 13
9 14
2 14
8 14
13 15
9 15
7 15
1 16
4 16
9 16
2 17
6 17
5 17
11 18
9 18
3 18
2 19
7 19
15 19
13 20
0 20
9 20
1 21
7 21
13 21
6 22
0 22
16 22
5 23
3 23
4 23
4 24
23 24
0 24
11 25
1 25
0 25
5 26
24 26
3 26
9 27
6 27
1 27
12 28
11 28
1 28
19 29
9 29
27 29
0 30
6 30
5 30
11 31
13 31
22 31
7 32
6 32
9 32
5 33
1 33
7 33
25 34
32 34
23 34
2 35
22 35
5 35
6 36
5 36
0 36
15 37
22 37
5 37
6 38
28 38
27 38
22 39
16 39
8 39
22 40
1 40
25 40
16 41
19 41
3 41
18 42
4 42
9 42
10 43
1 43
22 43
23 44
37 44
9 44
5 45
1 45
4 45
42 46
2 46
22 46
16 47
32 47
15 47
1 48
4 48
47 48
6 49
4 49
29 49
38 50
11 50
7 50
3 51
40 51
4 51
49 52
28 52
23 52
7 53
39 53
43 53
7 54
3 54
22 54
19 55
15 55
43 55
31 56
4 56
15 56
53 57
3 57
25 57
25 58
1 58
6 58
0 59
53 59
20 59
17 60
30 60
3 60
31 61
3 61
5 61
52 62
4 62
5 62
14 63
7 63
36 63
9 64
47 64
0 64
2 65
27 65
47 65
5 66
25 66
51 66
25 67
24 67
5 67
45 68
22 68
3 68
22 69
42 69
44 69
64 70
32 70
67 70
70 71
9 71
0 71
7 72
0 72
27 72
8 73
17 73
68 73
37 74
1 74
28 74
58 75
11 75
32 75
46 76
9 76
42 76
22 77
68 77
42 77
19 78
13 78
30 78
68 79
29 79
0 79
47 80
4 80
68 80
6 81
2 81
22 81
1 82
73 82
42 82
26 83
24 83
17 83
42 84
1 84
14 84
16 85
1 85
9 85
15 86
7 86
78 86
71 87
36 87
39 87
81 88
11 88
77 88
4 89
26 89
86 89
27 90
82 90
80 90
60 91
51 91
84 91
9 92
75 92
28 92
19 93
18 93
31 93
33 94
5 94
55 94
55 95
71 95
63 95
66 96
29 96
32 96
87 97
29 97
15 97
2 98
23 98
73 98
0 99
71 99
68 99
42 100
97 100
1 100
91 101
6 101
31 101
70 102
73 102
50 102
96 103
2 103
9 103
27 104
3 104
26 104
39 105
1 105
82 105
2 106
11 106
7 106
23 107
22 107
20 107
1 108
38 108
11 108
30 109
78 109
89 109
9 110
20 110
72 110
6 111
73 111
87 111
25 112
1 112
67 112
56 113
65 113
74 113
28 114
27 114
25 114
25 115
76 115
2 115
31 116
61 116
70 116
27 117
74 117
92 117
76 118
89 118
1 118
20 119
77 119
70 119
86 120
60 120
112 120
35 121
2 121
23 121
61 122
115 122
89 122
106 123
79 123
22 123
25 124
101 124
115 124
13 125
42 125
48 125
14 126
76 126
114 126
120 127
16 127
31 127
56 128
3 128
20 128
32 129
23 129
42 129
29 130
38 130
5 130
7 131
1 131
16 131
22 132
42 132
49 132
120 133
105 133
17 133
42 134
96 134
7 134
28 135
32 135
124 135
3 136
36 136
32 136
61 137
86 137
63 137
97 138
0 138
16 138
55 139
1 139
73 139
105 140
136 140
9 140
55 141
25 141
98 141
133 142
27 142
80 142
32 143
81 143
22 143
77 144
111 144
27 144
7 145
87 145
105 145
89 146
73 146
6 146
37 147
91 147
28 147
33 148
52 148
25 148
89 149
49 149
52 149
18 150
99 150
143 150
21 151
144 151
89 151
32 152
3 152
85 152
22 153
151 153
5 153
9 154
16 154
38 154
40 155
23 155
89 155
1 156
98 156
5 156
109 157
7 157
6 157
138 158
49 158
1 158
128 159
79 159
10 159
15 160
73 160
119 160
7 161
0 161
126 161
16 162
3 162
83 162
44 163
25 163
154 163
20 164
124 164
21 164
56 165
42 165
153 165
98 166
7 166
3 166
166 167
5 167
2 167
23 168
111 168
15 168
84 169
134 169
4 169
128 170
68 170
6 170
164 171
16 171
7 171
68 172
151 172
0 172
38 173
27 173
105 173
0 174
112 174
9 174
81 175
45 175
138 175
134 176
96 176
87 176
38 177
96 177
5 177
4 178
9 178
1 178
59 179
16 179
6 179
58 180
86 180
128 180
70 181
132 181
155 181
158 182
107 182
172 182
19 183
150 183
108 183
52 184
55 184
3 184
88 185
4 185
62 185
98 186
102 186
37 186
1 187
181 187
166 187
56 188
155 188
97 188
149 189
61 189
109 189
70 190
131 190
105 190
113 191
55 191
126 191
86 192
2 192
154 192
146 193
5 193
28 193
26 194
27 194
77 194
88 195
1 195
20 195
143 196
168 196
156 196
19 197
141 197
170 197
112 198
9 198
178 198
81 199
1 199
98 199
96 200
130 200
6 200
69 201
151 201
31 201
27 202
115 202
89 202
24 203
186 203
67 203
133 204
7 204
24 204
156 205
166 205
27 205
4 206
115 206
7 206
155 207
198 207
116 207
207 208
73 208
3 208
9 209
4 209
0 209
106 210
124 210
108 210
152 211
51 211
109 211
156 212
98 212
179 212
23 213
155 213
74 213
20 214
130 214
24 214
176 215
108 215
81 215
101 216
4 216
11 216
22 217
70 217
1 217
212 218
160 218
98 218
67 219
31 219
105 219
217 220
57 220
177 220
215 221
27 221
42 221
5 222
96 222
52 222
49 223
81 223
2 223
193 224
20 224
105 224
0 225
91 225
73 225
7 226
215 226
102 226
6 227
19 227
1 227
17 228
62 228
39 228
224 229
0 229
177 229
33 230
223 230
4 230
73 231
226 231
0 231
160 232
35 232
68 232
6 233
178 233
83 233
29 234
215 234
198 234
106 235
1 235
145 235
124 236
218 236
60 236
212 237
187 237
209 237
6 238
191 238
98 238
211 239
26 239
28 239
192 240
233 240
124 240
159 241
234 241
176 241
105 242
218 242
217 242
124 243
3 243
17 243
164 244
240 244
171 244
74 245
155 245
178 245
51 246
73 246
14 246
213 247
26 247
134 247
164 248
116 248
22 248
75 249
222 249
182 249
1 0
2 0
2 1
3 0
3 1
3 2
4 3
4 0
4 1
5 3
5 2
5 0
6 0
6 4
6 3
7 0
7 5
7 3
8 1
8 4
8 7
9 0
9 2
9 1
10 1
10 0
10 7
11 3
11 7
11 1
12 2
12 11
12 1
13 5
13 3
13 9
14 9
14 2
14 8
15 13
15 9
15 7
16 1
16 4
16 9
17 2
17 6
17 5
18 11
18 9
18 3
19 2
19 7
19 15
20 13
20 0
20 9
21 1
21 7
21 13
22 6
22 0
22 16
23 5
23 3
23 4
24 4
24 23
24 0
25 11
25 1
25 0
26 5
26 24
26 3
27 9
27 6
27 1
28 12
28 11
28 1
29 19
29 9
29 27
30 0
30 6
30 5
31 11
31 13
31 22
32 7
32 6
32 9
33 5
33 1
33 7
34 25
34 32
34 23
35 2
35 22
35 5
36 6
36 5
36 0
37 15
37 22
37 5
38 6
38 28
38 27
39 22
39 16
39 8
40 22
40 1
40 25
41 16
41 19
41 3
42 18
42 4
42 9
43 10
43 1
43 22
44 23
44 37
44 9
45 5
45 1
45 4
46 42
46 2
46 22
47 16
47 32
47 15
48 1
48 4
48 47
49 6
49 4
49 29
50 38
50 11
50 7
51 3
51 40
51 4
52 49
52 28
52 23
53 7
53 39
53 43
54 7
54 3
54 22
55 19
55 15
55 43
56 31
56 4
56 15
57 53
57 3
57 25
58 25
58 1
58 6
59 0
59 53
59 20
60 17
60 30
60 3
61 31
61 3
61 5
62 52
62 4
62 5
63 14
63 7
63 36
64 9
64 47
64 0
65 2
65 27
65 47
66 5
66 25
66 51
67 25
67 24
67 5
68 45
68 22
68 3
69 22
69 42
69 44
70 64
70 32
70 67
71 70
71 9
71 0
72 7
72 0
72 27
73 8
73 17
73 68
74 37
74 1
74 28
75 58
75 11
75 32
76 46
76 9
76 42
77 22
77 68
77 42
78 19
78 13
78 30
79 68
79 29
79 0
80 47
80 4
80 68
81 6
81 2
81 22
82 1
82 73
82 42
83 26
83 24
83 17
84 42
84 1
84 14
85 16
85 1
85 9
86 15
86 7
86 78
87 71
87 36
87 39
88 81
88 11
88 77
89 4
89 26
89 86
90 27
90 82
90 80
91 60
91 51
91 84
92 9
92 75
92 28
93 19
93 18
93 31
94 33
94 5
94 55
95 55
95 71
95 63
96 66
96 29
96 32
97 87
97 29
97 15
98 2
98 23
98 73
99 0
99 71
99 68
100 42
100 97
100 1
101 91
101 6
101 31
102 70
102 73
102 50
103 96
103 2
103 9
104 27
104 3
104 26
105 39
105 1
105 82
106 2
106 11
106 7
107 23
107 22
107 20
108 1
108 38
108 11
109 30
109 78
109 89
110 9
110 20
110 72
111 6
111 73
111 87
112 25
112 1
112 67
113 56
113 65
113 74
114 28
114 27
114 25
115 25
115 76
115 2
116 31
116 61
116 70
117 27
117 74
117 92
118 76
118 89
118 1
119 20
119 77
119 70
120 86
120 60
120 112
121 35
121 2
121 23
122 61
122 115
122 89
123 106
123 79
123 22
124 25
124 101
124 115
125 13
125 42
125 48
126 14
126 76
126 114
127 120
127 16
127 31
128 56
128 3
128 20
129 32
129 23
129 42
130 29
130 38
130 5
131 7
131 1
131 16
132 22
132 42
132 49
133 120
133 105
133 17
134 42
134 96
134 7
135 28
135 32
135 124
136 3
136 36
136 32
137 61
137 86
137 63
138 97
138 0
138 16
139 55
139 1
139 73
140 105
140 136
140 9
141 55
141 25
141 98
142 133
142 27
142 80
143 32
143 81
143 22
144 77
144 111
144 27
145 7
145 87
145 105
146 89
146 73
146 6
147 37
147 91
147 28
148 33
148 52
148 25
149 89
149 49
149 52
150 18
150 99
150 143
151 21
151 144
151 89
152 32
152 3
152 85
153 22
153 151
153 5
154 9
154 16
154 38
155 40
155 23
155 89
156 1
156 98
156 5
157 109
157 7
157 6
158 138
158 49
158 1
159 128
159 79
159 10
160 15
160 73
160 119
161 7
161 0
161 126
162 16
162 3
162 83
163 44
163 25
163 154
164 20
164 124
164 21
165 56
165 42
165 153
166 98
166 7
166 3
167 166
167 5
167 2
168 23
168 111
168 15
169 84
169 134
169 4
170 128
170 68
170 6
171 164
171 16
171 7
172 68
172 151
172 0
173 38
173 27
173 105
174 0
174 112
174 9
175 81
175 45
175 138
176 134
176 96
176 87
177 38
177 96
177 5
178 4
178 9
178 1
179 59
179 16
179 6
180 58
180 86
180 128
181 70
181 132
181 155
182 158
182 107
182 172
183 19
183 150
183 108
184 52
184 55
184 3
185 88
185 4
185 62
186 98
186 102
186 37
187 1
187 181
187 166
188 56
188 155
188 97
189 149
189 61
189 109
190 70
190 131
190 105
191 113
191 55
191 126
192 86
192 2
192 154
193 146
193 5
193 28
194 26
194 27
194 77
195 88
195 1
195 20
196 143
196 168
196 156
197 19
197 141
197 170
198 112
198 9
198 178
199 81
199 1
199 98
200 96
200 130
200 6
201 69
201 151
201 31
202 27
202 115
202 89
203 24
203 186
203 67
204 133
204 7
204 24
205 156
205 166
205 27
206 4
206 115
206 7
207 155
207 198
207 116
208 207
208 73
208 3
209 9
209 4
209 0
210 106
210 124
210 108
211 152
211 51
211 109
212 156
212 98
212 179
213 23
213 155
213 74
214 20
214 130
214 24
215 176
215 108
215 81
216 101
216 4
216 11
217 22
217 70
217 1
218 212
218 160
218 98
219 67
219 31
219 105
220 217
220 57
220 177
221 215
221 27
221 42
222 5
222 96
222 52
223 49
223 81
223 2
224 193
224 20
224 105
225 0
225 91
225 73
226 7
226 215
226 102
227 6
227 19
227 1
228 17
228 62
228 39
229 224
229 0
229 177
230 33
230 223
230 4
231 73
231 226
231 0
232 160
232 35
232 68
233 6
233 178
233 83
234 29
234 215
234 198
235 106
235 1
235 145
236 124
236 218
236 60
237 212
237 187
237 209
238 6
238 191
238 98
239 211
239 26
239 28
240 192
240 233
240 124
241 159
241 234
241 176
242 105
242 218
242 217
243 124
243 3
243 17
244 164
244 240
244 171
245 74
245 155
245 178
246 51
246 73
246 14
247 213
247 26
247 134
248 164
248 116
248 22
249 75
249 222
249 182
0 0 0 1 1 1 0 1 0 1 0 1 0 1 0 1 1 1 1 1 0 1 1 0 1 1 0 1 1 0 1 1 1 0 1 1 0 1 0 1 0 1 1 0 0 1 1 0 1 1 0 0 0 1 1 0 0 1 1 0 0 1 0 0 0 1 0 1 0 1 0 1 0 1 1 1 0 1 1 1 1 0 0 1 1 1 0 1 0 1 0 0 1 1 0 0 1 0 0 1 0 1 0 0 0 0 1 0 1 0 1 0 1 0 0 0 0 1 0 0 1 0 1 0 1 0 0 0 1 1 0 1 1 1 1 0 0 0 1 0 1 1 1 0 1 0 0 0 1 1 0 0 1 0 0 0 1 0 0 0 0 0 1 1 0 1 0 1 0 0 0 0 1 1 1 1 0 0 0 0 0 1 0 1 0 1 1 0 0 1 0 1 0 1 1 1 1 0 0 0 0 1 0 1 0 1 1 0 0 0 0 0 1 0 0 0 1 0 0 1 1 1 0 0 0 0 1 1 0 0 1 1 1 1 0 0 0 0 0 0 1 0 1 0 0 1 1 0 1 0
0 0 1 1 1 0 0 0 1 0 0 0 0 0 1 0 0 0 0 0 0 0 0 1 1 0 0 0 0 0 1 1 1 0 0 1 0 1 1 1 1 0 0 1 0 0 0 0 1 0 0 1 1 0 0 0 1 1 0 1 1 1 0 0 0 1 1 1 1 1 1 1 1 1 0 1 1 1 0 0 0 1 0 0 1 0 0 0 0 0 1 1 0 0 1 0 0 0 1 1 1 1 0 1 1 0 0 0 0 0 1 0 1 1 0 1 0 1 0 1 1 1 1 0 1 0 0 1 0 1 1 1 1 1 1 1 1 0 1 1 0 1 0 1 1 0 0 0 0 1 0 1 1 1 0 0 0 0 0 1 1 1 1 0 1 0 0 0 0 0 0 1 0 1 0 0 1 0 0 1 1 1 1 1 1 1 1 0 0 1 1 0 1 0 1 1 1 0 0 1 0 0 1 1 1 0 0 0 1 1 0 1 0 1 1 0 0 0 1 1 0 1 0 1 0 1 0 1 1 1 0 1 0 1 1 0 0 0 1 0 0 0 1 1 1 1 1 1 0 0
1 0 0 0 1 1 1 1 0 0 0 1 1 0 0 1 1 1 1 0 0 1 1 0 1 0 0 0 0 0 0 1 1 1 0 1 0 0 0 1 0 1 1 0 1 0 0 0 0 0 1 1 0 1 1 0 1 0 1 0 1 0 1 0 1 1 1 0 1 1 1 0 1 0 1 0 1 1 1 1 0 0 0 0 0 0 1 0 0 1 0 1 1 0 0 0 1 1 0 1 0 0 0 1 1 1 1 1 1 0 1 0 0 1 0 0 0 0 1 0 0 1 0 1 1 0 1 1 0 1 1 0 1 1 1 1 0 1 0 0 1 0 1 1 0 1 1 0 0 1 1 1 1 1 1 0 0 0 0 1 1 0 1 0 0 0 1 0 1 0 0 0 1 0 1 0 0 0 1 1 0 0 1 0 1 1 1 0 0 1 1 1 0 1 0 0 0 1 0 0 1 0 0 1 1 1 0 0 0 0 0 0 1 1 1 1 1 1 1 0 0 1 1 0 0 1 1 0 0 0 1 0 0 0 1 1 0 0 0 1 1 1 1 0 0 1 1 0 0 0
1 0 1 0 1 1 1 0 1 1 0 1 1 1 1 1 1 1 1 1 0 0 0 0 1 0 0 1 0 1 1 0 1 0 1 1 0 1 1 0 1 1 1 1 1 1 1 0 0 1 1 0 1 1 0 0 0 1 1 0 0 0 1 1 0 1 1 1 0 0 1 1 1 0 1 1 0 0 1 0 0 0 1 1 0 0 1 1 1 1 0 0 1 0 0 0 0 0 1 1 0 0 0 1 1 0 0 0 1 1 1 0 1 1 0 0 0 0 0 1 0 1 1 1 1 1 0 0 0 1 1 1 1 0 0 1 0 0 1 1 0 0 1 1 1 1 0 0 0 1 1 0 0 0 1 0 0 0 1 1 0 1 1 1 0 1 1 1 1 0 0 0 0 0 0 0 0 0 0 0 1 1 1 1 1 1 0 1 1 0 0 0 0 1 1 0 0 0 0 1 1 0 1 1 1 1 1 1 0 0 1 1 1 1 1 1 1 0 0 0 0 1 0 0 1 0 1 0 1 1 0 0 1 0 0 0 1 0 0 0 0 1 1 1 0 0 0 1 1 1
0 0 1 1 0 0 0 1 0 0 0 0 0 1 0 1 0 0 1 1 1 1 1 0 1 0 0 0 0 1 1 1 0 0 0 1 1 1 0 0 0 1 0 1 0 0 0 0 0 1 0 0 1 0 0 0 0 0 1 1 1 0 0 0 1 1 1 1 0 0 0 0 0 0 1 0 1 1 1 1 0 1 1 0 1 0 0 1 0 1 1 1 0 1 1 0 1 1 1 0 0 0 0 0 0 1 0 0 1 1 0 0 0 0 0 0 1 0 1 0 0 0 1 0 0 1 1 0 1 0 1 1 1 1 0 1 0 0 1 1 0 1 1 0 1 0 0 0 0 1 1 1 0 0 1 1 0 0 1 0 0 1 0 0 0 0 0 1 1 1 1 1 1 0 1 0 0 1 0 1 0 1 1 1 0 1 1 0 0 1 0 0 0 1 1 0 0 1 1 0 0 0 1 1 1 1 1 1 0 0 0 0 1 0 0 0 0 1 0 1 0 1 1 0 0 0 1 0 0 1 0 0 1 1 0 1 0 1 1 1 1 0 1 1 1 0 1 1 0 1