250 994 5
0 1
0 2
1 2
0 3
1 3
1 4
0 4
4 5
2 5
2 6
1 6
5 7
2 7
3 8
5 8
2 9
3 9
4 10
8 10
8 11
3 11
8 12
1 12
10 13
8 13
5 14
3 14
8 15
7 15
3 16
7 16
10 17
7 17
4 18
5 18
2 19
9 19
4 20
1 20
9 21
15 21
4 22
10 22
2 23
10 23
0 24
4 24
24 25
15 25
20 26
12 26
8 27
25 27
5 28
16 28
20 29
7 29
14 30
4 30
19 31
8 31
10 32
1 32
2 33
15 33
8 34
22 34
2 35
20 35
10 36
17 36
32 37
17 37
31 38
9 38
7 39
8 39
9 40
20 40
9 41
3 41
32 42
17 42
1 43
2 43
12 44
0 44
9 45
3 45
16 46
33 46
33 47
27 47
26 48
20 48
19 49
3 49
3 50
4 50
41 51
8 51
9 52
48 52
9 53
41 53
3 54
10 54
4 55
46 55
1 56
10 56
7 57
8 57
29 58
19 58
16 59
5 59
16 60
30 60
1 61
2 61
33 62
14 62
44 63
2 63
13 64
59 64
47 65
10 65
8 66
4 66
3 67
2 67
53 68
45 68
67 69
16 69
4 70
8 70
47 71
3 71
16 72
32 72
1 73
12 73
26 74
7 74
12 75
5 75
8 76
7 76
71 77
4 77
53 78
7 78
45 79
44 79
69 80
3 80
30 81
53 81
1 82
16 82
13 83
7 83
12 84
74 84
84 85
4 85
49 86
9 86
8 87
47 87
64 88
82 88
85 89
11 89
30 90
2 90
52 91
5 91
49 92
3 92
26 93
76 93
20 94
5 94
69 95
54 95
44 96
64 96
77 97
24 97
51 98
1 98
41 99
70 99
42 100
0 100
59 101
1 101
43 102
59 102
2 103
1 103
37 104
1 104
4 105
30 105
92 106
7 106
43 107
16 107
36 108
49 108
41 109
24 109
75 110
10 110
35 111
86 111
5 112
62 112
56 113
37 113
50 114
109 114
4 115
108 115
44 116
75 116
32 117
0 117
116 118
2 118
61 119
3 119
2 120
16 120
38 121
3 121
4 122
43 122
24 123
61 123
98 124
123 124
8 125
84 125
70 126
105 126
29 127
16 127
62 128
4 128
44 129
63 129
98 130
2 130
42 131
8 131
131 132
18 132
76 133
17 133
79 134
93 134
85 135
63 135
43 136
32 136
53 137
7 137
73 138
44 138
3 139
98 139
9 140
108 140
49 141
8 141
34 142
28 142
34 143
3 143
77 144
2 144
97 145
33 145
22 146
83 146
36 147
134 147
64 148
9 148
148 149
3 149
88 150
102 150
8 151
0 151
98 152
44 152
31 153
114 153
49 154
5 154
17 155
9 155
126 156
2 156
45 157
66 157
35 158
108 158
18 159
6 159
142 160
56 160
156 161
30 161
85 162
1 162
33 163
24 163
1 164
45 164
85 165
71 165
24 166
37 166
122 167
95 167
12 168
23 168
21 169
16 169
111 170
149 170
42 171
2 171
14 172
36 172
27 173
122 173
164 174
74 174
83 175
3 175
25 176
159 176
129 177
173 177
56 178
60 178
87 179
25 179
36 180
27 180
49 181
3 181
137 182
4 182
44 183
16 183
7 184
64 184
149 185
1 185
181 186
179 186
2 187
53 187
0 188
10 188
137 189
134 189
115 190
10 190
139 191
43 191
166 192
8 192
81 193
128 193
26 194
28 194
43 195
113 195
66 196
11 196
76 197
11 197
85 198
3 198
16 199
25 199
76 200
31 200
190 201
12 201
74 202
87 202
30 203
19 203
137 204
105 204
87 205
172 205
37 206
52 206
9 207
3 207
86 208
5 208
75 209
8 209
11 210
2 210
9 211
51 211
137 212
2 212
150 213
184 213
3 214
53 214
49 215
164 215
211 216
4 216
91 217
105 217
8 218
2 218
27 219
7 219
166 220
45 220
207 221
89 221
8 222
167 222
63 223
150 223
213 224
82 224
97 225
215 225
125 226
76 226
2 227
0 227
36 228
108 228
64 229
222 229
131 230
3 230
27 231
217 231
45 232
68 232
16 233
111 233
12 234
97 234
20 235
177 235
33 236
3 236
172 237
231 237
209 238
82 238
228 239
1 239
8 240
230 240
2 241
106 241
69 242
14 242
159 243
222 243
1 244
106 244
195 245
103 245
166 246
105 246
57 247
2 247
134 248
127 248
217 249
31 249
1 0
2 0
2 1
3 0
3 1
4 1
4 0
5 4
5 2
6 2
6 1
7 5
7 2
8 3
8 5
9 2
9 3
10 4
10 8
11 8
11 3
12 8
12 1
13 10
13 8
14 5
14 3
15 8
15 7
16 3
16 7
17 10
17 7
18 4
18 5
19 2
19 9
20 4
20 1
21 9
21 15
22 4
22 10
23 2
23 10
24 0
24 4
25 24
25 15
26 20
26 12
27 8
27 25
28 5
28 16
29 20
29 7
30 14
30 4
31 19
31 8
32 10
32 1
33 2
33 15
34 8
34 22
35 2
35 20
36 10
36 17
37 32
37 17
38 31
38 9
39 7
39 8
40 9
40 20
41 9
41 3
42 32
42 17
43 1
43 2
44 12
44 0
45 9
45 3
46 16
46 33
47 33
47 27
48 26
48 20
49 19
49 3
50 3
50 4
51 41
51 8
52 9
52 48
53 9
53 41
54 3
54 10
55 4
55 46
56 1
56 10
57 7
57 8
58 29
58 19
59 16
59 5
60 16
60 30
61 1
61 2
62 33
62 14
63 44
63 2
64 13
64 59
65 47
65 10
66 8
66 4
67 3
67 2
68 53
68 45
69 67
69 16
70 4
70 8
71 47
71 3
72 16
72 32
73 1
73 12
74 26
74 7
75 12
75 5
76 8
76 7
77 71
77 4
78 53
78 7
79 45
79 44
80 69
80 3
81 30
81 53
82 1
82 16
83 13
83 7
84 12
84 74
85 84
85 4
86 49
86 9
87 8
87 47
88 64
88 82
89 85
89 11
90 30
90 2
91 52
91 5
92 49
92 3
93 26
93 76
94 20
94 5
95 69
95 54
96 44
96 64
97 77
97 24
98 51
98 1
99 41
99 70
100 42
100 0
101 59
101 1
102 43
102 59
103 2
103 1
104 37
104 1
105 4
105 30
106 92
106 7
107 43
107 16
108 36
108 49
109 41
109 24
110 75
110 10
111 35
111 86
112 5
112 62
113 56
113 37
114 50
114 109
115 4
115 108
116 44
116 75
117 32
117 0
118 116
118 2
119 61
119 3
120 2
120 16
121 38
121 3
122 4
122 43
123 24
123 61
124 98
124 123
125 8
125 84
126 70
126 105
127 29
127 16
128 62
128 4
129 44
129 63
130 98
130 2
131 42
131 8
132 131
132 18
133 76
133 17
134 79
134 93
135 85
135 63
136 43
136 32
137 53
137 7
138 73
138 44
139 3
139 98
140 9
140 108
141 49
141 8
142 34
142 28
143 34
143 3
144 77
144 2
145 97
145 33
146 22
146 83
147 36
147 134
148 64
148 9
149 148
149 3
150 88
150 102
151 8
151 0
152 98
152 44
153 31
153 114
154 49
154 5
155 17
155 9
156 126
156 2
157 45
157 66
158 35
158 108
159 18
159 6
160 142
160 56
161 156
161 30
162 85
162 1
163 33
163 24
164 1
164 45
165 85
165 71
166 24
166 37
167 122
167 95
168 12
168 23
169 21
169 16
170 111
170 149
171 42
171 2
172 14
172 36
173 27
173 122
174 164
174 74
175 83
175 3
176 25
176 159
177 129
177 173
178 56
178 60
179 87
179 25
180 36
180 27
181 49
181 3
182 137
182 4
183 44
183 16
184 7
184 64
185 149
185 1
186 181
186 179
187 2
187 53
188 0
188 10
189 137
189 134
190 115
190 10
191 139
191 43
192 166
192 8
193 81
193 128
194 26
194 28
195 43
195 113
196 66
196 11
197 76
197 11
198 85
198 3
199 16
199 25
200 76
200 31
201 190
201 12
202 74
202 87
203 30
203 19
204 137
204 105
205 87
205 172
206 37
206 52
207 9
207 3
208 86
208 5
209 75
209 8
210 11
210 2
211 9
211 51
212 137
212 2
213 150
213 184
214 3
214 53
215 49
215 164
216 211
216 4
217 91
217 105
218 8
218 2
219 27
219 7
220 166
220 45
221 207
221 89
222 8
222 167
223 63
223 150
224 213
224 82
225 97
225 215
226 125
226 76
227 2
227 0
228 36
228 108
229 64
229 222
230 131
230 3
231 27
231 217
232 45
232 68
233 16
233 111
234 12
234 97
235 20
235 177
236 33
236 3
237 172
237 231
238 209
238 82
239 228
239 1
240 8
240 230
241 2
241 106
242 69
242 14
243 159
243 222
244 1
244 106
245 195
245 103
246 166
246 105
247 57
247 2
248 134
248 127
249 217
249 31
1 0 0 0 1 1 0 1 1 1 0 1 0 0 0 0 1 0 1 1 1 1 0 0 0 1 1 0 0 1 1 1 1 1 0 0 0 1 0 0 0 0 0 0 1 0 1 0 0 1 0 1 0 1 1 0 1 0 0 0 1 1 1 0 1 0 1 1 1 0 0 0 0 0 1 0 0 1 1 0 0 1 0 1 0 1 0 1 1 1 0 1 1 1 0 1 1 0 1 0 0 0 1 1 0 1 1 0 0 1 1 1 1 0 0 0 0 0 0 1 0 0 1 0 0 1 0 0 0 0 1 1 1 0 0 0 1 1 0 0 1 0 0 0 1 0 1 1 1 1 1 1 0 1 1 0 0 1 0 0 0 1 1 0 0 1 1 0 1 1 0 0 1 1 1 0 1 0 1 1 0 1 0 0 0 1 1 1 0 1 1 1 1 1 0 1 1 1 0 0 1 1 1 1 1 0 1 0 1 0 0 0 1 0 1 0 0 0 1 1 1 0 1 1 1 0 0 1 0 0 0 1 0 1 1 0 1 0 1 1 1 1 1 0 0 1 0 1 1 0
0 1 0 0 1 0 1 0 0 0 1 0 1 1 0 1 1 0 1 0 0 1 0 0 0 0 0 0 0 0 0 0 0 1 1 1 1 0 0 1 1 1 1 0 1 1 0 1 0 0 1 1 0 0 1 1 1 1 0 1 1 0 0 1 1 1 1 1 1 1 0 1 0 1 0 0 0 0 0 0 1 0 0 0 1 0 0 0 0 1 0 1 0 1 0 0 1 0 1 1 1 1 0 0 0 1 0 0 1 0 0 0 0 0 1 0 0 1 0 1 1 1 0 1 1 0 1 0 0 1 0 0 0 1 1 1 0 0 0 0 0 1 1 1 1 1 0 0 0 1 0 1 1 1 1 0 1 1 0 0 0 0 1 1 1 0 1 1 0 0 1 0 1 0 1 1 0 1 0 0 1 0 0 1 0 1 1 1 0 1 1 0 0 1 1 0 1 1 1 1 1 0 1 1 0 1 0 1 0 1 0 1 0 1 0 1 0 0 1 1 0 1 0 0 0 1 0 1 0 0 0 0 0 1 0 0 0 0 1 0 0 1 1 0 1 0 1 0 0 1
1 0 1 1 1 1 1 0 0 1 0 1 0 1 1 1 1 0 0 1 1 1 0 0 1 1 1 0 0 1 0 0 0 0 1 1 0 0 0 0 0 0 1 0 0 0 1 0 1 0 1 1 0 1 0 0 0 0 1 0 0 1 1 1 0 0 1 0 0 0 1 1 1 0 0 1 1 0 0 0 1 1 1 0 0 1 0 0 0 0 0 0 0 1 1 1 1 1 0 1 1 0 1 0 1 1 0 1 1 0 1 1 1 1 0 0 0 1 0 0 1 1 1 1 1 0 0 1 0 0 1 1 1 0 0 1 1 0 1 1 0 0 0 0 1 1 0 1 1 0 0 1 1 1 1 0 0 1 0 0 1 1 1 1 0 0 1 0 1 0 1 0 0 0 0 0 1 1 1 0 0 1 0 1 1 1 1 0 1 0 0 1 1 0 0 1 0 1 1 0 0 1 1 0 0 0 1 1 1 0 1 1 0 1 0 1 0 1 0 0 0 0 0 0 1 1 0 1 1 0 1 0 0 1 1 1 0 0 0 1 1 1 1 1 0 0 0 0 0 1
0 1 1 0 1 0 0 0 1 1 0 1 0 1 1 0 0 0 0 0 0 1 1 0 0 0 0 0 1 1 0 0 1 0 0 1 1 1 1 0 1 1 0 0 1 0 1 1 1 1 0 1 0 0 1 0 1 0 0 1 0 1 1 0 1 1 1 0 0 0 1 0 1 1 1 0 1 1 1 1 1 0 1 1 1 1 1 1 0 1 1 0 1 1 1 1 0 1 0 1 1 0 1 1 1 0 0 0 1 1 1 0 1 0 0 0 1 0 1 1 0 1 0 1 1 0 1 1 0 1 1 0 0 1 0 0 0 0 1 0 0 1 0 1 0 1 0 1 1 0 1 0 1 0 1 0 0 1 0 1 1 0 0 1 1 0 0 0 0 0 1 0 1 1 1 0 0 1 0 0 0 1 1 1 0 0 1 0 0 0 1 1 0 0 0 0 1 0 0 1 1 0 1 1 1 1 0 1 0 0 0 0 0 1 0 0 0 1 1 0 1 0 1 1 0 1 0 1 0 1 1 1 0 0 1 0 1 0 0 0 0 1 0 1 1 1 0 0 1 1
1 1 0 0 1 1 0 1 0 0 1 1 1 0 0 0 0 1 1 1 1 0 1 0 0 0 1 0 0 0 1 0 1 0 1 1 1 1 0 1 0 1 1 1 1 1 1 0 0 0 1 1 0 1 0 1 0 0 1 0 0 1 0 1 0 1 0 1 1 0 1 1 1 0 0 0 0 0 1 0 1 1 0 1 1 1 1 0 1 0 0 0 0 0 0 1 1 1 0 0 0 0 1 1 1 1 1 0 0 0 0 0 1 1 1 1 1 1 0 1 1 1 1 0 1 1 0 1 1 0 0 1 1 1 0 0 0 0 0 1 1 1 1 0 0 1 1 0 1 1 0 1 0 0 0 0 1 0 1 0 0 1 0 1 1 1 1 1 0 0 0 1 0 1 1 1 0 0 0 0 0 1 0 1 0 1 0 1 1 1 1 1 0 0 0 0 0 0 1 1 1 1 0 1 0 1 1 1 1 1 1 1 1 1 1 0 1 1 0 0 1 0 0 0 0 0 0 1 0 1 0 1 0 0 1 0 1 0 0 0 1 0 0 0 0 1 0 1 0 1