250 1980 5
0 1
0 2
1 2
0 3
1 3
2 3
0 4
1 4
2 4
3 4
1 5
3 5
0 5
4 5
0 6
2 6
3 6
4 6
4 7
2 7
1 7
6 7
1 8
3 8
6 8
0 8
3 9
4 9
7 9
6 9
8 10
4 10
9 10
5 10
5 11
9 11
0 11
4 11
9 12
5 12
6 12
0 12
1 13
4 13
6 13
9 13
5 14
2 14
1 14
6 14
1 15
4 15
5 15
6 15
13 16
9 16
15 16
4 16
0 17
9 17
5 17
8 17
6 18
9 18
2 18
17 18
0 19
4 19
6 19
16 19
2 20
1 20
3 20
19 20
4 21
5 21
6 21
9 21
15 22
0 22
6 22
8 22
0 23
8 23
1 23
9 23
22 24
11 24
9 24
15 24
10 25
22 25
17 25
0 25
5 26
10 26
14 26
18 26
19 27
4 27
7 27
9 27
5 28
27 28
0 28
9 28
28 29
19 29
3 29
16 29
14 30
28 30
29 30
10 30
10 31
13 31
4 31
7 31
4 32
3 32
19 32
0 32
1 33
26 33
18 33
16 33
9 34
31 34
6 34
27 34
19 35
0 35
4 35
29 35
6 36
1 36
5 36
26 36
2 37
20 37
23 37
16 37
17 38
2 38
1 38
26 38
13 39
19 39
8 39
34 39
14 40
13 40
2 40
38 40
0 41
9 41
21 41
12 41
5 42
4 42
17 42
3 42
9 43
11 43
4 43
2 43
0 44
16 44
2 44
33 44
2 45
35 45
9 45
5 45
41 46
21 46
13 46
15 46
6 47
5 47
11 47
36 47
42 48
12 48
47 48
28 48
8 49
14 49
35 49
42 49
18 50
44 50
19 50
0 50
3 51
0 51
28 51
9 51
9 52
14 52
8 52
43 52
38 53
22 53
2 53
40 53
49 54
46 54
5 54
4 54
5 55
54 55
29 55
4 55
51 56
17 56
30 56
18 56
47 57
11 57
19 57
6 57
28 58
33 58
0 58
50 58
4 59
42 59
31 59
13 59
3 60
6 60
4 60
7 60
54 61
9 61
17 61
38 61
19 62
20 62
6 62
0 62
42 63
5 63
33 63
22 63
14 64
15 64
0 64
16 64
42 65
18 65
26 65
6 65
57 66
38 66
47 66
37 66
34 67
46 67
57 67
1 67
15 68
24 68
28 68
43 68
9 69
40 69
39 69
38 69
23 70
18 70
26 70
64 70
65 71
37 71
68 71
9 71
9 72
16 72
1 72
54 72
15 73
45 73
32 73
46 73
38 74
0 74
6 74
2 74
20 75
57 75
28 75
2 75
29 76
24 76
10 76
20 76
4 77
15 77
34 77
8 77
39 78
60 78
20 78
9 78
9 79
8 79
77 79
3 79
6 80
72 80
40 80
5 80
14 81
48 81
18 81
13 81
18 82
57 82
23 82
34 82
3 83
0 83
2 83
5 83
1 84
0 84
25 84
13 84
5 85
4 85
18 85
44 85
52 86
6 86
83 86
65 86
29 87
17 87
5 87
68 87
18 88
49 88
68 88
6 88
7 89
87 89
9 89
24 89
37 90
16 90
11 90
65 90
35 91
48 91
17 91
72 91
15 92
79 92
80 92
0 92
45 93
57 93
54 93
0 93
18 94
4 94
44 94
1 94
9 95
93 95
67 95
88 95
91 96
4 96
46 96
29 96
7 97
38 97
62 97
14 97
39 98
47 98
51 98
82 98
28 99
81 99
14 99
6 99
5 100
14 100
80 100
79 100
9 101
100 101
5 101
4 101
2 102
67 102
16 102
4 102
102 103
9 103
20 103
23 103
41 104
62 104
19 104
71 104
42 105
102 105
1 105
28 105
2 106
1 106
9 106
61 106
15 107
4 107
42 107
10 107
16 108
67 108
95 108
38 108
9 109
29 109
85 109
57 109
66 110
52 110
75 110
6 110
9 111
5 111
67 111
78 111
102 112
72 112
0 112
20 112
7 113
10 113
0 113
9 113
47 114
38 114
71 114
20 114
104 115
44 115
52 115
76 115
18 116
7 116
64 116
36 116
3 117
40 117
107 117
60 117
91 118
6 118
93 118
7 118
45 119
9 119
10 119
7 119
7 120
115 120
37 120
46 120
70 121
108 121
2 121
63 121
22 122
103 122
9 122
34 122
39 123
67 123
10 123
115 123
118 124
27 124
121 124
33 124
46 125
122 125
11 125
26 125
110 126
7 126
47 126
57 126
2 127
79 127
67 127
0 127
8 128
46 128
95 128
99 128
37 129
53 129
60 129
113 129
53 130
86 130
37 130
95 130
83 131
79 131
54 131
9 131
13 132
52 132
6 132
4 132
37 133
86 133
119 133
117 133
8 134
133 134
28 134
27 134
17 135
11 135
107 135
48 135
0 136
112 136
124 136
60 136
42 137
38 137
109 137
78 137
22 138
127 138
120 138
70 138
19 139
53 139
17 139
35 139
84 140
25 140
28 140
42 140
2 141
0 141
52 141
32 141
6 142
38 142
19 142
108 142
63 143
22 143
5 143
40 143
15 144
42 144
23 144
4 144
4 145
132 145
13 145
9 145
7 146
19 146
16 146
12 146
22 147
61 147
21 147
137 147
97 148
3 148
48 148
87 148
18 149
69 149
106 149
79 149
74 150
73 150
6 150
17 150
0 151
54 151
7 151
31 151
0 152
2 152
77 152
18 152
106 153
96 153
104 153
12 153
137 154
77 154
2 154
28 154
6 155
27 155
131 155
132 155
78 156
34 156
10 156
81 156
142 157
14 157
34 157
46 157
36 158
62 158
75 158
8 158
21 159
94 159
14 159
71 159
46 160
71 160
97 160
123 160
29 161
101 161
31 161
138 161
15 162
77 162
47 162
148 162
6 163
148 163
14 163
95 163
5 164
84 164
10 164
26 164
31 165
82 165
0 165
5 165
24 166
54 166
42 166
7 166
142 167
74 167
63 167
113 167
128 168
17 168
21 168
122 168
9 169
136 169
22 169
2 169
4 170
19 170
125 170
18 170
9 171
76 171
94 171
19 171
75 172
170 172
15 172
4 172
20 173
9 173
75 173
151 173
52 174
24 174
9 174
81 174
4 175
77 175
138 175
8 175
108 176
66 176
42 176
16 176
24 177
79 177
28 177
4 177
35 178
13 178
19 178
6 178
98 179
6 179
0 179
81 179
13 180
4 180
52 180
33 180
53 181
13 181
14 181
33 181
65 182
148 182
11 182
67 182
46 183
21 183
5 183
19 183
97 184
2 184
72 184
179 184
148 185
39 185
15 185
42 185
0 186
94 186
69 186
168 186
5 187
98 187
132 187
117 187
83 188
0 188
4 188
122 188
132 189
85 189
7 189
34 189
17 190
186 190
59 190
25 190
172 191
167 191
93 191
108 191
62 192
9 192
20 192
149 192
137 193
2 193
52 193
88 193
2 194
180 194
110 194
41 194
77 195
42 195
131 195
9 195
114 196
89 196
15 196
67 196
32 197
135 197
16 197
48 197
65 198
167 198
9 198
40 198
18 199
48 199
167 199
62 199
118 200
63 200
6 200
87 200
108 201
31 201
8 201
5 201
168 202
70 202
50 202
19 202
167 203
45 203
194 203
2 203
68 204
58 204
25 204
9 204
126 205
34 205
28 205
41 205
36 206
3 206
1 206
47 206
36 207
60 207
81 207
22 207
28 208
166 208
67 208
42 208
2 209
146 209
109 209
5 209
174 210
88 210
73 210
4 210
140 211
131 211
29 211
158 211
200 212
187 212
170 212
93 212
124 213
13 213
48 213
31 213
175 214
181 214
146 214
25 214
184 215
94 215
0 215
66 215
5 216
4 216
88 216
121 216
2 217
46 217
126 217
9 217
0 218
6 218
27 218
157 218
132 219
174 219
173 219
2 219
141 220
134 220
15 220
35 220
0 221
172 221
192 221
42 221
17 222
80 222
77 222
31 222
168 223
38 223
145 223
16 223
35 224
157 224
46 224
94 224
9 225
5 225
118 225
36 225
134 226
190 226
224 226
222 226
19 227
7 227
5 227
9 227
163 228
206 228
215 228
17 228
28 229
80 229
36 229
34 229
198 230
38 230
136 230
191 230
57 231
141 231
17 231
9 231
23 232
11 232
46 232
18 232
211 233
223 233
3 233
120 233
159 234
119 234
198 234
30 234
89 235
37 235
97 235
91 235
32 236
53 236
115 236
38 236
60 237
35 237
218 237
206 237
138 238
99 238
167 238
151 238
143 239
19 239
228 239
7 239
24 240
93 240
109 240
124 240
34 241
24 241
225 241
4 241
219 242
190 242
81 242
22 242
37 243
5 243
66 243
80 243
60 244
19 244
111 244
108 244
28 245
187 245
0 245
141 245
20 246
50 246
132 246
187 246
2 247
6 247
118 247
16 247
75 248
17 248
53 248
64 248
235 249
62 249
195 249
0 249
1 0
2 0
2 1
3 0
3 1
3 2
4 0
4 1
4 2
4 3
5 1
5 3
5 0
5 4
6 0
6 2
6 3
6 4
7 4
7 2
7 1
7 6
8 1
8 3
8 6
8 0
9 3
9 4
9 7
9 6
10 8
10 4
10 9
10 5
11 5
11 9
11 0
11 4
12 9
12 5
12 6
12 0
13 1
13 4
13 6
13 9
14 5
14 2
14 1
14 6
15 1
15 4
15 5
15 6
16 13
16 9
16 15
16 4
17 0
17 9
17 5
17 8
18 6
18 9
18 2
18 17
19 0
19 4
19 6
19 16
20 2
20 1
20 3
20 19
21 4
21 5
21 6
21 9
22 15
22 0
22 6
22 8
23 0
23 8
23 1
23 9
24 22
24 11
24 9
24 15
25 10
25 22
25 17
25 0
26 5
26 10
26 14
26 18
27 19
27 4
27 7
27 9
28 5
28 27
28 0
28 9
29 28
29 19
29 3
29 16
30 14
30 28
30 29
30 10
31 10
31 13
31 4
31 7
32 4
32 3
32 19
32 0
33 1
33 26
33 18
33 16
34 9
34 31
34 6
34 27
35 19
35 0
35 4
35 29
36 6
36 1
36 5
36 26
37 2
37 20
37 23
37 16
38 17
38 2
38 1
38 26
39 13
39 19
39 8
39 34
40 14
40 13
40 2
40 38
41 0
41 9
41 21
41 12
42 5
42 4
42 17
42 3
43 9
43 11
43 4
43 2
44 0
44 16
44 2
44 33
45 2
45 35
45 9
45 5
46 41
46 21
46 13
46 15
47 6
47 5
47 11
47 36
48 42
48 12
48 47
48 28
49 8
49 14
49 35
49 42
50 18
50 44
50 19
50 0
51 3
51 0
51 28
51 9
52 9
52 14
52 8
52 43
53 38
53 22
53 2
53 40
54 49
54 46
54 5
54 4
55 5
55 54
55 29
55 4
56 51
56 17
56 30
56 18
57 47
57 11
57 19
57 6
58 28
58 33
58 0
58 50
59 4
59 42
59 31
59 13
60 3
60 6
60 4
60 7
61 54
61 9
61 17
61 38
62 19
62 20
62 6
62 0
63 42
63 5
63 33
63 22
64 14
64 15
64 0
64 16
65 42
65 18
65 26
65 6
66 57
66 38
66 47
66 37
67 34
67 46
67 57
67 1
68 15
68 24
68 28
68 43
69 9
69 40
69 39
69 38
70 23
70 18
70 26
70 64
71 65
71 37
71 68
71 9
72 9
72 16
72 1
72 54
73 15
73 45
73 32
73 46
74 38
74 0
74 6
74 2
75 20
75 57
75 28
75 2
76 29
76 24
76 10
76 20
77 4
77 15
77 34
77 8
78 39
78 60
78 20
78 9
79 9
79 8
79 77
79 3
80 6
80 72
80 40
80 5
81 14
81 48
81 18
81 13
82 18
82 57
82 23
82 34
83 3
83 0
83 2
83 5
84 1
84 0
84 25
84 13
85 5
85 4
85 18
85 44
86 52
86 6
86 83
86 65
87 29
87 17
87 5
87 68
88 18
88 49
88 68
88 6
89 7
89 87
89 9
89 24
90 37
90 16
90 11
90 65
91 35
91 48
91 17
91 72
92 15
92 79
92 80
92 0
93 45
93 57
93 54
93 0
94 18
94 4
94 44
94 1
95 9
95 93
95 67
95 88
96 91
96 4
96 46
96 29
97 7
97 38
97 62
97 14
98 39
98 47
98 51
98 82
99 28
99 81
99 14
99 6
100 5
100 14
100 80
100 79
101 9
101 100
101 5
101 4
102 2
102 67
102 16
102 4
103 102
103 9
103 20
103 23
104 41
104 62
104 19
104 71
105 42
105 102
105 1
105 28
106 2
106 1
106 9
106 61
107 15
107 4
107 42
107 10
108 16
108 67
108 95
108 38
109 9
109 29
109 85
109 57
110 66
110 52
110 75
110 6
111 9
111 5
111 67
111 78
112 102
112 72
112 0
112 20
113 7
113 10
113 0
113 9
114 47
114 38
114 71
114 20
115 104
115 44
115 52
115 76
116 18
116 7
116 64
116 36
117 3
117 40
117 107
117 60
118 91
118 6
118 93
118 7
119 45
119 9
119 10
119 7
120 7
120 115
120 37
120 46
121 70
121 108
121 2
121 63
122 22
122 103
122 9
122 34
123 39
123 67
123 10
123 115
124 118
124 27
124 121
124 33
125 46
125 122
125 11
125 26
126 110
126 7
126 47
126 57
127 2
127 79
127 67
127 0
128 8
128 46
128 95
128 99
129 37
129 53
129 60
129 113
130 53
130 86
130 37
130 95
131 83
131 79
131 54
131 9
132 13
132 52
132 6
132 4
133 37
133 86
133 119
133 117
134 8
134 133
134 28
134 27
135 17
135 11
135 107
135 48
136 0
136 112
136 124
136 60
137 42
137 38
137 109
137 78
138 22
138 127
138 120
138 70
139 19
139 53
139 17
139 35
140 84
140 25
140 28
140 42
141 2
141 0
141 52
141 32
142 6
142 38
142 19
142 108
143 63
143 22
143 5
143 40
144 15
144 42
144 23
144 4
145 4
145 132
145 13
145 9
146 7
146 19
146 16
146 12
147 22
147 61
147 21
147 137
148 97
148 3
148 48
148 87
149 18
149 69
149 106
149 79
150 74
150 73
150 6
150 17
151 0
151 54
151 7
151 31
152 0
152 2
152 77
152 18
153 106
153 96
153 104
153 12
154 137
154 77
154 2
154 28
155 6
155 27
155 131
155 132
156 78
156 34
156 10
156 81
157 142
157 14
157 34
157 46
158 36
158 62
158 75
158 8
159 21
159 94
159 14
159 71
160 46
160 71
160 97
160 123
161 29
161 101
161 31
161 138
162 15
162 77
162 47
162 148
163 6
163 148
163 14
163 95
164 5
164 84
164 10
164 26
165 31
165 82
165 0
165 5
166 24
166 54
166 42
166 7
167 142
167 74
167 63
167 113
168 128
168 17
168 21
168 122
169 9
169 136
169 22
169 2
170 4
170 19
170 125
170 18
171 9
171 76
171 94
171 19
172 75
172 170
172 15
172 4
173 20
173 9
173 75
173 151
174 52
174 24
174 9
174 81
175 4
175 77
175 138
175 8
176 108
176 66
176 42
176 16
177 24
177 79
177 28
177 4
178 35
178 13
178 19
178 6
179 98
179 6
179 0
179 81
180 13
180 4
180 52
180 33
181 53
181 13
181 14
181 33
182 65
182 148
182 11
182 67
183 46
183 21
183 5
183 19
184 97
184 2
184 72
184 179
185 148
185 39
185 15
185 42
186 0
186 94
186 69
186 168
187 5
187 98
187 132
187 117
188 83
188 0
188 4
188 122
189 132
189 85
189 7
189 34
190 17
190 186
190 59
190 25
191 172
191 167
191 93
191 108
192 62
192 9
192 20
192 149
193 137
193 2
193 52
193 88
194 2
194 180
194 110
194 41
195 77
195 42
195 131
195 9
196 114
196 89
196 15
196 67
197 32
197 135
197 16
197 48
198 65
198 167
198 9
198 40
199 18
199 48
199 167
199 62
200 118
200 63
200 6
200 87
201 108
201 31
201 8
201 5
202 168
202 70
202 50
202 19
203 167
203 45
203 194
203 2
204 68
204 58
204 25
204 9
205 126
205 34
205 28
205 41
206 36
206 3
206 1
206 47
207 36
207 60
207 81
207 22
208 28
208 166
208 67
208 42
209 2
209 146
209 109
209 5
210 174
210 88
210 73
210 4
211 140
211 131
211 29
211 158
212 200
212 187
212 170
212 93
213 124
213 13
213 48
213 31
214 175
214 181
214 146
214 25
215 184
215 94
215 0
215 66
216 5
216 4
216 88
216 121
217 2
217 46
217 126
217 9
218 0
218 6
218 27
218 157
219 132
219 174
219 173
219 2
220 141
220 134
220 15
220 35
221 0
221 172
221 192
221 42
222 17
222 80
222 77
222 31
223 168
223 38
223 145
223 16
224 35
224 157
224 46
224 94
225 9
225 5
225 118
225 36
226 134
226 190
226 224
226 222
227 19
227 7
227 5
227 9
228 163
228 206
228 215
228 17
229 28
229 80
229 36
229 34
230 198
230 38
230 136
230 191
231 57
231 141
231 17
231 9
232 23
232 11
232 46
232 18
233 211
233 223
233 3
233 120
234 159
234 119
234 198
234 30
235 89
235 37
235 97
235 91
236 32
236 53
236 115
236 38
237 60
237 35
237 218
237 206
238 138
238 99
238 167
238 151
239 143
239 19
239 228
239 7
240 24
240 93
240 109
240 124
241 34
241 24
241 225
241 4
242 219
242 190
242 81
242 22
243 37
243 5
243 66
243 80
244 60
244 19
244 111
244 108
245 28
245 187
245 0
245 141
246 20
246 50
246 132
246 187
247 2
247 6
247 118
247 16
248 75
248 17
248 53
248 64
249 235
249 62
249 195
249 0
0 1 0 1 0 0 0 0 1 0 1 1 0 1 1 1 0 0 1 0 0 1 1 0 1 1 1 1 0 1 1 0 1 0 1 1 1 1 1 0 0 0 0 1 1 1 0 0 1 1 1 0 1 1 0 0 0 1 1 0 1 1 1 0 1 1 1 1 1 0 0 1 0 1 0 0 1 1 0 1 0 1 1 0 0 1 0 0 1 1 1 1 0 0 1 1 0 0 0 0 0 0 1 1 0 0 0 1 0 0 0 0 0 1 0 0 1 0 0 0 1 1 0 0 0 0 1 1 1 0 1 0 1 0 1 0 0 1 0 0 0 0 0 0 1 1 0 0 1 1 1 1 0 1 0 0 0 1 0 0 1 1 1 1 1 0 0 1 1 1 1 0 0 0 1 1 1 1 1 0 0 1 1 1 1 0 1 0 1 1 1 1 1 1 0 0 0 0 1 0 0 0 0 0 0 0 1 1 1 0 0 0 1 0 0 1 0 0 1 1 1 1 0 0 0 1 0 1 0 0 0 0 1 1 1 0 0 1 1 0 1 0 1 1 0 1 0 0 1 0
1 1 1 0 0 1 1 1 0 1 1 1 0 0 1 1 1 1 0 1 1 1 0 0 1 1 1 1 0 0 1 1 1 1 0 1 1 0 1 1 0 0 1 1 0 0 0 0 0 0 1 0 0 0 0 1 0 1 1 1 1 0 0 0 1 1 1 0 1 1 0 1 1 1 0 0 1 0 0 1 0 0 1 1 0 1 1 1 1 0 1 0 1 0 0 0 1 1 1 0 0 1 0 1 0 1 0 1 1 0 1 1 0 1 0 1 1 0 1 1 1 1 0 0 0 0 0 0 0 0 0 0 1 0 1 1 1 0 0 0 1 0 0 1 1 0 0 0 1 0 0 0 1 0 0 1 1 1 1 0 0 0 1 1 0 0 0 1 1 1 1 0 1 1 1 1 1 0 1 1 1 1 1 0 0 0 0 0 1 0 0 0 0 1 1 1 0 0 0 0 0 1 0 0 1 1 1 1 0 0 0 1 1 0 1 0 0 1 1 0 0 0 1 1 1 0 1 0 1 1 1 0 1 0 1 0 0 1 0 0 1 1 0 0 1 0 1 0 0 1
1 0 0 1 0 0 0 1 1 0 1 1 0 1 1 0 0 1 0 1 0 1 0 0 0 1 1 1 1 0 1 0 1 1 1 0 1 1 1 1 1 0 1 1 1 0 1 0 0 0 0 1 0 1 1 1 0 0 1 0 0 0 0 1 0 1 1 1 0 1 1 0 0 1 1 0 0 1 1 0 1 1 0 1 1 1 1 0 1 1 0 1 0 1 0 0 1 1 1 1 0 0 1 1 1 0 1 1 1 0 1 1 0 0 1 0 0 0 0 1 1 1 0 0 0 0 1 0 0 0 1 0 1 1 0 1 0 1 1 0 1 0 1 1 1 0 1 0 1 1 0 0 1 1 1 1 0 1 1 0 1 0 0 1 0 1 1 0 1 1 1 1 0 1 1 0 0 1 1 1 1 1 1 0 1 1 0 1 0 1 1 0 1 1 0 1 0 1 0 1 1 0 1 1 0 0 0 1 1 0 1 0 0 1 1 0 1 1 0 0 0 1 1 1 1 0 0 1 1 1 1 0 0 0 1 0 1 0 1 0 1 0 1 1 1 0 0 1 0 0
1 1 0 0 0 0 1 1 1 0 0 1 0 0 1 0 1 1 1 0 0 0 1 1 1 1 0 1 1 1 0 1 1 0 0 1 1 1 1 0 0 1 0 0 1 0 0 1 0 0 0 0 1 1 0 0 1 1 1 1 1 1 0 0 1 1 1 0 1 1 1 0 1 0 0 1 1 0 1 1 0 0 1 0 0 1 0 0 0 0 1 1 1 1 0 1 0 0 1 0 0 1 0 1 0 1 0 1 1 1 1 1 0 1 1 1 0 1 0 0 0 1 1 1 0 1 1 1 0 1 0 1 0 1 1 0 1 1 1 0 1 0 0 1 1 0 1 0 1 0 0 0 1 1 1 0 0 0 1 1 0 0 0 1 1 1 0 1 0 0 1 0 1 1 0 0 1 1 1 0 0 0 0 0 1 0 1 0 0 0 1 0 1 1 0 1 0 1 0 1 1 1 1 0 1 1 1 1 0 1 0 1 0 1 0 1 0 0 0 0 1 0 1 0 1 1 0 0 0 0 0 1 0 1 0 1 0 0 0 0 1 0 1 0 0 1 1 0 1 0
0 1 0 0 0 0 1 0 1 0 0 1 1 1 0 1 1 0 0 0 0 0 0 0 0 1 0 1 0 1 0 0 0 0 1 0 0 0 0 0 0 0 1 0 0 0 1 1 1 0 1 1 1 0 1 0 0 0 0 1 1 0 0 0 1 0 0 0 0 1 1 0 1 1 0 1 1 0 1 0 0 0 0 1 0 1 1 1 0 1 1 1 0 0 1 0 1 1 0 1 1 0 0 1 1 0 1 0 1 0 0 0 1 0 0 0 0 1 0 0 0 0 0 0 0 1 1 1 0 0 1 0 0 0 0 0 0 0 1 0 0 0 0 1 1 0 1 0 1 1 0 0 0 1 1 0 1 1 0 1 0 1 1 1 0 0 0 1 0 1 1 1 0 1 1 1 0 0 0 1 1 0 1 0 1 0 1 0 1 1 0 1 0 0 0 1 1 0 0 1 0 0 0 0 1 1 0 0 1 1 1 1 1 0 0 0 0 1 1 1 1 0 1 1 0 1 0 1 0 0 0 0 1 1 0 1 0 1 0 0 1 0 1 0 0 1 1 1 0 0