250 994 5
0 1
0 2
1 2
2 3
0 3
2 4
1 4
3 5
4 5
5 6
2 6
0 7
4 7
2 8
5 8
8 9
2 9
7 10
2 10
10 11
6 11
2 12
10 12
7 13
2 13
2 14
5 14
7 15
5 15
8 16
4 16
12 17
14 17
7 18
11 18
12 19
6 19
2 20
5 20
2 21
1 21
6 22
3 22
18 23
7 23
8 24
20 24
21 25
12 25
1 26
10 26
19 27
2 27
7 28
11 28
1 29
10 29
25 30
2 30
5 31
9 31
2 32
18 32
4 33
17 33
20 34
4 34
1 35
19 35
21 36
25 36
26 37
5 37
9 38
2 38
0 39
7 39
9 40
33 40
29 41
37 41
28 42
10 42
8 43
17 43
31 44
33 44
9 45
4 45
28 46
7 46
14 47
5 47
10 48
13 48
23 49
39 49
5 50
13 50
12 51
5 51
8 52
3 52
49 53
37 53
5 54
11 54
37 55
33 55
5 56
4 56
4 57
13 57
6 58
4 58
4 59
35 59
5 60
50 60
42 61
5 61
31 62
4 62
42 63
55 63
4 64
31 64
1 65
43 65
24 66
3 66
2 67
60 67
5 68
53 68
29 69
0 69
6 70
2 70
20 71
42 71
38 72
61 72
0 73
53 73
19 74
59 74
2 75
30 75
2 76
14 76
6 77
42 77
73 78
5 78
50 79
60 79
63 80
20 80
28 81
3 81
40 82
68 82
75 83
24 83
75 84
8 84
14 85
83 85
28 86
2 86
28 87
36 87
47 88
3 88
31 89
84 89
10 90
72 90
60 91
5 91
36 92
47 92
24 93
14 93
4 94
86 94
53 95
76 95
2 96
0 96
43 97
64 97
2 98
10 98
39 99
2 99
83 100
67 100
5 101
25 101
3 102
53 102
9 103
33 103
44 104
84 104
0 105
53 105
20 106
15 106
1 107
7 107
92 108
81 108
16 109
74 109
4 110
97 110
14 111
6 111
2 112
15 112
2 113
53 113
13 114
48 114
42 115
13 115
102 116
85 116
14 117
72 117
66 118
13 118
105 119
36 119
77 120
3 120
29 121
24 121
75 122
90 122
2 123
11 123
49 124
78 124
24 125
71 125
101 126
2 126
71 127
20 127
22 128
27 128
85 129
93 129
2 130
56 130
10 131
123 131
68 132
103 132
90 133
10 133
13 134
10 134
80 135
8 135
24 136
70 136
78 137
18 137
3 138
75 138
83 139
26 139
102 140
37 140
0 141
83 141
95 142
121 142
108 143
3 143
30 144
6 144
95 145
69 145
52 146
109 146
22 147
37 147
39 148
33 148
7 149
60 149
61 150
9 150
107 151
3 151
85 152
26 152
83 153
124 153
8 154
4 154
7 155
36 155
116 156
84 156
72 157
7 157
36 158
113 158
98 159
37 159
45 160
11 160
95 161
55 161
136 162
56 162
101 163
22 163
55 164
75 164
3 165
10 165
118 166
73 166
154 167
63 167
47 168
40 168
98 169
121 169
145 170
4 170
39 171
153 171
57 172
7 172
2 173
11 173
3 174
145 174
8 175
20 175
17 176
5 176
119 177
7 177
42 178
101 178
6 179
160 179
40 180
0 180
14 181
85 181
122 182
70 182
22 183
2 183
67 184
169 184
142 185
79 185
11 186
85 186
103 187
84 187
36 188
23 188
42 189
4 189
160 190
153 190
82 191
39 191
48 192
43 192
43 193
13 193
36 194
46 194
19 195
10 195
39 196
80 196
81 197
134 197
4 198
98 198
83 199
54 199
2 200
186 200
20 201
5 201
160 202
9 202
139 203
92 203
21 204
184 204
5 205
66 205
34 206
10 206
40 207
27 207
90 208
70 208
13 209
24 209
140 210
139 210
9 211
88 211
160 212
24 212
37 213
35 213
5 214
188 214
15 215
40 215
33 216
154 216
11 217
56 217
125 218
104 218
42 219
195 219
84 220
137 220
120 221
32 221
55 222
28 222
3 223
74 223
30 224
137 224
70 225
4 225
40 226
177 226
25 227
142 227
130 228
5 228
48 229
101 229
4 230
121 230
2 231
71 231
121 232
105 232
24 233
121 233
94 234
82 234
1 235
156 235
103 236
30 236
230 237
185 237
82 238
46 238
137 239
121 239
121 240
51 240
2 241
221 241
8 242
20 242
208 243
10 243
185 244
110 244
232 245
149 245
79 246
223 246
239 247
1 247
12 248
230 248
44 249
107 249
1 0
2 0
2 1
3 2
3 0
4 2
4 1
5 3
5 4
6 5
6 2
7 0
7 4
8 2
8 5
9 8
9 2
10 7
10 2
11 10
11 6
12 2
12 10
13 7
13 2
14 2
14 5
15 7
15 5
16 8
16 4
17 12
17 14
18 7
18 11
19 12
19 6
20 2
20 5
21 2
21 1
22 6
22 3
23 18
23 7
24 8
24 20
25 21
25 12
26 1
26 10
27 19
27 2
28 7
28 11
29 1
29 10
30 25
30 2
31 5
31 9
32 2
32 18
33 4
33 17
34 20
34 4
35 1
35 19
36 21
36 25
37 26
37 5
38 9
38 2
39 0
39 7
40 9
40 33
41 29
41 37
42 28
42 10
43 8
43 17
44 31
44 33
45 9
45 4
46 28
46 7
47 14
47 5
48 10
48 13
49 23
49 39
50 5
50 13
51 12
51 5
52 8
52 3
53 49
53 37
54 5
54 11
55 37
55 33
56 5
56 4
57 4
57 13
58 6
58 4
59 4
59 35
60 5
60 50
61 42
61 5
62 31
62 4
63 42
63 55
64 4
64 31
65 1
65 43
66 24
66 3
67 2
67 60
68 5
68 53
69 29
69 0
70 6
70 2
71 20
71 42
72 38
72 61
73 0
73 53
74 19
74 59
75 2
75 30
76 2
76 14
77 6
77 42
78 73
78 5
79 50
79 60
80 63
80 20
81 28
81 3
82 40
82 68
83 75
83 24
84 75
84 8
85 14
85 83
86 28
86 2
87 28
87 36
88 47
88 3
89 31
89 84
90 10
90 72
91 60
91 5
92 36
92 47
93 24
93 14
94 4
94 86
95 53
95 76
96 2
96 0
97 43
97 64
98 2
98 10
99 39
99 2
100 83
100 67
101 5
101 25
102 3
102 53
103 9
103 33
104 44
104 84
105 0
105 53
106 20
106 15
107 1
107 7
108 92
108 81
109 16
109 74
110 4
110 97
111 14
111 6
112 2
112 15
113 2
113 53
114 13
114 48
115 42
115 13
116 102
116 85
117 14
117 72
118 66
118 13
119 105
119 36
120 77
120 3
121 29
121 24
122 75
122 90
123 2
123 11
124 49
124 78
125 24
125 71
126 101
126 2
127 71
127 20
128 22
128 27
129 85
129 93
130 2
130 56
131 10
131 123
132 68
132 103
133 90
133 10
134 13
134 10
135 80
135 8
136 24
136 70
137 78
137 18
138 3
138 75
139 83
139 26
140 102
140 37
141 0
141 83
142 95
142 121
143 108
143 3
144 30
144 6
145 95
145 69
146 52
146 109
147 22
147 37
148 39
148 33
149 7
149 60
150 61
150 9
151 107
151 3
152 85
152 26
153 83
153 124
154 8
154 4
155 7
155 36
156 116
156 84
157 72
157 7
158 36
158 113
159 98
159 37
160 45
160 11
161 95
161 55
162 136
162 56
163 101
163 22
164 55
164 75
165 3
165 10
166 118
166 73
167 154
167 63
168 47
168 40
169 98
169 121
170 145
170 4
171 39
171 153
172 57
172 7
173 2
173 11
174 3
174 145
175 8
175 20
176 17
176 5
177 119
177 7
178 42
178 101
179 6
179 160
180 40
180 0
181 14
181 85
182 122
182 70
183 22
183 2
184 67
184 169
185 142
185 79
186 11
186 85
187 103
187 84
188 36
188 23
189 42
189 4
190 160
190 153
191 82
191 39
192 48
192 43
193 43
193 13
194 36
194 46
195 19
195 10
196 39
196 80
197 81
197 134
198 4
198 98
199 83
199 54
200 2
200 186
201 20
201 5
202 160
202 9
203 139
203 92
204 21
204 184
205 5
205 66
206 34
206 10
207 40
207 27
208 90
208 70
209 13
209 24
210 140
210 139
211 9
211 88
212 160
212 24
213 37
213 35
214 5
214 188
215 15
215 40
216 33
216 154
217 11
217 56
218 125
218 104
219 42
219 195
220 84
220 137
221 120
221 32
222 55
222 28
223 3
223 74
224 30
224 137
225 70
225 4
226 40
226 177
227 25
227 142
228 130
228 5
229 48
229 101
230 4
230 121
231 2
231 71
232 121
232 105
233 24
233 121
234 94
234 82
235 1
235 156
236 103
236 30
237 230
237 185
238 82
238 46
239 137
239 121
240 121
240 51
241 2
241 221
242 8
242 20
243 208
243 10
244 185
244 110
245 232
245 149
246 79
246 223
247 239
247 1
248 12
248 230
249 44
249 107
1 1 1 0 0 0 1 1 0 1 1 0 1 0 1 0 0 1 0 1 1 0 0 0 0 0 1 1 1 1 0 0 0 1 0 0 1 1 0 0 1 0 0 1 1 0 0 0 0 1 1 0 0 1 1 0 1 1 0 1 1 1 0 1 1 1 1 0 1 0 0 0 0 0 1 1 0 0 0 0 1 1 0 1 1 0 1 1 0 1 1 0 1 0 1 0 0 1 0 1 0 0 1 0 1 0 0 0 1 0 1 0 0 1 1 0 1 0 1 0 0 0 1 0 1 0 1 1 0 0 1 0 0 0 0 0 1 0 0 0 1 0 0 1 0 1 0 0 0 1 0 0 1 0 1 0 1 1 1 1 0 0 0 0 0 0 0 0 0 0 1 1 1 1 0 0 1 1 1 1 0 1 0 0 1 1 0 1 0 0 0 0 1 1 0 1 0 0 0 1 1 0 0 0 0 1 1 1 1 0 0 1 1 0 0 1 0 0 1 0 0 0 0 0 0 1 1 0 1 0 0 1 1 0 0 0 0 0 0 1 1 0 1 0 1 0 0 1 0 0
1 1 0 1 1 1 0 0 0 0 1 1 0 1 1 1 1 0 1 0 0 0 0 0 1 0 1 1 0 0 0 0 0 0 0 1 1 0 1 0 1 1 0 1 0 1 1 0 0 1 1 0 0 1 0 1 1 1 1 0 0 0 1 0 1 0 1 1 1 1 1 1 0 1 1 0 0 0 1 0 0 1 0 0 0 0 0 1 1 0 1 0 1 0 0 1 1 0 0 0 0 1 1 0 1 1 1 1 0 0 0 1 0 0 1 0 1 0 1 0 1 0 1 1 0 0 1 0 0 0 0 1 0 0 0 0 1 0 1 0 1 0 0 1 1 0 1 1 1 0 0 1 1 1 1 1 0 1 1 1 0 1 1 0 1 1 1 0 1 0 1 1 1 0 0 1 0 0 0 1 0 1 0 0 0 0 0 0 1 0 0 1 0 1 0 0 1 0 1 0 1 0 1 1 1 1 1 1 1 0 1 1 1 0 0 0 0 1 1 0 0 1 0 1 1 1 0 1 1 1 1 0 0 0 0 1 1 0 1 0 1 1 0 1 0 0 1 0 1 1
0 0 0 1 0 0 0 0 1 1 0 0 1 1 1 1 1 1 0 0 1 1 0 1 0 0 1 0 0 1 1 0 0 1 0 0 0 0 0 0 0 1 1 1 1 0 0 1 1 0 1 0 1 0 1 1 1 0 0 1 1 0 0 1 0 0 1 1 1 0 1 1 1 0 1 1 0 0 0 1 1 0 1 0 1 0 0 0 0 1 1 1 1 1 0 1 1 0 1 1 0 1 0 0 1 0 1 1 1 1 0 1 0 0 0 1 1 0 1 1 1 1 0 0 1 1 1 1 1 0 0 0 1 0 0 0 1 0 0 0 0 1 1 1 1 1 0 0 1 1 1 0 1 0 0 1 1 0 0 0 1 0 1 0 0 0 0 0 1 1 0 0 1 1 0 1 1 0 1 0 0 1 0 1 1 1 1 0 1 1 0 0 0 1 1 1 1 1 0 1 0 0 0 0 0 0 1 1 1 0 0 0 0 1 0 1 0 0 0 0 0 0 0 1 1 0 1 0 0 1 1 0 0 1 0 0 1 0 1 0 0 1 0 0 1 0 1 1 1 0
0 1 1 1 1 0 1 0 1 0 1 0 0 0 0 0 0 1 0 0 0 0 0 0 0 0 0 1 0 0 0 1 0 0 0 0 1 1 0 0 0 1 1 1 0 0 1 1 1 1 0 0 1 0 0 0 1 0 1 1 1 1 1 1 1 0 0 1 1 0 1 1 0 0 1 1 0 1 0 0 1 1 1 1 0 1 0 0 0 1 0 1 0 1 1 0 1 0 1 0 0 0 1 0 0 1 1 1 0 0 1 0 1 0 0 1 1 0 0 1 1 1 1 1 0 0 1 0 0 0 1 0 0 1 1 0 1 1 1 0 0 0 1 1 1 1 1 0 1 0 1 0 0 0 0 1 1 1 0 0 0 1 1 0 1 1 1 1 0 0 0 1 0 1 0 1 1 0 0 0 1 0 0 1 1 1 0 0 0 0 1 0 0 1 0 1 0 0 0 0 1 0 1 0 1 0 0 1 0 0 0 0 1 0 1 1 0 0 1 1 0 1 0 1 1 0 1 1 0 1 1 0 1 1 1 1 0 0 1 1 0 1 1 1 1 0 0 1 0 0
0 1 1 0 1 1 0 1 0 1 0 1 0 1 1 1 1 1 1 0 1 1 0 1 1 1 1 0 0 1 1 1 0 0 0 1 0 0 1 0 0 0 0 1 0 0 1 1 0 0 1 0 0 1 0 1 0 1 0 1 0 0 0 0 1 0 0 0 1 1 1 1 0 1 0 1 0 1 0 0 0 0 1 1 1 0 0 1 0 1 0 0 0 0 0 1 1 1 0 0 0 0 1 0 1 0 1 0 0 0 1 1 1 0 0 1 0 1 0 0 0 0 1 1 1 0 0 1 0 1 1 0 1 1 1 0 0 1 0 1 0 1 1 0 1 1 1 0 0 0 0 1 1 0 1 1 1 0 1 0 1 1 1 0 0 0 0 0 0 1 0 1 1 0 1 1 1 0 0 0 1 1 1 1 0 1 0 1 0 0 1 0 0 1 0 0 1 1 1 1 1 1 0 0 1 0 0 0 0 0 0 0 1 1 0 0 1 0 1 0 0 1 0 0 0 1 1 0 0 0 1 0 1 0 1 1 1 1 0 1 0 0 0 0 1 0 0 1 1 1