50 194 5
0 1
0 2
1 2
2 3
1 3
2 4
1 4
1 5
4 5
5 6
4 6
4 7
5 7
5 8
1 8
8 9
2 9
1 10
7 10
9 11
8 11
10 12
7 12
4 13
1 13
9 14
4 14
1 15
5 15
12 16
1 16
4 17
8 17
14 18
4 18
1 19
4 19
6 20
7 20
0 21
4 21
6 22
11 22
0 23
10 23
5 24
0 24
15 25
6 25
8 26
2 26
2 27
5 27
3 28
26 28
1 29
6 29
1 30
10 30
30 31
5 31
1 32
5 32
8 33
4 33
8 34
17 34
34 35
12 35
21 36
18 36
5 37
8 37
37 38
23 38
0 39
31 39
1 40
22 40
36 41
1 41
17 42
3 42
17 43
0 43
42 44
20 44
22 45
0 45
24 46
44 46
6 47
41 47
28 48
19 48
18 49
2 49
1 0
2 0
2 1
3 2
3 1
4 2
4 1
5 1
5 4
6 5
6 4
7 4
7 5
8 5
8 1
9 8
9 2
10 1
10 7
11 9
11 8
12 10
12 7
13 4
13 1
14 9
14 4
15 1
15 5
16 12
16 1
17 4
17 8
18 14
18 4
19 1
19 4
20 6
20 7
21 0
21 4
22 6
22 11
23 0
23 10
24 5
24 0
25 15
25 6
26 8
26 2
27 2
27 5
28 3
28 26
29 1
29 6
30 1
30 10
31 30
31 5
32 1
32 5
33 8
33 4
34 8
34 17
35 34
35 12
36 21
36 18
37 5
37 8
38 37
38 23
39 0
39 31
40 1
40 22
41 36
41 1
42 17
42 3
43 17
43 0
44 42
44 20
45 22
45 0
46 24
46 44
47 6
47 41
48 28
48 19
49 18
49 2
0 0 1 1 1 0 0 0 0 1 1 0 1 0 1 0 0 1 0 1 1 1 1 1 1 1 0 0 1 1 1 0 1 1 0 1 0 1 1 1 1 0 1 0 1 0 1 0 0 0
0 1 1 1 1 1 1 1 0 0 1 1 0 0 1 0 1 0 1 1 0 1 1 1 0 1 1 0 0 1 0 0 1 0 0 1 1 1 0 1 0 0 1 0 1 1 1 0 0 1
0 0 1 1 1 1 0 1 0 0 0 1 1 1 1 0 1 0 1 1 1 0 0 1 0 0 1 0 0 0 0 0 1 0 0 1 0 0 0 0 0 1 1 1 1 1 0 0 0 0
1 0 0 0 0 0 0 0 1 1 0 0 1 0 0 1 1 1 1 0 0 0 0 0 1 1 0 0 0 0 1 1 1 1 1 1 1 1 1 1 1 0 1 0 0 0 1 0 0 0
1 1 0 1 0 0 0 1 1 0 1 1 1 1 1 0 1 1 0 0 0 0 1 0 0 0 0 1 0 1 0 1 1 1 1 0 1 1 0 1 0 1 0 0 0 0 1 0 1 1