100 394 5
0 1
0 2
1 2
0 3
1 3
2 4
1 4
1 5
2 5
0 6
4 6
5 7
2 7
5 8
1 8
0 9
3 9
6 10
7 10
5 11
2 11
2 12
11 12
1 13
10 13
1 14
6 14
2 15
14 15
2 16
12 16
5 17
8 17
5 18
2 18
18 19
1 19
19 20
18 20
11 21
14 21
5 22
8 22
14 23
6 23
1 24
0 24
3 25
2 25
0 26
4 26
10 27
16 27
21 28
18 28
2 29
26 29
23 30
2 30
10 31
1 31
0 32
14 32
0 33
12 33
5 34
23 34
13 35
29 35
7 36
20 36
11 37
5 37
18 38
11 38
11 39
2 39
6 40
18 40
29 41
23 41
11 42
14 42
30 43
23 43
36 44
2 44
0 45
43 45
3 46
21 46
44 47
32 47
21 48
42 48
32 49
36 49
12 50
0 50
26 51
32 51
11 52
19 52
11 53
14 53
1 54
5 54
54 55
31 55
43 56
7 56
18 57
13 57
36 58
3 58
16 59
2 59
53 60
26 60
37 61
53 61
31 62
3 62
47 63
54 63
5 64
7 64
3 65
14 65
41 66
6 66
64 67
43 67
54 68
27 68
3 69
27 69
11 70
23 70
54 71
35 71
55 72
0 72
54 73
53 73
18 74
5 74
44 75
70 75
15 76
57 76
1 77
6 77
54 78
47 78
34 79
38 79
35 80
32 80
5 81
26 81
44 82
46 82
36 83
3 83
53 84
61 84
32 85
6 85
68 86
5 86
57 87
19 87
59 88
3 88
38 89
7 89
29 90
36 90
14 91
64 91
66 92
55 92
53 93
89 93
67 94
2 94
12 95
26 95
71 96
33 96
6 97
2 97
27 98
37 98
14 99
46 99
1 0
2 0
2 1
3 0
3 1
4 2
4 1
5 1
5 2
6 0
6 4
7 5
7 2
8 5
8 1
9 0
9 3
10 6
10 7
11 5
11 2
12 2
12 11
13 1
13 10
14 1
14 6
15 2
15 14
16 2
16 12
17 5
17 8
18 5
18 2
19 18
19 1
20 19
20 18
21 11
21 14
22 5
22 8
23 14
23 6
24 1
24 0
25 3
25 2
26 0
26 4
27 10
27 16
28 21
28 18
29 2
29 26
30 23
30 2
31 10
31 1
32 0
32 14
33 0
33 12
34 5
34 23
35 13
35 29
36 7
36 20
37 11
37 5
38 18
38 11
39 11
39 2
40 6
40 18
41 29
41 23
42 11
42 14
43 30
43 23
44 36
44 2
45 0
45 43
46 3
46 21
47 44
47 32
48 21
48 42
49 32
49 36
50 12
50 0
51 26
51 32
52 11
52 19
53 11
53 14
54 1
54 5
55 54
55 31
56 43
56 7
57 18
57 13
58 36
58 3
59 16
59 2
60 53
60 26
61 37
61 53
62 31
62 3
63 47
63 54
64 5
64 7
65 3
65 14
66 41
66 6
67 64
67 43
68 54
68 27
69 3
69 27
70 11
70 23
71 54
71 35
72 55
72 0
73 54
73 53
74 18
74 5
75 44
75 70
76 15
76 57
77 1
77 6
78 54
78 47
79 34
79 38
80 35
80 32
81 5
81 26
82 44
82 46
83 36
83 3
84 53
84 61
85 32
85 6
86 68
86 5
87 57
87 19
88 59
88 3
89 38
89 7
90 29
90 36
91 14
91 64
92 66
92 55
93 53
93 89
94 67
94 2
95 12
95 26
96 71
96 33
97 6
97 2
98 27
98 37
99 14
99 46
1 1 0 1 0 1 0 1 0 0 0 1 1 1 1 1 1 0 0 0 1 1 1 0 0 1 1 0 0 0 0 1 1 0 0 1 0 1 1 0 0 0 0 1 0 0 1 1 1 0 1 0 0 0 0 1 0 1 1 1 1 1 1 0 1 0 0 0 0 1 0 0 1 1 0 0 1 0 1 0 0 0 0 1 1 1 0 0 1 1 0 0 1 1 0 0 0 0 1 1
0 0 0 0 0 1 0 0 1 1 1 0 1 0 0 1 0 0 0 0 0 0 0 0 0 1 0 0 0 0 0 1 1 1 0 0 0 0 1 0 0 1 1 1 0 0 1 1 0 1 0 0 1 1 1 0 0 0 1 0 1 0 1 0 1 1 1 1 0 1 1 0 0 1 1 1 1 0 0 1 1 0 1 1 0 0 0 1 1 0 0 1 1 1 0 0 0 0 0 1
0 1 0 1 1 1 0 1 1 0 0 0 0 1 0 1 1 1 1 0 0 1 0 1 0 0 0 1 1 1 0 1 1 1 1 1 0 1 1 1 1 0 1 0 0 1 1 1 0 1 1 1 0 0 1 0 0 1 1 0 0 0 1 1 0 0 0 1 1 0 1 1 0 1 0 0 0 1 0 1 0 0 1 1 0 1 1 1 1 1 0 0 0 0 0 1 1 0 0 1
0 0 1 0 1 1 1 0 1 0 1 1 1 0 0 1 1 1 0 1 1 0 0 0 0 1 1 0 1 0 0 1 0 0 1 1 1 1 1 1 0 1 0 1 1 0 1 0 1 1 0 0 0 0 1 0 1 1 1 1 0 0 1 1 1 1 1 0 1 0 0 0 1 1 0 0 1 0 1 0 0 0 0 1 0 1 0 1 0 1 1 0 0 1 0 0 0 0 1 1
1 0 0 1 1 1 1 1 0 0 1 0 1 1 1 1 1 0 1 0 0 0 0 1 1 0 1 0 1 1 1 0 1 0 0 1 0 0 1 0 1 1 0 0 1 1 1 0 0 0 1 0 1 0 1 0 1 1 1 1 1 0 0 0 1 0 1 1 1 0 0 1 1 1 1 0 1 1 1 0 1 1 0 0 0 1 1 0 0 0 1 0 1 0 0 0 1 1 1 1