100 588 5
0 1
0 2
1 2
0 3
1 3
2 3
3 4
2 4
0 4
2 5
4 5
1 5
2 6
4 6
1 6
1 7
4 7
0 7
2 8
4 8
0 8
4 9
7 9
2 9
4 10
6 10
7 10
3 11
4 11
7 11
11 12
10 12
3 12
1 13
7 13
2 13
2 14
3 14
10 14
10 15
3 15
8 15
11 16
7 16
5 16
16 17
11 17
8 17
4 18
2 18
0 18
1 19
5 19
17 19
12 20
3 20
4 20
2 21
3 21
5 21
3 22
8 22
19 22
15 23
7 23
12 23
19 24
13 24
22 24
14 25
7 25
4 25
4 26
2 26
5 26
26 27
5 27
15 27
8 28
4 28
1 28
4 29
21 29
8 29
14 30
4 30
8 30
15 31
22 31
16 31
5 32
11 32
24 32
25 33
0 33
15 33
19 34
17 34
7 34
8 35
27 35
7 35
32 36
8 36
3 36
7 37
12 37
3 37
1 38
2 38
30 38
7 39
11 39
38 39
4 40
17 40
10 40
2 41
4 41
30 41
36 42
0 42
1 42
4 43
7 43
38 43
22 44
2 44
8 44
7 45
12 45
16 45
14 46
0 46
32 46
38 47
6 47
35 47
19 48
4 48
13 48
40 49
6 49
36 49
30 50
16 50
24 50
24 51
49 51
8 51
35 52
1 52
13 52
2 53
36 53
12 53
5 54
1 54
18 54
32 55
10 55
4 55
47 56
38 56
13 56
14 57
11 57
23 57
24 58
1 58
4 58
30 59
19 59
35 59
19 60
4 60
49 60
9 61
36 61
3 61
5 62
39 62
31 62
19 63
20 63
6 63
51 64
30 64
24 64
0 65
26 65
25 65
38 66
27 66
8 66
11 67
17 67
58 67
12 68
27 68
7 68
31 69
53 69
2 69
32 70
12 70
23 70
19 71
28 71
52 71
19 72
43 72
62 72
0 73
27 73
2 73
19 74
11 74
60 74
22 75
6 75
71 75
0 76
40 76
9 76
22 77
53 77
54 77
53 78
45 78
27 78
0 79
22 79
16 79
12 80
78 80
1 80
25 81
23 81
33 81
11 82
48 82
8 82
56 83
13 83
43 83
76 84
46 84
15 84
66 85
12 85
22 85
21 86
32 86
26 86
22 87
32 87
3 87
56 88
38 88
32 88
82 89
4 89
3 89
10 90
56 90
2 90
3 91
5 91
61 91
10 92
24 92
54 92
3 93
15 93
7 93
79 94
24 94
83 94
13 95
6 95
51 95
40 96
25 96
58 96
36 97
18 97
44 97
4 98
1 98
7 98
30 99
55 99
36 99
1 0
2 0
2 1
3 0
3 1
3 2
4 3
4 2
4 0
5 2
5 4
5 1
6 2
6 4
6 1
7 1
7 4
7 0
8 2
8 4
8 0
9 4
9 7
9 2
10 4
10 6
10 7
11 3
11 4
11 7
12 11
12 10
12 3
13 1
13 7
13 2
14 2
14 3
14 10
15 10
15 3
15 8
16 11
16 7
16 5
17 16
17 11
17 8
18 4
18 2
18 0
19 1
19 5
19 17
20 12
20 3
20 4
21 2
21 3
21 5
22 3
22 8
22 19
23 15
23 7
23 12
24 19
24 13
24 22
25 14
25 7
25 4
26 4
26 2
26 5
27 26
27 5
27 15
28 8
28 4
28 1
29 4
29 21
29 8
30 14
30 4
30 8
31 15
31 22
31 16
32 5
32 11
32 24
33 25
33 0
33 15
34 19
34 17
34 7
35 8
35 27
35 7
36 32
36 8
36 3
37 7
37 12
37 3
38 1
38 2
38 30
39 7
39 11
39 38
40 4
40 17
40 10
41 2
41 4
41 30
42 36
42 0
42 1
43 4
43 7
43 38
44 22
44 2
44 8
45 7
45 12
45 16
46 14
46 0
46 32
47 38
47 6
47 35
48 19
48 4
48 13
49 40
49 6
49 36
50 30
50 16
50 24
51 24
51 49
51 8
52 35
52 1
52 13
53 2
53 36
53 12
54 5
54 1
54 18
55 32
55 10
55 4
56 47
56 38
56 13
57 14
57 11
57 23
58 24
58 1
58 4
59 30
59 19
59 35
60 19
60 4
60 49
61 9
61 36
61 3
62 5
62 39
62 31
63 19
63 20
63 6
64 51
64 30
64 24
65 0
65 26
65 25
66 38
66 27
66 8
67 11
67 17
67 58
68 12
68 27
68 7
69 31
69 53
69 2
70 32
70 12
70 23
71 19
71 28
71 52
72 19
72 43
72 62
73 0
73 27
73 2
74 19
74 11
74 60
75 22
75 6
75 71
76 0
76 40
76 9
77 22
77 53
77 54
78 53
78 45
78 27
79 0
79 22
79 16
80 12
80 78
80 1
81 25
81 23
81 33
82 11
82 48
82 8
83 56
83 13
83 43
84 76
84 46
84 15
85 66
85 12
85 22
86 21
86 32
86 26
87 22
87 32
87 3
88 56
88 38
88 32
89 82
89 4
89 3
90 10
90 56
90 2
91 3
91 5
91 61
92 10
92 24
92 54
93 3
93 15
93 7
94 79
94 24
94 83
95 13
95 6
95 51
96 40
96 25
96 58
97 36
97 18
97 44
98 4
98 1
98 7
99 30
99 55
99 36
0 0 1 0 0 0 0 0 0 1 0 0 1 0 1 0 0 0 1 1 0 0 0 0 0 0 1 0 1 1 1 1 1 1 0 1 1 1 1 0 1 0 0 0 1 1 0 1 0 0 1 1 1 1 0 1 0 1 1 0 0 1 1 1 0 1 1 0 1 0 0 0 0 0 0 0 0 1 0 1 0 0 0 1 0 1 0 0 0 1 1 1 0 1 0 1 0 1 0 0
0 1 1 1 1 1 1 1 0 0 1 0 0 0 1 0 1 1 0 1 0 0 1 0 1 0 0 0 1 1 0 0 0 0 0 1 1 0 1 1 1 0 1 1 0 0 0 0 0 0 0 1 1 0 1 1 0 1 0 1 1 0 0 1 1 0 1 0 1 0 1 1 1 0 0 0 1 1 0 1 0 0 1 1 0 1 1 1 0 0 0 0 1 1 1 1 1 0 0 1
0 1 1 1 1 0 0 1 1 0 1 1 1 1 0 1 1 0 0 1 1 1 1 1 0 0 1 1 0 0 1 0 1 0 0 1 0 1 0 0 0 0 1 1 0 1 1 1 0 1 0 0 1 0 0 0 1 1 0 0 0 0 0 0 0 1 0 0 1 0 1 1 1 0 1 0 1 0 0 0 1 0 0 0 0 1 0 1 0 0 1 0 0 1 0 1 0 1 0 1
1 1 1 0 0 0 1 1 0 1 0 0 1 0 0 0 1 1 1 0 1 0 1 1 1 0 1 0 1 1 1 1 1 0 1 0 0 0 1 1 0 0 0 1 0 0 1 0 0 0 1 1 1 1 1 1 0 1 0 0 1 1 1 1 0 0 1 0 0 0 0 0 1 0 1 0 0 1 0 0 1 1 0 0 1 1 0 0 1 1 0 1 1 0 1 0 1 1 1 0
1 0 1 0 1 0 1 1 0 0 1 0 0 0 0 0 0 1 1 0 0 1 1 1 0 0 1 1 0 1 0 1 1 0 1 1 0 1 0 0 0 0 0 1 0 1 1 0 0 1 1 1 1 0 0 1 1 0 1 0 0 0 0 1 0 0 1 1 1 1 0 0 0 0 1 0 1 0 0 1 0 0 0 0 1 1 1 1 0 1 0 1 1 0 1 0 0 0 0 0