100 390 5
0 1
0 2
1 2
0 3
1 3
2 3
0 4
1 4
2 4
3 4
4 5
3 5
2 5
1 5
4 6
2 6
0 6
1 6
6 7
4 7
1 7
0 7
5 8
7 8
2 8
4 8
5 9
7 9
6 9
4 9
4 10
9 10
8 10
7 10
10 11
6 11
9 11
4 11
8 12
10 12
2 12
7 12
6 13
7 13
2 13
3 13
5 14
4 14
0 14
11 14
0 15
6 15
7 15
2 15
15 16
9 16
1 16
2 16
9 17
5 17
8 17
1 17
9 18
8 18
0 18
7 18
5 19
2 19
8 19
7 19
9 20
12 20
18 20
17 20
6 21
14 21
8 21
10 21
4 22
16 22
6 22
5 22
9 23
5 23
3 23
10 23
2 24
14 24
22 24
18 24
11 25
5 25
2 25
9 25
6 26
17 26
19 26
2 26
16 27
17 27
10 27
1 27
27 28
7 28
15 28
6 28
7 29
3 29
22 29
6 29
10 30
12 30
3 30
15 30
15 31
8 31
5 31
9 31
19 32
25 32
4 32
15 32
19 33
14 33
2 33
23 33
15 34
28 34
3 34
19 34
20 35
34 35
8 35
4 35
23 36
3 36
21 36
6 36
5 37
36 37
8 37
28 37
14 38
2 38
16 38
22 38
32 39
0 39
31 39
18 39
3 40
11 40
29 40
4 40
17 41
11 41
18 41
30 41
15 42
6 42
11 42
31 42
8 43
4 43
29 43
2 43
15 44
6 44
14 44
23 44
20 45
6 45
4 45
14 45
17 46
42 46
21 46
9 46
5 47
36 47
35 47
40 47
3 48
10 48
26 48
2 48
0 49
11 49
19 49
5 49
15 50
37 50
44 50
10 50
33 51
17 51
23 51
19 51
10 52
9 52
33 52
0 52
42 53
1 53
6 53
50 53
6 54
5 54
22 54
16 54
3 55
15 55
6 55
32 55
2 56
30 56
17 56
41 56
13 57
50 57
56 57
7 57
15 58
7 58
24 58
6 58
2 59
40 59
11 59
19 59
11 60
15 60
17 60
9 60
55 61
43 61
6 61
39 61
10 62
23 62
2 62
9 62
23 63
36 63
42 63
11 63
21 64
15 64
35 64
55 64
32 65
16 65
11 65
6 65
55 66
36 66
2 66
15 66
31 67
59 67
3 67
39 67
3 68
6 68
28 68
64 68
50 69
21 69
3 69
39 69
68 70
21 70
9 70
69 70
64 71
41 71
18 71
51 71
40 72
25 72
5 72
4 72
36 73
41 73
58 73
20 73
72 74
34 74
40 74
41 74
25 75
65 75
70 75
12 75
5 76
6 76
26 76
60 76
24 77
15 77
7 77
26 77
31 78
6 78
5 78
15 78
73 79
63 79
7 79
78 79
27 80
24 80
7 80
3 80
10 81
43 81
60 81
21 81
9 82
48 82
15 82
12 82
41 83
6 83
44 83
29 83
7 84
1 84
40 84
6 84
49 85
8 85
1 85
21 85
4 86
14 86
68 86
25 86
20 87
7 87
9 87
8 87
16 88
33 88
78 88
73 88
67 89
7 89
42 89
26 89
19 90
48 90
5 90
39 90
25 91
58 91
40 91
35 91
53 92
69 92
6 92
43 92
4 93
41 93
65 93
72 93
34 94
15 94
1 94
4 94
75 95
60 95
4 95
43 95
46 96
7 96
5 96
6 96
65 97
89 97
39 97
4 97
3 98
0 98
80 98
60 98
67 99
47 99
2 99
14 99
0 0 0 0 1 1 1 1 1 1 0 1 0 1 0 1 1 0 0 0 0 1 0 1 1 0 0 1 1 1 0 0 1 1 1 1 1 0 1 0 0 1 1 0 1 1 1 0 1 1 1 0 0 0 1 1 0 1 1 1 0 0 0 1 0 1 1 1 0 1 1 1 0 0 0 0 0 1 1 0 1 1 1 0 1 0 1 1 0 0 0 1 0 1 1 1 0 1 0 0
0 0 0 0 1 0 0 1 1 1 0 1 0 0 0 0 0 1 0 1 1 1 1 0 0 0 0 0 0 0 0 1 0 1 1 1 1 1 0 1 0 1 0 1 1 1 1 1 1 0 0 0 1 0 1 0 0 0 1 0 1 0 1 1 0 1 1 0 0 0 0 1 1 1 1 0 0 0 1 0 1 1 1 1 1 0 0 0 0 1 0 1 1 1 1 1 1 1 0 0
1 1 0 1 1 1 1 0 1 1 1 1 0 0 1 0 1 0 0 0 1 0 0 1 0 0 1 1 1 0 1 0 1 0 1 0 1 1 1 0 0 0 0 1 0 1 1 0 0 0 0 0 0 1 0 1 0 1 1 0 0 1 1 0 1 0 1 1 0 1 1 0 1 1 0 0 1 0 0 0 0 1 1 1 1 1 0 1 1 1 0 1 0 0 0 0 1 0 1 1
1 0 1 1 1 1 1 0 1 1 1 0 0 0 0 0 0 0 0 1 1 0 1 0 1 1 0 1 1 0 0 0 0 0 0 0 1 1 1 1 0 1 0 0 1 1 1 0 1 1 0 1 0 1 0 1 0 1 1 0 0 1 0 0 0 1 0 0 1 1 1 1 0 1 0 1 0 1 1 0 1 1 0 0 0 0 0 0 0 0 1 0 1 0 1 0 0 0 0 1
1 1 1 1 0 0 0 0 1 1 0 0 1 1 0 0 1 1 0 1 0 0 1 1 0 1 0 1 1 1 0 1 0 0 1 1 0 0 1 1 1 0 1 1 0 1 0 0 0 0 1 1 0 0 0 0 0 0 1 1 1 0 1 0 1 0 1 1 0 0 0 0 1 1 0 0 1 1 0 0 1 1 0 0 1 0 1 1 0 1 1 1 1 1 0 1 1 0 1 1