250 498 5
0 1
0 2
1 3
3 4
4 5
2 6
6 7
1 8
1 9
4 10
0 11
11 12
3 13
2 14
2 15
2 16
3 17
17 18
10 19
10 20
17 21
11 22
17 23
14 24
6 25
17 26
26 27
23 28
21 29
4 30
17 31
2 32
17 33
6 34
4 35
2 36
21 37
23 38
1 39
5 40
2 41
39 42
2 43
26 44
2 45
21 46
2 47
15 48
3 49
5 50
39 51
19 52
52 53
10 54
39 55
29 56
18 57
39 58
5 59
43 60
2 61
6 62
14 63
39 64
0 65
3 66
55 67
19 68
3 69
47 70
35 71
26 72
2 73
56 74
13 75
11 76
3 77
22 78
47 79
26 80
20 81
47 82
26 83
56 84
42 85
60 86
6 87
73 88
11 89
14 90
47 91
19 92
12 93
52 94
2 95
81 96
11 97
77 98
14 99
6 100
14 101
46 102
3 103
24 104
20 105
52 106
2 107
95 108
97 109
76 110
97 111
98 112
112 113
42 114
77 115
21 116
101 117
116 118
0 119
2 120
80 121
80 122
80 123
68 124
72 125
38 126
2 127
1 128
8 129
52 130
104 131
21 132
5 133
0 134
15 135
42 136
15 137
4 138
62 139
79 140
75 141
17 142
7 143
108 144
99 145
19 146
11 147
2 148
144 149
110 150
54 151
130 152
55 153
17 154
31 155
14 156
26 157
92 158
2 159
158 160
49 161
2 162
29 163
149 164
101 165
147 166
3 167
14 168
142 169
21 170
2 171
167 172
2 173
3 174
1 175
95 176
154 177
68 178
121 179
139 180
26 181
2 182
2 183
122 184
116 185
38 186
175 187
3 188
73 189
11 190
4 191
121 192
14 193
62 194
173 195
80 196
2 197
20 198
3 199
90 200
39 201
26 202
24 203
181 204
156 205
90 206
49 207
69 208
35 209
140 210
35 211
59 212
39 213
8 214
143 215
49 216
18 217
0 218
35 219
1 220
189 221
12 222
55 223
73 224
28 225
118 226
70 227
32 228
188 229
87 230
31 231
185 232
137 233
228 234
137 235
80 236
80 237
218 238
238 239
116 240
60 241
71 242
71 243
213 244
130 245
39 246
66 247
2 248
114 249
1 0
2 0
3 1
4 3
5 4
6 2
7 6
8 1
9 1
10 4
11 0
12 11
13 3
14 2
15 2
16 2
17 3
18 17
19 10
20 10
21 17
22 11
23 17
24 14
25 6
26 17
27 26
28 23
29 21
30 4
31 17
32 2
33 17
34 6
35 4
36 2
37 21
38 23
39 1
40 5
41 2
42 39
43 2
44 26
45 2
46 21
47 2
48 15
49 3
50 5
51 39
52 19
53 52
54 10
55 39
56 29
57 18
58 39
59 5
60 43
61 2
62 6
63 14
64 39
65 0
66 3
67 55
68 19
69 3
70 47
71 35
72 26
73 2
74 56
75 13
76 11
77 3
78 22
79 47
80 26
81 20
82 47
83 26
84 56
85 42
86 60
87 6
88 73
89 11
90 14
91 47
92 19
93 12
94 52
95 2
96 81
97 11
98 77
99 14
100 6
101 14
102 46
103 3
104 24
105 20
106 52
107 2
108 95
109 97
110 76
111 97
112 98
113 112
114 42
115 77
116 21
117 101
118 116
119 0
120 2
121 80
122 80
123 80
124 68
125 72
126 38
127 2
128 1
129 8
130 52
131 104
132 21
133 5
134 0
135 15
136 42
137 15
138 4
139 62
140 79
141 75
142 17
143 7
144 108
145 99
146 19
147 11
148 2
149 144
150 110
151 54
152 130
153 55
154 17
155 31
156 14
157 26
158 92
159 2
160 158
161 49
162 2
163 29
164 149
165 101
166 147
167 3
168 14
169 142
170 21
171 2
172 167
173 2
174 3
175 1
176 95
177 154
178 68
179 121
180 139
181 26
182 2
183 2
184 122
185 116
186 38
187 175
188 3
189 73
190 11
191 4
192 121
193 14
194 62
195 173
196 80
197 2
198 20
199 3
200 90
201 39
202 26
203 24
204 181
205 156
206 90
207 49
208 69
209 35
210 140
211 35
212 59
213 39
214 8
215 143
216 49
217 18
218 0
219 35
220 1
221 189
222 12
223 55
224 73
225 28
226 118
227 70
228 32
229 188
230 87
231 31
232 185
233 137
234 228
235 137
236 80
237 80
238 218
239 238
240 116
241 60
242 71
243 71
244 213
245 130
246 39
247 66
248 2
249 114
1 1 0 0 0 1 0 1 0 1 0 0 1 1 0 0 1 0 1 1 1 0 0 0 1 1 0 1 1 0 0 1 0 0 0 0 0 0 0 1 1 0 1 1 1 1 0 1 0 1 1 0 0 0 1 1 1 1 0 0 0 0 1 1 1 0 1 0 1 0 1 1 1 0 0 1 1 0 1 0 1 1 0 0 1 0 0 1 1 1 1 0 0 1 1 1 0 1 1 0 1 0 0 0 1 0 0 0 1 1 1 0 0 0 0 0 0 0 0 1 1 1 0 0 0 0 0 0 0 1 0 0 1 1 0 0 0 1 0 1 0 0 1 1 0 1 1 0 0 0 0 0 0 0 0 0 0 1 0 0 0 0 1 1 0 1 1 0 1 0 0 1 1 1 0 1 0 1 1 0 0 0 1 1 0 1 0 0 0 1 1 1 0 1 0 1 0 1 0 0 0 1 0 0 1 1 1 1 1 0 0 0 1 1 1 1 1 1 0 0 1 1 0 1 0 1 0 0 0 1 0 0 1 1 0 0 1 1 0 0 0 1 0 0 0 0 1 0 0 0
1 0 0 0 0 1 0 0 1 1 0 1 0 0 0 1 0 1 0 1 0 0 1 1 0 1 1 1 1 1 1 1 0 0 0 0 1 1 1 1 1 0 1 0 0 0 1 0 1 0 0 1 0 1 0 1 0 0 1 1 0 1 1 1 1 0 0 1 1 0 1 1 0 0 1 0 0 1 0 0 1 1 0 1 0 1 1 0 1 0 0 1 0 0 0 0 0 1 0 1 1 0 0 1 1 1 1 1 1 0 1 0 1 1 0 1 1 1 0 0 1 1 0 1 1 0 1 0 1 0 0 0 0 1 1 0 1 0 0 1 0 0 0 0 0 1 0 1 0 0 1 0 0 0 1 1 0 0 0 1 1 1 1 0 0 0 1 0 1 1 0 1 1 0 1 0 1 0 0 1 0 0 1 1 1 0 0 1 1 1 1 0 1 1 0 0 0 1 1 0 1 0 0 1 0 0 0 0 0 1 0 0 1 0 1 1 1 1 0 0 0 0 1 0 1 1 0 1 1 0 0 0 1 1 0 0 1 0 0 1 1 1 1 0 1 1 0 0 1 1
1 1 1 1 0 1 1 1 1 1 0 1 0 1 1 0 1 0 1 0 1 1 0 0 0 0 1 0 0 0 0 1 1 1 0 1 0 0 0 1 1 1 1 0 1 1 1 0 0 0 1 1 0 1 1 1 0 1 0 1 0 1 1 1 1 1 1 0 0 1 0 0 1 1 1 0 0 1 0 1 0 0 1 1 0 1 0 1 1 1 0 0 0 1 1 0 1 0 1 0 0 0 1 1 1 0 0 0 0 1 0 1 1 1 0 1 1 1 1 1 0 1 0 1 1 0 1 1 1 0 0 1 0 1 1 1 0 0 0 1 0 0 1 1 0 0 0 1 0 1 1 0 1 0 0 0 1 0 1 0 0 1 1 1 1 0 1 0 0 1 0 1 1 1 1 1 0 0 0 0 0 0 1 0 0 0 1 1 1 1 0 0 0 0 0 1 1 0 0 1 1 1 0 0 1 0 1 1 1 0 1 1 0 0 1 1 1 0 0 0 0 0 1 0 1 1 0 1 1 0 0 0 1 0 0 1 0 1 1 1 0 0 1 0 0 1 0 1 1 0
1 1 1 0 1 0 0 1 0 0 0 1 0 0 0 1 0 0 1 0 1 1 1 0 1 1 0 0 1 1 1 1 1 1 1 0 1 1 0 1 1 1 0 1 1 1 1 1 1 1 0 1 1 0 0 1 1 1 1 1 1 1 1 1 1 0 1 1 0 0 0 1 0 1 0 1 0 0 0 1 1 1 1 0 1 1 1 0 0 0 1 1 0 0 1 1 1 0 0 1 0 0 1 0 1 1 1 1 1 1 1 1 1 0 0 1 1 1 1 1 0 0 0 1 1 1 1 1 1 0 0 1 0 0 0 1 1 0 1 1 0 1 1 0 1 0 0 1 1 0 0 0 1 0 1 1 0 0 0 1 0 0 0 1 1 0 1 1 1 0 0 1 1 1 0 0 0 1 0 0 1 0 0 1 1 0 0 0 0 1 0 0 0 0 1 0 0 1 0 1 0 1 0 0 0 0 0 0 0 1 1 1 0 1 1 1 1 1 0 1 1 1 0 0 0 0 1 1 0 1 0 0 1 1 0 0 0 1 0 1 1 1 0 0 0 1 0 0 1 1
1 0 0 1 0 1 1 1 0 1 1 0 1 0 1 1 1 0 0 0 0 0 1 1 0 0 1 1 1 0 0 1 1 0 1 0 0 0 0 0 0 0 1 0 1 0 1 0 1 1 1 0 1 1 1 1 0 0 0 0 1 0 0 0 0 1 1 0 1 0 0 1 1 1 1 0 0 1 1 1 0 1 1 1 0 0 0 0 0 1 0 0 0 0 0 0 1 0 1 1 0 1 0 1 1 0 1 0 1 1 1 0 1 0 1 0 0 1 1 1 1 0 1 1 0 1 0 0 1 1 1 1 0 0 0 1 1 0 1 0 1 0 1 0 0 0 0 0 1 1 1 0 1 1 1 1 0 1 1 0 0 1 1 0 0 1 0 0 1 0 1 1 0 0 0 0 0 0 1 0 0 0 1 0 0 0 1 0 0 0 1 0 0 0 1 1 0 0 0 0 1 1 0 0 0 0 1 0 0 0 0 0 1 1 1 1 0 1 1 0 1 0 1 1 0 1 1 1 0 1 0 0 1 1 0 1 0 0 1 0 1 1 1 0 0 0 1 1 1 1