100 780 5
0 1
0 2
1 2
0 3
1 3
2 3
0 4
1 4
2 4
3 4
0 5
4 5
2 5
3 5
2 6
3 6
5 6
4 6
5 7
2 7
3 7
6 7
2 8
3 8
0 8
5 8
8 9
3 9
6 9
4 9
8 10
7 10
1 10
0 10
10 11
6 11
7 11
3 11
7 12
4 12
10 12
2 12
8 13
3 13
6 13
7 13
12 14
10 14
6 14
1 14
14 15
4 15
1 15
3 15
15 16
2 16
8 16
6 16
1 17
0 17
7 17
4 17
4 18
6 18
2 18
16 18
3 19
16 19
1 19
5 19
12 20
3 20
19 20
7 20
1 21
16 21
9 21
8 21
18 22
12 22
0 22
19 22
6 23
1 23
3 23
10 23
4 24
15 24
1 24
23 24
6 25
11 25
5 25
3 25
12 26
7 26
17 26
3 26
16 27
2 27
4 27
5 27
9 28
17 28
16 28
3 28
19 29
1 29
3 29
4 29
1 30
15 30
18 30
2 30
13 31
4 31
18 31
6 31
2 32
22 32
10 32
1 32
2 33
13 33
25 33
12 33
25 34
1 34
24 34
11 34
12 35
5 35
32 35
19 35
25 36
12 36
4 36
31 36
1 37
35 37
17 37
8 37
2 38
8 38
23 38
6 38
3 39
1 39
25 39
21 39
25 40
3 40
32 40
1 40
13 41
4 41
17 41
18 41
25 42
3 42
0 42
30 42
17 43
3 43
1 43
15 43
1 44
2 44
31 44
13 44
16 45
4 45
13 45
17 45
10 46
29 46
17 46
0 46
5 47
16 47
29 47
1 47
39 48
34 48
21 48
3 48
34 49
0 49
14 49
12 49
45 50
39 50
43 50
17 50
50 51
13 51
22 51
15 51
4 52
14 52
16 52
39 52
40 53
2 53
49 53
9 53
3 54
41 54
11 54
14 54
23 55
4 55
29 55
9 55
36 56
6 56
32 56
9 56
10 57
49 57
9 57
29 57
23 58
0 58
57 58
7 58
25 59
9 59
52 59
19 59
11 60
59 60
10 60
33 60
49 61
19 61
15 61
13 61
60 62
40 62
5 62
61 62
23 63
8 63
35 63
4 63
4 64
32 64
18 64
16 64
3 65
18 65
1 65
9 65
58 66
2 66
23 66
0 66
56 67
23 67
64 67
45 67
10 68
19 68
42 68
62 68
1 69
3 69
4 69
51 69
23 70
62 70
46 70
4 70
52 71
27 71
36 71
2 71
54 72
3 72
5 72
8 72
48 73
23 73
21 73
38 73
61 74
23 74
8 74
25 74
71 75
10 75
19 75
65 75
51 76
6 76
27 76
4 76
0 77
1 77
7 77
64 77
66 78
21 78
26 78
71 78
7 79
41 79
0 79
23 79
8 80
2 80
3 80
31 80
14 81
59 81
7 81
3 81
8 82
36 82
2 82
16 82
34 83
27 83
80 83
54 83
27 84
4 84
60 84
58 84
65 85
38 85
6 85
3 85
8 86
9 86
4 86
25 86
18 87
1 87
15 87
2 87
15 88
2 88
73 88
1 88
61 89
45 89
1 89
11 89
34 90
4 90
5 90
1 90
3 91
87 91
89 91
34 91
1 92
42 92
15 92
26 92
1 93
48 93
65 93
75 93
88 94
35 94
16 94
1 94
0 95
35 95
44 95
6 95
4 96
25 96
71 96
39 96
8 97
3 97
26 97
59 97
53 98
8 98
15 98
19 98
1 99
25 99
2 99
40 99
1 0
2 0
2 1
3 0
3 1
3 2
4 0
4 1
4 2
4 3
5 0
5 4
5 2
5 3
6 2
6 3
6 5
6 4
7 5
7 2
7 3
7 6
8 2
8 3
8 0
8 5
9 8
9 3
9 6
9 4
10 8
10 7
10 1
10 0
11 10
11 6
11 7
11 3
12 7
12 4
12 10
12 2
13 8
13 3
13 6
13 7
14 12
14 10
14 6
14 1
15 14
15 4
15 1
15 3
16 15
16 2
16 8
16 6
17 1
17 0
17 7
17 4
18 4
18 6
18 2
18 16
19 3
19 16
19 1
19 5
20 12
20 3
20 19
20 7
21 1
21 16
21 9
21 8
22 18
22 12
22 0
22 19
23 6
23 1
23 3
23 10
24 4
24 15
24 1
24 23
25 6
25 11
25 5
25 3
26 12
26 7
26 17
26 3
27 16
27 2
27 4
27 5
28 9
28 17
28 16
28 3
29 19
29 1
29 3
29 4
30 1
30 15
30 18
30 2
31 13
31 4
31 18
31 6
32 2
32 22
32 10
32 1
33 2
33 13
33 25
33 12
34 25
34 1
34 24
34 11
35 12
35 5
35 32
35 19
36 25
36 12
36 4
36 31
37 1
37 35
37 17
37 8
38 2
38 8
38 23
38 6
39 3
39 1
39 25
39 21
40 25
40 3
40 32
40 1
41 13
41 4
41 17
41 18
42 25
42 3
42 0
42 30
43 17
43 3
43 1
43 15
44 1
44 2
44 31
44 13
45 16
45 4
45 13
45 17
46 10
46 29
46 17
46 0
47 5
47 16
47 29
47 1
48 39
48 34
48 21
48 3
49 34
49 0
49 14
49 12
50 45
50 39
50 43
50 17
51 50
51 13
51 22
51 15
52 4
52 14
52 16
52 39
53 40
53 2
53 49
53 9
54 3
54 41
54 11
54 14
55 23
55 4
55 29
55 9
56 36
56 6
56 32
56 9
57 10
57 49
57 9
57 29
58 23
58 0
58 57
58 7
59 25
59 9
59 52
59 19
60 11
60 59
60 10
60 33
61 49
61 19
61 15
61 13
62 60
62 40
62 5
62 61
63 23
63 8
63 35
63 4
64 4
64 32
64 18
64 16
65 3
65 18
65 1
65 9
66 58
66 2
66 23
66 0
67 56
67 23
67 64
67 45
68 10
68 19
68 42
68 62
69 1
69 3
69 4
69 51
70 23
70 62
70 46
70 4
71 52
71 27
71 36
71 2
72 54
72 3
72 5
72 8
73 48
73 23
73 21
73 38
74 61
74 23
74 8
74 25
75 71
75 10
75 19
75 65
76 51
76 6
76 27
76 4
77 0
77 1
77 7
77 64
78 66
78 21
78 26
78 71
79 7
79 41
79 0
79 23
80 8
80 2
80 3
80 31
81 14
81 59
81 7
81 3
82 8
82 36
82 2
82 16
83 34
83 27
83 80
83 54
84 27
84 4
84 60
84 58
85 65
85 38
85 6
85 3
86 8
86 9
86 4
86 25
87 18
87 1
87 15
87 2
88 15
88 2
88 73
88 1
89 61
89 45
89 1
89 11
90 34
90 4
90 5
90 1
91 3
91 87
91 89
91 34
92 1
92 42
92 15
92 26
93 1
93 48
93 65
93 75
94 88
94 35
94 16
94 1
95 0
95 35
95 44
95 6
96 4
96 25
96 71
96 39
97 8
97 3
97 26
97 59
98 53
98 8
98 15
98 19
99 1
99 25
99 2
99 40
1 0 0 0 0 1 1 1 0 0 1 0 1 1 0 0 1 0 1 1 1 1 1 1 1 1 0 1 1 0 1 0 1 0 1 1 0 1 1 1 1 0 0 1 1 1 1 1 1 1 1 0 1 0 0 0 1 1 1 0 0 0 1 1 0 1 1 1 1 1 1 1 0 1 1 0 1 0 0 0 0 0 1 1 0 0 1 0 0 1 0 1 0 0 0 1 0 0 0 1
0 0 1 1 1 1 1 1 0 1 1 1 0 0 1 0 1 1 0 1 1 1 0 0 1 0 0 1 0 1 0 0 0 1 1 1 0 1 0 1 1 0 0 0 0 1 0 1 0 1 0 0 0 0 0 0 0 0 1 1 0 1 0 1 0 0 0 0 0 0 0 1 1 1 1 1 0 0 0 1 1 0 0 0 0 1 1 1 1 1 1 0 0 0 1 1 0 1 1 1
0 1 0 0 0 1 0 0 1 0 1 0 0 1 1 0 0 1 0 1 1 0 0 1 1 0 1 1 0 0 1 1 1 0 0 0 0 1 1 1 0 0 1 0 1 0 1 1 0 1 0 0 1 1 0 1 1 1 0 1 0 0 0 1 0 1 1 1 1 1 1 1 1 1 1 1 0 0 1 1 1 1 0 0 0 0 1 1 1 0 1 1 1 1 0 0 1 0 1 0
1 1 1 1 0 1 0 1 1 1 1 0 1 1 0 0 1 0 1 1 1 1 0 0 1 0 0 1 0 0 1 1 0 0 1 0 1 1 0 1 1 0 0 0 0 1 0 1 0 1 1 0 1 0 0 1 1 1 0 1 0 0 0 0 1 0 0 0 0 1 0 0 0 1 1 0 1 0 0 0 1 1 1 0 1 1 0 1 1 0 1 0 1 0 0 1 0 1 1 1
1 0 0 0 1 1 0 1 0 0 0 1 1 1 0 0 1 0 0 0 0 1 0 1 0 0 0 1 1 1 1 1 0 0 0 0 1 0 0 0 0 1 1 0 1 0 0 0 0 0 0 1 1 1 0 0 1 1 1 0 0 1 0 1 0 0 0 1 1 1 0 1 0 0 0 1 0 1 0 0 0 0 0 1 1 1 0 0 1 0 1 0 0 0 0 0 1 1 0 1