50 288 5
0 1
0 2
1 2
0 3
1 3
2 3
0 4
1 4
3 4
3 5
1 5
0 5
3 6
4 6
0 6
6 7
1 7
3 7
1 8
6 8
2 8
1 9
5 9
2 9
6 10
3 10
1 10
1 11
10 11
0 11
10 12
5 12
6 12
10 13
9 13
2 13
0 14
11 14
8 14
14 15
0 15
8 15
3 16
1 16
10 16
11 17
7 17
2 17
12 18
13 18
4 18
12 19
14 19
3 19
2 20
3 20
9 20
6 21
9 21
7 21
12 22
21 22
15 22
6 23
9 23
8 23
11 24
1 24
9 24
12 25
17 25
23 25
1 26
8 26
18 26
5 27
2 27
11 27
13 28
14 28
11 28
13 29
18 29
0 29
11 30
3 30
9 30
3 31
21 31
19 31
20 32
26 32
9 32
18 33
12 33
3 33
8 34
25 34
3 34
13 35
25 35
1 35
35 36
6 36
1 36
8 37
11 37
22 37
30 38
26 38
5 38
1 39
25 39
35 39
37 40
23 40
6 40
8 41
33 41
0 41
8 42
2 42
38 42
17 43
1 43
20 43
3 44
6 44
0 44
11 45
18 45
43 45
17 46
2 46
1 46
39 47
3 47
25 47
0 48
18 48
6 48
11 49
43 49
23 49
1 0
2 0
2 1
3 0
3 1
3 2
4 0
4 1
4 3
5 3
5 1
5 0
6 3
6 4
6 0
7 6
7 1
7 3
8 1
8 6
8 2
9 1
9 5
9 2
10 6
10 3
10 1
11 1
11 10
11 0
12 10
12 5
12 6
13 10
13 9
13 2
14 0
14 11
14 8
15 14
15 0
15 8
16 3
16 1
16 10
17 11
17 7
17 2
18 12
18 13
18 4
19 12
19 14
19 3
20 2
20 3
20 9
21 6
21 9
21 7
22 12
22 21
22 15
23 6
23 9
23 8
24 11
24 1
24 9
25 12
25 17
25 23
26 1
26 8
26 18
27 5
27 2
27 11
28 13
28 14
28 11
29 13
29 18
29 0
30 11
30 3
30 9
31 3
31 21
31 19
32 20
32 26
32 9
33 18
33 12
33 3
34 8
34 25
34 3
35 13
35 25
35 1
36 35
36 6
36 1
37 8
37 11
37 22
38 30
38 26
38 5
39 1
39 25
39 35
40 37
40 23
40 6
41 8
41 33
41 0
42 8
42 2
42 38
43 17
43 1
43 20
44 3
44 6
44 0
45 11
45 18
45 43
46 17
46 2
46 1
47 39
47 3
47 25
48 0
48 18
48 6
49 11
49 43
49 23
0 0 1 0 1 1 1 0 1 0 0 0 1 0 1 0 1 0 0 1 1 1 0 0 1 1 1 1 0 0 0 1 1 1 0 0 1 1 1 0 0 1 1 0 0 1 1 1 1 0
1 0 1 1 0 1 0 0 1 1 1 1 1 0 0 0 1 1 0 1 0 0 1 0 0 1 1 0 0 1 0 0 1 1 0 0 1 0 0 1 1 1 0 1 1 1 0 1 0 0
1 1 0 1 1 1 1 1 1 0 0 0 1 0 1 1 0 0 0 1 1 1 1 0 1 1 0 0 1 1 0 0 0 1 0 1 0 0 1 0 1 1 0 0 1 0 0 1 1 1
1 0 1 1 1 0 0 1 1 0 1 0 1 1 1 1 1 0 1 1 0 0 1 0 1 0 0 0 0 0 0 0 1 0 0 1 1 0 1 0 0 0 0 0 0 0 1 1 0 1
0 1 1 0 1 0 0 0 0 1 0 0 0 0 0 1 1 0 1 1 1 1 1 0 0 1 0 1 0 0 0 1 0 1 1 0 0 0 1 0 0 0 0 1 0 0 0 1 0 0