100 390 5
0 1
0 2
1 2
0 3
1 3
2 3
0 4
1 4
2 4
3 4
2 5
0 5
1 5
3 5
1 6
2 6
0 6
4 6
2 7
6 7
0 7
1 7
6 8
2 8
7 8
3 8
8 9
2 9
0 9
1 9
2 10
7 10
4 10
1 10
6 11
2 11
10 11
1 11
4 12
11 12
1 12
7 12
10 13
8 13
12 13
7 13
2 14
1 14
11 14
3 14
1 15
8 15
10 15
2 15
4 16
9 16
10 16
2 16
7 17
0 17
2 17
10 17
7 18
2 18
8 18
11 18
12 19
13 19
9 19
4 19
4 20
14 20
1 20
2 20
2 21
12 21
3 21
19 21
1 22
11 22
0 22
6 22
9 23
13 23
20 23
0 23
0 24
11 24
4 24
6 24
17 25
20 25
2 25
7 25
1 26
21 26
25 26
10 26
11 27
10 27
26 27
13 27
15 28
27 28
20 28
17 28
24 29
7 29
21 29
4 29
12 30
1 30
11 30
10 30
18 31
15 31
7 31
25 31
1 32
21 32
7 32
2 32
2 33
31 33
26 33
25 33
20 34
7 34
11 34
16 34
0 35
24 35
13 35
5 35
3 36
20 36
5 36
2 36
10 37
21 37
11 37
26 37
25 38
3 38
0 38
31 38
5 39
6 39
4 39
8 39
13 40
29 40
31 40
2 40
2 41
7 41
23 41
0 41
31 42
38 42
33 42
9 42
3 43
21 43
20 43
2 43
4 44
1 44
10 44
21 44
2 45
39 45
19 45
4 45
7 46
38 46
8 46
3 46
27 47
31 47
35 47
0 47
6 48
14 48
0 48
1 48
1 49
2 49
8 49
13 49
17 50
42 50
5 50
10 50
4 51
2 51
18 51
28 51
11 52
13 52
6 52
10 52
2 53
6 53
15 53
33 53
2 54
4 54
20 54
49 54
5 55
4 55
44 55
10 55
7 56
13 56
38 56
32 56
0 57
10 57
4 57
7 57
11 58
10 58
7 58
14 58
27 59
46 59
47 59
8 59
56 60
26 60
0 60
2 60
2 61
21 61
17 61
48 61
28 62
57 62
2 62
0 62
7 63
13 63
19 63
59 63
3 64
4 64
0 64
29 64
2 65
48 65
1 65
26 65
36 66
37 66
15 66
62 66
0 67
2 67
46 67
31 67
9 68
44 68
57 68
7 68
2 69
44 69
9 69
20 69
54 70
22 70
29 70
40 70
32 71
56 71
3 71
69 71
9 72
57 72
0 72
46 72
64 73
2 73
29 73
21 73
21 74
70 74
13 74
63 74
5 75
20 75
13 75
4 75
5 76
0 76
32 76
57 76
21 77
1 77
13 77
27 77
30 78
39 78
20 78
7 78
73 79
28 79
32 79
49 79
52 80
7 80
57 80
32 80
55 81
2 81
26 81
19 81
81 82
33 82
0 82
2 82
13 83
0 83
22 83
1 83
2 84
25 84
15 84
72 84
81 85
42 85
30 85
40 85
50 86
29 86
37 86
64 86
14 87
79 87
32 87
20 87
15 88
57 88
80 88
24 88
20 89
46 89
64 89
79 89
32 90
48 90
28 90
17 90
74 91
27 91
0 91
26 91
15 92
11 92
54 92
87 92
77 93
20 93
10 93
4 93
86 94
2 94
90 94
38 94
38 95
60 95
92 95
6 95
45 96
4 96
10 96
6 96
12 97
51 97
20 97
10 97
3 98
27 98
13 98
12 98
7 99
1 99
90 99
64 99
0 1 0 1 1 0 0 1 1 0 1 0 0 0 0 0 1 1 1 0 0 0 0 0 1 1 1 0 0 1 0 0 1 0 1 1 0 0 0 0 1 0 1 0 0 0 0 0 1 0 1 1 0 1 1 1 0 1 1 0 0 1 1 0 1 1 0 0 0 0 0 1 0 0 0 0 1 0 1 1 1 1 0 1 0 1 0 0 1 1 1 1 1 1 0 0 0 0 1 1
1 1 1 1 1 0 0 1 0 1 0 0 0 0 1 0 1 1 0 0 1 0 1 1 0 0 0 0 0 0 0 1 0 1 1 0 1 1 0 0 1 0 0 1 0 0 1 0 1 0 1 0 0 1 1 0 1 0 0 0 1 0 1 0 0 1 1 1 1 0 1 0 0 1 1 0 1 0 0 1 1 0 0 1 0 0 1 0 0 1 1 0 1 1 1 0 0 0 0 1
0 1 0 1 0 1 1 1 1 1 0 0 1 0 0 0 0 0 0 1 0 0 0 1 1 1 1 1 1 1 1 1 0 1 0 0 0 1 1 1 1 0 1 0 1 0 0 1 0 0 1 1 0 0 0 0 0 0 1 0 1 1 0 0 1 1 1 0 1 0 0 0 0 0 0 1 1 0 0 0 1 0 1 0 0 1 0 0 0 1 1 0 1 1 0 1 0 0 1 1
0 1 0 1 1 1 1 1 1 0 0 0 0 1 1 0 0 0 0 0 0 1 1 0 0 1 1 0 1 1 1 1 1 1 0 1 1 1 1 0 1 1 1 1 1 0 0 0 0 1 1 1 0 1 0 0 0 1 1 0 0 0 1 1 0 1 0 0 1 0 1 1 1 0 1 1 1 0 1 0 1 0 1 0 1 1 0 1 1 1 0 0 0 0 0 0 1 1 1 0
0 1 1 1 1 0 1 0 1 0 0 0 0 1 1 1 1 1 1 1 1 0 1 1 0 0 0 0 1 1 1 1 0 0 0 0 1 0 0 0 0 1 1 1 1 1 0 1 1 1 0 1 1 1 1 1 1 1 1 0 1 0 1 0 0 1 0 1 1 0 1 1 0 0 0 1 1 1 0 0 1 0 1 0 0 1 0 0 0 1 1 1 0 1 0 1 1 1 1 0