100 588 5
0 1
0 2
1 2
0 3
1 3
2 3
1 4
2 4
0 4
1 5
3 5
2 5
3 6
1 6
5 6
1 7
0 7
4 7
5 8
3 8
4 8
7 9
3 9
8 9
4 10
5 10
3 10
1 11
3 11
6 11
4 12
6 12
5 12
4 13
10 13
11 13
8 14
6 14
12 14
4 15
12 15
14 15
9 16
1 16
2 16
11 17
5 17
0 17
4 18
14 18
17 18
12 19
11 19
4 19
19 20
7 20
4 20
3 21
20 21
1 21
6 22
21 22
13 22
13 23
21 23
4 23
1 24
12 24
16 24
7 25
19 25
8 25
1 26
13 26
4 26
0 27
26 27
1 27
19 28
12 28
22 28
7 29
15 29
4 29
3 30
28 30
7 30
21 31
16 31
13 31
5 32
7 32
21 32
4 33
6 33
21 33
28 34
20 34
29 34
26 35
9 35
5 35
12 36
2 36
17 36
15 37
24 37
3 37
26 38
7 38
4 38
4 39
20 39
7 39
33 40
34 40
0 40
36 41
26 41
37 41
2 42
38 42
4 42
3 43
15 43
14 43
13 44
4 44
9 44
0 45
34 45
15 45
4 46
11 46
13 46
4 47
28 47
22 47
34 48
2 48
16 48
32 49
21 49
13 49
14 50
33 50
27 50
40 51
50 51
31 51
19 52
22 52
2 52
26 53
49 53
2 53
20 54
12 54
13 54
4 55
6 55
24 55
21 56
8 56
26 56
1 57
38 57
36 57
27 58
3 58
19 58
10 59
23 59
26 59
53 60
18 60
50 60
39 61
44 61
60 61
3 62
54 62
13 62
38 63
33 63
1 63
54 64
3 64
26 64
33 65
10 65
31 65
31 66
60 66
2 66
17 67
27 67
35 67
1 68
13 68
27 68
31 69
15 69
37 69
48 70
13 70
9 70
20 71
38 71
12 71
14 72
2 72
13 72
9 73
3 73
8 73
17 74
54 74
16 74
51 75
32 75
5 75
4 76
17 76
38 76
76 77
4 77
38 77
6 78
13 78
25 78
0 79
3 79
35 79
48 80
16 80
54 80
13 81
12 81
60 81
26 82
74 82
79 82
77 83
33 83
20 83
23 84
35 84
2 84
27 85
25 85
58 85
13 86
36 86
28 86
46 87
18 87
58 87
77 88
46 88
50 88
1 89
31 89
51 89
66 90
35 90
42 90
61 91
81 91
37 91
63 92
19 92
21 92
33 93
69 93
5 93
66 94
38 94
81 94
10 95
24 95
50 95
20 96
59 96
10 96
35 97
71 97
8 97
87 98
40 98
67 98
77 99
33 99
97 99
1 0
2 0
2 1
3 0
3 1
3 2
4 1
4 2
4 0
5 1
5 3
5 2
6 3
6 1
6 5
7 1
7 0
7 4
8 5
8 3
8 4
9 7
9 3
9 8
10 4
10 5
10 3
11 1
11 3
11 6
12 4
12 6
12 5
13 4
13 10
13 11
14 8
14 6
14 12
15 4
15 12
15 14
16 9
16 1
16 2
17 11
17 5
17 0
18 4
18 14
18 17
19 12
19 11
19 4
20 19
20 7
20 4
21 3
21 20
21 1
22 6
22 21
22 13
23 13
23 21
23 4
24 1
24 12
24 16
25 7
25 19
25 8
26 1
26 13
26 4
27 0
27 26
27 1
28 19
28 12
28 22
29 7
29 15
29 4
30 3
30 28
30 7
31 21
31 16
31 13
32 5
32 7
32 21
33 4
33 6
33 21
34 28
34 20
34 29
35 26
35 9
35 5
36 12
36 2
36 17
37 15
37 24
37 3
38 26
38 7
38 4
39 4
39 20
39 7
40 33
40 34
40 0
41 36
41 26
41 37
42 2
42 38
42 4
43 3
43 15
43 14
44 13
44 4
44 9
45 0
45 34
45 15
46 4
46 11
46 13
47 4
47 28
47 22
48 34
48 2
48 16
49 32
49 21
49 13
50 14
50 33
50 27
51 40
51 50
51 31
52 19
52 22
52 2
53 26
53 49
53 2
54 20
54 12
54 13
55 4
55 6
55 24
56 21
56 8
56 26
57 1
57 38
57 36
58 27
58 3
58 19
59 10
59 23
59 26
60 53
60 18
60 50
61 39
61 44
61 60
62 3
62 54
62 13
63 38
63 33
63 1
64 54
64 3
64 26
65 33
65 10
65 31
66 31
66 60
66 2
67 17
67 27
67 35
68 1
68 13
68 27
69 31
69 15
69 37
70 48
70 13
70 9
71 20
71 38
71 12
72 14
72 2
72 13
73 9
73 3
73 8
74 17
74 54
74 16
75 51
75 32
75 5
76 4
76 17
76 38
77 76
77 4
77 38
78 6
78 13
78 25
79 0
79 3
79 35
80 48
80 16
80 54
81 13
81 12
81 60
82 26
82 74
82 79
83 77
83 33
83 20
84 23
84 35
84 2
85 27
85 25
85 58
86 13
86 36
86 28
87 46
87 18
87 58
88 77
88 46
88 50
89 1
89 31
89 51
90 66
90 35
90 42
91 61
91 81
91 37
92 63
92 19
92 21
93 33
93 69
93 5
94 66
94 38
94 81
95 10
95 24
95 50
96 20
96 59
96 10
97 35
97 71
97 8
98 87
98 40
98 67
99 77
99 33
99 97
1 1 0 0 0 0 0 1 1 0 0 0 1 1 1 1 0 0 1 1 1 0 0 0 0 1 0 1 0 0 1 1 1 0 1 1 0 1 0 1 0 1 1 0 0 0 0 0 0 1 0 0 1 0 0 0 0 1 0 0 1 1 0 1 0 1 1 0 0 1 1 0 1 1 1 0 1 1 0 1 1 1 1 1 0 1 0 1 1 0 0 0 1 1 1 0 0 0 1 1
1 0 0 0 0 1 1 1 0 0 1 1 1 0 1 1 1 0 0 0 1 1 1 1 0 1 0 0 0 0 1 1 0 0 0 0 0 1 0 0 1 1 0 1 1 0 0 0 0 1 1 0 1 0 0 1 1 1 1 1 1 1 0 0 1 0 1 0 0 0 1 0 0 0 0 0 1 1 1 0 0 1 1 1 0 1 0 0 1 1 1 1 0 1 0 0 1 0 0 1
0 0 1 1 0 0 1 1 1 1 1 0 0 0 0 0 0 1 1 0 0 0 1 1 0 1 1 0 1 1 1 0 0 0 0 0 0 1 0 0 1 0 1 0 1 0 1 1 0 0 0 1 1 0 1 1 1 1 0 0 0 1 0 0 0 1 0 1 1 1 1 0 1 1 1 0 0 1 1 1 0 0 0 1 0 1 1 0 0 1 1 0 0 0 0 0 1 0 0 0
1 1 1 0 0 1 1 1 0 1 1 1 0 1 1 1 1 1 0 0 1 1 0 1 0 1 1 0 0 0 0 1 0 0 0 0 1 0 1 0 1 1 0 1 1 0 1 1 0 1 0 0 1 1 0 1 1 0 0 0 0 0 1 0 1 0 1 1 0 0 0 0 0 1 0 1 1 0 1 0 1 1 0 0 1 1 0 0 0 0 1 0 0 0 1 1 1 1 0 0
0 1 1 0 0 0 1 0 1 0 1 1 0 1 1 1 1 1 1 1 1 1 0 1 1 0 0 1 0 0 1 1 0 1 1 1 1 0 1 1 1 0 0 1 0 1 1 0 0 1 1 1 0 0 1 1 0 0 1 1 1 0 0 0 1 1 1 1 1 1 0 0 0 0 1 1 1 1 1 1 0 0 0 1 1 0 0 0 0 0 0 0 1 0 0 0 0 1 1 0