100 588 5
0 1
0 2
1 2
0 3
1 3
2 3
1 4
0 4
2 4
2 5
3 5
1 5
3 6
1 6
5 6
2 7
4 7
6 7
7 8
4 8
3 8
7 9
6 9
3 9
5 10
3 10
1 10
2 11
6 11
5 11
5 12
2 12
4 12
0 13
4 13
1 13
4 14
9 14
2 14
6 15
8 15
4 15
1 16
3 16
0 16
9 17
5 17
2 17
2 18
3 18
1 18
7 19
13 19
0 19
15 20
1 20
13 20
6 21
16 21
3 21
1 22
0 22
2 22
21 23
6 23
0 23
10 24
18 24
7 24
5 25
18 25
22 25
24 26
1 26
3 26
0 27
25 27
16 27
11 28
22 28
18 28
18 29
8 29
3 29
5 30
10 30
3 30
29 31
3 31
11 31
11 32
15 32
9 32
10 33
3 33
9 33
9 34
29 34
18 34
9 35
11 35
28 35
7 36
10 36
14 36
30 37
7 37
18 37
10 38
37 38
26 38
32 39
18 39
4 39
6 40
23 40
37 40
26 41
25 41
11 41
31 42
1 42
19 42
23 43
0 43
4 43
5 44
33 44
2 44
1 45
0 45
40 45
29 46
8 46
9 46
16 47
4 47
14 47
4 48
6 48
45 48
5 49
2 49
18 49
24 50
17 50
36 50
7 51
10 51
11 51
6 52
26 52
0 52
41 53
10 53
48 53
18 54
52 54
1 54
9 55
50 55
4 55
16 56
24 56
36 56
0 57
14 57
10 57
32 58
29 58
17 58
18 59
21 59
8 59
41 60
52 60
33 60
17 61
31 61
56 61
9 62
19 62
30 62
17 63
32 63
12 63
36 64
1 64
31 64
2 65
20 65
60 65
63 66
0 66
3 66
59 67
20 67
18 67
38 68
20 68
23 68
28 69
12 69
7 69
18 70
4 70
26 70
31 71
30 71
49 71
31 72
56 72
68 72
9 73
2 73
16 73
2 74
41 74
23 74
3 75
7 75
1 75
64 76
24 76
20 76
17 77
41 77
63 77
49 78
13 78
40 78
44 79
63 79
18 79
50 80
5 80
40 80
80 81
5 81
18 81
45 82
41 82
50 82
20 83
52 83
68 83
18 84
27 84
33 84
73 85
1 85
27 85
1 86
2 86
4 86
10 87
14 87
16 87
71 88
79 88
59 88
64 89
54 89
6 89
25 90
41 90
40 90
67 91
83 91
26 91
16 92
47 92
30 92
41 93
66 93
21 93
8 94
23 94
26 94
56 95
63 95
60 95
34 96
58 96
81 96
31 97
37 97
76 97
0 98
53 98
76 98
17 99
54 99
24 99
1 0
2 0
2 1
3 0
3 1
3 2
4 1
4 0
4 2
5 2
5 3
5 1
6 3
6 1
6 5
7 2
7 4
7 6
8 7
8 4
8 3
9 7
9 6
9 3
10 5
10 3
10 1
11 2
11 6
11 5
12 5
12 2
12 4
13 0
13 4
13 1
14 4
14 9
14 2
15 6
15 8
15 4
16 1
16 3
16 0
17 9
17 5
17 2
18 2
18 3
18 1
19 7
19 13
19 0
20 15
20 1
20 13
21 6
21 16
21 3
22 1
22 0
22 2
23 21
23 6
23 0
24 10
24 18
24 7
25 5
25 18
25 22
26 24
26 1
26 3
27 0
27 25
27 16
28 11
28 22
28 18
29 18
29 8
29 3
30 5
30 10
30 3
31 29
31 3
31 11
32 11
32 15
32 9
33 10
33 3
33 9
34 9
34 29
34 18
35 9
35 11
35 28
36 7
36 10
36 14
37 30
37 7
37 18
38 10
38 37
38 26
39 32
39 18
39 4
40 6
40 23
40 37
41 26
41 25
41 11
42 31
42 1
42 19
43 23
43 0
43 4
44 5
44 33
44 2
45 1
45 0
45 40
46 29
46 8
46 9
47 16
47 4
47 14
48 4
48 6
48 45
49 5
49 2
49 18
50 24
50 17
50 36
51 7
51 10
51 11
52 6
52 26
52 0
53 41
53 10
53 48
54 18
54 52
54 1
55 9
55 50
55 4
56 16
56 24
56 36
57 0
57 14
57 10
58 32
58 29
58 17
59 18
59 21
59 8
60 41
60 52
60 33
61 17
61 31
61 56
62 9
62 19
62 30
63 17
63 32
63 12
64 36
64 1
64 31
65 2
65 20
65 60
66 63
66 0
66 3
67 59
67 20
67 18
68 38
68 20
68 23
69 28
69 12
69 7
70 18
70 4
70 26
71 31
71 30
71 49
72 31
72 56
72 68
73 9
73 2
73 16
74 2
74 41
74 23
75 3
75 7
75 1
76 64
76 24
76 20
77 17
77 41
77 63
78 49
78 13
78 40
79 44
79 63
79 18
80 50
80 5
80 40
81 80
81 5
81 18
82 45
82 41
82 50
83 20
83 52
83 68
84 18
84 27
84 33
85 73
85 1
85 27
86 1
86 2
86 4
87 10
87 14
87 16
88 71
88 79
88 59
89 64
89 54
89 6
90 25
90 41
90 40
91 67
91 83
91 26
92 16
92 47
92 30
93 41
93 66
93 21
94 8
94 23
94 26
95 56
95 63
95 60
96 34
96 58
96 81
97 31
97 37
97 76
98 0
98 53
98 76
99 17
99 54
99 24
0 1 1 1 1 0 0 0 1 1 1 1 1 1 1 1 0 0 0 0 0 1 0 0 0 1 1 0 0 0 1 1 1 0 0 1 1 0 0 1 1 0 1 1 1 0 1 0 1 1 1 0 1 0 0 0 0 0 0 0 0 1 1 0 0 1 0 1 1 1 0 0 1 0 1 1 1 0 1 1 0 1 0 0 0 1 1 0 0 0 0 0 0 1 1 1 1 0 1 1
0 0 0 1 0 0 1 1 0 1 1 0 1 0 1 0 1 1 1 1 1 0 0 0 1 0 0 1 1 0 0 1 1 0 1 0 1 0 0 1 1 1 0 0 0 1 0 1 0 1 1 0 1 0 1 1 1 0 0 1 0 1 1 0 0 1 1 0 1 0 0 0 1 1 0 1 1 0 0 0 0 1 1 1 1 0 1 1 0 0 0 1 0 0 1 1 1 1 0 1
0 1 1 1 1 0 0 1 1 1 0 0 0 0 0 1 1 0 0 0 1 0 0 0 1 1 1 0 0 1 0 1 0 1 0 1 1 1 0 0 1 1 0 1 0 1 0 0 0 0 0 0 0 1 0 1 0 1 0 1 1 1 0 1 0 0 0 1 1 0 0 0 0 1 1 1 0 0 0 0 0 0 0 0 1 0 1 0 0 1 1 0 0 1 1 1 0 0 0 0
1 1 0 0 1 0 1 0 1 1 1 0 0 0 0 1 0 1 0 1 1 1 0 0 0 1 0 1 1 0 1 1 0 0 0 0 1 1 0 0 1 1 0 1 0 0 0 1 1 1 1 1 0 1 1 1 1 0 1 1 0 1 1 1 0 0 1 0 0 0 1 0 0 1 0 0 0 0 0 1 0 1 1 1 0 0 1 1 1 0 0 1 1 0 0 0 1 0 1 0
0 1 0 0 1 0 0 0 1 0 0 0 0 1 1 1 0 1 0 0 0 1 0 1 0 1 1 1 0 1 1 1 1 0 0 0 1 0 1 1 0 1 1 0 0 0 0 1 1 1 0 0 0 0 1 1 1 0 0 1 1 1 0 0 0 0 0 0 0 0 0 0 0 1 0 1 1 1 0 0 1 0 1 0 1 1 1 1 1 1 0 1 1 0 1 0 0 1 1 0