100 198 5
0 1
1 2
2 3
0 4
4 5
4 6
4 7
6 8
8 9
7 10
5 11
9 12
7 13
4 14
12 15
4 16
4 17
11 18
8 19
16 20
11 21
5 22
5 23
16 24
4 25
4 26
4 27
25 28
26 29
24 30
5 31
24 32
2 33
20 34
9 35
24 36
29 37
5 38
38 39
6 40
35 41
2 42
5 43
31 44
15 45
36 46
22 47
12 48
44 49
5 50
4 51
43 52
26 53
38 54
54 55
34 56
8 57
49 58
5 59
0 60
14 61
57 62
11 63
1 64
64 65
30 66
49 67
8 68
10 69
14 70
56 71
31 72
19 73
26 74
4 75
21 76
46 77
11 78
44 79
30 80
13 81
13 82
36 83
83 84
41 85
26 86
78 87
40 88
33 89
9 90
90 91
5 92
19 93
36 94
85 95
28 96
13 97
5 98
56 99
1 0
2 1
3 2
4 0
5 4
6 4
7 4
8 6
9 8
10 7
11 5
12 9
13 7
14 4
15 12
16 4
17 4
18 11
19 8
20 16
21 11
22 5
23 5
24 16
25 4
26 4
27 4
28 25
29 26
30 24
31 5
32 24
33 2
34 20
35 9
36 24
37 29
38 5
39 38
40 6
41 35
42 2
43 5
44 31
45 15
46 36
47 22
48 12
49 44
50 5
51 4
52 43
53 26
54 38
55 54
56 34
57 8
58 49
59 5
60 0
61 14
62 57
63 11
64 1
65 64
66 30
67 49
68 8
69 10
70 14
71 56
72 31
73 19
74 26
75 4
76 21
77 46
78 11
79 44
80 30
81 13
82 13
83 36
84 83
85 41
86 26
87 78
88 40
89 33
90 9
91 90
92 5
93 19
94 36
95 85
96 28
97 13
98 5
99 56
1 1 1 1 1 1 1 1 1 1 0 1 1 1 0 1 0 1 1 1 1 0 0 1 1 0 1 0 0 1 1 1 0 1 0 1 0 0 1 1 1 1 0 1 0 0 1 1 0 1 1 0 0 1 0 0 1 1 0 0 1 1 0 1 0 1 0 1 1 1 1 0 0 1 0 1 0 0 0 1 0 1 1 0 1 0 0 1 1 1 1 1 0 1 1 1 1 0 0 1
1 1 1 1 1 1 0 1 0 1 1 0 1 0 0 0 1 1 1 1 0 0 1 0 0 1 0 0 0 0 0 1 0 1 1 0 0 1 0 1 0 1 0 1 1 1 0 0 0 1 0 1 1 0 1 0 1 1 0 0 0 0 1 1 1 1 1 1 1 1 0 1 1 0 0 0 1 0 1 0 0 1 1 1 1 0 1 0 1 0 1 0 0 0 1 0 1 1 1 0
0 0 1 0 0 1 0 0 1 0 1 1 1 0 0 0 1 1 1 1 0 1 0 1 0 1 0 0 1 0 0 1 0 1 1 0 1 1 0 1 0 1 0 1 1 1 0 0 1 0 1 0 0 1 0 1 0 0 1 0 1 0 1 1 0 0 0 1 1 1 1 1 0 1 0 0 1 0 0 0 1 1 1 0 0 1 0 0 0 1 1 1 1 0 0 1 0 0 1 1
0 0 1 1 0 1 1 0 0 1 1 0 1 0 1 1 0 0 0 0 1 0 1 0 1 0 1 0 0 1 1 1 0 0 0 0 1 0 0 0 1 0 0 0 1 1 0 0 1 1 0 0 0 0 1 1 1 1 1 1 1 0 0 1 1 1 0 0 0 0 1 0 1 0 1 1 0 0 0 1 1 0 0 0 0 0 1 1 1 0 0 1 1 0 0 0 1 1 0 0
1 0 0 0 1 1 1 0 0 0 1 1 1 1 1 0 1 0 0 0 0 0 0 1 0 1 1 1 1 0 1 0 1 1 1 0 1 0 0 1 0 1 1 1 0 0 0 1 1 0 0 0 1 0 0 0 1 1 0 0 0 1 1 1 0 1 0 0 0 1 1 0 0 1 1 0 1 1 0 0 1 1 0 0 0 1 0 1 1 1 1 0 1 1 1 0 1 0 0 0