100 390 5
0 1
0 2
1 2
0 3
1 3
2 3
0 4
1 4
2 4
3 4
2 5
1 5
0 5
4 5
3 6
2 6
1 6
4 6
4 7
0 7
5 7
1 7
3 8
2 8
0 8
1 8
4 9
2 9
3 9
1 9
4 10
9 10
3 10
1 10
9 11
1 11
5 11
3 11
0 12
9 12
7 12
4 12
10 13
9 13
12 13
2 13
10 14
2 14
6 14
11 14
3 15
7 15
13 15
2 15
4 16
1 16
9 16
3 16
1 17
4 17
3 17
15 17
1 18
17 18
4 18
13 18
2 19
12 19
0 19
3 19
1 20
3 20
4 20
9 20
16 21
3 21
2 21
0 21
19 22
4 22
9 22
5 22
2 23
22 23
9 23
14 23
3 24
6 24
1 24
2 24
2 25
4 25
8 25
3 25
14 26
3 26
6 26
15 26
2 27
3 27
16 27
4 27
24 28
10 28
0 28
14 28
6 29
13 29
2 29
9 29
15 30
4 30
8 30
18 30
4 31
11 31
10 31
14 31
8 32
10 32
2 32
4 32
17 33
13 33
31 33
12 33
3 34
11 34
29 34
10 34
11 35
14 35
10 35
0 35
9 36
4 36
1 36
10 36
12 37
15 37
28 37
22 37
27 38
8 38
1 38
9 38
13 39
8 39
2 39
28 39
1 40
2 40
4 40
29 40
16 41
5 41
10 41
4 41
1 42
12 42
41 42
3 42
12 43
36 43
3 43
2 43
43 44
10 44
12 44
3 44
33 45
12 45
21 45
34 45
1 46
3 46
0 46
22 46
11 47
2 47
22 47
12 47
16 48
22 48
13 48
31 48
11 49
13 49
48 49
4 49
16 50
26 50
36 50
11 50
9 51
10 51
3 51
1 51
46 52
18 52
1 52
13 52
3 53
51 53
13 53
31 53
17 54
18 54
2 54
12 54
45 55
4 55
35 55
1 55
6 56
14 56
43 56
0 56
46 57
18 57
4 57
19 57
31 58
17 58
18 58
16 58
3 59
11 59
25 59
18 59
57 60
24 60
54 60
9 60
24 61
17 61
1 61
10 61
4 62
1 62
10 62
18 62
39 63
38 63
2 63
48 63
18 64
7 64
11 64
3 64
2 65
9 65
62 65
22 65
31 66
28 66
40 66
45 66
22 67
5 67
19 67
23 67
34 68
37 68
28 68
36 68
8 69
54 69
44 69
65 69
1 70
56 70
25 70
5 70
21 71
30 71
24 71
36 71
8 72
37 72
4 72
56 72
29 73
3 73
2 73
36 73
6 74
4 74
7 74
36 74
12 75
5 75
63 75
25 75
34 76
4 76
11 76
48 76
31 77
62 77
38 77
13 77
75 78
28 78
58 78
46 78
3 79
42 79
22 79
1 79
73 80
1 80
7 80
62 80
72 81
9 81
24 81
36 81
71 82
27 82
2 82
76 82
12 83
8 83
11 83
28 83
10 84
44 84
2 84
16 84
9 85
10 85
21 85
4 85
15 86
51 86
48 86
85 86
7 87
48 87
73 87
4 87
59 88
36 88
31 88
5 88
4 89
22 89
56 89
8 89
3 90
4 90
23 90
21 90
18 91
57 91
67 91
5 91
18 92
36 92
7 92
17 92
34 93
16 93
1 93
2 93
36 94
57 94
4 94
6 94
4 95
7 95
0 95
49 95
14 96
65 96
4 96
9 96
22 97
80 97
8 97
39 97
10 98
71 98
92 98
94 98
9 99
2 99
13 99
92 99
0 0 0 0 1 1 1 1 0 0 1 1 0 1 0 1 0 0 0 0 0 0 1 0 0 0 1 1 1 0 0 1 0 0 1 1 1 1 0 1 0 0 1 0 0 0 0 1 0 0 0 0 0 0 0 1 0 1 1 0 1 0 0 1 0 1 0 1 1 1 0 1 0 0 0 0 1 1 1 1 0 0 1 1 1 1 0 1 1 0 0 1 1 1 0 1 1 1 0 0
0 0 0 1 1 0 0 0 1 1 0 0 1 1 1 0 0 1 1 1 0 1 1 1 1 1 1 1 0 1 0 0 0 0 1 0 0 1 0 1 1 1 0 1 1 1 0 1 1 1 1 1 1 1 1 0 0 1 1 1 1 0 1 1 1 0 0 1 1 1 1 0 0 0 1 0 0 1 1 0 1 1 0 1 0 1 0 0 1 0 1 1 1 1 0 0 0 1 1 0
0 0 1 1 1 1 0 1 0 0 0 0 0 0 0 0 1 0 0 0 1 0 1 1 0 0 0 0 0 0 1 1 0 1 0 0 1 1 1 1 1 0 0 1 1 0 1 0 1 1 0 1 0 1 0 0 1 0 1 1 0 1 0 1 1 0 1 1 0 0 1 0 1 1 1 0 1 0 1 1 0 1 1 1 0 0 0 0 0 1 0 0 0 1 1 0 0 1 1 1
0 1 1 0 1 1 1 0 0 0 1 0 1 1 0 0 1 1 1 1 1 1 0 0 1 1 1 1 1 1 1 0 1 0 1 1 1 1 0 0 0 0 1 1 1 0 0 1 0 0 1 0 0 0 0 0 0 0 1 0 0 0 1 0 1 1 0 1 0 0 1 1 1 0 1 1 0 0 1 0 1 0 1 0 0 0 1 1 0 0 0 1 1 0 0 1 0 1 1 0
1 0 0 1 0 1 1 1 0 0 1 0 0 0 1 0 0 1 0 1 0 0 0 0 1 1 1 1 1 0 0 1 0 0 1 0 0 1 0 0 0 0 0 0 1 0 1 1 1 1 1 1 1 1 1 1 0 0 0 1 1 1 0 0 0 1 0 1 0 1 0 0 0 1 0 0 0 1 1 1 0 1 1 1 1 0 1 0 0 0 1 0 0 0 0 1 0 0 1 0