100 780 5
0 1
0 2
1 2
0 3
1 3
2 3
0 4
1 4
2 4
3 4
3 5
1 5
0 5
4 5
2 6
4 6
3 6
0 6
0 7
1 7
6 7
4 7
7 8
4 8
6 8
2 8
7 9
3 9
0 9
4 9
3 10
8 10
4 10
9 10
9 11
4 11
0 11
8 11
4 12
1 12
9 12
3 12
5 13
0 13
1 13
6 13
1 14
12 14
8 14
7 14
13 15
6 15
8 15
5 15
0 16
3 16
4 16
9 16
15 17
0 17
8 17
12 17
8 18
17 18
0 18
15 18
8 19
9 19
12 19
6 19
4 20
1 20
3 20
15 20
1 21
9 21
0 21
8 21
11 22
14 22
1 22
3 22
15 23
12 23
6 23
22 23
1 24
3 24
0 24
8 24
12 25
14 25
17 25
16 25
6 26
1 26
7 26
8 26
1 27
7 27
4 27
2 27
27 28
4 28
24 28
8 28
0 29
8 29
4 29
19 29
8 30
20 30
17 30
11 30
19 31
1 31
29 31
3 31
0 32
26 32
4 32
12 32
4 33
14 33
2 33
0 33
10 34
1 34
2 34
32 34
19 35
16 35
8 35
10 35
28 36
25 36
32 36
2 36
23 37
10 37
25 37
5 37
13 38
3 38
4 38
6 38
25 39
7 39
5 39
4 39
22 40
18 40
3 40
38 40
0 41
25 41
5 41
22 41
3 42
0 42
14 42
24 42
11 43
24 43
14 43
25 43
7 44
4 44
38 44
21 44
1 45
40 45
15 45
30 45
38 46
11 46
5 46
45 46
37 47
4 47
16 47
33 47
8 48
1 48
4 48
33 48
9 49
7 49
17 49
6 49
4 50
25 50
46 50
42 50
1 51
5 51
33 51
4 51
25 52
21 52
26 52
4 52
4 53
12 53
8 53
50 53
4 54
0 54
45 54
17 54
9 55
2 55
50 55
13 55
30 56
51 56
16 56
0 56
4 57
50 57
49 57
46 57
0 58
7 58
28 58
52 58
55 59
31 59
57 59
26 59
21 60
13 60
4 60
22 60
0 61
42 61
59 61
3 61
52 62
16 62
24 62
27 62
0 63
1 63
40 63
24 63
48 64
21 64
28 64
56 64
45 65
2 65
63 65
4 65
14 66
15 66
11 66
4 66
33 67
8 67
21 67
32 67
16 68
12 68
64 68
15 68
12 69
3 69
32 69
23 69
4 70
58 70
27 70
47 70
51 71
42 71
18 71
7 71
51 72
16 72
40 72
49 72
3 73
9 73
7 73
26 73
1 74
19 74
10 74
4 74
42 75
47 75
41 75
34 75
61 76
62 76
25 76
26 76
9 77
33 77
49 77
74 77
49 78
11 78
8 78
57 78
1 79
14 79
76 79
64 79
22 80
7 80
0 80
15 80
22 81
8 81
24 81
21 81
44 82
1 82
13 82
69 82
37 83
24 83
60 83
19 83
2 84
10 84
4 84
30 84
4 85
17 85
3 85
1 85
53 86
74 86
63 86
35 86
79 87
40 87
28 87
12 87
60 88
11 88
36 88
4 88
49 89
0 89
57 89
26 89
0 90
4 90
2 90
13 90
41 91
8 91
5 91
40 91
64 92
22 92
10 92
7 92
18 93
2 93
74 93
12 93
22 94
39 94
4 94
27 94
1 95
37 95
4 95
47 95
52 96
30 96
2 96
56 96
6 97
30 97
22 97
0 97
28 98
15 98
62 98
51 98
70 99
57 99
42 99
36 99
1 0
2 0
2 1
3 0
3 1
3 2
4 0
4 1
4 2
4 3
5 3
5 1
5 0
5 4
6 2
6 4
6 3
6 0
7 0
7 1
7 6
7 4
8 7
8 4
8 6
8 2
9 7
9 3
9 0
9 4
10 3
10 8
10 4
10 9
11 9
11 4
11 0
11 8
12 4
12 1
12 9
12 3
13 5
13 0
13 1
13 6
14 1
14 12
14 8
14 7
15 13
15 6
15 8
15 5
16 0
16 3
16 4
16 9
17 15
17 0
17 8
17 12
18 8
18 17
18 0
18 15
19 8
19 9
19 12
19 6
20 4
20 1
20 3
20 15
21 1
21 9
21 0
21 8
22 11
22 14
22 1
22 3
23 15
23 12
23 6
23 22
24 1
24 3
24 0
24 8
25 12
25 14
25 17
25 16
26 6
26 1
26 7
26 8
27 1
27 7
27 4
27 2
28 27
28 4
28 24
28 8
29 0
29 8
29 4
29 19
30 8
30 20
30 17
30 11
31 19
31 1
31 29
31 3
32 0
32 26
32 4
32 12
33 4
33 14
33 2
33 0
34 10
34 1
34 2
34 32
35 19
35 16
35 8
35 10
36 28
36 25
36 32
36 2
37 23
37 10
37 25
37 5
38 13
38 3
38 4
38 6
39 25
39 7
39 5
39 4
40 22
40 18
40 3
40 38
41 0
41 25
41 5
41 22
42 3
42 0
42 14
42 24
43 11
43 24
43 14
43 25
44 7
44 4
44 38
44 21
45 1
45 40
45 15
45 30
46 38
46 11
46 5
46 45
47 37
47 4
47 16
47 33
48 8
48 1
48 4
48 33
49 9
49 7
49 17
49 6
50 4
50 25
50 46
50 42
51 1
51 5
51 33
51 4
52 25
52 21
52 26
52 4
53 4
53 12
53 8
53 50
54 4
54 0
54 45
54 17
55 9
55 2
55 50
55 13
56 30
56 51
56 16
56 0
57 4
57 50
57 49
57 46
58 0
58 7
58 28
58 52
59 55
59 31
59 57
59 26
60 21
60 13
60 4
60 22
61 0
61 42
61 59
61 3
62 52
62 16
62 24
62 27
63 0
63 1
63 40
63 24
64 48
64 21
64 28
64 56
65 45
65 2
65 63
65 4
66 14
66 15
66 11
66 4
67 33
67 8
67 21
67 32
68 16
68 12
68 64
68 15
69 12
69 3
69 32
69 23
70 4
70 58
70 27
70 47
71 51
71 42
71 18
71 7
72 51
72 16
72 40
72 49
73 3
73 9
73 7
73 26
74 1
74 19
74 10
74 4
75 42
75 47
75 41
75 34
76 61
76 62
76 25
76 26
77 9
77 33
77 49
77 74
78 49
78 11
78 8
78 57
79 1
79 14
79 76
79 64
80 22
80 7
80 0
80 15
81 22
81 8
81 24
81 21
82 44
82 1
82 13
82 69
83 37
83 24
83 60
83 19
84 2
84 10
84 4
84 30
85 4
85 17
85 3
85 1
86 53
86 74
86 63
86 35
87 79
87 40
87 28
87 12
88 60
88 11
88 36
88 4
89 49
89 0
89 57
89 26
90 0
90 4
90 2
90 13
91 41
91 8
91 5
91 40
92 64
92 22
92 10
92 7
93 18
93 2
93 74
93 12
94 22
94 39
94 4
94 27
95 1
95 37
95 4
95 47
96 52
96 30
96 2
96 56
97 6
97 30
97 22
97 0
98 28
98 15
98 62
98 51
99 70
99 57
99 42
99 36
1 0 1 1 1 1 1 1 1 1 0 1 1 0 0 1 1 1 1 1 0 0 0 0 0 1 1 0 1 0 1 1 1 1 1 0 1 1 0 0 0 0 0 1 0 1 0 1 0 0 0 1 0 1 0 0 0 0 0 0 0 1 1 1 0 1 1 1 1 1 1 0 0 1 1 0 1 1 0 1 1 1 0 1 0 1 0 1 0 1 1 0 0 0 1 0 0 0 1 0
0 0 0 0 0 0 1 1 1 1 1 1 0 1 1 0 1 1 0 1 1 1 1 0 0 0 1 1 0 0 1 0 0 0 1 0 0 1 1 1 1 0 0 0 1 1 1 0 0 1 0 0 1 0 1 1 0 1 1 0 0 1 0 1 0 1 0 0 1 1 1 1 1 1 0 0 0 0 0 0 1 0 0 1 1 0 0 1 0 1 0 0 0 0 1 0 1 1 1 1
0 0 0 0 1 1 0 0 0 1 1 0 1 0 0 1 0 0 1 0 0 1 1 0 0 0 0 1 1 0 1 1 0 1 0 1 1 0 0 1 1 0 0 1 0 0 0 0 1 0 0 0 0 1 0 1 0 0 1 0 1 0 0 0 1 0 1 1 1 1 1 1 1 0 1 1 1 0 0 1 1 1 0 0 1 1 0 1 1 1 0 1 0 1 0 1 1 1 0 0
1 0 1 0 1 1 1 0 0 1 1 0 1 0 0 0 1 1 1 0 1 0 1 1 1 0 0 0 1 0 1 1 0 1 0 1 0 0 1 1 1 1 1 0 0 1 1 0 0 1 0 1 0 0 0 0 1 1 1 0 1 0 1 0 1 0 0 0 1 0 1 0 1 1 1 1 0 1 0 0 0 1 0 0 1 0 1 1 0 1 0 0 0 1 1 1 0 1 0 0
1 1 1 0 0 1 1 0 1 0 1 0 1 1 0 0 0 1 1 0 1 1 0 0 1 1 1 0 0 1 1 1 1 1 1 0 0 1 0 0 0 0 1 1 0 0 0 0 1 0 1 0 0 1 0 0 0 1 0 0 1 0 1 0 1 1 0 0 0 0 0 0 1 0 1 0 0 1 1 1 0 1 0 1 0 0 1 0 1 1 0 0 1 1 0 0 0 0 1 0