100 390 5
0 1
0 2
1 2
0 3
1 3
2 3
0 4
1 4
2 4
3 4
0 5
3 5
2 5
4 5
3 6
5 6
1 6
4 6
4 7
2 7
3 7
1 7
4 8
3 8
1 8
2 8
6 9
4 9
3 9
7 9
4 10
6 10
0 10
2 10
4 11
1 11
3 11
0 11
9 12
11 12
1 12
0 12
6 13
1 13
7 13
3 13
10 14
4 14
1 14
3 14
6 15
0 15
1 15
14 15
11 16
10 16
1 16
4 16
0 17
11 17
5 17
12 17
14 18
2 18
3 18
6 18
0 19
11 19
6 19
3 19
4 20
3 20
2 20
5 20
20 21
10 21
8 21
3 21
11 22
3 22
12 22
18 22
13 23
22 23
15 23
2 23
1 24
6 24
18 24
4 24
18 25
10 25
11 25
16 25
11 26
6 26
4 26
12 26
1 27
22 27
24 27
8 27
9 28
24 28
13 28
25 28
3 29
5 29
24 29
14 29
8 30
2 30
6 30
23 30
28 31
6 31
4 31
3 31
6 32
12 32
5 32
1 32
3 33
23 33
10 33
11 33
18 34
0 34
12 34
10 34
2 35
14 35
7 35
3 35
10 36
25 36
17 36
22 36
9 37
17 37
20 37
24 37
18 38
26 38
0 38
9 38
18 39
10 39
36 39
13 39
3 40
17 40
1 40
5 40
12 41
3 41
15 41
1 41
15 42
5 42
27 42
3 42
0 43
15 43
4 43
3 43
3 44
26 44
18 44
30 44
4 45
12 45
36 45
10 45
10 46
8 46
31 46
32 46
3 47
10 47
1 47
11 47
39 48
10 48
18 48
43 48
1 49
34 49
39 49
18 49
5 50
3 50
49 50
6 50
2 51
0 51
10 51
50 51
7 52
29 52
15 52
36 52
36 53
52 53
5 53
14 53
2 54
47 54
16 54
9 54
0 55
11 55
12 55
45 55
15 56
46 56
5 56
0 56
10 57
3 57
25 57
45 57
21 58
27 58
8 58
49 58
51 59
3 59
4 59
40 59
24 60
6 60
49 60
3 60
33 61
18 61
14 61
1 61
14 62
18 62
10 62
57 62
51 63
16 63
33 63
4 63
51 64
5 64
0 64
17 64
11 65
1 65
8 65
5 65
1 66
3 66
43 66
11 66
36 67
46 67
5 67
4 67
5 68
34 68
1 68
57 68
52 69
3 69
0 69
24 69
28 70
13 70
67 70
0 70
2 71
5 71
9 71
15 71
52 72
7 72
63 72
5 72
69 73
65 73
0 73
45 73
38 74
34 74
15 74
28 74
22 75
26 75
54 75
3 75
68 76
25 76
45 76
72 76
6 77
66 77
71 77
30 77
17 78
47 78
50 78
22 78
45 79
35 79
1 79
7 79
21 80
46 80
59 80
0 80
2 81
68 81
4 81
3 81
10 82
26 82
4 82
6 82
3 83
30 83
43 83
5 83
66 84
23 84
10 84
5 84
2 85
48 85
83 85
73 85
71 86
12 86
63 86
13 86
4 87
28 87
85 87
1 87
25 88
19 88
3 88
14 88
45 89
84 89
10 89
12 89
8 90
10 90
15 90
18 90
29 91
37 91
7 91
71 91
52 92
77 92
82 92
18 92
55 93
56 93
30 93
18 93
30 94
6 94
9 94
38 94
3 95
4 95
0 95
49 95
0 96
74 96
3 96
2 96
36 97
11 97
15 97
5 97
3 98
42 98
62 98
57 98
98 99
15 99
40 99
17 99
1 0 0 1 0 1 1 0 0 1 1 0 1 0 1 1 0 1 1 1 1 0 0 0 1 1 1 0 0 1 1 1 1 0 1 1 1 0 0 0 1 1 0 1 0 0 1 0 1 0 1 1 0 1 0 0 0 0 1 0 0 1 1 1 0 1 1 1 1 1 0 0 0 1 1 1 0 1 1 1 0 0 1 1 1 1 0 1 1 1 0 0 0 1 0 1 0 1 0 1
1 0 1 1 1 1 0 1 0 0 1 0 1 0 0 0 1 1 0 1 0 1 0 1 0 1 1 0 1 0 1 0 1 1 0 1 1 1 0 0 0 0 0 1 1 0 0 1 1 1 0 1 1 0 0 0 0 1 0 0 1 0 0 0 1 1 1 1 1 1 1 1 1 0 1 1 1 0 1 0 0 0 0 1 0 0 0 0 1 1 1 1 0 1 1 1 1 0 1 1
0 0 0 0 0 1 1 1 0 1 1 0 1 1 0 0 0 1 0 1 0 0 1 1 1 0 1 1 1 1 1 1 1 1 1 0 0 1 1 0 1 0 0 1 0 1 1 1 0 0 0 1 1 0 0 0 0 0 1 0 0 0 0 0 1 1 1 1 1 0 0 1 0 0 0 1 0 1 1 1 0 0 1 0 0 0 0 0 1 0 1 0 0 1 0 1 1 0 0 0
0 1 0 0 1 0 0 0 0 1 1 1 1 1 1 1 0 0 0 0 1 1 1 0 0 0 1 1 1 0 1 1 0 1 0 0 1 0 0 0 1 1 0 1 0 0 0 1 1 1 1 0 1 1 0 1 1 1 1 1 1 1 0 0 1 0 0 0 1 1 1 0 0 1 0 1 0 0 0 1 0 1 0 0 1 0 1 1 0 1 1 0 1 1 0 0 1 0 1 1
0 0 0 0 0 1 0 1 0 0 1 0 0 0 0 1 0 0 0 0 0 0 0 1 0 1 0 1 1 1 1 0 0 0 1 1 1 0 1 1 0 0 1 0 1 0 1 0 1 1 1 1 0 0 0 0 0 1 1 0 1 1 0 0 1 0 0 1 1 1 0 0 0 0 1 0 0 0 0 0 1 0 1 0 0 0 1 1 0 0 0 1 1 1 0 1 1 1 1 0