100 780 5
0 1
0 2
1 2
0 3
1 3
2 3
0 4
1 4
2 4
3 4
1 5
2 5
4 5
0 5
4 6
2 6
1 6
5 6
0 7
1 7
6 7
3 7
3 8
4 8
5 8
6 8
3 9
0 9
1 9
6 9
1 10
4 10
6 10
0 10
10 11
6 11
0 11
5 11
11 12
4 12
1 12
6 12
6 13
9 13
1 13
3 13
6 14
5 14
4 14
10 14
3 15
6 15
4 15
0 15
8 16
6 16
5 16
10 16
6 17
14 17
12 17
11 17
0 18
6 18
8 18
1 18
2 19
12 19
5 19
17 19
16 20
7 20
0 20
12 20
13 21
1 21
3 21
10 21
1 22
11 22
4 22
17 22
0 23
12 23
5 23
11 23
6 24
22 24
12 24
16 24
17 25
3 25
5 25
4 25
22 26
1 26
25 26
11 26
0 27
4 27
6 27
16 27
4 28
3 28
11 28
6 28
3 29
6 29
4 29
17 29
6 30
3 30
26 30
16 30
17 31
22 31
0 31
26 31
10 32
6 32
13 32
1 32
9 33
17 33
3 33
18 33
6 34
15 34
4 34
12 34
19 35
1 35
22 35
5 35
15 36
4 36
31 36
2 36
17 37
34 37
6 37
3 37
8 38
3 38
6 38
23 38
1 39
36 39
28 39
32 39
7 40
29 40
4 40
2 40
5 41
20 41
6 41
19 41
0 42
41 42
6 42
15 42
5 43
22 43
36 43
7 43
9 44
3 44
23 44
11 44
5 45
39 45
11 45
27 45
6 46
42 46
25 46
17 46
28 47
41 47
39 47
1 47
21 48
43 48
42 48
20 48
7 49
11 49
26 49
2 49
15 50
1 50
11 50
3 50
7 51
37 51
45 51
6 51
6 52
1 52
5 52
3 52
46 53
17 53
8 53
38 53
44 54
5 54
30 54
43 54
47 55
16 55
11 55
17 55
5 56
2 56
27 56
7 56
50 57
25 57
6 57
26 57
32 58
22 58
47 58
0 58
5 59
40 59
10 59
1 59
7 60
29 60
55 60
0 60
7 61
43 61
18 61
54 61
2 62
3 62
40 62
6 62
4 63
44 63
51 63
5 63
7 64
44 64
59 64
1 64
15 65
18 65
11 65
16 65
6 66
33 66
24 66
51 66
17 67
13 67
51 67
60 67
36 68
60 68
61 68
11 68
20 69
32 69
9 69
59 69
69 70
62 70
12 70
31 70
19 71
6 71
30 71
2 71
60 72
70 72
0 72
4 72
36 73
16 73
28 73
11 73
6 74
42 74
18 74
64 74
53 75
33 75
5 75
13 75
28 76
60 76
26 76
0 76
5 77
17 77
30 77
43 77
4 78
41 78
3 78
65 78
2 79
76 79
9 79
4 79
27 80
32 80
37 80
42 80
10 81
60 81
68 81
19 81
23 82
8 82
57 82
38 82
8 83
48 83
6 83
70 83
10 84
9 84
80 84
11 84
44 85
12 85
70 85
11 85
12 86
40 86
1 86
0 86
5 87
16 87
42 87
28 87
16 88
22 88
2 88
17 88
10 89
5 89
43 89
29 89
29 90
26 90
59 90
83 90
78 91
15 91
71 91
24 91
0 92
22 92
10 92
9 92
2 93
1 93
8 93
15 93
23 94
3 94
21 94
17 94
26 95
61 95
23 95
65 95
86 96
15 96
18 96
59 96
3 97
51 97
4 97
93 97
36 98
52 98
23 98
38 98
7 99
32 99
98 99
5 99
1 0
2 0
2 1
3 0
3 1
3 2
4 0
4 1
4 2
4 3
5 1
5 2
5 4
5 0
6 4
6 2
6 1
6 5
7 0
7 1
7 6
7 3
8 3
8 4
8 5
8 6
9 3
9 0
9 1
9 6
10 1
10 4
10 6
10 0
11 10
11 6
11 0
11 5
12 11
12 4
12 1
12 6
13 6
13 9
13 1
13 3
14 6
14 5
14 4
14 10
15 3
15 6
15 4
15 0
16 8
16 6
16 5
16 10
17 6
17 14
17 12
17 11
18 0
18 6
18 8
18 1
19 2
19 12
19 5
19 17
20 16
20 7
20 0
20 12
21 13
21 1
21 3
21 10
22 1
22 11
22 4
22 17
23 0
23 12
23 5
23 11
24 6
24 22
24 12
24 16
25 17
25 3
25 5
25 4
26 22
26 1
26 25
26 11
27 0
27 4
27 6
27 16
28 4
28 3
28 11
28 6
29 3
29 6
29 4
29 17
30 6
30 3
30 26
30 16
31 17
31 22
31 0
31 26
32 10
32 6
32 13
32 1
33 9
33 17
33 3
33 18
34 6
34 15
34 4
34 12
35 19
35 1
35 22
35 5
36 15
36 4
36 31
36 2
37 17
37 34
37 6
37 3
38 8
38 3
38 6
38 23
39 1
39 36
39 28
39 32
40 7
40 29
40 4
40 2
41 5
41 20
41 6
41 19
42 0
42 41
42 6
42 15
43 5
43 22
43 36
43 7
44 9
44 3
44 23
44 11
45 5
45 39
45 11
45 27
46 6
46 42
46 25
46 17
47 28
47 41
47 39
47 1
48 21
48 43
48 42
48 20
49 7
49 11
49 26
49 2
50 15
50 1
50 11
50 3
51 7
51 37
51 45
51 6
52 6
52 1
52 5
52 3
53 46
53 17
53 8
53 38
54 44
54 5
54 30
54 43
55 47
55 16
55 11
55 17
56 5
56 2
56 27
56 7
57 50
57 25
57 6
57 26
58 32
58 22
58 47
58 0
59 5
59 40
59 10
59 1
60 7
60 29
60 55
60 0
61 7
61 43
61 18
61 54
62 2
62 3
62 40
62 6
63 4
63 44
63 51
63 5
64 7
64 44
64 59
64 1
65 15
65 18
65 11
65 16
66 6
66 33
66 24
66 51
67 17
67 13
67 51
67 60
68 36
68 60
68 61
68 11
69 20
69 32
69 9
69 59
70 69
70 62
70 12
70 31
71 19
71 6
71 30
71 2
72 60
72 70
72 0
72 4
73 36
73 16
73 28
73 11
74 6
74 42
74 18
74 64
75 53
75 33
75 5
75 13
76 28
76 60
76 26
76 0
77 5
77 17
77 30
77 43
78 4
78 41
78 3
78 65
79 2
79 76
79 9
79 4
80 27
80 32
80 37
80 42
81 10
81 60
81 68
81 19
82 23
82 8
82 57
82 38
83 8
83 48
83 6
83 70
84 10
84 9
84 80
84 11
85 44
85 12
85 70
85 11
86 12
86 40
86 1
86 0
87 5
87 16
87 42
87 28
88 16
88 22
88 2
88 17
89 10
89 5
89 43
89 29
90 29
90 26
90 59
90 83
91 78
91 15
91 71
91 24
92 0
92 22
92 10
92 9
93 2
93 1
93 8
93 15
94 23
94 3
94 21
94 17
95 26
95 61
95 23
95 65
96 86
96 15
96 18
96 59
97 3
97 51
97 4
97 93
98 36
98 52
98 23
98 38
99 7
99 32
99 98
99 5
1 0 1 1 1 0 1 1 0 1 1 1 0 1 0 0 1 0 0 1 1 0 0 1 0 1 1 1 1 1 0 0 0 1 1 0 1 1 0 1 0 1 0 1 0 1 1 0 0 1 0 1 1 1 0 1 0 0 1 1 1 1 0 1 0 1 1 1 1 1 1 0 1 0 0 1 0 1 1 0 1 0 1 0 1 0 1 1 1 1 1 0 1 1 1 0 1 0 0 0
1 0 1 0 0 0 1 0 0 1 1 1 0 0 0 0 1 0 0 1 1 0 1 1 1 0 0 0 0 0 1 0 1 1 1 0 0 1 1 1 1 1 0 1 1 1 1 0 0 1 0 1 0 0 1 0 1 1 0 0 0 1 0 0 1 1 1 0 0 0 0 0 1 1 0 0 1 1 1 0 0 0 1 1 1 0 0 0 1 1 0 0 0 1 1 0 1 1 0 0
1 1 0 1 1 0 1 1 1 1 0 1 1 0 1 0 1 0 1 0 1 1 1 0 0 1 1 1 0 0 1 1 0 1 1 0 0 0 0 0 0 1 0 0 1 1 1 1 0 0 1 0 1 1 1 0 0 0 0 1 0 0 1 1 0 0 0 0 1 0 0 0 1 1 1 1 1 1 0 0 0 1 0 1 1 0 0 0 1 0 0 0 1 0 0 0 1 1 1 0
0 1 0 1 0 0 1 1 1 0 1 1 1 1 0 0 1 1 0 0 0 0 0 0 1 1 0 0 0 0 1 0 1 0 1 1 0 1 0 0 0 0 0 1 1 0 1 0 0 0 1 0 1 0 1 0 0 1 1 0 1 1 0 0 0 1 0 0 0 1 1 0 1 1 1 0 0 0 1 0 1 1 0 1 1 0 1 1 1 1 1 1 1 1 0 0 1 1 1 1
1 1 1 0 0 0 0 0 0 1 0 1 1 1 0 0 0 0 1 1 1 0 0 1 0 0 0 1 0 1 0 1 0 0 1 1 0 0 1 0 1 1 0 0 1 0 0 0 0 0 1 1 0 1 0 1 1 1 0 0 0 1 1 1 1 0 0 0 1 1 1 1 0 1 1 1 1 1 0 1 0 0 0 1 1 0 1 0 0 1 1 0 0 1 0 0 0 1 0 0