50 98 5
0 1
1 2
0 3
0 4
2 5
5 6
6 7
3 8
3 9
5 10
5 11
5 12
5 13
4 14
9 15
1 16
16 17
14 18
5 19
5 20
0 21
1 22
0 23
8 24
5 25
5 26
19 27
6 28
5 29
1 30
9 31
18 32
5 33
24 34
27 35
5 36
1 37
1 38
7 39
20 40
39 41
17 42
26 43
30 44
19 45
33 46
9 47
3 48
7 49
1 0
2 1
3 0
4 0
5 2
6 5
7 6
8 3
9 3
10 5
11 5
12 5
13 5
14 4
15 9
16 1
17 16
18 14
19 5
20 5
21 0
22 1
23 0
24 8
25 5
26 5
27 19
28 6
29 5
30 1
31 9
32 18
33 5
34 24
35 27
36 5
37 1
38 1
39 7
40 20
41 39
42 17
43 26
44 30
45 19
46 33
47 9
48 3
49 7
1 1 0 1 1 1 0 1 1 0 1 1 0 1 1 1 1 1 1 1 0 1 1 1 0 1 0 0 0 0 0 0 0 1 1 1 1 1 1 0 0 0 1 0 0 0 1 0 1 0
1 0 0 0 0 1 0 1 0 1 1 0 1 1 0 0 0 1 1 0 0 0 0 1 0 0 1 0 0 0 0 0 0 0 1 1 0 0 1 1 1 0 0 0 0 1 0 1 0 1
0 0 0 1 1 1 0 0 1 1 1 1 0 0 1 1 0 0 1 0 0 0 0 1 0 0 0 1 1 1 1 0 0 1 1 0 1 1 0 0 0 1 1 1 1 1 1 1 0 0
0 0 0 1 1 1 1 0 1 0 0 1 0 1 1 1 1 0 1 0 0 0 1 0 0 1 0 0 0 0 0 0 1 0 0 0 1 1 1 0 0 0 1 1 1 1 1 1 0 1
1 1 1 1 0 0 0 0 0 0 1 0 1 0 0 0 1 1 0 0 0 0 1 1 0 0 1 0 1 1 1 1 1 0 0 1 1 1 0 1 1 0 1 1 1 0 0 0 0 1