100 780 5
0 1
0 2
1 2
0 3
1 3
2 3
0 4
1 4
2 4
3 4
2 5
1 5
3 5
0 5
2 6
3 6
5 6
4 6
2 7
3 7
1 7
4 7
7 8
5 8
4 8
3 8
5 9
8 9
3 9
1 9
7 10
1 10
9 10
2 10
2 11
5 11
0 11
3 11
7 12
10 12
0 12
6 12
6 13
2 13
12 13
7 13
7 14
0 14
3 14
10 14
0 15
1 15
2 15
11 15
5 16
0 16
1 16
6 16
0 17
16 17
5 17
3 17
2 18
5 18
1 18
17 18
10 19
13 19
8 19
11 19
4 20
14 20
15 20
19 20
0 21
16 21
13 21
20 21
2 22
9 22
4 22
8 22
15 23
6 23
5 23
13 23
16 24
4 24
15 24
5 24
14 25
3 25
7 25
9 25
1 26
7 26
6 26
20 26
0 27
14 27
5 27
7 27
18 28
3 28
1 28
5 28
14 29
10 29
0 29
16 29
9 30
0 30
16 30
27 30
0 31
11 31
3 31
10 31
0 32
28 32
7 32
13 32
29 33
14 33
7 33
13 33
13 34
32 34
4 34
6 34
3 35
7 35
9 35
33 35
6 36
15 36
3 36
13 36
2 37
13 37
16 37
0 37
0 38
5 38
10 38
27 38
5 39
37 39
16 39
6 39
38 40
7 40
0 40
37 40
7 41
6 41
28 41
3 41
16 42
13 42
5 42
11 42
16 43
21 43
19 43
1 43
5 44
13 44
15 44
19 44
38 45
5 45
6 45
15 45
5 46
9 46
15 46
29 46
21 47
30 47
46 47
14 47
14 48
18 48
1 48
29 48
40 49
0 49
9 49
1 49
15 50
7 50
27 50
47 50
9 51
13 51
34 51
18 51
7 52
11 52
3 52
10 52
49 53
51 53
0 53
46 53
17 54
33 54
3 54
0 54
12 55
5 55
40 55
17 55
5 56
20 56
10 56
45 56
18 57
30 57
2 57
41 57
53 58
2 58
46 58
18 58
5 59
10 59
54 59
50 59
1 60
38 60
5 60
34 60
37 61
21 61
47 61
40 61
4 62
3 62
59 62
7 62
13 63
19 63
21 63
51 63
5 64
4 64
6 64
50 64
9 65
35 65
13 65
16 65
37 66
14 66
13 66
42 66
28 67
56 67
41 67
20 67
18 68
3 68
66 68
0 68
6 69
4 69
53 69
50 69
53 70
32 70
50 70
13 70
66 71
69 71
58 71
4 71
0 72
10 72
4 72
12 72
30 73
20 73
19 73
40 73
23 74
47 74
0 74
15 74
69 75
26 75
5 75
7 75
4 76
32 76
64 76
13 76
22 77
13 77
5 77
70 77
71 78
23 78
3 78
10 78
5 79
0 79
30 79
21 79
38 80
9 80
11 80
74 80
10 81
0 81
1 81
62 81
10 82
71 82
9 82
3 82
29 83
13 83
14 83
82 83
7 84
45 84
1 84
58 84
3 85
2 85
31 85
34 85
15 86
10 86
11 86
59 86
28 87
48 87
13 87
85 87
84 88
38 88
16 88
77 88
13 89
32 89
84 89
35 89
16 90
0 90
58 90
34 90
0 91
23 91
67 91
28 91
56 92
25 92
5 92
34 92
63 93
30 93
48 93
14 93
0 94
92 94
44 94
5 94
4 95
21 95
50 95
59 95
37 96
8 96
23 96
0 96
13 97
3 97
19 97
66 97
77 98
56 98
13 98
20 98
10 99
80 99
3 99
38 99
1 0
2 0
2 1
3 0
3 1
3 2
4 0
4 1
4 2
4 3
5 2
5 1
5 3
5 0
6 2
6 3
6 5
6 4
7 2
7 3
7 1
7 4
8 7
8 5
8 4
8 3
9 5
9 8
9 3
9 1
10 7
10 1
10 9
10 2
11 2
11 5
11 0
11 3
12 7
12 10
12 0
12 6
13 6
13 2
13 12
13 7
14 7
14 0
14 3
14 10
15 0
15 1
15 2
15 11
16 5
16 0
16 1
16 6
17 0
17 16
17 5
17 3
18 2
18 5
18 1
18 17
19 10
19 13
19 8
19 11
20 4
20 14
20 15
20 19
21 0
21 16
21 13
21 20
22 2
22 9
22 4
22 8
23 15
23 6
23 5
23 13
24 16
24 4
24 15
24 5
25 14
25 3
25 7
25 9
26 1
26 7
26 6
26 20
27 0
27 14
27 5
27 7
28 18
28 3
28 1
28 5
29 14
29 10
29 0
29 16
30 9
30 0
30 16
30 27
31 0
31 11
31 3
31 10
32 0
32 28
32 7
32 13
33 29
33 14
33 7
33 13
34 13
34 32
34 4
34 6
35 3
35 7
35 9
35 33
36 6
36 15
36 3
36 13
37 2
37 13
37 16
37 0
38 0
38 5
38 10
38 27
39 5
39 37
39 16
39 6
40 38
40 7
40 0
40 37
41 7
41 6
41 28
41 3
42 16
42 13
42 5
42 11
43 16
43 21
43 19
43 1
44 5
44 13
44 15
44 19
45 38
45 5
45 6
45 15
46 5
46 9
46 15
46 29
47 21
47 30
47 46
47 14
48 14
48 18
48 1
48 29
49 40
49 0
49 9
49 1
50 15
50 7
50 27
50 47
51 9
51 13
51 34
51 18
52 7
52 11
52 3
52 10
53 49
53 51
53 0
53 46
54 17
54 33
54 3
54 0
55 12
55 5
55 40
55 17
56 5
56 20
56 10
56 45
57 18
57 30
57 2
57 41
58 53
58 2
58 46
58 18
59 5
59 10
59 54
59 50
60 1
60 38
60 5
60 34
61 37
61 21
61 47
61 40
62 4
62 3
62 59
62 7
63 13
63 19
63 21
63 51
64 5
64 4
64 6
64 50
65 9
65 35
65 13
65 16
66 37
66 14
66 13
66 42
67 28
67 56
67 41
67 20
68 18
68 3
68 66
68 0
69 6
69 4
69 53
69 50
70 53
70 32
70 50
70 13
71 66
71 69
71 58
71 4
72 0
72 10
72 4
72 12
73 30
73 20
73 19
73 40
74 23
74 47
74 0
74 15
75 69
75 26
75 5
75 7
76 4
76 32
76 64
76 13
77 22
77 13
77 5
77 70
78 71
78 23
78 3
78 10
79 5
79 0
79 30
79 21
80 38
80 9
80 11
80 74
81 10
81 0
81 1
81 62
82 10
82 71
82 9
82 3
83 29
83 13
83 14
83 82
84 7
84 45
84 1
84 58
85 3
85 2
85 31
85 34
86 15
86 10
86 11
86 59
87 28
87 48
87 13
87 85
88 84
88 38
88 16
88 77
89 13
89 32
89 84
89 35
90 16
90 0
90 58
90 34
91 0
91 23
91 67
91 28
92 56
92 25
92 5
92 34
93 63
93 30
93 48
93 14
94 0
94 92
94 44
94 5
95 4
95 21
95 50
95 59
96 37
96 8
96 23
96 0
97 13
97 3
97 19
97 66
98 77
98 56
98 13
98 20
99 10
99 80
99 3
99 38
0 1 0 1 0 1 0 0 1 0 0 1 1 0 1 0 1 0 1 1 1 1 0 0 1 1 1 1 0 0 0 0 0 1 1 0 1 0 0 1 1 0 0 0 0 1 0 0 1 0 1 0 0 0 0 0 0 0 1 1 0 1 1 1 1 0 0 1 0 0 1 1 1 1 0 0 0 0 1 0 1 0 1 0 0 0 0 0 0 1 1 0 0 1 0 1 0 0 1 0
0 0 1 1 1 1 0 0 0 0 0 0 1 1 1 0 0 1 1 0 0 0 1 0 1 0 1 0 0 1 0 0 1 0 0 0 1 0 0 1 1 0 1 1 0 0 1 0 0 0 1 1 0 0 1 1 1 0 1 1 1 1 0 0 0 0 1 1 0 0 0 1 0 0 1 1 0 1 0 1 0 1 1 1 0 0 1 1 1 0 0 1 0 0 1 1 1 0 1 0
1 0 1 1 0 0 0 1 1 1 0 1 0 0 1 0 1 0 0 0 1 0 1 1 1 1 1 1 1 0 0 0 1 0 1 1 1 0 0 0 1 0 1 1 1 0 1 0 1 1 1 0 1 0 1 1 1 0 1 0 0 0 0 0 1 0 0 0 0 1 1 0 1 1 1 1 0 1 0 0 0 0 1 1 1 0 0 1 0 1 0 1 0 0 0 1 0 0 0 0
1 0 0 1 1 1 1 0 1 0 1 1 1 0 1 1 1 1 1 1 1 1 1 1 1 0 0 1 1 0 1 1 0 0 1 0 0 1 0 0 0 1 1 0 1 0 1 1 0 0 1 0 1 1 0 0 0 1 0 0 0 0 0 0 0 0 1 1 1 0 1 1 1 1 0 0 1 0 1 1 1 0 1 1 0 1 0 1 1 1 0 0 1 1 0 0 1 0 0 0
0 0 0 0 1 1 1 0 1 0 1 1 0 1 1 0 0 1 0 1 1 0 0 1 0 1 1 0 0 1 0 1 0 0 0 0 0 1 1 0 0 1 1 1 1 1 0 0 0 0 0 1 1 0 1 0 1 0 0 0 0 1 1 0 1 0 1 0 1 0 1 0 0 1 1 0 1 1 0 0 0 0 0 1 1 0 1 1 1 1 1 0 0 0 1 0 1 0 1 1