100 394 5
0 1
0 2
1 2
1 3
2 3
3 4
1 4
0 5
2 5
5 6
1 6
1 7
6 7
2 8
6 8
0 9
6 9
0 10
7 10
1 11
5 11
1 12
10 12
10 13
5 13
6 14
4 14
8 15
1 15
5 16
6 16
8 17
10 17
10 18
2 18
6 19
0 19
15 20
7 20
2 21
1 21
2 22
1 22
10 23
0 23
10 24
8 24
0 25
15 25
12 26
6 26
20 27
3 27
19 28
20 28
18 29
13 29
1 30
10 30
19 31
1 31
0 32
12 32
5 33
20 33
9 34
0 34
20 35
0 35
20 36
0 36
8 37
1 37
6 38
34 38
12 39
5 39
16 40
8 40
22 41
16 41
34 42
20 42
5 43
12 43
26 44
13 44
1 45
28 45
13 46
18 46
12 47
45 47
0 48
43 48
43 49
12 49
2 50
20 50
47 51
1 51
7 52
1 52
31 53
41 53
11 54
35 54
54 55
44 55
24 56
31 56
6 57
5 57
41 58
8 58
20 59
11 59
54 60
22 60
2 61
42 61
61 62
0 62
43 63
47 63
20 64
54 64
37 65
58 65
8 66
3 66
0 67
8 67
0 68
6 68
67 69
45 69
39 70
66 70
37 71
20 71
0 72
2 72
0 73
4 73
20 74
10 74
21 75
11 75
2 76
0 76
35 77
0 77
54 78
21 78
11 79
0 79
18 80
15 80
3 81
74 81
54 82
0 82
5 83
9 83
2 84
0 84
5 85
41 85
76 86
53 86
59 87
8 87
79 88
8 88
88 89
0 89
78 90
24 90
4 91
38 91
13 92
0 92
13 93
22 93
54 94
3 94
33 95
17 95
34 96
49 96
54 97
93 97
26 98
1 98
0 99
22 99
1 0
2 0
2 1
3 1
3 2
4 3
4 1
5 0
5 2
6 5
6 1
7 1
7 6
8 2
8 6
9 0
9 6
10 0
10 7
11 1
11 5
12 1
12 10
13 10
13 5
14 6
14 4
15 8
15 1
16 5
16 6
17 8
17 10
18 10
18 2
19 6
19 0
20 15
20 7
21 2
21 1
22 2
22 1
23 10
23 0
24 10
24 8
25 0
25 15
26 12
26 6
27 20
27 3
28 19
28 20
29 18
29 13
30 1
30 10
31 19
31 1
32 0
32 12
33 5
33 20
34 9
34 0
35 20
35 0
36 20
36 0
37 8
37 1
38 6
38 34
39 12
39 5
40 16
40 8
41 22
41 16
42 34
42 20
43 5
43 12
44 26
44 13
45 1
45 28
46 13
46 18
47 12
47 45
48 0
48 43
49 43
49 12
50 2
50 20
51 47
51 1
52 7
52 1
53 31
53 41
54 11
54 35
55 54
55 44
56 24
56 31
57 6
57 5
58 41
58 8
59 20
59 11
60 54
60 22
61 2
61 42
62 61
62 0
63 43
63 47
64 20
64 54
65 37
65 58
66 8
66 3
67 0
67 8
68 0
68 6
69 67
69 45
70 39
70 66
71 37
71 20
72 0
72 2
73 0
73 4
74 20
74 10
75 21
75 11
76 2
76 0
77 35
77 0
78 54
78 21
79 11
79 0
80 18
80 15
81 3
81 74
82 54
82 0
83 5
83 9
84 2
84 0
85 5
85 41
86 76
86 53
87 59
87 8
88 79
88 8
89 88
89 0
90 78
90 24
91 4
91 38
92 13
92 0
93 13
93 22
94 54
94 3
95 33
95 17
96 34
96 49
97 54
97 93
98 26
98 1
99 0
99 22
1 0 1 0 0 1 0 1 0 0 1 1 0 0 1 0 0 0 1 1 1 0 0 1 1 1 0 0 0 1 1 1 0 1 0 0 1 1 0 0 0 1 0 0 1 0 1 0 1 0 1 1 0 0 0 1 1 1 1 0 0 0 0 1 0 1 1 0 0 0 0 1 0 0 1 0 1 0 1 0 1 1 0 0 1 1 0 1 1 0 1 0 0 1 1 0 1 1 1 1
0 0 1 0 0 0 1 0 0 0 1 1 1 1 1 0 1 0 0 0 1 1 0 0 1 0 1 1 1 1 1 1 1 1 1 0 0 0 0 0 1 1 1 1 0 1 1 1 1 1 0 0 1 1 1 0 0 0 1 1 1 0 1 1 1 0 1 1 0 1 1 0 1 1 1 1 1 0 1 1 0 0 0 1 1 1 1 1 1 0 0 0 1 0 0 0 0 0 0 0
1 0 0 0 0 1 0 1 1 1 1 0 1 0 1 0 1 0 0 0 1 1 0 1 1 0 1 0 0 1 1 0 0 0 0 0 1 1 0 1 0 0 1 0 1 1 0 0 0 0 1 1 0 1 0 1 0 1 0 0 1 0 0 1 1 1 1 0 0 0 1 1 1 1 1 1 1 0 0 0 0 0 0 1 0 0 1 1 1 1 1 0 1 1 1 1 1 0 0 0
1 0 1 1 1 1 1 0 1 1 0 0 1 1 1 0 0 1 0 0 1 0 1 1 0 1 0 0 1 1 0 1 0 1 0 0 1 1 0 0 0 0 0 0 0 0 1 0 0 0 0 1 1 0 1 0 1 0 0 1 0 0 1 1 0 0 0 1 0 1 1 1 0 1 1 0 0 0 0 0 1 0 1 1 1 1 0 0 0 0 0 1 0 0 1 1 1 0 1 0
1 0 1 0 1 0 0 1 1 1 1 0 0 0 0 1 0 0 0 1 1 1 1 0 0 1 1 0 1 0 1 1 1 0 1 1 0 1 0 1 0 0 1 1 0 1 0 1 0 0 1 1 0 1 1 1 0 1 0 1 1 1 1 0 1 0 0 0 0 0 1 1 0 1 1 1 0 1 1 1 1 0 0 0 0 1 0 0 1 0 1 0 0 1 0 0 0 1 1 1