100 588 5
0 1
0 2
1 2
0 3
1 3
2 3
0 4
1 4
3 4
4 5
2 5
0 5
0 6
3 6
1 6
1 7
0 7
2 7
1 8
7 8
2 8
0 9
7 9
1 9
0 10
9 10
2 10
2 11
0 11
9 11
2 12
7 12
4 12
1 13
5 13
0 13
0 14
2 14
9 14
3 15
4 15
0 15
2 16
11 16
4 16
3 17
1 17
4 17
1 18
9 18
2 18
3 19
18 19
5 19
11 20
1 20
0 20
12 21
1 21
19 21
0 22
2 22
12 22
3 23
7 23
1 23
2 24
0 24
20 24
3 25
10 25
12 25
8 26
3 26
1 26
4 27
7 27
12 27
2 28
16 28
12 28
2 29
16 29
17 29
13 30
16 30
10 30
5 31
20 31
10 31
12 32
4 32
9 32
3 33
4 33
14 33
29 34
20 34
19 34
22 35
15 35
23 35
22 36
9 36
31 36
7 37
9 37
16 37
10 38
0 38
25 38
28 39
16 39
37 39
36 40
14 40
4 40
27 41
16 41
9 41
18 42
2 42
16 42
1 43
16 43
11 43
15 44
17 44
18 44
0 45
22 45
7 45
37 46
27 46
45 46
0 47
32 47
19 47
0 48
28 48
19 48
45 49
12 49
0 49
34 50
0 50
3 50
20 51
37 51
18 51
0 52
44 52
8 52
15 53
24 53
18 53
11 54
1 54
28 54
22 55
31 55
2 55
9 56
54 56
27 56
7 57
0 57
11 57
39 58
16 58
47 58
47 59
29 59
7 59
21 60
54 60
12 60
26 61
55 61
3 61
37 62
0 62
28 62
12 63
1 63
10 63
3 64
17 64
2 64
23 65
45 65
27 65
35 66
19 66
22 66
47 67
33 67
31 67
0 68
14 68
33 68
47 69
2 69
40 69
34 70
3 70
57 70
38 71
13 71
33 71
7 72
27 72
33 72
41 73
16 73
1 73
22 74
67 74
57 74
10 75
12 75
5 75
47 76
36 76
14 76
5 77
28 77
27 77
33 78
55 78
60 78
5 79
29 79
3 79
39 80
2 80
7 80
9 81
17 81
47 81
13 82
55 82
43 82
14 83
49 83
1 83
20 84
0 84
70 84
20 85
45 85
2 85
9 86
22 86
5 86
78 87
30 87
40 87
77 88
46 88
31 88
68 89
67 89
77 89
44 90
33 90
31 90
87 91
12 91
4 91
9 92
57 92
60 92
0 93
12 93
30 93
73 94
35 94
43 94
50 95
3 95
83 95
78 96
23 96
31 96
71 97
15 97
0 97
89 98
3 98
1 98
31 99
65 99
75 99
1 0
2 0
2 1
3 0
3 1
3 2
4 0
4 1
4 3
5 4
5 2
5 0
6 0
6 3
6 1
7 1
7 0
7 2
8 1
8 7
8 2
9 0
9 7
9 1
10 0
10 9
10 2
11 2
11 0
11 9
12 2
12 7
12 4
13 1
13 5
13 0
14 0
14 2
14 9
15 3
15 4
15 0
16 2
16 11
16 4
17 3
17 1
17 4
18 1
18 9
18 2
19 3
19 18
19 5
20 11
20 1
20 0
21 12
21 1
21 19
22 0
22 2
22 12
23 3
23 7
23 1
24 2
24 0
24 20
25 3
25 10
25 12
26 8
26 3
26 1
27 4
27 7
27 12
28 2
28 16
28 12
29 2
29 16
29 17
30 13
30 16
30 10
31 5
31 20
31 10
32 12
32 4
32 9
33 3
33 4
33 14
34 29
34 20
34 19
35 22
35 15
35 23
36 22
36 9
36 31
37 7
37 9
37 16
38 10
38 0
38 25
39 28
39 16
39 37
40 36
40 14
40 4
41 27
41 16
41 9
42 18
42 2
42 16
43 1
43 16
43 11
44 15
44 17
44 18
45 0
45 22
45 7
46 37
46 27
46 45
47 0
47 32
47 19
48 0
48 28
48 19
49 45
49 12
49 0
50 34
50 0
50 3
51 20
51 37
51 18
52 0
52 44
52 8
53 15
53 24
53 18
54 11
54 1
54 28
55 22
55 31
55 2
56 9
56 54
56 27
57 7
57 0
57 11
58 39
58 16
58 47
59 47
59 29
59 7
60 21
60 54
60 12
61 26
61 55
61 3
62 37
62 0
62 28
63 12
63 1
63 10
64 3
64 17
64 2
65 23
65 45
65 27
66 35
66 19
66 22
67 47
67 33
67 31
68 0
68 14
68 33
69 47
69 2
69 40
70 34
70 3
70 57
71 38
71 13
71 33
72 7
72 27
72 33
73 41
73 16
73 1
74 22
74 67
74 57
75 10
75 12
75 5
76 47
76 36
76 14
77 5
77 28
77 27
78 33
78 55
78 60
79 5
79 29
79 3
80 39
80 2
80 7
81 9
81 17
81 47
82 13
82 55
82 43
83 14
83 49
83 1
84 20
84 0
84 70
85 20
85 45
85 2
86 9
86 22
86 5
87 78
87 30
87 40
88 77
88 46
88 31
89 68
89 67
89 77
90 44
90 33
90 31
91 87
91 12
91 4
92 9
92 57
92 60
93 0
93 12
93 30
94 73
94 35
94 43
95 50
95 3
95 83
96 78
96 23
96 31
97 71
97 15
97 0
98 89
98 3
98 1
99 31
99 65
99 75
0 0 0 0 1 1 1 0 0 0 0 1 1 1 0 0 0 0 1 0 0 0 1 0 1 1 1 0 0 0 0 1 0 0 0 1 1 1 1 1 0 0 0 1 0 0 0 1 0 1 1 1 1 0 1 1 0 1 0 0 0 1 1 1 1 1 0 0 0 0 0 1 0 0 1 1 0 0 1 1 1 1 0 0 0 1 0 0 1 0 0 0 1 0 1 1 0 0 1 1
1 0 1 1 1 1 1 1 0 0 0 0 0 0 1 0 0 1 0 1 0 1 1 1 0 1 0 1 0 0 0 0 0 1 1 0 1 0 1 1 1 0 0 1 0 1 0 1 0 0 1 1 1 1 1 1 0 1 1 0 1 0 0 0 1 0 0 0 0 0 1 0 0 1 1 0 0 0 0 0 1 1 1 1 1 1 1 1 0 1 1 1 0 0 0 1 1 1 0 0
0 0 1 0 0 0 0 0 1 1 0 0 0 1 0 0 0 0 1 1 0 0 1 1 1 1 0 0 1 0 0 1 1 1 0 1 0 1 1 0 0 0 1 1 1 0 0 1 0 1 0 0 1 0 0 1 1 0 1 1 0 0 1 1 1 0 0 1 0 0 0 1 0 1 0 0 1 1 0 0 0 1 0 1 1 1 1 0 1 1 0 1 0 1 1 0 0 0 0 1
0 1 0 0 0 1 0 0 0 1 1 1 1 0 1 0 0 1 1 1 1 0 1 0 0 1 1 0 0 1 0 0 1 1 1 1 0 0 1 0 0 1 1 0 1 1 0 0 0 0 0 0 0 0 1 0 0 1 1 1 1 1 0 1 1 1 0 1 1 0 1 0 0 0 1 0 0 1 1 0 0 1 1 0 0 1 1 0 1 0 0 0 0 1 0 1 1 1 1 1
1 0 1 0 0 0 1 1 1 0 1 1 0 1 0 0 0 0 0 1 0 1 0 0 1 0 0 0 0 1 1 0 0 0 0 1 1 1 0 0 1 1 1 1 0 1 0 1 0 1 0 0 1 1 0 1 0 1 1 0 1 1 1 1 0 0 0 0 0 0 0 1 0 1 0 1 1 1 1 1 1 0 1 1 1 0 0 1 1 0 1 1 1 0 0 1 0 1 1 1