100 198 5
0 1
0 2
1 3
0 4
0 5
5 6
0 7
6 8
0 9
7 10
0 11
6 12
6 13
5 14
13 15
6 16
1 17
2 18
5 19
3 20
12 21
21 22
21 23
2 24
0 25
5 26
14 27
1 28
22 29
22 30
16 31
0 32
12 33
20 34
0 35
25 36
12 37
20 38
22 39
33 40
13 41
20 42
40 43
23 44
16 45
0 46
39 47
0 48
7 49
45 50
11 51
44 52
38 53
1 54
3 55
2 56
21 57
0 58
21 59
0 60
47 61
6 62
27 63
13 64
21 65
2 66
20 67
14 68
49 69
13 70
27 71
7 72
22 73
54 74
40 75
25 76
0 77
22 78
59 79
5 80
0 81
50 82
71 83
81 84
31 85
31 86
86 87
59 88
4 89
13 90
20 91
18 92
27 93
5 94
13 95
5 96
1 97
6 98
7 99
1 0
2 0
3 1
4 0
5 0
6 5
7 0
8 6
9 0
10 7
11 0
12 6
13 6
14 5
15 13
16 6
17 1
18 2
19 5
20 3
21 12
22 21
23 21
24 2
25 0
26 5
27 14
28 1
29 22
30 22
31 16
32 0
33 12
34 20
35 0
36 25
37 12
38 20
39 22
40 33
41 13
42 20
43 40
44 23
45 16
46 0
47 39
48 0
49 7
50 45
51 11
52 44
53 38
54 1
55 3
56 2
57 21
58 0
59 21
60 0
61 47
62 6
63 27
64 13
65 21
66 2
67 20
68 14
69 49
70 13
71 27
72 7
73 22
74 54
75 40
76 25
77 0
78 22
79 59
80 5
81 0
82 50
83 71
84 81
85 31
86 31
87 86
88 59
89 4
90 13
91 20
92 18
93 27
94 5
95 13
96 5
97 1
98 6
99 7
0 0 1 0 0 1 0 0 1 1 0 0 1 1 1 1 0 1 0 1 0 1 0 1 0 0 1 1 1 1 0 1 0 1 0 1 0 1 1 1 1 0 1 1 1 0 0 1 0 1 0 1 1 1 0 0 1 1 0 1 1 1 0 0 0 1 1 1 1 1 0 0 0 0 1 1 1 1 0 1 1 1 0 0 0 0 0 0 1 0 0 1 0 0 1 0 0 1 0 1
1 1 1 1 1 0 0 1 1 0 0 0 0 0 1 1 0 0 0 0 0 0 1 0 1 0 1 1 0 1 1 0 1 1 1 0 0 0 1 1 0 0 1 1 1 0 1 0 0 0 1 1 0 0 0 0 0 1 0 1 0 0 1 0 1 0 0 1 1 1 0 1 0 1 1 0 0 1 0 0 0 1 1 0 1 0 0 0 1 1 0 0 1 1 0 0 0 0 1 0
1 0 0 1 1 1 1 1 0 0 0 1 0 1 0 1 1 1 0 0 1 0 0 0 0 0 0 0 1 1 0 1 1 1 0 1 1 1 0 1 1 1 0 1 0 0 0 1 1 1 1 1 1 1 1 0 1 1 1 1 1 0 1 0 0 0 1 0 0 1 0 1 0 0 1 1 1 0 1 0 1 1 1 0 1 1 1 1 0 1 0 0 0 1 0 1 0 0 1 1
0 1 1 0 0 0 0 1 1 1 0 0 1 1 1 1 1 1 1 0 0 0 1 0 1 0 0 0 0 1 1 1 1 0 0 1 0 1 0 1 1 1 0 1 1 0 0 0 1 0 1 0 0 1 1 1 0 1 1 1 1 1 0 0 1 0 1 0 1 0 1 0 1 0 0 1 1 0 0 1 1 1 1 1 1 0 1 0 0 0 1 1 0 0 0 1 1 1 1 1
1 0 1 0 1 1 1 1 1 1 0 0 0 1 1 0 0 1 1 0 1 1 0 0 1 0 1 0 0 1 0 1 1 0 1 0 0 1 0 1 0 0 1 1 0 1 0 0 0 0 1 1 1 1 1 1 1 0 0 0 0 1 0 0 1 1 1 0 0 1 1 0 1 1 0 1 0 0 1 1 0 0 0 0 1 1 1 1 0 0 1 0 0 1 0 0 1 1 0 1