100 780 5
0 1
0 2
1 2
0 3
1 3
2 3
0 4
1 4
2 4
3 4
0 5
3 5
2 5
1 5
4 6
3 6
2 6
0 6
4 7
0 7
2 7
5 7
4 8
6 8
2 8
1 8
2 9
4 9
3 9
6 9
8 10
9 10
0 10
3 10
7 11
8 11
5 11
3 11
2 12
6 12
5 12
8 12
9 13
4 13
0 13
11 13
1 14
9 14
13 14
3 14
2 15
6 15
1 15
8 15
8 16
13 16
15 16
14 16
3 17
15 17
9 17
4 17
14 18
12 18
11 18
9 18
2 19
10 19
17 19
7 19
18 20
2 20
0 20
8 20
8 21
13 21
11 21
3 21
20 22
3 22
8 22
12 22
3 23
18 23
8 23
13 23
4 24
11 24
15 24
3 24
4 25
15 25
6 25
2 25
0 26
5 26
8 26
20 26
4 27
25 27
1 27
21 27
4 28
3 28
2 28
6 28
2 29
1 29
25 29
5 29
6 30
7 30
16 30
24 30
29 31
6 31
25 31
27 31
15 32
4 32
28 32
0 32
8 33
3 33
13 33
18 33
3 34
28 34
14 34
25 34
6 35
4 35
17 35
18 35
29 36
28 36
13 36
12 36
17 37
2 37
6 37
15 37
17 38
4 38
0 38
37 38
37 39
19 39
4 39
2 39
18 40
14 40
35 40
3 40
37 41
3 41
27 41
2 41
14 42
25 42
26 42
23 42
17 43
6 43
36 43
23 43
10 44
16 44
0 44
3 44
42 45
15 45
5 45
24 45
22 46
39 46
3 46
5 46
27 47
18 47
1 47
2 47
7 48
46 48
6 48
2 48
21 49
0 49
15 49
37 49
14 50
5 50
29 50
8 50
27 51
35 51
13 51
11 51
5 52
29 52
32 52
8 52
14 53
9 53
11 53
49 53
27 54
1 54
42 54
2 54
15 55
9 55
14 55
12 55
27 56
2 56
15 56
13 56
5 57
16 57
31 57
27 57
27 58
50 58
7 58
37 58
0 59
30 59
28 59
52 59
1 60
5 60
13 60
40 60
1 61
5 61
7 61
23 61
38 62
4 62
21 62
46 62
30 63
14 63
37 63
35 63
62 64
45 64
20 64
7 64
32 65
11 65
25 65
19 65
31 66
7 66
29 66
49 66
9 67
63 67
47 67
0 67
5 68
49 68
6 68
17 68
52 69
6 69
25 69
15 69
24 70
13 70
23 70
16 70
0 71
18 71
32 71
59 71
18 72
1 72
24 72
9 72
11 73
68 73
70 73
69 73
2 74
6 74
4 74
21 74
27 75
20 75
29 75
5 75
11 76
4 76
14 76
21 76
34 77
21 77
16 77
7 77
16 78
15 78
7 78
37 78
24 79
31 79
0 79
47 79
60 80
7 80
51 80
12 80
6 81
20 81
16 81
78 81
44 82
49 82
3 82
50 82
42 83
17 83
6 83
50 83
19 84
54 84
7 84
58 84
78 85
3 85
15 85
9 85
12 86
78 86
27 86
3 86
4 87
66 87
80 87
2 87
63 88
15 88
0 88
11 88
70 89
22 89
37 89
11 89
35 90
15 90
6 90
70 90
7 91
67 91
65 91
19 91
63 92
65 92
47 92
46 92
6 93
60 93
43 93
9 93
70 94
92 94
13 94
0 94
14 95
89 95
29 95
21 95
13 96
6 96
7 96
20 96
15 97
22 97
11 97
6 97
23 98
86 98
97 98
8 98
8 99
4 99
35 99
5 99
1 0
2 0
2 1
3 0
3 1
3 2
4 0
4 1
4 2
4 3
5 0
5 3
5 2
5 1
6 4
6 3
6 2
6 0
7 4
7 0
7 2
7 5
8 4
8 6
8 2
8 1
9 2
9 4
9 3
9 6
10 8
10 9
10 0
10 3
11 7
11 8
11 5
11 3
12 2
12 6
12 5
12 8
13 9
13 4
13 0
13 11
14 1
14 9
14 13
14 3
15 2
15 6
15 1
15 8
16 8
16 13
16 15
16 14
17 3
17 15
17 9
17 4
18 14
18 12
18 11
18 9
19 2
19 10
19 17
19 7
20 18
20 2
20 0
20 8
21 8
21 13
21 11
21 3
22 20
22 3
22 8
22 12
23 3
23 18
23 8
23 13
24 4
24 11
24 15
24 3
25 4
25 15
25 6
25 2
26 0
26 5
26 8
26 20
27 4
27 25
27 1
27 21
28 4
28 3
28 2
28 6
29 2
29 1
29 25
29 5
30 6
30 7
30 16
30 24
31 29
31 6
31 25
31 27
32 15
32 4
32 28
32 0
33 8
33 3
33 13
33 18
34 3
34 28
34 14
34 25
35 6
35 4
35 17
35 18
36 29
36 28
36 13
36 12
37 17
37 2
37 6
37 15
38 17
38 4
38 0
38 37
39 37
39 19
39 4
39 2
40 18
40 14
40 35
40 3
41 37
41 3
41 27
41 2
42 14
42 25
42 26
42 23
43 17
43 6
43 36
43 23
44 10
44 16
44 0
44 3
45 42
45 15
45 5
45 24
46 22
46 39
46 3
46 5
47 27
47 18
47 1
47 2
48 7
48 46
48 6
48 2
49 21
49 0
49 15
49 37
50 14
50 5
50 29
50 8
51 27
51 35
51 13
51 11
52 5
52 29
52 32
52 8
53 14
53 9
53 11
53 49
54 27
54 1
54 42
54 2
55 15
55 9
55 14
55 12
56 27
56 2
56 15
56 13
57 5
57 16
57 31
57 27
58 27
58 50
58 7
58 37
59 0
59 30
59 28
59 52
60 1
60 5
60 13
60 40
61 1
61 5
61 7
61 23
62 38
62 4
62 21
62 46
63 30
63 14
63 37
63 35
64 62
64 45
64 20
64 7
65 32
65 11
65 25
65 19
66 31
66 7
66 29
66 49
67 9
67 63
67 47
67 0
68 5
68 49
68 6
68 17
69 52
69 6
69 25
69 15
70 24
70 13
70 23
70 16
71 0
71 18
71 32
71 59
72 18
72 1
72 24
72 9
73 11
73 68
73 70
73 69
74 2
74 6
74 4
74 21
75 27
75 20
75 29
75 5
76 11
76 4
76 14
76 21
77 34
77 21
77 16
77 7
78 16
78 15
78 7
78 37
79 24
79 31
79 0
79 47
80 60
80 7
80 51
80 12
81 6
81 20
81 16
81 78
82 44
82 49
82 3
82 50
83 42
83 17
83 6
83 50
84 19
84 54
84 7
84 58
85 78
85 3
85 15
85 9
86 12
86 78
86 27
86 3
87 4
87 66
87 80
87 2
88 63
88 15
88 0
88 11
89 70
89 22
89 37
89 11
90 35
90 15
90 6
90 70
91 7
91 67
91 65
91 19
92 63
92 65
92 47
92 46
93 6
93 60
93 43
93 9
94 70
94 92
94 13
94 0
95 14
95 89
95 29
95 21
96 13
96 6
96 7
96 20
97 15
97 22
97 11
97 6
98 23
98 86
98 97
98 8
99 8
99 4
99 35
99 5
0 0 0 1 0 0 0 1 1 1 0 0 0 1 1 1 1 0 0 0 1 1 0 0 0 0 0 1 0 1 1 1 0 1 1 1 1 1 0 1 0 1 0 0 0 1 1 1 1 1 0 1 1 0 1 0 0 1 1 0 0 0 1 0 1 1 0 0 0 0 1 1 0 1 1 0 1 0 1 0 1 1 0 1 0 1 0 1 0 1 1 0 0 0 1 1 0 1 0 1
1 1 0 1 0 1 0 0 0 0 1 1 1 1 1 0 1 1 1 1 0 1 0 0 0 0 0 1 0 1 1 0 0 1 1 0 0 0 0 0 1 0 0 1 0 1 0 0 0 1 1 0 1 0 1 0 0 0 1 1 1 1 1 0 0 1 1 1 1 1 0 1 1 0 1 0 1 1 0 1 0 0 0 0 1 1 1 0 0 0 0 1 1 1 0 0 0 0 1 0
0 0 0 1 0 1 0 0 0 0 0 1 0 0 0 0 1 0 0 0 0 0 0 1 0 1 0 0 0 0 0 1 1 0 0 1 0 0 0 1 0 1 0 0 0 0 0 1 1 0 1 1 0 1 0 0 0 1 1 1 1 1 0 1 1 0 0 1 0 1 0 0 0 0 1 0 1 1 1 1 1 0 1 0 0 1 1 1 1 0 0 0 1 1 1 0 1 1 0 1
0 0 1 1 1 0 0 1 0 1 0 1 1 1 1 0 0 0 0 0 0 0 1 1 1 1 0 1 1 1 0 1 0 1 0 0 1 1 1 1 1 1 1 1 0 1 1 1 1 0 1 1 0 0 0 1 1 0 0 1 1 0 1 1 0 1 0 0 1 1 0 1 1 1 0 1 0 0 0 0 1 1 1 0 1 1 0 1 1 1 1 1 1 1 1 1 1 1 0 1
1 1 0 0 1 0 0 0 0 1 1 1 1 0 1 0 0 0 1 0 1 1 1 1 1 0 1 1 1 1 0 0 0 1 0 0 0 1 1 1 0 0 0 1 0 0 1 0 0 0 1 1 1 1 1 0 1 0 0 1 1 1 1 1 1 1 0 1 1 0 0 1 0 1 0 0 1 0 0 1 0 1 0 0 0 1 1 0 0 1 0 1 0 0 0 0 1 1 1 0