100 394 5
0 1
0 2
1 2
1 3
0 3
1 4
3 4
4 5
1 5
2 6
0 6
6 7
5 7
4 8
2 8
1 9
0 9
0 10
6 10
1 11
4 11
0 12
6 12
4 13
8 13
6 14
1 14
5 15
7 15
7 16
4 16
16 17
6 17
11 18
1 18
5 19
17 19
14 20
11 20
1 21
15 21
1 22
9 22
8 23
11 23
14 24
12 24
0 25
23 25
2 26
21 26
14 27
6 27
22 28
1 28
2 29
4 29
6 30
10 30
0 31
21 31
29 32
7 32
7 33
22 33
24 34
9 34
7 35
4 35
28 36
5 36
0 37
5 37
1 38
8 38
2 39
25 39
8 40
30 40
21 41
7 41
5 42
1 42
42 43
6 43
23 44
14 44
44 45
5 45
12 46
36 46
28 47
0 47
6 48
0 48
30 49
38 49
5 50
14 50
17 51
0 51
19 52
0 52
32 53
7 53
38 54
36 54
18 55
7 55
32 56
34 56
2 57
4 57
8 58
29 58
20 59
9 59
9 60
31 60
0 61
53 61
37 62
4 62
26 63
6 63
13 64
41 64
28 65
13 65
1 66
59 66
8 67
59 67
10 68
26 68
45 69
49 69
40 70
8 70
60 71
70 71
4 72
2 72
36 73
41 73
13 74
16 74
31 75
69 75
8 76
72 76
54 77
41 77
56 78
52 78
69 79
70 79
14 80
5 80
6 81
27 81
28 82
61 82
41 83
36 83
28 84
22 84
62 85
38 85
4 86
11 86
60 87
27 87
13 88
44 88
42 89
17 89
13 90
50 90
29 91
19 91
8 92
87 92
77 93
7 93
17 94
50 94
31 95
0 95
34 96
78 96
36 97
59 97
97 98
38 98
23 99
6 99
1 0
2 0
2 1
3 1
3 0
4 1
4 3
5 4
5 1
6 2
6 0
7 6
7 5
8 4
8 2
9 1
9 0
10 0
10 6
11 1
11 4
12 0
12 6
13 4
13 8
14 6
14 1
15 5
15 7
16 7
16 4
17 16
17 6
18 11
18 1
19 5
19 17
20 14
20 11
21 1
21 15
22 1
22 9
23 8
23 11
24 14
24 12
25 0
25 23
26 2
26 21
27 14
27 6
28 22
28 1
29 2
29 4
30 6
30 10
31 0
31 21
32 29
32 7
33 7
33 22
34 24
34 9
35 7
35 4
36 28
36 5
37 0
37 5
38 1
38 8
39 2
39 25
40 8
40 30
41 21
41 7
42 5
42 1
43 42
43 6
44 23
44 14
45 44
45 5
46 12
46 36
47 28
47 0
48 6
48 0
49 30
49 38
50 5
50 14
51 17
51 0
52 19
52 0
53 32
53 7
54 38
54 36
55 18
55 7
56 32
56 34
57 2
57 4
58 8
58 29
59 20
59 9
60 9
60 31
61 0
61 53
62 37
62 4
63 26
63 6
64 13
64 41
65 28
65 13
66 1
66 59
67 8
67 59
68 10
68 26
69 45
69 49
70 40
70 8
71 60
71 70
72 4
72 2
73 36
73 41
74 13
74 16
75 31
75 69
76 8
76 72
77 54
77 41
78 56
78 52
79 69
79 70
80 14
80 5
81 6
81 27
82 28
82 61
83 41
83 36
84 28
84 22
85 62
85 38
86 4
86 11
87 60
87 27
88 13
88 44
89 42
89 17
90 13
90 50
91 29
91 19
92 8
92 87
93 77
93 7
94 17
94 50
95 31
95 0
96 34
96 78
97 36
97 59
98 97
98 38
99 23
99 6
0 1 0 1 1 0 0 0 1 0 1 0 1 0 0 0 0 1 1 0 0 0 1 1 1 0 1 0 1 1 1 0 1 0 1 1 1 1 1 0 0 0 1 1 0 1 0 1 0 0 1 1 0 0 1 1 0 1 0 0 1 1 1 0 1 0 1 0 0 0 1 0 1 0 1 1 1 1 0 0 1 1 0 0 0 1 1 1 0 0 1 1 1 0 1 0 0 1 1 1
1 0 1 0 1 1 0 1 0 1 0 0 1 0 1 0 1 1 0 0 0 1 0 1 0 1 0 0 1 0 0 0 0 1 1 0 0 1 0 1 0 1 0 0 1 1 0 1 0 1 1 1 0 1 0 0 1 0 1 0 0 0 1 1 1 0 0 1 0 0 1 0 0 1 0 0 1 1 1 1 1 1 0 1 0 0 1 0 1 1 0 0 0 0 1 0 1 0 1 1
1 1 0 0 0 0 0 0 1 0 1 0 1 1 1 1 1 0 1 0 1 0 1 0 1 1 1 1 1 1 0 1 1 0 0 0 1 0 0 0 1 0 1 1 1 0 1 1 1 0 0 0 1 0 1 1 1 1 1 0 1 0 1 0 1 1 0 1 1 0 1 1 1 1 0 0 1 1 1 0 0 0 0 0 0 1 1 0 1 1 0 1 0 1 1 0 0 1 1 1
1 0 1 0 1 0 0 0 1 0 0 0 0 1 1 1 0 1 0 0 0 1 1 1 0 1 1 1 1 0 0 1 1 0 1 0 1 0 1 1 0 1 1 1 0 1 1 0 0 1 0 1 1 1 0 0 1 1 1 0 1 1 1 0 0 0 1 1 0 0 1 0 1 1 0 1 0 1 1 1 0 0 1 0 0 0 1 0 1 0 0 1 1 0 0 1 0 0 0 0
0 1 0 1 0 0 1 1 1 1 0 1 1 1 1 1 1 0 1 1 0 1 0 0 1 1 0 1 1 1 0 0 1 0 1 1 1 1 0 1 1 1 0 1 1 1 0 1 1 1 1 1 0 1 1 1 1 0 1 0 1 1 1 1 1 0 1 1 0 1 1 0 0 1 0 1 1 0 1 0 0 0 1 1 0 0 1 1 0 1 1 0 1 1 1 0 1 1 0 1