100 780 5
0 1
0 2
1 2
0 3
1 3
2 3
0 4
1 4
2 4
3 4
1 5
4 5
2 5
0 5
3 6
0 6
2 6
1 6
3 7
2 7
0 7
5 7
0 8
3 8
1 8
2 8
0 9
7 9
1 9
2 9
1 10
6 10
0 10
5 10
5 11
2 11
1 11
7 11
1 12
10 12
4 12
0 12
7 13
5 13
1 13
9 13
13 14
0 14
3 14
10 14
1 15
13 15
14 15
0 15
3 16
11 16
10 16
0 16
1 17
12 17
16 17
10 17
7 18
10 18
3 18
0 18
18 19
11 19
1 19
8 19
17 20
10 20
0 20
1 20
18 21
4 21
13 21
12 21
0 22
11 22
1 22
9 22
18 23
1 23
16 23
3 23
18 24
0 24
17 24
22 24
1 25
10 25
24 25
2 25
12 26
0 26
13 26
15 26
13 27
5 27
0 27
7 27
11 28
25 28
1 28
15 28
6 29
13 29
9 29
17 29
0 30
27 30
23 30
6 30
12 31
2 31
11 31
24 31
6 32
20 32
5 32
11 32
0 33
2 33
4 33
32 33
27 34
30 34
29 34
13 34
0 35
27 35
14 35
9 35
27 36
18 36
28 36
19 36
23 37
1 37
7 37
0 37
12 38
0 38
27 38
4 38
4 39
19 39
30 39
14 39
14 40
38 40
4 40
7 40
24 41
2 41
27 41
39 41
36 42
1 42
11 42
32 42
12 43
7 43
38 43
29 43
39 44
1 44
2 44
7 44
26 45
1 45
44 45
11 45
5 46
18 46
9 46
13 46
0 47
15 47
20 47
10 47
7 48
0 48
13 48
36 48
22 49
0 49
11 49
9 49
12 50
34 50
49 50
17 50
17 51
12 51
5 51
18 51
18 52
6 52
25 52
32 52
44 53
32 53
10 53
39 53
5 54
29 54
13 54
32 54
0 55
15 55
3 55
10 55
18 56
14 56
38 56
44 56
24 57
21 57
20 57
48 57
5 58
52 58
24 58
53 58
37 59
50 59
55 59
20 59
17 60
2 60
6 60
22 60
32 61
10 61
43 61
15 61
46 62
15 62
21 62
19 62
17 63
5 63
20 63
0 63
7 64
14 64
31 64
0 64
20 65
11 65
43 65
26 65
52 66
4 66
62 66
39 66
4 67
27 67
39 67
3 67
4 68
41 68
53 68
23 68
49 69
11 69
66 69
54 69
55 70
48 70
4 70
29 70
20 71
30 71
0 71
10 71
40 72
15 72
27 72
10 72
4 73
9 73
5 73
6 73
64 74
60 74
10 74
18 74
16 75
24 75
12 75
49 75
0 76
24 76
4 76
73 76
21 77
34 77
52 77
57 77
2 78
3 78
1 78
8 78
23 79
21 79
68 79
62 79
5 80
70 80
46 80
67 80
10 81
2 81
6 81
31 81
0 82
50 82
44 82
28 82
24 83
4 83
20 83
1 83
0 84
19 84
66 84
4 84
82 85
8 85
38 85
13 85
14 86
78 86
58 86
13 86
2 87
35 87
1 87
82 87
21 88
25 88
32 88
74 88
17 89
9 89
26 89
1 89
65 90
24 90
59 90
49 90
17 91
10 91
86 91
57 91
27 92
37 92
53 92
9 92
82 93
18 93
8 93
28 93
0 94
36 94
29 94
45 94
88 95
28 95
82 95
11 95
83 96
37 96
0 96
13 96
83 97
13 97
0 97
18 97
69 98
41 98
11 98
31 98
6 99
1 99
40 99
10 99
1 0
2 0
2 1
3 0
3 1
3 2
4 0
4 1
4 2
4 3
5 1
5 4
5 2
5 0
6 3
6 0
6 2
6 1
7 3
7 2
7 0
7 5
8 0
8 3
8 1
8 2
9 0
9 7
9 1
9 2
10 1
10 6
10 0
10 5
11 5
11 2
11 1
11 7
12 1
12 10
12 4
12 0
13 7
13 5
13 1
13 9
14 13
14 0
14 3
14 10
15 1
15 13
15 14
15 0
16 3
16 11
16 10
16 0
17 1
17 12
17 16
17 10
18 7
18 10
18 3
18 0
19 18
19 11
19 1
19 8
20 17
20 10
20 0
20 1
21 18
21 4
21 13
21 12
22 0
22 11
22 1
22 9
23 18
23 1
23 16
23 3
24 18
24 0
24 17
24 22
25 1
25 10
25 24
25 2
26 12
26 0
26 13
26 15
27 13
27 5
27 0
27 7
28 11
28 25
28 1
28 15
29 6
29 13
29 9
29 17
30 0
30 27
30 23
30 6
31 12
31 2
31 11
31 24
32 6
32 20
32 5
32 11
33 0
33 2
33 4
33 32
34 27
34 30
34 29
34 13
35 0
35 27
35 14
35 9
36 27
36 18
36 28
36 19
37 23
37 1
37 7
37 0
38 12
38 0
38 27
38 4
39 4
39 19
39 30
39 14
40 14
40 38
40 4
40 7
41 24
41 2
41 27
41 39
42 36
42 1
42 11
42 32
43 12
43 7
43 38
43 29
44 39
44 1
44 2
44 7
45 26
45 1
45 44
45 11
46 5
46 18
46 9
46 13
47 0
47 15
47 20
47 10
48 7
48 0
48 13
48 36
49 22
49 0
49 11
49 9
50 12
50 34
50 49
50 17
51 17
51 12
51 5
51 18
52 18
52 6
52 25
52 32
53 44
53 32
53 10
53 39
54 5
54 29
54 13
54 32
55 0
55 15
55 3
55 10
56 18
56 14
56 38
56 44
57 24
57 21
57 20
57 48
58 5
58 52
58 24
58 53
59 37
59 50
59 55
59 20
60 17
60 2
60 6
60 22
61 32
61 10
61 43
61 15
62 46
62 15
62 21
62 19
63 17
63 5
63 20
63 0
64 7
64 14
64 31
64 0
65 20
65 11
65 43
65 26
66 52
66 4
66 62
66 39
67 4
67 27
67 39
67 3
68 4
68 41
68 53
68 23
69 49
69 11
69 66
69 54
70 55
70 48
70 4
70 29
71 20
71 30
71 0
71 10
72 40
72 15
72 27
72 10
73 4
73 9
73 5
73 6
74 64
74 60
74 10
74 18
75 16
75 24
75 12
75 49
76 0
76 24
76 4
76 73
77 21
77 34
77 52
77 57
78 2
78 3
78 1
78 8
79 23
79 21
79 68
79 62
80 5
80 70
80 46
80 67
81 10
81 2
81 6
81 31
82 0
82 50
82 44
82 28
83 24
83 4
83 20
83 1
84 0
84 19
84 66
84 4
85 82
85 8
85 38
85 13
86 14
86 78
86 58
86 13
87 2
87 35
87 1
87 82
88 21
88 25
88 32
88 74
89 17
89 9
89 26
89 1
90 65
90 24
90 59
90 49
91 17
91 10
91 86
91 57
92 27
92 37
92 53
92 9
93 82
93 18
93 8
93 28
94 0
94 36
94 29
94 45
95 88
95 28
95 82
95 11
96 83
96 37
96 0
96 13
97 83
97 13
97 0
97 18
98 69
98 41
98 11
98 31
99 6
99 1
99 40
99 10
0 0 0 0 1 1 1 0 1 0 1 1 1 0 0 1 1 0 1 0 0 1 0 0 1 1 0 1 1 0 0 0 1 1 0 1 1 0 1 0 1 0 0 0 1 1 0 1 0 1 0 1 0 1 0 1 0 1 1 1 0 1 0 1 1 0 1 1 0 1 1 0 1 0 1 1 0 0 0 0 0 1 0 0 0 1 0 1 0 0 1 1 1 0 0 0 0 1 0 0
0 1 0 0 1 0 0 1 0 0 0 1 1 1 1 0 0 0 1 0 0 1 1 1 1 1 0 0 0 1 0 1 0 1 1 0 0 0 1 1 1 0 0 1 0 0 1 0 0 0 1 0 0 0 1 1 1 0 0 1 0 1 0 1 0 0 0 0 1 1 0 0 1 1 0 0 0 1 0 1 0 1 1 1 1 1 1 0 0 0 1 0 0 0 0 0 1 1 1 1
0 0 0 0 0 1 0 1 1 0 0 1 0 1 0 0 0 1 0 0 1 0 0 0 1 0 1 0 1 1 1 1 0 1 0 0 0 0 0 1 0 0 1 1 0 0 0 1 1 1 1 0 0 0 0 0 1 1 1 1 1 0 1 0 0 1 1 1 0 0 0 0 0 0 1 1 0 1 1 1 1 0 0 1 1 0 1 1 0 1 0 0 1 1 1 0 1 1 0 0
1 1 1 1 1 1 1 1 1 0 0 1 0 1 0 1 1 0 1 0 1 1 1 0 0 0 0 1 1 0 0 0 0 1 0 0 0 1 1 0 1 1 1 0 1 1 0 1 1 1 0 0 0 0 1 1 0 0 0 1 0 0 0 1 1 1 1 1 1 1 1 0 1 1 0 0 0 0 0 1 0 0 1 1 1 0 1 0 1 1 1 0 1 1 0 1 1 0 1 1
1 1 1 1 0 0 0 0 0 0 0 1 0 0 1 0 1 0 1 1 1 0 1 0 0 0 0 1 1 0 0 1 1 1 0 1 0 1 0 0 0 1 0 1 1 1 0 1 0 0 0 0 1 1 0 1 1 1 1 1 1 0 1 0 0 0 0 1 0 1 0 0 1 1 0 1 1 1 0 0 1 0 1 1 1 0 1 1 1 1 1 1 1 0 0 0 0 0 0 1