250 1980 5
0 1
0 2
1 2
0 3
1 3
2 3
0 4
1 4
2 4
3 4
0 5
3 5
1 5
2 5
0 6
2 6
3 6
1 6
4 7
5 7
2 7
1 7
1 8
3 8
5 8
2 8
6 9
2 9
3 9
8 9
7 10
9 10
1 10
0 10
1 11
0 11
6 11
8 11
6 12
7 12
1 12
8 12
6 13
10 13
1 13
9 13
1 14
12 14
9 14
11 14
10 15
7 15
12 15
4 15
7 16
12 16
8 16
1 16
10 17
1 17
6 17
3 17
7 18
14 18
9 18
13 18
6 19
2 19
3 19
16 19
14 20
17 20
1 20
3 20
19 21
6 21
17 21
9 21
3 22
17 22
20 22
9 22
8 23
1 23
13 23
7 23
3 24
14 24
4 24
16 24
7 25
6 25
10 25
1 25
17 26
24 26
10 26
13 26
22 27
9 27
6 27
0 27
3 28
9 28
10 28
1 28
2 29
16 29
13 29
9 29
27 30
9 30
2 30
14 30
6 31
9 31
2 31
29 31
6 32
1 32
30 32
5 32
28 33
3 33
9 33
2 33
13 34
14 34
3 34
1 34
7 35
0 35
14 35
21 35
4 36
30 36
3 36
17 36
1 37
34 37
9 37
22 37
34 38
8 38
20 38
13 38
4 39
28 39
15 39
5 39
27 40
17 40
31 40
3 40
14 41
16 41
1 41
29 41
17 42
27 42
21 42
9 42
19 43
41 43
5 43
28 43
2 44
15 44
41 44
9 44
16 45
18 45
36 45
10 45
30 46
6 46
36 46
37 46
3 47
11 47
0 47
9 47
8 48
6 48
22 48
0 48
7 49
9 49
10 49
47 49
10 50
16 50
14 50
42 50
4 51
46 51
13 51
10 51
26 52
24 52
36 52
4 52
3 53
9 53
47 53
42 53
35 54
1 54
18 54
7 54
21 55
4 55
22 55
47 55
18 56
6 56
54 56
14 56
21 57
7 57
47 57
1 57
47 58
18 58
36 58
37 58
43 59
5 59
8 59
27 59
26 60
39 60
29 60
18 60
25 61
14 61
37 61
26 61
19 62
51 62
57 62
55 62
9 63
29 63
28 63
1 63
19 64
30 64
24 64
16 64
15 65
14 65
5 65
3 65
16 66
30 66
23 66
39 66
18 67
62 67
6 67
2 67
3 68
20 68
33 68
1 68
20 69
49 69
8 69
1 69
7 70
34 70
3 70
18 70
6 71
12 71
9 71
62 71
36 72
6 72
21 72
12 72
17 73
56 73
8 73
26 73
22 74
69 74
3 74
13 74
7 75
31 75
59 75
17 75
15 76
43 76
40 76
10 76
2 77
16 77
25 77
1 77
39 78
71 78
23 78
76 78
70 79
31 79
78 79
71 79
62 80
30 80
47 80
23 80
4 81
9 81
0 81
51 81
0 82
16 82
63 82
68 82
23 83
1 83
3 83
43 83
14 84
31 84
80 84
63 84
69 85
4 85
25 85
38 85
37 86
19 86
27 86
62 86
64 87
5 87
1 87
66 87
9 88
1 88
73 88
19 88
4 89
85 89
24 89
78 89
10 90
22 90
64 90
14 90
21 91
51 91
18 91
58 91
42 92
8 92
81 92
7 92
17 93
3 93
79 93
26 93
36 94
2 94
77 94
66 94
3 95
14 95
83 95
51 95
7 96
1 96
17 96
29 96
16 97
70 97
18 97
3 97
12 98
89 98
34 98
13 98
72 99
7 99
66 99
50 99
78 100
58 100
47 100
90 100
92 101
13 101
12 101
99 101
39 102
6 102
1 102
101 102
55 103
43 103
4 103
14 103
80 104
32 104
82 104
64 104
80 105
17 105
14 105
10 105
0 106
9 106
57 106
1 106
8 107
106 107
32 107
22 107
107 108
1 108
80 108
94 108
13 109
29 109
20 109
43 109
1 110
62 110
80 110
14 110
61 111
72 111
106 111
27 111
3 112
32 112
101 112
65 112
49 113
30 113
46 113
59 113
46 114
6 114
8 114
9 114
41 115
62 115
64 115
29 115
17 116
4 116
41 116
26 116
14 117
96 117
22 117
49 117
73 118
5 118
100 118
49 118
86 119
68 119
110 119
29 119
12 120
51 120
78 120
30 120
49 121
15 121
23 121
29 121
41 122
103 122
2 122
17 122
74 123
45 123
119 123
8 123
6 124
30 124
41 124
17 124
69 125
59 125
0 125
62 125
102 126
57 126
14 126
36 126
68 127
2 127
49 127
6 127
127 128
62 128
1 128
108 128
24 129
55 129
10 129
128 129
12 130
16 130
7 130
18 130
13 131
120 131
106 131
20 131
123 132
1 132
17 132
86 132
12 133
20 133
105 133
42 133
62 134
104 134
40 134
87 134
121 135
16 135
63 135
3 135
3 136
116 136
9 136
62 136
38 137
2 137
1 137
13 137
80 138
120 138
135 138
44 138
114 139
9 139
14 139
15 139
106 140
3 140
51 140
94 140
32 141
121 141
34 141
117 141
41 142
105 142
39 142
25 142
6 143
122 143
8 143
30 143
51 144
68 144
120 144
127 144
73 145
29 145
58 145
144 145
15 146
3 146
17 146
41 146
9 147
96 147
28 147
71 147
2 148
66 148
144 148
124 148
35 149
8 149
79 149
3 149
7 150
18 150
116 150
31 150
3 151
1 151
141 151
64 151
55 152
101 152
95 152
58 152
14 153
33 153
41 153
4 153
84 154
21 154
29 154
86 154
59 155
117 155
2 155
87 155
141 156
26 156
66 156
87 156
111 157
5 157
134 157
148 157
0 158
84 158
89 158
57 158
67 159
58 159
14 159
136 159
157 160
1 160
16 160
24 160
2 161
65 161
5 161
131 161
54 162
128 162
6 162
153 162
63 163
35 163
82 163
19 163
103 164
51 164
9 164
87 164
7 165
56 165
17 165
9 165
91 166
2 166
5 166
11 166
64 167
52 167
147 167
31 167
63 168
4 168
6 168
3 168
150 169
18 169
45 169
63 169
9 170
5 170
10 170
162 170
60 171
31 171
57 171
36 171
17 172
52 172
108 172
71 172
10 173
1 173
22 173
90 173
29 174
134 174
127 174
35 174
2 175
20 175
135 175
115 175
113 176
37 176
161 176
86 176
120 177
21 177
7 177
119 177
122 178
175 178
147 178
7 178
64 179
150 179
51 179
9 179
25 180
163 180
13 180
32 180
162 181
60 181
36 181
132 181
3 182
13 182
92 182
59 182
175 183
161 183
35 183
42 183
69 184
130 184
49 184
83 184
14 185
131 185
10 185
61 185
90 186
63 186
51 186
43 186
36 187
65 187
179 187
185 187
71 188
47 188
176 188
1 188
131 189
65 189
62 189
133 189
9 190
14 190
106 190
16 190
129 191
141 191
36 191
5 191
40 192
88 192
189 192
0 192
83 193
127 193
9 193
0 193
125 194
49 194
69 194
129 194
64 195
86 195
78 195
91 195
167 196
2 196
14 196
86 196
127 197
63 197
33 197
147 197
189 198
12 198
44 198
37 198
160 199
93 199
104 199
29 199
134 200
154 200
44 200
171 200
140 201
94 201
23 201
1 201
122 202
31 202
86 202
191 202
76 203
2 203
5 203
27 203
37 204
64 204
42 204
177 204
150 205
68 205
160 205
2 205
55 206
0 206
29 206
3 206
83 207
52 207
73 207
161 207
13 208
62 208
35 208
17 208
1 209
151 209
36 209
45 209
27 210
87 210
80 210
202 210
33 211
117 211
64 211
140 211
131 212
85 212
53 212
189 212
80 213
7 213
35 213
151 213
124 214
6 214
178 214
131 214
112 215
109 215
78 215
125 215
2 216
62 216
181 216
98 216
22 217
14 217
80 217
208 217
52 218
11 218
158 218
157 218
217 219
164 219
62 219
92 219
14 220
0 220
136 220
196 220
10 221
1 221
18 221
120 221
9 222
129 222
67 222
100 222
164 223
214 223
190 223
96 223
9 224
8 224
78 224
45 224
60 225
96 225
117 225
2 225
167 226
23 226
4 226
94 226
16 227
1 227
10 227
110 227
20 228
106 228
71 228
13 228
111 229
51 229
128 229
66 229
179 230
121 230
42 230
12 230
171 231
31 231
78 231
80 231
141 232
0 232
15 232
183 232
68 233
15 233
62 233
14 233
69 234
77 234
144 234
86 234
125 235
4 235
60 235
30 235
37 236
53 236
99 236
133 236
68 237
204 237
26 237
124 237
9 238
143 238
153 238
29 238
129 239
49 239
52 239
231 239
53 240
47 240
22 240
79 240
14 241
126 241
124 241
85 241
18 242
62 242
1 242
78 242
66 243
96 243
55 243
9 243
36 244
13 244
204 244
62 244
69 245
94 245
51 245
221 245
8 246
218 246
9 246
149 246
195 247
183 247
210 247
142 247
51 248
30 248
117 248
13 248
216 249
48 249
170 249
6 249
1 0
2 0
2 1
3 0
3 1
3 2
4 0
4 1
4 2
4 3
5 0
5 3
5 1
5 2
6 0
6 2
6 3
6 1
7 4
7 5
7 2
7 1
8 1
8 3
8 5
8 2
9 6
9 2
9 3
9 8
10 7
10 9
10 1
10 0
11 1
11 0
11 6
11 8
12 6
12 7
12 1
12 8
13 6
13 10
13 1
13 9
14 1
14 12
14 9
14 11
15 10
15 7
15 12
15 4
16 7
16 12
16 8
16 1
17 10
17 1
17 6
17 3
18 7
18 14
18 9
18 13
19 6
19 2
19 3
19 16
20 14
20 17
20 1
20 3
21 19
21 6
21 17
21 9
22 3
22 17
22 20
22 9
23 8
23 1
23 13
23 7
24 3
24 14
24 4
24 16
25 7
25 6
25 10
25 1
26 17
26 24
26 10
26 13
27 22
27 9
27 6
27 0
28 3
28 9
28 10
28 1
29 2
29 16
29 13
29 9
30 27
30 9
30 2
30 14
31 6
31 9
31 2
31 29
32 6
32 1
32 30
32 5
33 28
33 3
33 9
33 2
34 13
34 14
34 3
34 1
35 7
35 0
35 14
35 21
36 4
36 30
36 3
36 17
37 1
37 34
37 9
37 22
38 34
38 8
38 20
38 13
39 4
39 28
39 15
39 5
40 27
40 17
40 31
40 3
41 14
41 16
41 1
41 29
42 17
42 27
42 21
42 9
43 19
43 41
43 5
43 28
44 2
44 15
44 41
44 9
45 16
45 18
45 36
45 10
46 30
46 6
46 36
46 37
47 3
47 11
47 0
47 9
48 8
48 6
48 22
48 0
49 7
49 9
49 10
49 47
50 10
50 16
50 14
50 42
51 4
51 46
51 13
51 10
52 26
52 24
52 36
52 4
53 3
53 9
53 47
53 42
54 35
54 1
54 18
54 7
55 21
55 4
55 22
55 47
56 18
56 6
56 54
56 14
57 21
57 7
57 47
57 1
58 47
58 18
58 36
58 37
59 43
59 5
59 8
59 27
60 26
60 39
60 29
60 18
61 25
61 14
61 37
61 26
62 19
62 51
62 57
62 55
63 9
63 29
63 28
63 1
64 19
64 30
64 24
64 16
65 15
65 14
65 5
65 3
66 16
66 30
66 23
66 39
67 18
67 62
67 6
67 2
68 3
68 20
68 33
68 1
69 20
69 49
69 8
69 1
70 7
70 34
70 3
70 18
71 6
71 12
71 9
71 62
72 36
72 6
72 21
72 12
73 17
73 56
73 8
73 26
74 22
74 69
74 3
74 13
75 7
75 31
75 59
75 17
76 15
76 43
76 40
76 10
77 2
77 16
77 25
77 1
78 39
78 71
78 23
78 76
79 70
79 31
79 78
79 71
80 62
80 30
80 47
80 23
81 4
81 9
81 0
81 51
82 0
82 16
82 63
82 68
83 23
83 1
83 3
83 43
84 14
84 31
84 80
84 63
85 69
85 4
85 25
85 38
86 37
86 19
86 27
86 62
87 64
87 5
87 1
87 66
88 9
88 1
88 73
88 19
89 4
89 85
89 24
89 78
90 10
90 22
90 64
90 14
91 21
91 51
91 18
91 58
92 42
92 8
92 81
92 7
93 17
93 3
93 79
93 26
94 36
94 2
94 77
94 66
95 3
95 14
95 83
95 51
96 7
96 1
96 17
96 29
97 16
97 70
97 18
97 3
98 12
98 89
98 34
98 13
99 72
99 7
99 66
99 50
100 78
100 58
100 47
100 90
101 92
101 13
101 12
101 99
102 39
102 6
102 1
102 101
103 55
103 43
103 4
103 14
104 80
104 32
104 82
104 64
105 80
105 17
105 14
105 10
106 0
106 9
106 57
106 1
107 8
107 106
107 32
107 22
108 107
108 1
108 80
108 94
109 13
109 29
109 20
109 43
110 1
110 62
110 80
110 14
111 61
111 72
111 106
111 27
112 3
112 32
112 101
112 65
113 49
113 30
113 46
113 59
114 46
114 6
114 8
114 9
115 41
115 62
115 64
115 29
116 17
116 4
116 41
116 26
117 14
117 96
117 22
117 49
118 73
118 5
118 100
118 49
119 86
119 68
119 110
119 29
120 12
120 51
120 78
120 30
121 49
121 15
121 23
121 29
122 41
122 103
122 2
122 17
123 74
123 45
123 119
123 8
124 6
124 30
124 41
124 17
125 69
125 59
125 0
125 62
126 102
126 57
126 14
126 36
127 68
127 2
127 49
127 6
128 127
128 62
128 1
128 108
129 24
129 55
129 10
129 128
130 12
130 16
130 7
130 18
131 13
131 120
131 106
131 20
132 123
132 1
132 17
132 86
133 12
133 20
133 105
133 42
134 62
134 104
134 40
134 87
135 121
135 16
135 63
135 3
136 3
136 116
136 9
136 62
137 38
137 2
137 1
137 13
138 80
138 120
138 135
138 44
139 114
139 9
139 14
139 15
140 106
140 3
140 51
140 94
141 32
141 121
141 34
141 117
142 41
142 105
142 39
142 25
143 6
143 122
143 8
143 30
144 51
144 68
144 120
144 127
145 73
145 29
145 58
145 144
146 15
146 3
146 17
146 41
147 9
147 96
147 28
147 71
148 2
148 66
148 144
148 124
149 35
149 8
149 79
149 3
150 7
150 18
150 116
150 31
151 3
151 1
151 141
151 64
152 55
152 101
152 95
152 58
153 14
153 33
153 41
153 4
154 84
154 21
154 29
154 86
155 59
155 117
155 2
155 87
156 141
156 26
156 66
156 87
157 111
157 5
157 134
157 148
158 0
158 84
158 89
158 57
159 67
159 58
159 14
159 136
160 157
160 1
160 16
160 24
161 2
161 65
161 5
161 131
162 54
162 128
162 6
162 153
163 63
163 35
163 82
163 19
164 103
164 51
164 9
164 87
165 7
165 56
165 17
165 9
166 91
166 2
166 5
166 11
167 64
167 52
167 147
167 31
168 63
168 4
168 6
168 3
169 150
169 18
169 45
169 63
170 9
170 5
170 10
170 162
171 60
171 31
171 57
171 36
172 17
172 52
172 108
172 71
173 10
173 1
173 22
173 90
174 29
174 134
174 127
174 35
175 2
175 20
175 135
175 115
176 113
176 37
176 161
176 86
177 120
177 21
177 7
177 119
178 122
178 175
178 147
178 7
179 64
179 150
179 51
179 9
180 25
180 163
180 13
180 32
181 162
181 60
181 36
181 132
182 3
182 13
182 92
182 59
183 175
183 161
183 35
183 42
184 69
184 130
184 49
184 83
185 14
185 131
185 10
185 61
186 90
186 63
186 51
186 43
187 36
187 65
187 179
187 185
188 71
188 47
188 176
188 1
189 131
189 65
189 62
189 133
190 9
190 14
190 106
190 16
191 129
191 141
191 36
191 5
192 40
192 88
192 189
192 0
193 83
193 127
193 9
193 0
194 125
194 49
194 69
194 129
195 64
195 86
195 78
195 91
196 167
196 2
196 14
196 86
197 127
197 63
197 33
197 147
198 189
198 12
198 44
198 37
199 160
199 93
199 104
199 29
200 134
200 154
200 44
200 171
201 140
201 94
201 23
201 1
202 122
202 31
202 86
202 191
203 76
203 2
203 5
203 27
204 37
204 64
204 42
204 177
205 150
205 68
205 160
205 2
206 55
206 0
206 29
206 3
207 83
207 52
207 73
207 161
208 13
208 62
208 35
208 17
209 1
209 151
209 36
209 45
210 27
210 87
210 80
210 202
211 33
211 117
211 64
211 140
212 131
212 85
212 53
212 189
213 80
213 7
213 35
213 151
214 124
214 6
214 178
214 131
215 112
215 109
215 78
215 125
216 2
216 62
216 181
216 98
217 22
217 14
217 80
217 208
218 52
218 11
218 158
218 157
219 217
219 164
219 62
219 92
220 14
220 0
220 136
220 196
221 10
221 1
221 18
221 120
222 9
222 129
222 67
222 100
223 164
223 214
223 190
223 96
224 9
224 8
224 78
224 45
225 60
225 96
225 117
225 2
226 167
226 23
226 4
226 94
227 16
227 1
227 10
227 110
228 20
228 106
228 71
228 13
229 111
229 51
229 128
229 66
230 179
230 121
230 42
230 12
231 171
231 31
231 78
231 80
232 141
232 0
232 15
232 183
233 68
233 15
233 62
233 14
234 69
234 77
234 144
234 86
235 125
235 4
235 60
235 30
236 37
236 53
236 99
236 133
237 68
237 204
237 26
237 124
238 9
238 143
238 153
238 29
239 129
239 49
239 52
239 231
240 53
240 47
240 22
240 79
241 14
241 126
241 124
241 85
242 18
242 62
242 1
242 78
243 66
243 96
243 55
243 9
244 36
244 13
244 204
244 62
245 69
245 94
245 51
245 221
246 8
246 218
246 9
246 149
247 195
247 183
247 210
247 142
248 51
248 30
248 117
248 13
249 216
249 48
249 170
249 6
1 0 0 1 0 1 0 1 1 0 0 0 1 0 1 1 1 1 1 0 0 1 1 0 1 1 1 0 1 0 1 1 0 1 0 1 0 0 1 1 1 1 0 1 1 0 1 1 1 0 1 0 1 0 0 0 0 1 0 1 0 0 0 1 1 0 0 0 1 0 1 0 1 0 1 1 1 1 0 0 1 1 1 0 1 0 0 1 1 0 0 1 0 1 0 1 0 0 1 0 1 0 0 1 1 0 0 1 0 0 0 1 1 0 1 0 1 0 1 0 0 1 0 0 0 0 1 1 1 1 1 0 0 1 1 1 1 1 0 0 1 0 1 0 0 1 1 1 0 0 1 1 1 1 1 0 1 1 1 1 0 1 0 0 0 0 0 0 1 0 1 0 1 0 1 1 1 1 0 0 0 0 1 0 1 1 1 1 0 0 1 0 1 0 1 0 0 0 0 0 0 1 0 1 1 1 0 1 1 0 1 0 1 0 0 0 0 0 1 0 1 0 1 1 0 1 0 1 1 1 1 0 1 1 1 0 0 1 1 0 1 0 0 0 0 1 0 1 0 1
1 1 0 1 0 0 1 1 1 0 0 1 0 1 1 1 1 1 0 0 1 0 1 0 1 1 1 0 1 0 0 1 0 0 1 1 0 1 1 1 0 1 0 0 0 0 1 1 1 1 0 1 1 1 0 0 0 1 1 0 0 1 1 1 0 0 0 0 0 1 0 0 1 1 0 0 0 1 1 0 1 0 0 0 1 0 1 0 1 1 0 0 1 1 1 1 0 1 0 0 1 1 0 1 0 0 1 0 0 0 1 1 1 0 0 1 0 1 1 0 1 0 0 1 0 1 1 0 0 1 1 1 0 0 1 0 0 0 1 0 1 1 1 0 0 1 0 1 0 1 1 1 1 1 1 1 0 1 0 1 1 0 1 0 0 1 0 1 1 1 0 1 1 0 0 0 0 0 1 1 1 0 1 0 0 1 1 1 1 0 1 1 0 0 1 1 1 1 0 0 1 0 1 0 0 0 1 1 1 1 0 0 1 0 0 0 0 1 1 1 1 0 1 0 1 1 0 0 0 1 1 1 0 1 0 0 1 1 1 1 0 0 0 1 1 0 1 0 0 0
0 0 1 1 0 1 0 0 0 1 1 1 1 1 1 1 1 0 1 1 1 1 1 0 1 0 0 1 0 0 0 0 1 0 0 0 1 0 0 1 1 0 1 0 1 1 0 0 1 1 1 0 1 0 0 1 1 0 1 0 1 1 0 1 0 1 0 1 0 1 0 0 0 1 1 1 1 0 0 1 1 1 1 0 1 1 0 0 0 0 1 1 0 1 1 0 0 0 0 0 1 0 0 1 0 1 1 1 0 1 1 0 1 0 1 1 1 1 0 0 0 1 0 0 0 0 0 1 1 0 1 1 1 0 1 0 0 1 1 1 1 0 1 1 1 1 0 0 0 0 0 0 1 1 1 1 0 0 1 1 1 1 1 0 0 1 1 1 1 1 0 1 1 1 0 0 1 0 1 1 0 1 0 0 0 1 1 1 1 1 0 1 0 0 0 0 0 0 0 0 0 1 1 0 0 1 0 0 1 0 0 1 1 0 0 1 0 0 1 0 1 0 0 0 0 0 0 0 0 1 1 1 0 0 0 0 0 0 1 0 0 0 1 0 0 0 1 1 1 0
0 1 1 0 1 0 1 0 0 1 1 1 0 1 0 0 1 0 0 0 1 0 1 0 1 1 0 0 0 1 0 1 1 0 0 1 1 1 0 0 1 1 1 1 0 1 0 0 1 0 0 1 0 0 0 1 0 1 1 0 1 1 1 0 0 0 0 0 1 0 1 0 1 1 0 0 0 0 1 1 0 1 1 1 0 1 0 1 0 0 1 0 1 1 1 1 1 1 1 0 0 0 0 1 1 1 1 0 1 0 0 0 0 0 1 1 1 0 1 1 1 0 0 0 1 0 0 1 1 0 0 0 1 0 1 1 1 0 0 0 0 1 0 1 1 1 1 1 0 1 0 0 1 1 1 1 0 0 0 1 0 0 1 0 0 1 1 1 0 1 0 1 0 1 0 1 0 0 1 0 1 0 1 1 1 0 0 0 0 1 0 0 0 1 0 1 1 0 1 1 1 0 0 1 0 0 1 0 1 1 0 1 0 1 1 0 0 1 1 0 0 0 1 0 1 1 0 1 1 0 0 1 0 1 0 0 1 0 1 1 1 0 1 1 1 1 1 1 1 0
0 0 0 1 0 0 1 0 1 0 1 1 0 1 1 0 0 0 0 0 0 0 0 0 1 1 0 1 0 0 0 0 0 0 1 1 1 1 0 0 1 0 1 0 1 1 1 0 1 1 1 1 1 0 0 0 1 0 1 1 1 0 1 1 0 1 1 0 0 0 0 0 0 0 1 0 1 0 0 0 1 1 0 0 1 0 1 1 1 0 1 0 1 1 0 1 0 0 1 1 0 0 0 1 0 0 1 0 1 0 1 0 0 0 1 0 0 0 0 0 0 1 1 1 1 1 0 1 1 1 0 0 0 0 1 1 0 1 0 1 0 1 0 0 0 0 1 1 0 0 1 1 0 0 1 1 1 0 0 0 1 0 0 0 1 0 1 1 1 1 0 1 0 1 1 0 1 0 0 0 1 0 1 1 1 0 1 0 0 0 0 1 0 1 1 1 1 1 0 1 1 1 0 0 1 1 0 0 1 1 1 1 1 0 0 0 1 1 0 1 1 1 1 0 0 0 0 0 0 1 1 1 0 1 0 1 1 0 1 1 0 1 0 1 1 0 1 0 1 0