100 780 5
0 1
0 2
1 2
0 3
1 3
2 3
0 4
1 4
2 4
3 4
2 5
4 5
1 5
3 5
2 6
0 6
1 6
5 6
4 7
0 7
2 7
6 7
6 8
5 8
4 8
3 8
3 9
0 9
7 9
1 9
0 10
8 10
4 10
1 10
1 11
3 11
4 11
6 11
5 12
10 12
9 12
4 12
6 13
7 13
0 13
4 13
12 14
6 14
11 14
8 14
10 15
9 15
0 15
4 15
8 16
6 16
0 16
12 16
9 17
10 17
8 17
16 17
5 18
15 18
16 18
6 18
0 19
6 19
1 19
17 19
1 20
16 20
19 20
18 20
7 21
12 21
9 21
11 21
17 22
13 22
6 22
3 22
4 23
3 23
6 23
1 23
9 24
17 24
13 24
21 24
19 25
22 25
1 25
21 25
4 26
12 26
3 26
13 26
10 27
8 27
23 27
20 27
1 28
2 28
24 28
10 28
5 29
24 29
0 29
17 29
1 30
10 30
11 30
3 30
16 31
30 31
12 31
18 31
7 32
13 32
12 32
2 32
8 33
17 33
1 33
15 33
29 34
20 34
19 34
1 34
11 35
6 35
23 35
28 35
5 36
17 36
3 36
1 36
1 37
19 37
7 37
9 37
6 38
5 38
31 38
26 38
18 39
8 39
11 39
6 39
30 40
6 40
27 40
21 40
12 41
6 41
18 41
5 41
5 42
4 42
2 42
34 42
1 43
40 43
2 43
28 43
30 44
0 44
17 44
10 44
38 45
3 45
16 45
24 45
22 46
35 46
23 46
30 46
11 47
22 47
12 47
8 47
1 48
15 48
6 48
16 48
20 49
1 49
19 49
29 49
29 50
35 50
19 50
6 50
1 51
19 51
5 51
4 51
40 52
30 52
31 52
29 52
39 53
10 53
30 53
35 53
24 54
41 54
17 54
0 54
34 55
9 55
2 55
11 55
6 56
29 56
12 56
1 56
45 57
12 57
7 57
9 57
31 58
20 58
55 58
19 58
16 59
10 59
41 59
44 59
15 60
25 60
22 60
30 60
57 61
59 61
12 61
18 61
50 62
14 62
15 62
11 62
24 63
20 63
25 63
1 63
23 64
5 64
11 64
60 64
35 65
1 65
13 65
0 65
54 66
58 66
6 66
42 66
37 67
23 67
6 67
16 67
42 68
5 68
49 68
31 68
17 69
64 69
7 69
3 69
53 70
51 70
40 70
0 70
9 71
12 71
14 71
52 71
54 72
1 72
24 72
2 72
10 73
23 73
19 73
3 73
3 74
22 74
6 74
54 74
0 75
6 75
29 75
1 75
22 76
41 76
0 76
1 76
28 77
57 77
56 77
9 77
3 78
11 78
8 78
5 78
24 79
61 79
30 79
57 79
4 80
30 80
15 80
1 80
71 81
6 81
1 81
47 81
38 82
1 82
44 82
67 82
53 83
79 83
45 83
4 83
4 84
26 84
6 84
5 84
6 85
84 85
8 85
11 85
40 86
12 86
29 86
3 86
38 87
61 87
1 87
70 87
0 88
77 88
80 88
53 88
7 89
52 89
32 89
69 89
14 90
65 90
26 90
83 90
33 91
82 91
1 91
49 91
22 92
4 92
8 92
20 92
39 93
8 93
72 93
26 93
51 94
7 94
1 94
38 94
8 95
60 95
59 95
92 95
0 96
78 96
38 96
34 96
11 97
64 97
19 97
3 97
38 98
77 98
0 98
11 98
61 99
86 99
34 99
15 99
1 0
2 0
2 1
3 0
3 1
3 2
4 0
4 1
4 2
4 3
5 2
5 4
5 1
5 3
6 2
6 0
6 1
6 5
7 4
7 0
7 2
7 6
8 6
8 5
8 4
8 3
9 3
9 0
9 7
9 1
10 0
10 8
10 4
10 1
11 1
11 3
11 4
11 6
12 5
12 10
12 9
12 4
13 6
13 7
13 0
13 4
14 12
14 6
14 11
14 8
15 10
15 9
15 0
15 4
16 8
16 6
16 0
16 12
17 9
17 10
17 8
17 16
18 5
18 15
18 16
18 6
19 0
19 6
19 1
19 17
20 1
20 16
20 19
20 18
21 7
21 12
21 9
21 11
22 17
22 13
22 6
22 3
23 4
23 3
23 6
23 1
24 9
24 17
24 13
24 21
25 19
25 22
25 1
25 21
26 4
26 12
26 3
26 13
27 10
27 8
27 23
27 20
28 1
28 2
28 24
28 10
29 5
29 24
29 0
29 17
30 1
30 10
30 11
30 3
31 16
31 30
31 12
31 18
32 7
32 13
32 12
32 2
33 8
33 17
33 1
33 15
34 29
34 20
34 19
34 1
35 11
35 6
35 23
35 28
36 5
36 17
36 3
36 1
37 1
37 19
37 7
37 9
38 6
38 5
38 31
38 26
39 18
39 8
39 11
39 6
40 30
40 6
40 27
40 21
41 12
41 6
41 18
41 5
42 5
42 4
42 2
42 34
43 1
43 40
43 2
43 28
44 30
44 0
44 17
44 10
45 38
45 3
45 16
45 24
46 22
46 35
46 23
46 30
47 11
47 22
47 12
47 8
48 1
48 15
48 6
48 16
49 20
49 1
49 19
49 29
50 29
50 35
50 19
50 6
51 1
51 19
51 5
51 4
52 40
52 30
52 31
52 29
53 39
53 10
53 30
53 35
54 24
54 41
54 17
54 0
55 34
55 9
55 2
55 11
56 6
56 29
56 12
56 1
57 45
57 12
57 7
57 9
58 31
58 20
58 55
58 19
59 16
59 10
59 41
59 44
60 15
60 25
60 22
60 30
61 57
61 59
61 12
61 18
62 50
62 14
62 15
62 11
63 24
63 20
63 25
63 1
64 23
64 5
64 11
64 60
65 35
65 1
65 13
65 0
66 54
66 58
66 6
66 42
67 37
67 23
67 6
67 16
68 42
68 5
68 49
68 31
69 17
69 64
69 7
69 3
70 53
70 51
70 40
70 0
71 9
71 12
71 14
71 52
72 54
72 1
72 24
72 2
73 10
73 23
73 19
73 3
74 3
74 22
74 6
74 54
75 0
75 6
75 29
75 1
76 22
76 41
76 0
76 1
77 28
77 57
77 56
77 9
78 3
78 11
78 8
78 5
79 24
79 61
79 30
79 57
80 4
80 30
80 15
80 1
81 71
81 6
81 1
81 47
82 38
82 1
82 44
82 67
83 53
83 79
83 45
83 4
84 4
84 26
84 6
84 5
85 6
85 84
85 8
85 11
86 40
86 12
86 29
86 3
87 38
87 61
87 1
87 70
88 0
88 77
88 80
88 53
89 7
89 52
89 32
89 69
90 14
90 65
90 26
90 83
91 33
91 82
91 1
91 49
92 22
92 4
92 8
92 20
93 39
93 8
93 72
93 26
94 51
94 7
94 1
94 38
95 8
95 60
95 59
95 92
96 0
96 78
96 38
96 34
97 11
97 64
97 19
97 3
98 38
98 77
98 0
98 11
99 61
99 86
99 34
99 15
0 0 0 1 0 1 1 1 0 0 0 0 0 1 1 0 1 0 0 0 1 0 1 0 0 1 0 0 0 0 1 0 0 1 0 0 0 0 0 1 1 0 0 0 1 0 1 0 1 1 1 0 1 1 1 1 1 0 0 0 1 0 1 1 1 1 0 1 1 1 1 1 1 0 0 1 1 0 0 1 1 1 1 0 0 0 1 0 0 1 1 1 0 0 1 1 1 1 1 1
0 0 0 1 1 1 0 0 1 0 1 1 1 0 1 1 0 1 0 1 1 1 0 1 1 0 1 1 0 0 1 0 0 1 1 0 1 0 1 1 1 0 0 0 0 0 1 0 0 1 0 0 1 0 0 0 1 1 0 1 0 1 0 1 0 1 0 0 0 0 0 0 0 0 1 1 0 1 1 1 0 0 0 1 0 0 1 0 0 1 1 0 0 1 0 1 0 1 0 1
0 1 0 0 0 0 0 0 1 1 0 0 1 0 1 1 1 0 1 0 1 0 0 0 0 1 0 0 1 1 1 0 1 0 0 0 1 1 0 0 0 1 1 0 1 1 0 0 0 0 1 1 0 0 0 0 1 0 1 0 0 0 1 0 0 0 1 0 0 0 0 1 0 0 1 1 0 1 1 0 0 1 1 1 1 1 0 1 0 1 1 0 0 1 0 1 0 0 1 0
0 1 1 1 1 0 0 1 0 1 0 1 1 0 0 0 0 0 1 0 0 1 0 0 1 0 1 0 1 0 0 1 1 1 0 0 1 0 0 0 1 1 1 1 1 1 1 1 1 0 0 1 0 0 0 0 0 0 1 0 1 1 1 1 1 0 0 0 0 0 0 0 0 0 1 1 1 1 0 1 1 0 1 0 0 1 0 0 0 1 0 1 0 1 0 0 0 0 1 0
1 0 1 1 0 1 1 0 1 0 0 0 0 0 1 1 0 0 1 1 0 0 0 1 0 1 1 1 1 1 1 1 0 0 1 1 0 1 1 0 1 0 1 1 1 0 1 1 0 0 0 1 1 1 0 1 1 1 0 1 0 0 1 1 0 1 1 0 0 0 1 0 1 1 1 0 0 1 0 0 1 1 1 0 0 0 0 1 0 0 1 1 0 0 0 1 0 1 0 1