100 780 5
0 1
0 2
1 2
0 3
1 3
2 3
0 4
1 4
2 4
3 4
2 5
3 5
1 5
4 5
5 6
4 6
3 6
2 6
1 7
6 7
4 7
0 7
5 8
6 8
0 8
2 8
6 9
5 9
4 9
0 9
4 10
5 10
2 10
9 10
4 11
0 11
5 11
3 11
4 12
6 12
5 12
7 12
4 13
7 13
6 13
1 13
5 14
6 14
11 14
0 14
2 15
1 15
5 15
6 15
7 16
13 16
1 16
6 16
2 17
9 17
14 17
7 17
2 18
5 18
16 18
1 18
1 19
2 19
15 19
3 19
19 20
6 20
3 20
17 20
6 21
2 21
1 21
9 21
15 22
9 22
8 22
14 22
17 23
4 23
13 23
6 23
7 24
2 24
5 24
6 24
13 25
1 25
23 25
3 25
17 26
7 26
6 26
5 26
14 27
24 27
4 27
6 27
20 28
3 28
8 28
5 28
10 29
5 29
27 29
2 29
11 30
19 30
26 30
14 30
21 31
16 31
6 31
24 31
28 32
16 32
13 32
23 32
8 33
4 33
3 33
14 33
2 34
15 34
13 34
1 34
25 35
14 35
3 35
33 35
21 36
25 36
22 36
23 36
26 37
2 37
19 37
23 37
13 38
17 38
34 38
14 38
26 39
6 39
30 39
33 39
33 40
0 40
8 40
1 40
3 41
25 41
12 41
36 41
0 42
33 42
16 42
40 42
2 43
22 43
26 43
24 43
21 44
30 44
43 44
23 44
14 45
40 45
3 45
6 45
6 46
17 46
4 46
15 46
16 47
9 47
32 47
30 47
5 48
17 48
7 48
42 48
1 49
22 49
3 49
2 49
3 50
26 50
6 50
38 50
6 51
32 51
13 51
20 51
0 52
18 52
25 52
32 52
1 53
7 53
24 53
0 53
52 54
6 54
49 54
9 54
34 55
30 55
36 55
24 55
26 56
2 56
15 56
14 56
4 57
27 57
26 57
9 57
7 58
0 58
55 58
20 58
6 59
47 59
40 59
1 59
28 60
20 60
33 60
5 60
1 61
40 61
17 61
16 61
45 62
23 62
26 62
5 62
34 63
5 63
13 63
6 63
13 64
1 64
26 64
41 64
24 65
12 65
40 65
36 65
32 66
36 66
65 66
2 66
6 67
16 67
36 67
42 67
6 68
3 68
43 68
2 68
7 69
1 69
4 69
37 69
53 70
46 70
6 70
41 70
16 71
12 71
63 71
61 71
70 72
9 72
14 72
42 72
51 73
36 73
60 73
24 73
1 74
22 74
6 74
2 74
70 75
15 75
58 75
1 75
60 76
14 76
13 76
64 76
24 77
26 77
48 77
13 77
7 78
23 78
0 78
3 78
21 79
29 79
0 79
1 79
44 80
71 80
3 80
49 80
14 81
49 81
33 81
30 81
42 82
62 82
31 82
58 82
47 83
15 83
14 83
44 83
27 84
0 84
45 84
23 84
11 85
83 85
2 85
0 85
0 86
68 86
27 86
47 86
24 87
2 87
13 87
26 87
29 88
26 88
1 88
66 88
38 89
2 89
15 89
88 89
38 90
25 90
4 90
7 90
4 91
3 91
25 91
6 91
61 92
23 92
13 92
3 92
59 93
22 93
11 93
26 93
24 94
2 94
60 94
75 94
2 95
33 95
80 95
55 95
15 96
55 96
33 96
23 96
51 97
17 97
6 97
32 97
2 98
40 98
14 98
28 98
41 99
6 99
1 99
31 99
1 0
2 0
2 1
3 0
3 1
3 2
4 0
4 1
4 2
4 3
5 2
5 3
5 1
5 4
6 5
6 4
6 3
6 2
7 1
7 6
7 4
7 0
8 5
8 6
8 0
8 2
9 6
9 5
9 4
9 0
10 4
10 5
10 2
10 9
11 4
11 0
11 5
11 3
12 4
12 6
12 5
12 7
13 4
13 7
13 6
13 1
14 5
14 6
14 11
14 0
15 2
15 1
15 5
15 6
16 7
16 13
16 1
16 6
17 2
17 9
17 14
17 7
18 2
18 5
18 16
18 1
19 1
19 2
19 15
19 3
20 19
20 6
20 3
20 17
21 6
21 2
21 1
21 9
22 15
22 9
22 8
22 14
23 17
23 4
23 13
23 6
24 7
24 2
24 5
24 6
25 13
25 1
25 23
25 3
26 17
26 7
26 6
26 5
27 14
27 24
27 4
27 6
28 20
28 3
28 8
28 5
29 10
29 5
29 27
29 2
30 11
30 19
30 26
30 14
31 21
31 16
31 6
31 24
32 28
32 16
32 13
32 23
33 8
33 4
33 3
33 14
34 2
34 15
34 13
34 1
35 25
35 14
35 3
35 33
36 21
36 25
36 22
36 23
37 26
37 2
37 19
37 23
38 13
38 17
38 34
38 14
39 26
39 6
39 30
39 33
40 33
40 0
40 8
40 1
41 3
41 25
41 12
41 36
42 0
42 33
42 16
42 40
43 2
43 22
43 26
43 24
44 21
44 30
44 43
44 23
45 14
45 40
45 3
45 6
46 6
46 17
46 4
46 15
47 16
47 9
47 32
47 30
48 5
48 17
48 7
48 42
49 1
49 22
49 3
49 2
50 3
50 26
50 6
50 38
51 6
51 32
51 13
51 20
52 0
52 18
52 25
52 32
53 1
53 7
53 24
53 0
54 52
54 6
54 49
54 9
55 34
55 30
55 36
55 24
56 26
56 2
56 15
56 14
57 4
57 27
57 26
57 9
58 7
58 0
58 55
58 20
59 6
59 47
59 40
59 1
60 28
60 20
60 33
60 5
61 1
61 40
61 17
61 16
62 45
62 23
62 26
62 5
63 34
63 5
63 13
63 6
64 13
64 1
64 26
64 41
65 24
65 12
65 40
65 36
66 32
66 36
66 65
66 2
67 6
67 16
67 36
67 42
68 6
68 3
68 43
68 2
69 7
69 1
69 4
69 37
70 53
70 46
70 6
70 41
71 16
71 12
71 63
71 61
72 70
72 9
72 14
72 42
73 51
73 36
73 60
73 24
74 1
74 22
74 6
74 2
75 70
75 15
75 58
75 1
76 60
76 14
76 13
76 64
77 24
77 26
77 48
77 13
78 7
78 23
78 0
78 3
79 21
79 29
79 0
79 1
80 44
80 71
80 3
80 49
81 14
81 49
81 33
81 30
82 42
82 62
82 31
82 58
83 47
83 15
83 14
83 44
84 27
84 0
84 45
84 23
85 11
85 83
85 2
85 0
86 0
86 68
86 27
86 47
87 24
87 2
87 13
87 26
88 29
88 26
88 1
88 66
89 38
89 2
89 15
89 88
90 38
90 25
90 4
90 7
91 4
91 3
91 25
91 6
92 61
92 23
92 13
92 3
93 59
93 22
93 11
93 26
94 24
94 2
94 60
94 75
95 2
95 33
95 80
95 55
96 15
96 55
96 33
96 23
97 51
97 17
97 6
97 32
98 2
98 40
98 14
98 28
99 41
99 6
99 1
99 31
0 0 1 1 0 0 1 0 1 0 0 1 0 1 0 1 0 1 0 1 0 1 1 0 0 1 1 1 1 0 1 1 1 0 1 1 0 0 0 1 1 0 0 1 1 1 0 1 1 1 0 1 1 1 0 0 1 1 0 0 1 1 0 1 0 0 0 1 1 1 0 0 1 0 1 0 0 0 1 0 1 0 1 1 1 1 1 1 0 1 1 1 0 1 1 0 1 0 1 1
0 0 0 1 1 1 0 1 0 0 1 0 1 0 0 0 0 1 0 1 0 1 1 1 0 1 0 0 1 0 0 0 0 0 1 0 1 0 1 1 0 0 1 1 0 1 1 0 1 0 0 1 0 0 1 0 1 1 1 1 0 0 0 0 0 1 1 1 1 1 0 0 0 1 0 1 1 0 1 0 1 1 1 1 0 1 1 0 0 1 1 0 0 0 1 0 0 1 1 0
1 1 1 1 0 0 0 0 0 0 0 0 0 0 1 0 1 0 0 0 0 1 0 0 1 1 0 1 1 1 0 1 1 1 1 1 0 0 1 0 0 1 1 0 1 0 1 1 0 0 1 1 0 1 0 0 1 1 1 0 1 1 1 1 0 1 1 1 0 1 1 0 1 1 0 0 0 0 1 0 0 1 1 0 1 0 0 1 1 0 1 0 0 0 0 1 0 1 1 1
1 1 0 0 0 1 0 0 0 0 1 1 0 0 1 0 1 0 0 1 0 0 1 1 0 0 1 0 0 1 0 0 0 1 0 0 1 1 1 0 1 0 0 1 1 1 1 1 0 0 0 0 0 1 0 1 0 1 0 1 0 0 1 1 1 1 1 0 0 1 0 0 0 1 1 1 1 0 1 0 1 0 1 0 0 1 1 1 1 1 1 1 1 0 1 0 0 0 0 0
0 1 1 0 1 0 1 1 0 1 0 0 0 1 0 0 0 0 1 1 0 0 0 1 0 1 1 1 1 0 1 0 0 0 0 1 1 1 0 1 1 1 0 1 1 0 0 1 0 1 0 0 0 0 1 1 0 1 1 1 1 1 1 0 0 0 0 1 1 1 1 0 1 0 1 1 1 0 1 0 1 0 1 0 0 0 1 0 1 1 0 0 0 1 0 0 0 1 1 1