100 390 5
0 1
0 2
1 2
0 3
1 3
2 3
0 4
1 4
2 4
3 4
0 5
2 5
1 5
4 5
4 6
2 6
1 6
5 6
2 7
1 7
3 7
4 7
1 8
2 8
5 8
4 8
2 9
0 9
3 9
1 9
5 10
6 10
1 10
2 10
6 11
10 11
7 11
2 11
6 12
1 12
5 12
2 12
4 13
9 13
1 13
0 13
1 14
5 14
9 14
10 14
2 15
1 15
9 15
0 15
13 16
9 16
4 16
6 16
6 17
14 17
13 17
15 17
8 18
11 18
6 18
13 18
6 19
2 19
14 19
12 19
5 20
11 20
0 20
2 20
4 21
1 21
0 21
13 21
8 22
7 22
17 22
21 22
7 23
20 23
5 23
1 23
21 24
12 24
17 24
20 24
9 25
1 25
24 25
11 25
11 26
20 26
6 26
15 26
15 27
17 27
14 27
6 27
23 28
1 28
4 28
0 28
20 29
3 29
11 29
12 29
4 30
2 30
14 30
0 30
5 31
2 31
21 31
3 31
28 32
0 32
13 32
10 32
16 33
12 33
2 33
26 33
29 34
18 34
4 34
8 34
22 35
15 35
14 35
5 35
25 36
33 36
17 36
5 36
14 37
28 37
30 37
29 37
22 38
17 38
29 38
12 38
21 39
5 39
0 39
38 39
25 40
6 40
27 40
16 40
5 41
37 41
1 41
25 41
5 42
33 42
2 42
24 42
7 43
2 43
5 43
22 43
27 44
26 44
13 44
36 44
0 45
41 45
31 45
30 45
44 46
28 46
7 46
16 46
6 47
0 47
2 47
26 47
7 48
5 48
6 48
38 48
3 49
10 49
15 49
2 49
14 50
27 50
5 50
38 50
15 51
25 51
44 51
50 51
31 52
11 52
13 52
27 52
29 53
11 53
7 53
23 53
47 54
6 54
38 54
8 54
2 55
5 55
21 55
41 55
18 56
29 56
41 56
2 56
56 57
5 57
33 57
19 57
8 58
17 58
5 58
11 58
17 59
11 59
47 59
12 59
5 60
19 60
15 60
0 60
44 61
32 61
7 61
3 61
37 62
20 62
2 62
51 62
1 63
42 63
38 63
5 63
30 64
21 64
29 64
17 64
48 65
62 65
14 65
10 65
12 66
21 66
50 66
60 66
26 67
5 67
7 67
59 67
16 68
6 68
26 68
12 68
13 69
12 69
14 69
10 69
66 70
26 70
23 70
2 70
12 71
14 71
28 71
2 71
0 72
30 72
5 72
54 72
44 73
47 73
20 73
34 73
56 74
73 74
20 74
61 74
17 75
11 75
14 75
2 75
50 76
14 76
47 76
11 76
50 77
15 77
21 77
5 77
25 78
47 78
12 78
18 78
9 79
11 79
63 79
13 79
0 80
56 80
77 80
5 80
22 81
32 81
45 81
56 81
72 82
3 82
20 82
9 82
49 83
11 83
41 83
12 83
79 84
11 84
27 84
19 84
27 85
0 85
51 85
10 85
47 86
11 86
8 86
35 86
52 87
21 87
1 87
23 87
85 88
8 88
1 88
33 88
12 89
11 89
18 89
44 89
28 90
14 90
41 90
19 90
53 91
11 91
27 91
89 91
40 92
27 92
11 92
2 92
33 93
89 93
34 93
39 93
19 94
35 94
69 94
40 94
33 95
41 95
17 95
21 95
31 96
28 96
8 96
30 96
5 97
41 97
14 97
85 97
30 98
5 98
4 98
1 98
28 99
6 99
15 99
5 99
0 0 0 0 0 0 0 1 0 1 1 1 0 0 0 0 0 0 0 1 1 1 0 1 0 0 1 0 0 1 0 1 1 0 1 1 1 1 1 1 1 0 0 1 1 0 1 0 1 1 1 1 1 0 0 1 1 1 1 0 1 1 0 0 0 1 0 1 1 1 0 0 0 1 0 1 1 0 1 1 1 0 1 0 0 0 0 0 0 0 1 1 0 0 1 1 1 0 0 0
1 1 0 0 0 1 1 1 1 0 1 1 1 0 1 1 1 1 0 1 1 0 1 1 1 1 0 0 1 1 0 1 1 0 1 0 1 1 0 0 1 1 0 0 1 1 0 0 1 0 1 0 0 1 1 1 0 0 0 1 1 1 1 1 0 1 0 1 1 0 0 0 0 1 1 0 0 0 1 1 0 0 1 1 0 1 0 0 0 0 1 1 0 1 1 1 1 0 0 1
1 0 0 1 1 1 1 1 0 0 0 1 0 1 0 1 0 1 1 1 0 0 1 0 0 0 1 1 1 0 0 0 1 0 1 0 0 0 0 0 0 0 0 1 1 1 0 1 0 0 0 1 1 0 1 1 0 1 0 1 0 0 1 1 0 0 1 0 1 0 1 0 1 1 0 0 1 1 0 1 0 1 0 0 0 0 1 1 1 0 0 1 0 0 0 1 0 0 1 0
0 1 1 0 1 0 1 0 1 0 0 1 0 1 1 1 1 1 0 0 0 1 0 0 1 0 0 0 1 1 1 1 1 1 0 1 1 1 0 1 1 1 1 1 0 1 1 1 1 1 0 0 1 1 1 1 1 0 0 0 1 0 0 1 1 0 1 0 0 1 0 0 1 0 0 0 1 0 0 0 0 0 1 1 0 1 0 1 0 0 0 1 0 0 1 1 1 0 0 0
0 1 1 0 1 1 1 0 1 1 0 1 0 0 0 0 0 0 0 1 0 0 1 1 1 0 0 0 0 0 1 1 0 1 1 0 1 1 0 1 1 1 0 0 1 1 0 1 1 1 1 1 0 0 1 0 1 1 1 0 0 0 1 1 1 1 1 0 1 0 0 0 1 0 1 1 0 1 1 0 1 1 0 1 0 0 0 0 1 0 0 1 1 0 1 1 1 0 1 0