100 394 5
0 1
0 2
1 2
2 3
0 3
3 4
1 4
1 5
3 5
3 6
2 6
0 7
5 7
6 8
1 8
1 9
0 9
3 10
0 10
0 11
5 11
0 12
7 12
0 13
3 13
6 14
7 14
3 15
7 15
3 16
6 16
9 17
7 17
6 18
15 18
18 19
6 19
7 20
13 20
8 21
17 21
19 22
3 22
3 23
1 23
12 24
0 24
4 25
7 25
3 26
1 26
2 27
7 27
22 28
3 28
7 29
26 29
3 30
28 30
19 31
13 31
16 32
7 32
16 33
0 33
0 34
2 34
12 35
8 35
13 36
22 36
31 37
5 37
13 38
29 38
2 39
16 39
0 40
10 40
0 41
7 41
7 42
15 42
14 43
2 43
3 44
13 44
37 45
3 45
1 46
12 46
18 47
3 47
9 48
46 48
36 49
29 49
27 50
8 50
0 51
6 51
5 52
22 52
1 53
7 53
17 54
6 54
6 55
0 55
0 56
17 56
7 57
55 57
47 58
1 58
43 59
22 59
13 60
6 60
29 61
6 61
27 62
1 62
3 63
55 63
59 64
8 64
17 65
19 65
18 66
29 66
8 67
5 67
18 68
53 68
0 69
3 69
3 70
25 70
14 71
18 71
29 72
59 72
7 73
8 73
0 74
52 74
20 75
66 75
6 76
7 76
36 77
29 77
22 78
59 78
15 79
16 79
22 80
5 80
3 81
2 81
71 82
1 82
55 83
6 83
45 84
3 84
8 85
3 85
71 86
42 86
30 87
0 87
20 88
44 88
68 89
0 89
64 90
52 90
5 91
26 91
77 92
24 92
17 93
25 93
32 94
20 94
1 95
6 95
10 96
77 96
36 97
0 97
42 98
65 98
17 99
91 99
1 0
2 0
2 1
3 2
3 0
4 3
4 1
5 1
5 3
6 3
6 2
7 0
7 5
8 6
8 1
9 1
9 0
10 3
10 0
11 0
11 5
12 0
12 7
13 0
13 3
14 6
14 7
15 3
15 7
16 3
16 6
17 9
17 7
18 6
18 15
19 18
19 6
20 7
20 13
21 8
21 17
22 19
22 3
23 3
23 1
24 12
24 0
25 4
25 7
26 3
26 1
27 2
27 7
28 22
28 3
29 7
29 26
30 3
30 28
31 19
31 13
32 16
32 7
33 16
33 0
34 0
34 2
35 12
35 8
36 13
36 22
37 31
37 5
38 13
38 29
39 2
39 16
40 0
40 10
41 0
41 7
42 7
42 15
43 14
43 2
44 3
44 13
45 37
45 3
46 1
46 12
47 18
47 3
48 9
48 46
49 36
49 29
50 27
50 8
51 0
51 6
52 5
52 22
53 1
53 7
54 17
54 6
55 6
55 0
56 0
56 17
57 7
57 55
58 47
58 1
59 43
59 22
60 13
60 6
61 29
61 6
62 27
62 1
63 3
63 55
64 59
64 8
65 17
65 19
66 18
66 29
67 8
67 5
68 18
68 53
69 0
69 3
70 3
70 25
71 14
71 18
72 29
72 59
73 7
73 8
74 0
74 52
75 20
75 66
76 6
76 7
77 36
77 29
78 22
78 59
79 15
79 16
80 22
80 5
81 3
81 2
82 71
82 1
83 55
83 6
84 45
84 3
85 8
85 3
86 71
86 42
87 30
87 0
88 20
88 44
89 68
89 0
90 64
90 52
91 5
91 26
92 77
92 24
93 17
93 25
94 32
94 20
95 1
95 6
96 10
96 77
97 36
97 0
98 42
98 65
99 17
99 91
0 1 1 1 1 0 0 0 0 0 0 1 1 1 0 1 1 0 1 0 0 0 0 1 0 0 1 1 1 1 0 1 0 0 1 1 0 1 1 1 0 0 1 1 0 1 0 1 0 0 1 0 0 1 0 1 0 0 0 1 1 0 1 1 0 1 1 1 0 0 0 1 1 1 0 0 1 0 1 1 1 1 1 1 0 1 1 0 1 0 1 0 1 1 0 0 0 1 0 0
0 0 1 0 1 1 1 1 1 1 1 1 0 0 1 1 1 1 1 0 1 1 1 1 0 1 0 0 0 1 1 0 1 1 0 0 0 1 0 0 0 0 1 0 0 1 1 0 1 0 0 0 1 1 0 1 0 0 1 0 0 1 0 1 1 1 0 1 1 1 1 0 1 0 0 0 0 1 1 1 0 1 1 0 0 1 1 1 1 1 1 0 0 0 0 1 1 1 0 1
0 0 1 1 1 1 1 1 1 0 1 0 0 0 0 0 1 0 1 1 0 1 1 0 0 1 1 0 1 1 1 0 1 1 1 1 0 1 0 0 0 0 0 0 0 0 1 1 0 0 1 0 1 1 1 0 0 0 0 1 1 1 0 0 0 0 0 0 0 1 0 0 0 1 1 1 0 1 0 1 0 0 1 1 0 1 1 0 0 1 0 0 0 0 0 1 0 1 0 1
1 0 0 1 1 1 1 0 0 0 1 1 1 1 0 0 0 0 0 1 1 1 0 0 0 0 1 1 1 0 1 1 0 0 1 1 1 0 1 0 0 1 1 0 1 1 1 0 0 0 0 0 1 1 0 1 0 0 1 0 0 1 1 0 1 1 1 1 1 1 0 0 1 1 1 0 1 0 1 0 0 1 1 0 0 0 0 0 1 0 1 0 1 0 0 0 0 0 0 0
0 0 0 0 0 1 1 1 0 0 1 1 1 0 0 0 0 0 1 1 1 0 1 1 1 1 0 0 0 0 1 1 1 0 1 0 1 0 1 0 0 0 1 0 0 1 0 1 0 0 1 0 1 1 0 0 1 1 1 1 0 1 1 0 1 1 0 0 1 0 0 0 1 0 1 0 1 1 1 1 1 1 0 0 1 1 0 1 1 1 1 0 0 0 0 1 0 0 0 1