100 780 5
0 1
0 2
1 2
0 3
1 3
2 3
0 4
1 4
2 4
3 4
3 5
4 5
0 5
2 5
0 6
3 6
1 6
5 6
6 7
3 7
0 7
4 7
5 8
4 8
7 8
6 8
1 9
5 9
2 9
7 9
5 10
3 10
1 10
9 10
0 11
8 11
1 11
4 11
2 12
4 12
5 12
8 12
7 13
5 13
9 13
3 13
4 14
5 14
2 14
8 14
8 15
6 15
3 15
4 15
12 16
9 16
10 16
5 16
2 17
10 17
16 17
12 17
0 18
9 18
4 18
14 18
7 19
14 19
16 19
0 19
19 20
7 20
2 20
5 20
1 21
8 21
10 21
4 21
10 22
20 22
8 22
16 22
21 23
3 23
4 23
16 23
4 24
21 24
11 24
9 24
16 25
17 25
7 25
0 25
4 26
22 26
15 26
8 26
4 27
21 27
23 27
17 27
20 28
24 28
4 28
27 28
11 29
7 29
4 29
20 29
7 30
16 30
8 30
28 30
19 31
2 31
0 31
3 31
28 32
2 32
3 32
7 32
4 33
16 33
5 33
0 33
5 34
15 34
28 34
1 34
8 35
31 35
34 35
3 35
16 36
4 36
17 36
28 36
29 37
18 37
4 37
34 37
1 38
11 38
18 38
6 38
23 39
4 39
8 39
16 39
11 40
7 40
26 40
2 40
2 41
21 41
17 41
39 41
11 42
9 42
16 42
3 42
33 43
1 43
6 43
2 43
14 44
11 44
7 44
4 44
0 45
40 45
7 45
33 45
10 46
24 46
4 46
7 46
6 47
9 47
4 47
17 47
12 48
38 48
29 48
0 48
7 49
4 49
35 49
39 49
11 50
21 50
2 50
28 50
49 51
0 51
17 51
13 51
21 52
27 52
8 52
34 52
21 53
4 53
7 53
11 53
47 54
40 54
35 54
50 54
26 55
22 55
7 55
19 55
44 56
21 56
8 56
52 56
19 57
11 57
8 57
9 57
32 58
31 58
29 58
17 58
18 59
50 59
11 59
1 59
39 60
26 60
31 60
2 60
59 61
56 61
5 61
16 61
15 62
52 62
4 62
17 62
52 63
50 63
8 63
6 63
16 64
3 64
39 64
63 64
10 65
11 65
44 65
7 65
22 66
4 66
6 66
26 66
1 67
10 67
26 67
5 67
2 68
56 68
25 68
31 68
4 69
65 69
44 69
46 69
11 70
53 70
4 70
2 70
4 71
61 71
28 71
52 71
9 72
13 72
27 72
4 72
48 73
11 73
17 73
22 73
29 74
2 74
11 74
46 74
42 75
27 75
10 75
14 75
4 76
65 76
39 76
36 76
46 77
14 77
10 77
27 77
29 78
23 78
49 78
5 78
11 79
53 79
1 79
28 79
59 80
40 80
55 80
4 80
9 81
34 81
36 81
20 81
33 82
48 82
65 82
31 82
9 83
27 83
32 83
16 83
24 84
18 84
0 84
76 84
42 85
1 85
44 85
22 85
4 86
2 86
64 86
20 86
65 87
46 87
25 87
53 87
29 88
53 88
32 88
64 88
1 89
79 89
7 89
14 89
52 90
17 90
8 90
9 90
73 91
48 91
40 91
12 91
84 92
54 92
46 92
21 92
6 93
11 93
48 93
44 93
2 94
14 94
77 94
56 94
5 95
16 95
10 95
67 95
28 96
4 96
3 96
7 96
24 97
65 97
20 97
42 97
85 98
7 98
4 98
1 98
54 99
60 99
29 99
48 99
1 0
2 0
2 1
3 0
3 1
3 2
4 0
4 1
4 2
4 3
5 3
5 4
5 0
5 2
6 0
6 3
6 1
6 5
7 6
7 3
7 0
7 4
8 5
8 4
8 7
8 6
9 1
9 5
9 2
9 7
10 5
10 3
10 1
10 9
11 0
11 8
11 1
11 4
12 2
12 4
12 5
12 8
13 7
13 5
13 9
13 3
14 4
14 5
14 2
14 8
15 8
15 6
15 3
15 4
16 12
16 9
16 10
16 5
17 2
17 10
17 16
17 12
18 0
18 9
18 4
18 14
19 7
19 14
19 16
19 0
20 19
20 7
20 2
20 5
21 1
21 8
21 10
21 4
22 10
22 20
22 8
22 16
23 21
23 3
23 4
23 16
24 4
24 21
24 11
24 9
25 16
25 17
25 7
25 0
26 4
26 22
26 15
26 8
27 4
27 21
27 23
27 17
28 20
28 24
28 4
28 27
29 11
29 7
29 4
29 20
30 7
30 16
30 8
30 28
31 19
31 2
31 0
31 3
32 28
32 2
32 3
32 7
33 4
33 16
33 5
33 0
34 5
34 15
34 28
34 1
35 8
35 31
35 34
35 3
36 16
36 4
36 17
36 28
37 29
37 18
37 4
37 34
38 1
38 11
38 18
38 6
39 23
39 4
39 8
39 16
40 11
40 7
40 26
40 2
41 2
41 21
41 17
41 39
42 11
42 9
42 16
42 3
43 33
43 1
43 6
43 2
44 14
44 11
44 7
44 4
45 0
45 40
45 7
45 33
46 10
46 24
46 4
46 7
47 6
47 9
47 4
47 17
48 12
48 38
48 29
48 0
49 7
49 4
49 35
49 39
50 11
50 21
50 2
50 28
51 49
51 0
51 17
51 13
52 21
52 27
52 8
52 34
53 21
53 4
53 7
53 11
54 47
54 40
54 35
54 50
55 26
55 22
55 7
55 19
56 44
56 21
56 8
56 52
57 19
57 11
57 8
57 9
58 32
58 31
58 29
58 17
59 18
59 50
59 11
59 1
60 39
60 26
60 31
60 2
61 59
61 56
61 5
61 16
62 15
62 52
62 4
62 17
63 52
63 50
63 8
63 6
64 16
64 3
64 39
64 63
65 10
65 11
65 44
65 7
66 22
66 4
66 6
66 26
67 1
67 10
67 26
67 5
68 2
68 56
68 25
68 31
69 4
69 65
69 44
69 46
70 11
70 53
70 4
70 2
71 4
71 61
71 28
71 52
72 9
72 13
72 27
72 4
73 48
73 11
73 17
73 22
74 29
74 2
74 11
74 46
75 42
75 27
75 10
75 14
76 4
76 65
76 39
76 36
77 46
77 14
77 10
77 27
78 29
78 23
78 49
78 5
79 11
79 53
79 1
79 28
80 59
80 40
80 55
80 4
81 9
81 34
81 36
81 20
82 33
82 48
82 65
82 31
83 9
83 27
83 32
83 16
84 24
84 18
84 0
84 76
85 42
85 1
85 44
85 22
86 4
86 2
86 64
86 20
87 65
87 46
87 25
87 53
88 29
88 53
88 32
88 64
89 1
89 79
89 7
89 14
90 52
90 17
90 8
90 9
91 73
91 48
91 40
91 12
92 84
92 54
92 46
92 21
93 6
93 11
93 48
93 44
94 2
94 14
94 77
94 56
95 5
95 16
95 10
95 67
96 28
96 4
96 3
96 7
97 24
97 65
97 20
97 42
98 85
98 7
98 4
98 1
99 54
99 60
99 29
99 48
1 1 1 0 0 1 1 1 0 0 1 0 1 0 0 0 0 0 1 0 0 1 1 0 0 1 0 0 0 0 1 1 0 1 1 0 1 1 0 0 1 1 0 1 1 1 1 1 1 0 1 1 1 0 1 1 0 0 1 1 0 1 1 0 1 1 1 0 0 0 1 0 0 0 1 1 1 1 1 0 0 0 1 1 0 0 1 1 0 1 1 1 0 0 0 0 1 0 0 1
1 0 1 0 0 0 0 0 1 0 1 0 1 0 1 1 1 1 1 0 1 0 0 0 0 1 0 0 1 1 0 1 1 1 1 1 0 0 1 0 0 1 1 0 1 0 0 0 1 1 1 0 1 1 1 0 1 1 1 1 0 0 1 1 0 1 1 1 0 0 0 0 1 0 1 0 1 1 1 0 1 0 0 1 1 0 1 1 1 0 0 1 1 1 1 1 0 0 0 1
0 0 0 0 0 0 0 0 1 0 0 0 1 1 0 1 0 1 1 1 0 1 1 0 1 0 0 0 1 1 1 0 0 1 1 1 0 0 1 0 1 1 1 1 0 0 0 1 1 1 1 0 0 1 0 1 0 1 0 1 0 1 0 0 1 1 0 1 1 1 0 0 0 0 1 1 1 1 0 0 0 1 1 1 0 1 1 0 1 0 1 0 0 0 0 0 1 0 1 1
0 0 1 1 1 1 1 0 1 1 0 0 0 1 1 0 1 1 0 1 0 0 0 0 0 1 0 0 1 1 1 0 0 0 1 0 0 0 0 0 0 0 0 0 1 1 0 0 1 0 0 1 0 1 1 1 0 0 1 1 0 1 0 1 1 0 0 1 1 1 1 1 0 1 0 1 0 1 0 1 0 1 0 0 1 0 1 0 0 1 0 0 0 1 0 1 0 1 1 1
1 1 0 1 1 1 1 0 1 0 1 0 0 0 1 1 1 1 1 0 0 0 0 0 1 1 1 1 0 0 1 1 0 1 0 0 0 0 0 1 1 1 0 1 0 0 1 0 1 1 1 1 1 0 0 0 1 1 0 0 0 0 1 1 1 1 0 0 1 0 1 1 0 0 1 1 1 0 1 1 1 0 0 1 0 0 1 1 1 1 1 0 1 1 0 1 1 1 0 0