250 1488 5
0 1
0 2
1 2
0 3
1 3
2 3
2 4
1 4
3 4
4 5
2 5
1 5
2 6
1 6
3 6
1 7
4 7
2 7
7 8
4 8
2 8
1 9
3 9
7 9
2 10
4 10
5 10
0 11
10 11
1 11
1 12
4 12
8 12
5 13
12 13
9 13
13 14
1 14
2 14
5 15
14 15
3 15
11 16
1 16
12 16
12 17
2 17
1 17
13 18
16 18
17 18
0 19
17 19
12 19
4 20
3 20
19 20
18 21
1 21
14 21
4 22
18 22
2 22
20 23
10 23
1 23
3 24
13 24
14 24
14 25
9 25
7 25
8 26
10 26
17 26
14 27
1 27
9 27
5 28
26 28
20 28
1 29
14 29
17 29
2 30
0 30
1 30
20 31
10 31
2 31
0 32
17 32
29 32
2 33
5 33
12 33
1 34
20 34
9 34
18 35
24 35
4 35
14 36
17 36
8 36
26 37
3 37
2 37
20 38
17 38
13 38
13 39
6 39
29 39
1 40
24 40
2 40
8 41
13 41
9 41
10 42
33 42
18 42
2 43
14 43
10 43
42 44
2 44
29 44
24 45
18 45
5 45
24 46
1 46
33 46
9 47
2 47
5 47
7 48
41 48
29 48
41 49
42 49
26 49
4 50
8 50
7 50
11 51
6 51
17 51
1 52
13 52
29 52
25 53
43 53
12 53
1 54
35 54
4 54
14 55
9 55
17 55
2 56
7 56
14 56
36 57
20 57
56 57
56 58
31 58
35 58
18 59
19 59
22 59
34 60
2 60
0 60
35 61
0 61
13 61
19 62
12 62
3 62
2 63
10 63
20 63
38 64
20 64
12 64
56 65
32 65
9 65
0 66
38 66
18 66
62 67
22 67
32 67
5 68
54 68
2 68
0 69
32 69
10 69
19 70
45 70
12 70
25 71
0 71
12 71
36 72
3 72
67 72
23 73
34 73
1 73
52 74
9 74
33 74
19 75
73 75
33 75
43 76
6 76
22 76
30 77
10 77
1 77
26 78
5 78
36 78
13 79
43 79
45 79
9 80
7 80
37 80
29 81
15 81
7 81
49 82
17 82
45 82
12 83
42 83
2 83
1 84
29 84
78 84
15 85
6 85
78 85
12 86
5 86
67 86
43 87
26 87
59 87
17 88
24 88
33 88
30 89
80 89
0 89
48 90
6 90
36 90
57 91
58 91
3 91
8 92
54 92
83 92
18 93
53 93
3 93
17 94
18 94
34 94
27 95
20 95
3 95
83 96
84 96
15 96
8 97
59 97
4 97
25 98
24 98
92 98
58 99
1 99
22 99
97 100
5 100
21 100
2 101
87 101
27 101
18 102
74 102
5 102
18 103
12 103
29 103
86 104
30 104
14 104
0 105
7 105
5 105
26 106
20 106
64 106
88 107
8 107
99 107
8 108
29 108
3 108
49 109
24 109
12 109
8 110
23 110
105 110
78 111
34 111
5 111
29 112
54 112
83 112
1 113
7 113
92 113
18 114
49 114
83 114
58 115
30 115
56 115
26 116
20 116
13 116
8 117
33 117
12 117
42 118
38 118
71 118
45 119
6 119
33 119
48 120
10 120
64 120
45 121
18 121
74 121
61 122
59 122
51 122
52 123
60 123
71 123
58 124
18 124
59 124
32 125
19 125
108 125
76 126
108 126
26 126
1 127
100 127
75 127
0 128
13 128
9 128
4 129
1 129
9 129
95 130
59 130
43 130
6 131
0 131
13 131
2 132
74 132
24 132
78 133
83 133
131 133
13 134
78 134
5 134
12 135
133 135
17 135
31 136
1 136
88 136
113 137
83 137
82 137
134 138
85 138
64 138
33 139
7 139
12 139
27 140
126 140
88 140
8 141
95 141
14 141
20 142
62 142
82 142
27 143
133 143
21 143
7 144
2 144
51 144
35 145
29 145
12 145
72 146
37 146
114 146
135 147
104 147
1 147
8 148
74 148
107 148
51 149
58 149
29 149
20 150
8 150
22 150
16 151
133 151
3 151
56 152
64 152
5 152
37 153
2 153
124 153
114 154
28 154
25 154
32 155
34 155
14 155
17 156
140 156
64 156
25 157
30 157
67 157
106 158
71 158
3 158
1 159
127 159
2 159
115 160
91 160
0 160
84 161
108 161
160 161
86 162
12 162
83 162
61 163
34 163
83 163
135 164
134 164
26 164
6 165
88 165
94 165
86 166
155 166
70 166
43 167
117 167
31 167
115 168
24 168
105 168
95 169
8 169
0 169
132 170
76 170
71 170
30 171
28 171
3 171
108 172
86 172
1 172
9 173
87 173
16 173
54 174
22 174
7 174
59 175
7 175
108 175
22 176
71 176
175 176
9 177
155 177
62 177
139 178
83 178
67 178
38 179
131 179
22 179
5 180
147 180
95 180
20 181
172 181
5 181
57 182
47 182
142 182
153 183
64 183
145 183
48 184
67 184
30 184
111 185
67 185
146 185
12 186
24 186
3 186
54 187
6 187
1 187
134 188
161 188
17 188
14 189
47 189
32 189
78 190
26 190
24 190
10 191
8 191
15 191
6 192
91 192
7 192
93 193
45 193
5 193
61 194
189 194
54 194
13 195
20 195
88 195
58 196
24 196
2 196
75 197
92 197
132 197
1 198
11 198
14 198
147 199
49 199
141 199
79 200
9 200
87 200
135 201
188 201
12 201
107 202
24 202
57 202
19 203
154 203
174 203
147 204
73 204
98 204
14 205
92 205
142 205
8 206
168 206
147 206
14 207
62 207
51 207
0 208
49 208
77 208
132 209
22 209
190 209
46 210
1 210
83 210
5 211
14 211
63 211
14 212
58 212
154 212
205 213
49 213
27 213
2 214
57 214
184 214
25 215
173 215
116 215
199 216
91 216
73 216
87 217
53 217
63 217
36 218
9 218
18 218
174 219
61 219
4 219
103 220
78 220
63 220
45 221
2 221
9 221
20 222
78 222
2 222
33 223
24 223
181 223
125 224
184 224
12 224
24 225
46 225
93 225
154 226
33 226
156 226
77 227
143 227
174 227
23 228
105 228
178 228
190 229
171 229
45 229
30 230
103 230
2 230
98 231
215 231
177 231
34 232
62 232
30 232
100 233
163 233
52 233
9 234
60 234
7 234
56 235
18 235
100 235
215 236
144 236
77 236
74 237
19 237
216 237
201 238
9 238
167 238
96 239
14 239
173 239
171 240
37 240
131 240
58 241
63 241
74 241
193 242
57 242
149 242
7 243
110 243
17 243
123 244
174 244
107 244
77 245
69 245
234 245
77 246
65 246
17 246
51 247
172 247
95 247
106 248
127 248
56 248
18 249
7 249
61 249
1 0
2 0
2 1
3 0
3 1
3 2
4 2
4 1
4 3
5 4
5 2
5 1
6 2
6 1
6 3
7 1
7 4
7 2
8 7
8 4
8 2
9 1
9 3
9 7
10 2
10 4
10 5
11 0
11 10
11 1
12 1
12 4
12 8
13 5
13 12
13 9
14 13
14 1
14 2
15 5
15 14
15 3
16 11
16 1
16 12
17 12
17 2
17 1
18 13
18 16
18 17
19 0
19 17
19 12
20 4
20 3
20 19
21 18
21 1
21 14
22 4
22 18
22 2
23 20
23 10
23 1
24 3
24 13
24 14
25 14
25 9
25 7
26 8
26 10
26 17
27 14
27 1
27 9
28 5
28 26
28 20
29 1
29 14
29 17
30 2
30 0
30 1
31 20
31 10
31 2
32 0
32 17
32 29
33 2
33 5
33 12
34 1
34 20
34 9
35 18
35 24
35 4
36 14
36 17
36 8
37 26
37 3
37 2
38 20
38 17
38 13
39 13
39 6
39 29
40 1
40 24
40 2
41 8
41 13
41 9
42 10
42 33
42 18
43 2
43 14
43 10
44 42
44 2
44 29
45 24
45 18
45 5
46 24
46 1
46 33
47 9
47 2
47 5
48 7
48 41
48 29
49 41
49 42
49 26
50 4
50 8
50 7
51 11
51 6
51 17
52 1
52 13
52 29
53 25
53 43
53 12
54 1
54 35
54 4
55 14
55 9
55 17
56 2
56 7
56 14
57 36
57 20
57 56
58 56
58 31
58 35
59 18
59 19
59 22
60 34
60 2
60 0
61 35
61 0
61 13
62 19
62 12
62 3
63 2
63 10
63 20
64 38
64 20
64 12
65 56
65 32
65 9
66 0
66 38
66 18
67 62
67 22
67 32
68 5
68 54
68 2
69 0
69 32
69 10
70 19
70 45
70 12
71 25
71 0
71 12
72 36
72 3
72 67
73 23
73 34
73 1
74 52
74 9
74 33
75 19
75 73
75 33
76 43
76 6
76 22
77 30
77 10
77 1
78 26
78 5
78 36
79 13
79 43
79 45
80 9
80 7
80 37
81 29
81 15
81 7
82 49
82 17
82 45
83 12
83 42
83 2
84 1
84 29
84 78
85 15
85 6
85 78
86 12
86 5
86 67
87 43
87 26
87 59
88 17
88 24
88 33
89 30
89 80
89 0
90 48
90 6
90 36
91 57
91 58
91 3
92 8
92 54
92 83
93 18
93 53
93 3
94 17
94 18
94 34
95 27
95 20
95 3
96 83
96 84
96 15
97 8
97 59
97 4
98 25
98 24
98 92
99 58
99 1
99 22
100 97
100 5
100 21
101 2
101 87
101 27
102 18
102 74
102 5
103 18
103 12
103 29
104 86
104 30
104 14
105 0
105 7
105 5
106 26
106 20
106 64
107 88
107 8
107 99
108 8
108 29
108 3
109 49
109 24
109 12
110 8
110 23
110 105
111 78
111 34
111 5
112 29
112 54
112 83
113 1
113 7
113 92
114 18
114 49
114 83
115 58
115 30
115 56
116 26
116 20
116 13
117 8
117 33
117 12
118 42
118 38
118 71
119 45
119 6
119 33
120 48
120 10
120 64
121 45
121 18
121 74
122 61
122 59
122 51
123 52
123 60
123 71
124 58
124 18
124 59
125 32
125 19
125 108
126 76
126 108
126 26
127 1
127 100
127 75
128 0
128 13
128 9
129 4
129 1
129 9
130 95
130 59
130 43
131 6
131 0
131 13
132 2
132 74
132 24
133 78
133 83
133 131
134 13
134 78
134 5
135 12
135 133
135 17
136 31
136 1
136 88
137 113
137 83
137 82
138 134
138 85
138 64
139 33
139 7
139 12
140 27
140 126
140 88
141 8
141 95
141 14
142 20
142 62
142 82
143 27
143 133
143 21
144 7
144 2
144 51
145 35
145 29
145 12
146 72
146 37
146 114
147 135
147 104
147 1
148 8
148 74
148 107
149 51
149 58
149 29
150 20
150 8
150 22
151 16
151 133
151 3
152 56
152 64
152 5
153 37
153 2
153 124
154 114
154 28
154 25
155 32
155 34
155 14
156 17
156 140
156 64
157 25
157 30
157 67
158 106
158 71
158 3
159 1
159 127
159 2
160 115
160 91
160 0
161 84
161 108
161 160
162 86
162 12
162 83
163 61
163 34
163 83
164 135
164 134
164 26
165 6
165 88
165 94
166 86
166 155
166 70
167 43
167 117
167 31
168 115
168 24
168 105
169 95
169 8
169 0
170 132
170 76
170 71
171 30
171 28
171 3
172 108
172 86
172 1
173 9
173 87
173 16
174 54
174 22
174 7
175 59
175 7
175 108
176 22
176 71
176 175
177 9
177 155
177 62
178 139
178 83
178 67
179 38
179 131
179 22
180 5
180 147
180 95
181 20
181 172
181 5
182 57
182 47
182 142
183 153
183 64
183 145
184 48
184 67
184 30
185 111
185 67
185 146
186 12
186 24
186 3
187 54
187 6
187 1
188 134
188 161
188 17
189 14
189 47
189 32
190 78
190 26
190 24
191 10
191 8
191 15
192 6
192 91
192 7
193 93
193 45
193 5
194 61
194 189
194 54
195 13
195 20
195 88
196 58
196 24
196 2
197 75
197 92
197 132
198 1
198 11
198 14
199 147
199 49
199 141
200 79
200 9
200 87
201 135
201 188
201 12
202 107
202 24
202 57
203 19
203 154
203 174
204 147
204 73
204 98
205 14
205 92
205 142
206 8
206 168
206 147
207 14
207 62
207 51
208 0
208 49
208 77
209 132
209 22
209 190
210 46
210 1
210 83
211 5
211 14
211 63
212 14
212 58
212 154
213 205
213 49
213 27
214 2
214 57
214 184
215 25
215 173
215 116
216 199
216 91
216 73
217 87
217 53
217 63
218 36
218 9
218 18
219 174
219 61
219 4
220 103
220 78
220 63
221 45
221 2
221 9
222 20
222 78
222 2
223 33
223 24
223 181
224 125
224 184
224 12
225 24
225 46
225 93
226 154
226 33
226 156
227 77
227 143
227 174
228 23
228 105
228 178
229 190
229 171
229 45
230 30
230 103
230 2
231 98
231 215
231 177
232 34
232 62
232 30
233 100
233 163
233 52
234 9
234 60
234 7
235 56
235 18
235 100
236 215
236 144
236 77
237 74
237 19
237 216
238 201
238 9
238 167
239 96
239 14
239 173
240 171
240 37
240 131
241 58
241 63
241 74
242 193
242 57
242 149
243 7
243 110
243 17
244 123
244 174
244 107
245 77
245 69
245 234
246 77
246 65
246 17
247 51
247 172
247 95
248 106
248 127
248 56
249 18
249 7
249 61
0 1 1 0 0 0 0 1 1 0 0 1 1 1 1 1 0 0 0 1 0 1 0 1 0 0 0 1 1 1 1 0 1 1 1 1 0 1 0 0 1 1 0 0 1 0 1 1 0 1 1 1 0 1 0 1 0 0 1 1 1 0 0 1 1 0 1 1 0 1 1 0 1 0 0 1 0 0 0 1 1 0 1 0 0 1 1 0 1 0 1 0 0 1 0 1 1 0 0 1 0 1 0 0 1 0 1 1 1 1 0 0 1 1 0 0 0 1 0 1 1 0 0 0 1 1 0 1 1 0 0 0 0 0 0 0 1 1 0 1 0 1 1 0 1 1 0 1 0 0 1 1 1 0 0 1 0 1 0 0 0 1 0 1 1 0 1 1 1 0 1 0 1 1 1 1 1 1 1 1 0 0 1 1 1 1 1 1 0 0 0 0 0 0 0 1 1 0 0 0 1 0 0 0 1 1 0 1 0 1 1 1 0 0 0 1 1 1 0 0 0 0 1 1 1 1 0 0 0 1 1 0 0 0 0 1 0 0 0 0 0 1 0 0 0 1 1 0 0 0
0 1 0 0 1 1 0 0 0 0 1 1 1 0 0 1 0 1 0 0 0 1 1 0 0 0 0 1 0 1 0 0 0 0 1 0 1 0 1 1 0 1 1 1 1 1 0 1 1 0 1 1 1 1 1 0 1 1 1 1 0 0 0 0 1 0 0 1 1 1 0 1 1 1 0 0 1 1 1 1 1 1 0 0 0 0 1 0 1 0 0 1 1 0 1 1 0 0 1 1 0 0 1 1 1 0 1 0 1 1 1 0 1 0 0 0 0 1 1 1 1 0 0 1 1 1 1 1 1 1 0 0 1 1 1 1 1 0 0 1 1 0 1 1 0 0 0 1 0 1 1 0 1 0 0 1 1 0 1 1 0 1 1 0 1 1 0 0 0 1 0 0 1 0 0 1 1 1 1 1 1 1 1 1 1 0 0 1 0 0 0 0 1 1 0 1 1 1 1 0 0 1 1 0 0 0 0 0 1 0 1 1 0 1 1 1 0 0 0 1 0 0 0 0 1 1 0 0 0 1 0 0 1 1 0 0 0 1 0 0 1 1 0 1 0 1 1 0 0 1
0 0 0 0 1 0 0 0 1 1 1 0 0 1 1 0 0 1 0 0 0 0 1 0 1 0 1 0 0 0 0 0 0 1 0 1 1 0 1 0 1 1 0 0 0 0 0 0 0 0 0 0 0 0 0 0 1 0 0 0 1 0 0 1 1 0 1 0 1 1 1 1 0 1 0 0 0 1 0 0 1 0 0 0 0 1 1 0 1 1 0 0 0 0 1 1 1 1 1 0 0 0 1 1 1 1 1 0 1 0 1 1 1 1 1 1 0 0 1 1 0 0 0 1 0 0 0 0 0 1 1 0 0 1 0 1 0 1 1 1 0 1 0 1 1 1 1 1 1 0 0 0 0 1 1 1 1 0 0 0 1 1 0 0 1 1 1 1 0 0 0 1 1 1 0 1 1 1 1 1 1 0 1 1 0 0 1 1 1 0 1 1 1 0 0 0 1 0 0 1 0 1 0 1 1 0 0 0 1 1 0 1 0 0 1 0 1 0 1 1 0 0 1 0 0 0 1 0 1 1 0 0 1 1 1 1 1 1 1 0 0 1 0 0 0 0 0 0 1 1
1 0 0 1 0 0 1 1 1 1 1 1 0 0 1 0 1 1 0 0 0 0 1 1 0 0 0 1 1 0 1 1 1 0 1 0 0 1 1 0 1 0 0 0 0 0 1 0 0 1 1 0 1 1 0 1 1 0 1 1 0 0 1 1 0 0 0 0 0 1 1 0 0 0 1 0 0 1 1 0 1 1 0 0 1 1 1 1 0 1 0 1 0 1 1 0 0 0 1 0 1 1 0 0 1 0 1 0 0 0 1 0 0 0 0 0 1 1 1 1 0 1 0 1 1 1 1 0 1 1 1 0 1 0 1 1 1 1 1 0 0 0 0 1 0 0 0 0 1 0 0 1 0 1 1 0 0 0 0 1 0 1 1 1 1 0 1 1 1 0 1 0 0 1 1 1 1 1 1 0 1 0 1 1 1 1 0 1 0 1 0 0 0 1 0 0 1 0 0 0 0 0 1 1 0 1 0 0 1 0 0 1 1 0 0 0 0 1 1 1 1 1 1 1 1 1 0 0 0 1 0 1 0 1 1 0 0 1 0 1 1 0 0 1 0 1 1 0 1 0
1 1 1 1 1 1 1 0 0 0 0 0 0 1 0 0 1 0 1 1 1 0 1 1 1 1 1 0 0 0 0 0 1 1 0 1 0 0 0 0 0 0 0 1 1 1 0 1 0 0 0 0 0 1 1 0 0 1 1 0 0 0 0 0 0 0 0 0 1 1 0 1 0 0 0 1 1 0 1 0 0 1 0 0 0 0 1 0 0 0 0 1 1 1 0 1 0 0 1 1 0 0 0 0 1 1 1 1 0 0 0 0 0 1 1 0 1 0 1 1 0 1 0 0 0 1 0 0 1 0 0 1 1 1 0 0 1 1 1 0 1 0 1 1 1 0 0 1 1 0 0 0 1 1 1 1 0 1 1 1 1 0 0 0 1 0 0 1 0 1 0 1 0 1 0 1 1 1 1 0 1 0 1 0 0 0 1 0 0 0 1 1 1 1 1 0 0 1 1 1 0 1 0 0 1 1 0 0 1 1 0 0 1 0 1 1 0 1 0 0 1 1 1 1 1 1 0 1 1 0 0 1 0 1 0 1 1 1 1 1 1 1 0 0 1 1 0 0 0 1