250 1488 5
0 1
0 2
1 2
0 3
1 3
2 3
0 4
2 4
3 4
2 5
4 5
0 5
0 6
4 6
3 6
0 7
2 7
4 7
3 8
1 8
4 8
5 9
2 9
1 9
9 10
4 10
6 10
4 11
1 11
5 11
1 12
4 12
10 12
1 13
0 13
3 13
8 14
13 14
0 14
6 15
8 15
5 15
3 16
2 16
1 16
16 17
3 17
7 17
2 18
14 18
10 18
3 19
5 19
4 19
10 20
3 20
4 20
8 21
4 21
10 21
1 22
9 22
16 22
14 23
1 23
6 23
20 24
0 24
3 24
17 25
2 25
24 25
16 26
20 26
2 26
2 27
5 27
3 27
17 28
16 28
0 28
1 29
25 29
0 29
9 30
3 30
2 30
3 31
29 31
2 31
26 32
6 32
20 32
10 33
23 33
22 33
33 34
18 34
15 34
19 35
13 35
10 35
31 36
15 36
3 36
1 37
3 37
6 37
25 38
3 38
10 38
27 39
19 39
17 39
38 40
5 40
33 40
2 41
7 41
10 41
3 42
24 42
1 42
11 43
5 43
15 43
38 44
40 44
4 44
18 45
38 45
33 45
13 46
7 46
32 46
46 47
7 47
16 47
4 48
3 48
23 48
2 49
15 49
35 49
3 50
7 50
40 50
43 51
2 51
16 51
22 52
7 52
27 52
11 53
1 53
35 53
19 54
14 54
3 54
14 55
10 55
5 55
4 56
17 56
27 56
14 57
51 57
34 57
4 58
46 58
53 58
40 59
54 59
58 59
52 60
2 60
4 60
21 61
1 61
3 61
12 62
1 62
5 62
18 63
54 63
7 63
7 64
50 64
1 64
3 65
30 65
23 65
7 66
25 66
40 66
61 67
12 67
43 67
33 68
66 68
3 68
4 69
48 69
15 69
27 70
24 70
17 70
60 71
44 71
43 71
40 72
3 72
27 72
56 73
16 73
43 73
7 74
2 74
45 74
47 75
67 75
12 75
40 76
0 76
75 76
14 77
7 77
10 77
3 78
0 78
29 78
51 79
61 79
9 79
0 80
40 80
51 80
14 81
51 81
21 81
34 82
58 82
6 82
43 83
64 83
1 83
77 84
3 84
5 84
25 85
63 85
24 85
4 86
7 86
18 86
4 87
10 87
3 87
44 88
53 88
1 88
59 89
18 89
61 89
46 90
81 90
35 90
55 91
2 91
64 91
54 92
7 92
6 92
86 93
10 93
0 93
74 94
7 94
38 94
65 95
24 95
14 95
20 96
8 96
27 96
14 97
4 97
19 97
38 98
18 98
61 98
82 99
12 99
21 99
83 100
66 100
57 100
97 101
61 101
86 101
50 102
63 102
14 102
75 103
6 103
60 103
95 104
18 104
3 104
48 105
14 105
85 105
19 106
65 106
52 106
6 107
76 107
17 107
1 108
4 108
21 108
56 109
1 109
16 109
43 110
71 110
14 110
81 111
4 111
61 111
26 112
107 112
1 112
2 113
1 113
16 113
61 114
10 114
7 114
73 115
40 115
18 115
5 116
54 116
6 116
1 117
14 117
30 117
6 118
18 118
54 118
26 119
52 119
91 119
16 120
28 120
41 120
40 121
38 121
4 121
58 122
18 122
3 122
81 123
4 123
113 123
97 124
64 124
17 124
7 125
54 125
53 125
111 126
43 126
64 126
34 127
17 127
80 127
17 128
46 128
1 128
21 129
30 129
39 129
10 130
25 130
64 130
68 131
46 131
4 131
53 132
3 132
111 132
47 133
28 133
94 133
97 134
3 134
106 134
57 135
97 135
60 135
93 136
60 136
0 136
19 137
94 137
84 137
62 138
124 138
5 138
74 139
5 139
44 139
12 140
10 140
6 140
26 141
19 141
99 141
72 142
80 142
1 142
10 143
20 143
18 143
14 144
75 144
63 144
4 145
53 145
2 145
1 146
134 146
28 146
96 147
2 147
24 147
25 148
85 148
141 148
79 149
21 149
116 149
86 150
112 150
56 150
41 151
2 151
44 151
8 152
24 152
20 152
116 153
96 153
3 153
10 154
4 154
55 154
2 155
52 155
8 155
125 156
3 156
97 156
5 157
156 157
30 157
7 158
13 158
10 158
61 159
13 159
28 159
112 160
65 160
74 160
67 161
66 161
112 161
119 162
66 162
60 162
29 163
63 163
5 163
24 164
9 164
20 164
155 165
83 165
97 165
3 166
39 166
18 166
6 167
3 167
54 167
2 168
43 168
18 168
20 169
67 169
21 169
28 170
10 170
93 170
3 171
16 171
58 171
90 172
2 172
21 172
40 173
14 173
4 173
163 174
75 174
1 174
116 175
13 175
46 175
3 176
161 176
85 176
112 177
69 177
58 177
26 178
168 178
75 178
66 179
52 179
2 179
76 180
158 180
3 180
47 181
119 181
17 181
54 182
119 182
9 182
20 183
106 183
1 183
4 184
106 184
2 184
93 185
69 185
68 185
9 186
82 186
149 186
10 187
93 187
111 187
43 188
0 188
66 188
52 189
145 189
20 189
2 190
52 190
174 190
56 191
15 191
43 191
30 192
137 192
12 192
29 193
81 193
159 193
15 194
2 194
108 194
131 195
137 195
21 195
64 196
33 196
88 196
66 197
41 197
42 197
151 198
157 198
116 198
146 199
97 199
12 199
184 200
180 200
23 200
54 201
159 201
49 201
3 202
113 202
154 202
61 203
21 203
7 203
3 204
131 204
85 204
53 205
41 205
204 205
101 206
137 206
10 206
118 207
101 207
186 207
171 208
1 208
61 208
4 209
56 209
113 209
194 210
5 210
38 210
15 211
94 211
111 211
27 212
58 212
3 212
28 213
10 213
58 213
14 214
110 214
121 214
108 215
7 215
51 215
116 216
2 216
3 216
148 217
182 217
90 217
158 218
145 218
167 218
89 219
50 219
121 219
8 220
135 220
169 220
22 221
64 221
50 221
67 222
88 222
140 222
68 223
21 223
126 223
46 224
58 224
4 224
10 225
43 225
88 225
54 226
28 226
66 226
15 227
162 227
103 227
12 228
144 228
61 228
4 229
148 229
15 229
16 230
165 230
213 230
160 231
3 231
72 231
224 232
26 232
92 232
68 233
6 233
38 233
94 234
210 234
124 234
216 235
108 235
59 235
188 236
132 236
2 236
219 237
81 237
5 237
12 238
19 238
168 238
85 239
180 239
234 239
102 240
7 240
110 240
3 241
58 241
68 241
62 242
229 242
239 242
4 243
14 243
33 243
5 244
0 244
12 244
8 245
56 245
35 245
165 246
7 246
222 246
116 247
14 247
1 247
24 248
116 248
38 248
52 249
2 249
63 249
1 0
2 0
2 1
3 0
3 1
3 2
4 0
4 2
4 3
5 2
5 4
5 0
6 0
6 4
6 3
7 0
7 2
7 4
8 3
8 1
8 4
9 5
9 2
9 1
10 9
10 4
10 6
11 4
11 1
11 5
12 1
12 4
12 10
13 1
13 0
13 3
14 8
14 13
14 0
15 6
15 8
15 5
16 3
16 2
16 1
17 16
17 3
17 7
18 2
18 14
18 10
19 3
19 5
19 4
20 10
20 3
20 4
21 8
21 4
21 10
22 1
22 9
22 16
23 14
23 1
23 6
24 20
24 0
24 3
25 17
25 2
25 24
26 16
26 20
26 2
27 2
27 5
27 3
28 17
28 16
28 0
29 1
29 25
29 0
30 9
30 3
30 2
31 3
31 29
31 2
32 26
32 6
32 20
33 10
33 23
33 22
34 33
34 18
34 15
35 19
35 13
35 10
36 31
36 15
36 3
37 1
37 3
37 6
38 25
38 3
38 10
39 27
39 19
39 17
40 38
40 5
40 33
41 2
41 7
41 10
42 3
42 24
42 1
43 11
43 5
43 15
44 38
44 40
44 4
45 18
45 38
45 33
46 13
46 7
46 32
47 46
47 7
47 16
48 4
48 3
48 23
49 2
49 15
49 35
50 3
50 7
50 40
51 43
51 2
51 16
52 22
52 7
52 27
53 11
53 1
53 35
54 19
54 14
54 3
55 14
55 10
55 5
56 4
56 17
56 27
57 14
57 51
57 34
58 4
58 46
58 53
59 40
59 54
59 58
60 52
60 2
60 4
61 21
61 1
61 3
62 12
62 1
62 5
63 18
63 54
63 7
64 7
64 50
64 1
65 3
65 30
65 23
66 7
66 25
66 40
67 61
67 12
67 43
68 33
68 66
68 3
69 4
69 48
69 15
70 27
70 24
70 17
71 60
71 44
71 43
72 40
72 3
72 27
73 56
73 16
73 43
74 7
74 2
74 45
75 47
75 67
75 12
76 40
76 0
76 75
77 14
77 7
77 10
78 3
78 0
78 29
79 51
79 61
79 9
80 0
80 40
80 51
81 14
81 51
81 21
82 34
82 58
82 6
83 43
83 64
83 1
84 77
84 3
84 5
85 25
85 63
85 24
86 4
86 7
86 18
87 4
87 10
87 3
88 44
88 53
88 1
89 59
89 18
89 61
90 46
90 81
90 35
91 55
91 2
91 64
92 54
92 7
92 6
93 86
93 10
93 0
94 74
94 7
94 38
95 65
95 24
95 14
96 20
96 8
96 27
97 14
97 4
97 19
98 38
98 18
98 61
99 82
99 12
99 21
100 83
100 66
100 57
101 97
101 61
101 86
102 50
102 63
102 14
103 75
103 6
103 60
104 95
104 18
104 3
105 48
105 14
105 85
106 19
106 65
106 52
107 6
107 76
107 17
108 1
108 4
108 21
109 56
109 1
109 16
110 43
110 71
110 14
111 81
111 4
111 61
112 26
112 107
112 1
113 2
113 1
113 16
114 61
114 10
114 7
115 73
115 40
115 18
116 5
116 54
116 6
117 1
117 14
117 30
118 6
118 18
118 54
119 26
119 52
119 91
120 16
120 28
120 41
121 40
121 38
121 4
122 58
122 18
122 3
123 81
123 4
123 113
124 97
124 64
124 17
125 7
125 54
125 53
126 111
126 43
126 64
127 34
127 17
127 80
128 17
128 46
128 1
129 21
129 30
129 39
130 10
130 25
130 64
131 68
131 46
131 4
132 53
132 3
132 111
133 47
133 28
133 94
134 97
134 3
134 106
135 57
135 97
135 60
136 93
136 60
136 0
137 19
137 94
137 84
138 62
138 124
138 5
139 74
139 5
139 44
140 12
140 10
140 6
141 26
141 19
141 99
142 72
142 80
142 1
143 10
143 20
143 18
144 14
144 75
144 63
145 4
145 53
145 2
146 1
146 134
146 28
147 96
147 2
147 24
148 25
148 85
148 141
149 79
149 21
149 116
150 86
150 112
150 56
151 41
151 2
151 44
152 8
152 24
152 20
153 116
153 96
153 3
154 10
154 4
154 55
155 2
155 52
155 8
156 125
156 3
156 97
157 5
157 156
157 30
158 7
158 13
158 10
159 61
159 13
159 28
160 112
160 65
160 74
161 67
161 66
161 112
162 119
162 66
162 60
163 29
163 63
163 5
164 24
164 9
164 20
165 155
165 83
165 97
166 3
166 39
166 18
167 6
167 3
167 54
168 2
168 43
168 18
169 20
169 67
169 21
170 28
170 10
170 93
171 3
171 16
171 58
172 90
172 2
172 21
173 40
173 14
173 4
174 163
174 75
174 1
175 116
175 13
175 46
176 3
176 161
176 85
177 112
177 69
177 58
178 26
178 168
178 75
179 66
179 52
179 2
180 76
180 158
180 3
181 47
181 119
181 17
182 54
182 119
182 9
183 20
183 106
183 1
184 4
184 106
184 2
185 93
185 69
185 68
186 9
186 82
186 149
187 10
187 93
187 111
188 43
188 0
188 66
189 52
189 145
189 20
190 2
190 52
190 174
191 56
191 15
191 43
192 30
192 137
192 12
193 29
193 81
193 159
194 15
194 2
194 108
195 131
195 137
195 21
196 64
196 33
196 88
197 66
197 41
197 42
198 151
198 157
198 116
199 146
199 97
199 12
200 184
200 180
200 23
201 54
201 159
201 49
202 3
202 113
202 154
203 61
203 21
203 7
204 3
204 131
204 85
205 53
205 41
205 204
206 101
206 137
206 10
207 118
207 101
207 186
208 171
208 1
208 61
209 4
209 56
209 113
210 194
210 5
210 38
211 15
211 94
211 111
212 27
212 58
212 3
213 28
213 10
213 58
214 14
214 110
214 121
215 108
215 7
215 51
216 116
216 2
216 3
217 148
217 182
217 90
218 158
218 145
218 167
219 89
219 50
219 121
220 8
220 135
220 169
221 22
221 64
221 50
222 67
222 88
222 140
223 68
223 21
223 126
224 46
224 58
224 4
225 10
225 43
225 88
226 54
226 28
226 66
227 15
227 162
227 103
228 12
228 144
228 61
229 4
229 148
229 15
230 16
230 165
230 213
231 160
231 3
231 72
232 224
232 26
232 92
233 68
233 6
233 38
234 94
234 210
234 124
235 216
235 108
235 59
236 188
236 132
236 2
237 219
237 81
237 5
238 12
238 19
238 168
239 85
239 180
239 234
240 102
240 7
240 110
241 3
241 58
241 68
242 62
242 229
242 239
243 4
243 14
243 33
244 5
244 0
244 12
245 8
245 56
245 35
246 165
246 7
246 222
247 116
247 14
247 1
248 24
248 116
248 38
249 52
249 2
249 63
0 1 1 1 1 1 0 1 0 0 1 1 0 0 1 1 1 1 1 1 1 0 1 1 1 1 1 1 0 0 0 0 1 1 1 0 1 0 1 0 1 0 0 0 1 0 1 0 0 0 1 0 0 1 0 0 1 0 1 1 0 1 0 1 1 1 0 1 0 0 0 0 1 0 0 0 0 0 1 0 1 0 1 0 0 1 0 1 1 0 0 1 0 0 0 1 0 1 0 0 1 0 0 1 1 0 1 0 1 1 0 1 0 1 1 1 1 1 0 1 1 0 0 0 0 1 1 0 0 0 1 0 1 0 1 0 0 0 1 0 0 1 0 0 0 1 0 0 0 0 0 1 1 1 0 0 1 1 0 0 0 0 1 0 1 1 0 0 1 1 1 0 0 0 1 1 0 1 0 1 0 1 0 1 0 1 1 0 1 1 0 1 0 0 0 0 0 1 1 1 1 0 0 1 1 1 0 1 1 1 0 0 1 0 0 1 0 0 1 0 1 0 0 0 1 0 1 0 0 1 0 0 0 0 0 1 1 0 1 1 1 0 1 1 1 0 0 1 0 1
0 0 1 1 1 1 1 1 0 1 1 1 0 0 1 0 1 1 1 0 0 0 0 1 0 0 0 1 0 0 1 1 0 1 0 0 0 0 0 0 0 0 0 0 1 0 1 1 0 0 0 0 0 1 1 0 0 0 0 1 0 1 1 0 1 0 1 0 0 1 1 1 0 0 0 0 1 0 1 0 0 1 0 0 0 1 1 1 1 0 1 1 0 0 0 0 1 1 1 0 0 1 0 1 0 1 0 0 0 1 1 1 1 1 1 0 0 0 1 1 0 1 0 1 1 0 1 1 1 1 1 0 1 0 1 1 1 0 0 1 0 0 1 0 1 1 0 1 1 1 0 0 0 1 0 0 0 1 0 1 1 0 1 1 1 0 0 1 0 1 1 0 1 0 0 0 0 0 0 0 1 1 1 1 1 1 0 1 0 1 1 1 0 0 1 1 1 1 0 1 1 0 1 0 1 0 1 0 0 1 1 0 1 1 1 1 0 1 1 0 1 0 0 1 1 1 1 1 1 0 0 1 1 0 0 1 0 0 0 0 1 1 1 1 1 1 1 0 1 0
1 1 0 0 1 0 1 0 1 1 0 1 1 0 1 0 1 0 1 1 0 1 1 1 0 1 1 0 0 0 1 1 0 0 0 1 1 0 0 1 0 1 0 0 1 0 1 0 0 0 1 1 1 1 0 0 0 1 1 1 0 0 1 0 0 1 1 1 1 0 0 1 1 0 0 0 0 1 1 1 0 1 0 0 0 1 0 1 1 1 0 1 1 1 0 1 1 1 0 1 0 1 1 0 1 1 1 0 0 0 0 0 0 0 0 1 0 0 0 1 1 1 0 1 0 0 0 1 0 0 0 0 1 1 1 0 0 1 0 1 0 1 1 1 1 1 0 0 0 0 0 0 0 1 1 0 1 1 1 0 0 1 1 1 0 1 0 1 1 1 1 0 1 0 0 1 1 1 1 1 1 1 0 0 0 1 0 1 0 0 1 1 0 1 0 0 1 0 1 1 0 1 1 0 0 1 0 0 1 0 0 0 1 1 0 0 1 0 1 1 1 1 1 1 1 0 0 1 0 0 0 1 0 1 1 0 1 0 0 1 0 0 1 0 1 0 0 1 1 0
0 0 1 0 0 0 0 0 1 0 0 1 0 1 0 0 0 1 0 0 1 0 1 1 0 1 0 0 1 0 1 1 0 1 1 0 1 1 1 1 0 1 0 1 1 1 0 0 0 1 0 1 1 0 1 1 1 0 0 1 1 1 1 1 0 1 0 1 1 0 0 0 1 0 1 1 1 0 1 0 0 0 1 1 1 0 0 1 0 1 0 0 0 1 0 1 0 0 0 0 0 0 1 1 0 1 0 0 0 1 1 0 0 0 1 0 0 1 0 0 0 1 1 0 1 0 0 1 0 0 1 1 0 0 0 1 1 0 0 0 1 0 1 0 0 0 0 0 0 1 0 1 0 0 0 1 0 0 1 0 1 1 1 0 1 0 1 1 1 0 1 1 1 0 0 1 1 0 1 0 1 0 1 1 1 1 1 1 0 1 0 1 1 0 0 1 1 0 1 1 1 1 0 0 0 0 0 1 1 0 0 0 1 0 0 1 1 1 1 0 1 0 0 0 0 0 0 1 0 0 1 1 1 0 1 1 1 0 1 1 0 0 1 1 0 1 0 1 1 1
0 0 1 0 0 0 0 0 0 0 1 0 1 1 0 0 0 1 1 0 0 1 1 1 1 1 0 0 1 1 0 0 0 1 1 1 1 1 0 0 1 0 0 0 1 0 0 1 0 1 0 0 0 0 1 0 1 1 0 1 0 0 1 0 1 1 1 0 0 0 0 1 0 0 1 1 0 0 1 1 1 1 1 1 0 1 1 1 1 0 0 1 1 0 0 1 0 0 0 1 1 0 0 1 1 1 0 0 0 1 0 1 0 0 0 1 0 0 1 0 0 1 0 0 1 1 1 0 0 0 1 0 1 1 0 1 1 0 1 1 0 1 0 0 1 1 0 1 0 1 1 1 1 1 1 1 0 0 1 1 1 0 0 1 1 0 0 1 0 0 0 1 1 0 1 1 1 1 0 1 1 1 0 1 1 0 1 1 0 1 0 1 1 1 0 1 0 1 1 0 1 0 0 0 1 1 0 1 0 0 1 1 0 1 1 1 1 1 1 1 1 0 0 1 0 0 1 0 0 1 0 0 0 1 1 1 1 0 1 1 0 1 1 1 0 0 0 1 1 1