100 588 5
0 1
0 2
1 2
0 3
1 3
2 3
1 4
3 4
2 4
4 5
2 5
0 5
1 6
4 6
2 6
0 7
6 7
5 7
1 8
7 8
2 8
7 9
0 9
4 9
0 10
2 10
6 10
2 11
4 11
0 11
2 12
5 12
9 12
0 13
6 13
4 13
4 14
8 14
3 14
4 15
6 15
5 15
8 16
6 16
15 16
6 17
8 17
12 17
3 18
8 18
15 18
9 19
18 19
6 19
10 20
11 20
6 20
3 21
2 21
7 21
13 22
10 22
5 22
19 23
16 23
5 23
4 24
9 24
7 24
15 25
6 25
1 25
8 26
12 26
9 26
4 27
15 27
8 27
0 28
5 28
17 28
19 29
3 29
2 29
2 30
4 30
14 30
6 31
1 31
4 31
6 32
18 32
0 32
10 33
31 33
7 33
4 34
5 34
28 34
27 35
13 35
26 35
1 36
11 36
34 36
1 37
4 37
8 37
29 38
12 38
4 38
6 39
1 39
8 39
21 40
22 40
15 40
4 41
7 41
3 41
17 42
0 42
8 42
39 43
25 43
20 43
3 44
24 44
8 44
7 45
31 45
4 45
17 46
6 46
29 46
39 47
27 47
6 47
22 48
0 48
6 48
25 49
20 49
9 49
13 50
6 50
7 50
27 51
16 51
0 51
8 52
0 52
31 52
46 53
4 53
45 53
45 54
29 54
4 54
33 55
4 55
40 55
15 56
8 56
2 56
8 57
25 57
22 57
17 58
43 58
5 58
8 59
40 59
1 59
23 60
5 60
54 60
8 61
56 61
9 61
0 62
52 62
9 62
13 63
47 63
61 63
46 64
17 64
16 64
54 65
0 65
27 65
59 66
2 66
0 66
12 67
2 67
26 67
34 68
17 68
27 68
15 69
43 69
8 69
0 70
64 70
12 70
6 71
8 71
13 71
30 72
24 72
46 72
58 73
36 73
11 73
50 74
65 74
58 74
5 75
0 75
2 75
55 76
9 76
15 76
43 77
65 77
15 77
61 78
17 78
10 78
7 79
11 79
1 79
53 80
3 80
12 80
4 81
6 81
62 81
70 82
61 82
10 82
26 83
58 83
79 83
80 84
39 84
45 84
49 85
4 85
61 85
73 86
58 86
68 86
85 87
48 87
32 87
60 88
82 88
48 88
88 89
64 89
62 89
12 90
4 90
39 90
51 91
11 91
4 91
4 92
8 92
7 92
1 93
88 93
9 93
72 94
51 94
11 94
45 95
17 95
4 95
58 96
87 96
8 96
33 97
95 97
45 97
78 98
84 98
19 98
12 99
46 99
6 99
1 0
2 0
2 1
3 0
3 1
3 2
4 1
4 3
4 2
5 4
5 2
5 0
6 1
6 4
6 2
7 0
7 6
7 5
8 1
8 7
8 2
9 7
9 0
9 4
10 0
10 2
10 6
11 2
11 4
11 0
12 2
12 5
12 9
13 0
13 6
13 4
14 4
14 8
14 3
15 4
15 6
15 5
16 8
16 6
16 15
17 6
17 8
17 12
18 3
18 8
18 15
19 9
19 18
19 6
20 10
20 11
20 6
21 3
21 2
21 7
22 13
22 10
22 5
23 19
23 16
23 5
24 4
24 9
24 7
25 15
25 6
25 1
26 8
26 12
26 9
27 4
27 15
27 8
28 0
28 5
28 17
29 19
29 3
29 2
30 2
30 4
30 14
31 6
31 1
31 4
32 6
32 18
32 0
33 10
33 31
33 7
34 4
34 5
34 28
35 27
35 13
35 26
36 1
36 11
36 34
37 1
37 4
37 8
38 29
38 12
38 4
39 6
39 1
39 8
40 21
40 22
40 15
41 4
41 7
41 3
42 17
42 0
42 8
43 39
43 25
43 20
44 3
44 24
44 8
45 7
45 31
45 4
46 17
46 6
46 29
47 39
47 27
47 6
48 22
48 0
48 6
49 25
49 20
49 9
50 13
50 6
50 7
51 27
51 16
51 0
52 8
52 0
52 31
53 46
53 4
53 45
54 45
54 29
54 4
55 33
55 4
55 40
56 15
56 8
56 2
57 8
57 25
57 22
58 17
58 43
58 5
59 8
59 40
59 1
60 23
60 5
60 54
61 8
61 56
61 9
62 0
62 52
62 9
63 13
63 47
63 61
64 46
64 17
64 16
65 54
65 0
65 27
66 59
66 2
66 0
67 12
67 2
67 26
68 34
68 17
68 27
69 15
69 43
69 8
70 0
70 64
70 12
71 6
71 8
71 13
72 30
72 24
72 46
73 58
73 36
73 11
74 50
74 65
74 58
75 5
75 0
75 2
76 55
76 9
76 15
77 43
77 65
77 15
78 61
78 17
78 10
79 7
79 11
79 1
80 53
80 3
80 12
81 4
81 6
81 62
82 70
82 61
82 10
83 26
83 58
83 79
84 80
84 39
84 45
85 49
85 4
85 61
86 73
86 58
86 68
87 85
87 48
87 32
88 60
88 82
88 48
89 88
89 64
89 62
90 12
90 4
90 39
91 51
91 11
91 4
92 4
92 8
92 7
93 1
93 88
93 9
94 72
94 51
94 11
95 45
95 17
95 4
96 58
96 87
96 8
97 33
97 95
97 45
98 78
98 84
98 19
99 12
99 46
99 6
1 1 0 1 0 0 1 1 0 1 1 0 1 1 0 1 0 1 0 1 0 1 0 0 0 0 1 0 0 0 0 0 0 1 1 1 1 1 0 0 0 1 0 0 0 0 1 0 0 1 1 0 1 0 1 0 0 0 1 0 0 0 0 1 0 1 0 0 0 0 0 0 0 1 0 0 1 1 0 1 0 0 1 0 0 0 1 1 1 0 1 1 1 0 1 0 0 0 1 1
1 1 1 0 0 0 1 0 1 0 1 1 1 0 1 1 1 0 0 1 1 0 0 0 0 1 0 0 0 0 0 1 0 1 1 0 0 0 0 1 1 0 1 0 1 0 0 1 1 0 0 0 1 1 0 1 0 1 0 0 0 0 1 1 0 1 1 1 1 0 0 0 1 1 0 1 0 1 0 0 0 1 1 0 1 1 0 0 1 0 1 0 1 0 0 1 0 1 1 1
0 1 1 0 1 0 0 1 0 1 0 0 1 0 0 0 0 0 0 0 1 0 0 1 0 1 0 1 1 0 0 1 1 1 1 0 0 0 0 0 1 1 0 0 0 1 0 0 1 1 0 1 1 1 0 0 1 0 1 0 1 1 1 1 0 1 1 0 0 1 0 1 1 0 0 0 1 0 1 1 1 0 1 0 1 1 0 1 1 1 0 1 0 0 1 0 1 0 0 1
1 0 1 0 1 0 1 0 0 1 0 1 0 0 1 0 0 1 1 0 0 1 0 0 0 0 1 0 0 0 0 1 1 1 0 0 0 0 1 1 1 1 1 0 1 1 1 0 1 1 0 0 0 0 1 0 0 0 1 1 0 1 1 1 0 0 1 1 1 1 0 0 1 1 1 1 0 1 0 0 1 0 0 1 1 1 1 0 1 0 1 1 1 0 1 0 0 0 0 0
1 1 0 0 1 0 0 0 1 0 0 0 0 0 0 1 0 0 0 1 0 0 0 0 1 0 0 1 0 1 0 1 0 1 1 1 1 0 1 0 0 1 0 0 0 1 0 1 0 1 0 0 1 0 0 0 0 0 0 1 0 0 0 0 1 1 0 0 1 1 1 1 0 0 1 0 0 1 1 0 1 0 1 1 0 0 0 1 1 1 0 0 1 0 0 0 1 1 1 1