50 98 5
0 1
1 2
1 3
2 4
2 5
2 6
4 7
5 8
1 9
5 10
2 11
1 12
2 13
2 14
1 15
1 16
6 17
1 18
1 19
5 20
2 21
1 22
6 23
4 24
11 25
9 26
1 27
1 28
17 29
2 30
1 31
28 32
2 33
3 34
8 35
17 36
19 37
21 38
2 39
20 40
14 41
2 42
35 43
30 44
41 45
2 46
23 47
17 48
19 49
1 0
2 1
3 1
4 2
5 2
6 2
7 4
8 5
9 1
10 5
11 2
12 1
13 2
14 2
15 1
16 1
17 6
18 1
19 1
20 5
21 2
22 1
23 6
24 4
25 11
26 9
27 1
28 1
29 17
30 2
31 1
32 28
33 2
34 3
35 8
36 17
37 19
38 21
39 2
40 20
41 14
42 2
43 35
44 30
45 41
46 2
47 23
48 17
49 19
0 1 1 0 0 0 0 1 0 0 1 0 1 1 0 1 0 0 0 0 1 0 0 1 1 0 0 1 1 1 1 0 1 1 0 0 1 1 1 1 0 1 0 1 1 0 0 1 1 0
1 1 1 0 1 1 0 1 1 0 0 1 1 1 1 0 1 1 1 1 0 1 0 1 0 0 1 1 1 1 1 1 0 0 1 0 0 0 1 1 0 1 1 1 1 1 0 0 1 0
1 1 0 1 0 1 1 1 1 0 1 1 1 1 0 1 1 1 1 0 0 0 0 0 1 0 1 1 0 1 0 0 1 1 1 1 1 0 0 0 0 1 0 1 0 0 1 1 1 1
1 1 1 1 0 0 1 1 1 1 1 1 0 1 1 1 1 1 0 1 1 0 1 0 0 0 0 1 1 1 0 1 1 1 0 0 1 0 0 0 1 0 1 1 1 0 0 1 1 0
0 1 0 0 0 1 0 0 0 1 0 1 1 0 1 0 0 0 1 0 1 1 1 0 0 0 0 0 0 0 1 1 0 0 1 1 1 0 0 1 1 0 0 0 1 1 1 1 1 1