250 498 5
0 1
1 2
0 3
2 4
0 5
0 6
1 7
5 8
0 9
2 10
2 11
11 12
0 13
10 14
11 15
7 16
7 17
2 18
7 19
2 20
0 21
6 22
7 23
2 24
6 25
19 26
7 27
22 28
0 29
0 30
8 31
30 32
0 33
27 34
16 35
7 36
7 37
33 38
2 39
2 40
4 41
21 42
19 43
22 44
2 45
37 46
17 47
36 48
37 49
9 50
19 51
2 52
8 53
9 54
3 55
0 56
49 57
52 58
11 59
45 60
20 61
5 62
60 63
37 64
58 65
63 66
60 67
7 68
27 69
0 70
6 71
9 72
63 73
0 74
34 75
7 76
30 77
7 78
57 79
30 80
71 81
14 82
29 83
18 84
1 85
54 86
72 87
12 88
71 89
79 90
81 91
32 92
16 93
59 94
79 95
18 96
7 97
77 98
36 99
9 100
66 101
7 102
13 103
10 104
83 105
18 106
42 107
47 108
48 109
109 110
71 111
98 112
16 113
0 114
0 115
27 116
79 117
61 118
19 119
42 120
83 121
22 122
6 123
63 124
12 125
92 126
2 127
7 128
80 129
90 130
4 131
77 132
52 133
127 134
104 135
7 136
20 137
2 138
83 139
17 140
2 141
0 142
58 143
2 144
2 145
122 146
25 147
125 148
54 149
57 150
122 151
14 152
19 153
18 154
0 155
80 156
2 157
40 158
46 159
2 160
48 161
36 162
92 163
59 164
78 165
42 166
80 167
44 168
121 169
1 170
19 171
84 172
68 173
13 174
76 175
27 176
131 177
153 178
142 179
75 180
2 181
63 182
10 183
146 184
54 185
117 186
119 187
57 188
109 189
71 190
164 191
40 192
191 193
76 194
171 195
4 196
70 197
2 198
2 199
152 200
45 201
67 202
198 203
0 204
69 205
7 206
0 207
130 208
90 209
183 210
190 211
76 212
111 213
197 214
183 215
108 216
71 217
165 218
60 219
36 220
196 221
9 222
85 223
178 224
199 225
2 226
0 227
25 228
16 229
196 230
3 231
20 232
7 233
86 234
146 235
79 236
217 237
142 238
70 239
208 240
25 241
15 242
22 243
48 244
22 245
112 246
0 247
194 248
153 249
1 0
2 1
3 0
4 2
5 0
6 0
7 1
8 5
9 0
10 2
11 2
12 11
13 0
14 10
15 11
16 7
17 7
18 2
19 7
20 2
21 0
22 6
23 7
24 2
25 6
26 19
27 7
28 22
29 0
30 0
31 8
32 30
33 0
34 27
35 16
36 7
37 7
38 33
39 2
40 2
41 4
42 21
43 19
44 22
45 2
46 37
47 17
48 36
49 37
50 9
51 19
52 2
53 8
54 9
55 3
56 0
57 49
58 52
59 11
60 45
61 20
62 5
63 60
64 37
65 58
66 63
67 60
68 7
69 27
70 0
71 6
72 9
73 63
74 0
75 34
76 7
77 30
78 7
79 57
80 30
81 71
82 14
83 29
84 18
85 1
86 54
87 72
88 12
89 71
90 79
91 81
92 32
93 16
94 59
95 79
96 18
97 7
98 77
99 36
100 9
101 66
102 7
103 13
104 10
105 83
106 18
107 42
108 47
109 48
110 109
111 71
112 98
113 16
114 0
115 0
116 27
117 79
118 61
119 19
120 42
121 83
122 22
123 6
124 63
125 12
126 92
127 2
128 7
129 80
130 90
131 4
132 77
133 52
134 127
135 104
136 7
137 20
138 2
139 83
140 17
141 2
142 0
143 58
144 2
145 2
146 122
147 25
148 125
149 54
150 57
151 122
152 14
153 19
154 18
155 0
156 80
157 2
158 40
159 46
160 2
161 48
162 36
163 92
164 59
165 78
166 42
167 80
168 44
169 121
170 1
171 19
172 84
173 68
174 13
175 76
176 27
177 131
178 153
179 142
180 75
181 2
182 63
183 10
184 146
185 54
186 117
187 119
188 57
189 109
190 71
191 164
192 40
193 191
194 76
195 171
196 4
197 70
198 2
199 2
200 152
201 45
202 67
203 198
204 0
205 69
206 7
207 0
208 130
209 90
210 183
211 190
212 76
213 111
214 197
215 183
216 108
217 71
218 165
219 60
220 36
221 196
222 9
223 85
224 178
225 199
226 2
227 0
228 25
229 16
230 196
231 3
232 20
233 7
234 86
235 146
236 79
237 217
238 142
239 70
240 208
241 25
242 15
243 22
244 48
245 22
246 112
247 0
248 194
249 153
1 1 1 1 1 1 0 0 1 1 1 0 1 0 0 0 0 0 1 0 0 1 1 0 1 0 0 0 0 1 1 1 0 1 1 0 1 1 1 1 0 1 1 1 1 1 0 0 1 1 0 0 1 0 1 0 1 0 1 1 0 1 1 1 0 0 1 0 1 0 0 1 1 0 0 1 1 0 1 0 0 0 0 1 0 1 1 0 1 0 0 0 1 0 0 1 1 1 1 1 1 0 0 0 0 0 1 0 0 1 1 0 1 1 1 0 0 1 1 0 0 1 1 0 0 1 0 1 1 1 1 0 1 1 1 0 0 1 1 1 0 0 1 0 0 1 1 0 1 0 1 1 0 0 0 0 1 0 1 0 1 1 0 0 1 1 0 1 1 0 0 1 0 0 1 1 1 1 0 1 0 1 1 0 0 0 0 1 0 0 0 1 0 1 1 1 0 0 0 1 1 0 0 1 1 1 1 1 1 0 0 1 0 0 0 0 1 1 0 1 1 1 0 0 1 1 1 1 1 1 1 0 0 0 0 0 1 1 1 1 1 0 1 0 0 1 0 1 1 0
0 1 1 0 0 1 0 0 0 0 0 1 0 1 1 1 1 1 1 0 1 0 0 1 1 1 0 0 1 1 0 0 1 0 0 0 0 0 0 1 1 0 1 1 0 1 0 0 0 0 1 1 1 0 1 0 0 1 1 0 1 1 0 0 1 1 0 0 1 1 0 1 0 0 0 0 1 1 0 1 0 0 1 0 1 0 1 1 0 0 0 1 1 1 0 0 0 0 0 0 1 1 1 0 1 1 1 0 0 1 0 1 1 1 0 1 1 1 0 1 1 0 1 0 1 1 1 0 1 1 1 1 1 1 1 1 0 0 0 1 0 0 1 1 0 1 0 0 0 0 1 0 1 0 1 1 1 1 1 0 1 0 1 1 1 0 1 0 0 1 1 1 1 1 0 1 0 1 0 1 0 1 1 0 1 0 1 1 1 1 0 1 0 1 0 0 0 0 1 1 0 1 1 0 1 1 1 1 1 1 0 0 1 0 0 0 0 1 0 1 1 0 0 1 0 1 0 0 0 1 1 0 1 0 1 0 0 0 0 1 1 1 0 0 1 0 1 0 0 1
1 0 1 0 1 1 1 0 1 0 1 1 0 1 0 0 1 0 0 0 1 0 1 1 0 0 1 0 1 1 1 0 1 1 0 0 1 1 0 0 1 1 0 1 0 0 0 0 0 0 1 1 0 1 1 1 0 0 1 0 0 0 1 1 1 1 1 0 1 1 0 0 0 0 0 0 1 1 1 1 1 1 1 1 0 1 1 0 0 1 0 0 1 1 0 1 1 1 1 0 0 0 1 0 0 1 0 1 1 0 0 1 1 0 1 0 1 1 0 0 1 0 0 1 0 1 1 1 1 1 0 0 1 0 1 0 1 0 1 0 1 1 1 1 0 0 0 0 1 1 1 0 0 0 1 1 1 0 1 0 1 1 0 0 0 0 1 0 0 0 1 0 1 1 0 0 1 1 1 1 0 1 0 1 1 0 0 1 1 1 1 0 0 1 1 1 0 0 0 1 1 0 1 0 0 1 1 0 0 0 0 1 1 1 0 1 0 0 1 1 0 0 0 0 1 1 0 1 0 1 1 0 0 1 1 1 1 0 0 0 1 1 1 1 0 1 0 1 0 0
0 1 0 1 1 1 0 0 1 1 1 0 1 1 1 0 0 1 0 0 1 1 1 1 0 1 1 1 1 0 1 1 0 1 0 0 1 0 1 0 0 0 1 1 1 1 1 1 1 0 1 0 1 0 0 1 0 0 0 0 0 1 0 1 1 1 1 0 0 1 1 0 1 1 1 1 0 1 1 0 0 1 1 1 1 1 1 1 0 0 1 1 1 1 0 0 1 1 1 1 0 0 1 1 1 0 0 0 1 1 1 1 0 0 0 1 1 1 0 0 0 1 1 1 1 0 0 1 1 1 0 1 0 1 0 0 1 0 1 1 1 1 0 0 1 1 0 0 0 1 0 0 1 1 0 0 1 1 1 1 0 1 0 0 1 1 1 1 0 1 1 0 0 0 0 1 0 0 0 1 1 0 1 0 1 0 1 0 0 1 1 1 0 0 0 0 1 1 0 1 0 0 0 0 1 0 1 1 1 1 1 1 1 0 1 1 1 0 0 1 1 1 1 0 0 1 0 0 0 0 0 0 1 0 1 0 0 0 0 1 0 1 1 0 0 1 0 0 0 1
1 0 1 1 1 0 0 1 1 0 0 0 0 0 0 1 0 1 0 0 1 0 1 1 0 0 0 1 1 1 1 1 1 1 0 1 0 0 1 0 1 0 1 0 1 1 0 0 1 1 0 0 1 0 1 0 0 1 0 0 0 0 1 1 0 1 0 0 1 1 0 0 1 1 0 0 0 1 1 1 0 1 1 1 1 0 1 1 0 0 1 1 1 0 1 1 0 0 1 0 1 1 0 1 1 1 0 1 0 0 1 0 0 1 0 1 0 1 0 1 0 1 1 1 1 0 1 1 1 1 1 0 0 0 0 1 1 0 0 0 1 1 1 1 0 1 0 1 1 0 0 1 0 1 0 0 0 1 0 0 1 0 1 0 1 1 1 0 1 0 0 0 1 0 1 0 1 0 1 1 1 1 0 1 1 0 1 1 0 0 0 1 1 1 1 0 0 0 1 1 1 1 0 0 1 0 1 0 1 0 1 0 1 0 1 0 1 1 1 0 0 0 0 1 1 1 0 1 1 0 0 0 0 0 0 1 1 0 1 0 0 1 0 0 0 1 0 0 1 0