100 394 5
0 1
0 2
1 2
2 3
0 3
0 4
3 4
4 5
0 5
2 6
0 6
1 7
3 7
6 8
2 8
8 9
4 9
6 10
0 10
2 11
0 11
10 12
8 12
8 13
2 13
7 14
4 14
4 15
2 15
12 16
3 16
2 17
4 17
10 18
0 18
6 19
13 19
1 20
9 20
17 21
0 21
0 22
15 22
5 23
3 23
23 24
22 24
11 25
15 25
14 26
25 26
25 27
3 27
25 28
11 28
4 29
2 29
6 30
0 30
28 31
10 31
25 32
0 32
3 33
7 33
5 34
15 34
0 35
9 35
16 36
6 36
25 37
4 37
10 38
20 38
20 39
22 39
0 40
11 40
6 41
29 41
20 42
28 42
8 43
36 43
25 44
26 44
33 45
25 45
42 46
35 46
8 47
0 47
33 48
1 48
18 49
12 49
16 50
7 50
16 51
34 51
20 52
1 52
22 53
12 53
23 54
40 54
13 55
23 55
1 56
33 56
33 57
44 57
9 58
5 58
25 59
5 59
2 60
10 60
23 61
30 61
15 62
4 62
4 63
29 63
18 64
55 64
25 65
60 65
23 66
10 66
10 67
12 67
32 68
15 68
9 69
5 69
63 70
33 70
33 71
38 71
31 72
0 72
33 73
22 73
70 74
1 74
60 75
28 75
2 76
0 76
74 77
4 77
4 78
43 78
6 79
56 79
55 80
45 80
21 81
31 81
15 82
37 82
64 83
33 83
0 84
5 84
12 85
0 85
12 86
24 86
0 87
5 87
2 88
71 88
32 89
38 89
32 90
53 90
88 91
5 91
31 92
0 92
12 93
3 93
16 94
15 94
86 95
2 95
77 96
66 96
1 97
56 97
23 98
90 98
42 99
76 99
1 0
2 0
2 1
3 2
3 0
4 0
4 3
5 4
5 0
6 2
6 0
7 1
7 3
8 6
8 2
9 8
9 4
10 6
10 0
11 2
11 0
12 10
12 8
13 8
13 2
14 7
14 4
15 4
15 2
16 12
16 3
17 2
17 4
18 10
18 0
19 6
19 13
20 1
20 9
21 17
21 0
22 0
22 15
23 5
23 3
24 23
24 22
25 11
25 15
26 14
26 25
27 25
27 3
28 25
28 11
29 4
29 2
30 6
30 0
31 28
31 10
32 25
32 0
33 3
33 7
34 5
34 15
35 0
35 9
36 16
36 6
37 25
37 4
38 10
38 20
39 20
39 22
40 0
40 11
41 6
41 29
42 20
42 28
43 8
43 36
44 25
44 26
45 33
45 25
46 42
46 35
47 8
47 0
48 33
48 1
49 18
49 12
50 16
50 7
51 16
51 34
52 20
52 1
53 22
53 12
54 23
54 40
55 13
55 23
56 1
56 33
57 33
57 44
58 9
58 5
59 25
59 5
60 2
60 10
61 23
61 30
62 15
62 4
63 4
63 29
64 18
64 55
65 25
65 60
66 23
66 10
67 10
67 12
68 32
68 15
69 9
69 5
70 63
70 33
71 33
71 38
72 31
72 0
73 33
73 22
74 70
74 1
75 60
75 28
76 2
76 0
77 74
77 4
78 4
78 43
79 6
79 56
80 55
80 45
81 21
81 31
82 15
82 37
83 64
83 33
84 0
84 5
85 12
85 0
86 12
86 24
87 0
87 5
88 2
88 71
89 32
89 38
90 32
90 53
91 88
91 5
92 31
92 0
93 12
93 3
94 16
94 15
95 86
95 2
96 77
96 66
97 1
97 56
98 23
98 90
99 42
99 76
1 0 1 0 0 1 0 0 1 1 1 0 0 0 0 1 0 1 1 0 0 0 0 0 1 1 0 0 1 0 0 0 1 0 1 0 0 1 0 0 1 0 0 0 0 0 1 1 0 0 0 0 1 1 1 1 0 0 0 0 0 0 1 1 0 0 1 1 1 0 0 0 0 0 0 0 1 0 1 1 0 0 0 1 0 0 1 1 0 1 0 0 0 0 0 1 0 1 1 0
1 1 0 1 0 1 0 1 1 0 1 0 1 1 0 1 1 0 1 0 0 1 0 1 0 1 0 0 0 0 1 0 0 0 1 1 0 0 1 0 1 1 1 0 0 0 1 0 1 0 1 0 0 0 0 0 1 0 0 1 1 1 0 0 1 0 1 0 0 0 1 0 0 1 1 0 1 1 0 1 1 1 1 1 0 0 1 0 0 0 1 1 0 0 1 0 0 0 1 0
1 1 0 1 0 1 1 0 1 0 0 0 1 1 1 0 0 0 0 1 1 0 1 0 1 1 1 1 1 1 0 1 1 1 1 1 1 0 1 0 1 0 0 1 0 1 1 1 1 0 1 1 1 1 1 0 0 0 0 0 1 1 1 1 0 0 0 0 1 1 0 0 0 1 0 0 1 1 1 1 1 0 1 0 0 0 1 0 1 0 1 1 0 1 1 1 1 0 0 1
1 0 1 0 0 0 1 1 1 1 1 0 1 1 1 0 0 0 1 0 1 1 1 1 1 0 0 0 0 0 1 1 0 0 0 0 0 0 0 1 0 1 0 0 0 1 1 1 1 0 0 0 1 0 1 0 1 0 0 0 1 0 1 0 1 0 0 0 0 0 0 0 1 0 0 1 1 0 0 0 0 0 1 1 0 0 1 0 1 1 0 0 0 0 1 1 0 0 0 0
0 1 1 0 0 1 0 1 0 0 0 1 0 1 0 0 0 1 0 1 1 1 0 1 0 1 0 0 1 0 1 1 1 0 1 1 0 1 1 0 0 0 0 0 0 1 0 1 1 1 0 0 0 1 1 1 1 1 1 0 0 0 1 1 0 1 0 0 0 0 0 0 0 0 1 1 0 0 1 1 1 0 1 0 1 1 0 1 1 1 0 0 0 1 1 0 0 0 0 0