250 1488 5
0 1
0 2
1 2
0 3
1 3
2 3
0 4
2 4
3 4
3 5
2 5
1 5
1 6
0 6
4 6
6 7
2 7
5 7
4 8
2 8
7 8
3 9
6 9
0 9
9 10
3 10
8 10
0 11
5 11
7 11
6 12
7 12
1 12
7 13
0 13
6 13
9 14
3 14
8 14
12 15
4 15
1 15
11 16
7 16
9 16
6 17
4 17
12 17
7 18
9 18
4 18
1 19
5 19
3 19
11 20
12 20
10 20
10 21
16 21
7 21
12 22
5 22
0 22
22 23
11 23
12 23
13 24
21 24
4 24
13 25
8 25
0 25
0 26
20 26
2 26
11 27
12 27
24 27
2 28
6 28
5 28
28 29
6 29
15 29
16 30
22 30
4 30
22 31
7 31
4 31
16 32
9 32
11 32
19 33
7 33
16 33
28 34
13 34
20 34
7 35
0 35
3 35
6 36
13 36
4 36
4 37
27 37
9 37
34 38
10 38
4 38
6 39
8 39
34 39
4 40
23 40
7 40
10 41
17 41
8 41
24 42
4 42
13 42
9 43
1 43
25 43
8 44
0 44
9 44
27 45
26 45
6 45
28 46
24 46
8 46
3 47
17 47
43 47
12 48
39 48
41 48
39 49
7 49
34 49
2 50
3 50
13 50
42 51
9 51
2 51
40 52
51 52
18 52
4 53
12 53
8 53
8 54
9 54
51 54
41 55
18 55
36 55
42 56
54 56
9 56
10 57
26 57
43 57
9 58
16 58
18 58
12 59
41 59
21 59
11 60
13 60
7 60
35 61
11 61
0 61
14 62
3 62
25 62
5 63
8 63
17 63
56 64
14 64
10 64
40 65
31 65
1 65
21 66
15 66
23 66
49 67
7 67
4 67
46 68
35 68
10 68
21 69
10 69
8 69
1 70
21 70
20 70
13 71
43 71
5 71
8 72
36 72
11 72
54 73
11 73
20 73
40 74
54 74
24 74
33 75
28 75
32 75
68 76
8 76
27 76
45 77
48 77
38 77
15 78
18 78
11 78
1 79
2 79
24 79
0 80
21 80
22 80
14 81
76 81
67 81
27 82
18 82
11 82
7 83
33 83
18 83
58 84
9 84
11 84
19 85
10 85
0 85
23 86
38 86
66 86
1 87
24 87
26 87
80 88
58 88
12 88
39 89
34 89
16 89
21 90
24 90
49 90
13 91
10 91
58 91
0 92
4 92
36 92
54 93
24 93
8 93
15 94
44 94
0 94
72 95
54 95
27 95
8 96
4 96
82 96
75 97
52 97
22 97
4 98
55 98
52 98
92 99
2 99
4 99
9 100
13 100
49 100
46 101
15 101
10 101
11 102
0 102
80 102
19 103
69 103
6 103
11 104
71 104
4 104
94 105
20 105
8 105
10 106
69 106
18 106
36 107
27 107
1 107
43 108
22 108
2 108
3 109
88 109
2 109
83 110
7 110
8 110
65 111
8 111
66 111
104 112
71 112
14 112
108 113
11 113
42 113
16 114
68 114
51 114
11 115
83 115
54 115
60 116
109 116
71 116
46 117
2 117
12 117
60 118
76 118
100 118
105 119
112 119
17 119
64 120
3 120
82 120
92 121
64 121
22 121
68 122
13 122
22 122
27 123
16 123
10 123
4 124
71 124
5 124
7 125
110 125
79 125
68 126
5 126
119 126
19 127
92 127
59 127
2 128
119 128
69 128
60 129
104 129
90 129
82 130
22 130
111 130
25 131
0 131
8 131
24 132
8 132
9 132
108 133
11 133
69 133
48 134
128 134
21 134
80 135
6 135
81 135
45 136
101 136
49 136
89 137
112 137
8 137
64 138
14 138
103 138
59 139
131 139
6 139
78 140
10 140
4 140
32 141
22 141
40 141
25 142
60 142
8 142
94 143
126 143
92 143
77 144
48 144
94 144
38 145
66 145
13 145
54 146
10 146
25 146
7 147
66 147
8 147
121 148
70 148
39 148
54 149
47 149
24 149
42 150
0 150
18 150
92 151
79 151
51 151
56 152
22 152
21 152
92 153
46 153
42 153
11 154
17 154
9 154
76 155
10 155
105 155
9 156
7 156
42 156
8 157
25 157
4 157
25 158
22 158
19 158
49 159
18 159
10 159
13 160
8 160
118 160
105 161
35 161
32 161
10 162
49 162
62 162
92 163
10 163
4 163
10 164
16 164
83 164
83 165
80 165
78 165
96 166
107 166
52 166
147 167
145 167
64 167
2 168
25 168
47 168
107 169
127 169
10 169
38 170
77 170
49 170
66 171
22 171
168 171
71 172
16 172
58 172
44 173
64 173
122 173
13 174
136 174
67 174
54 175
70 175
72 175
152 176
123 176
110 176
2 177
94 177
173 177
9 178
22 178
10 178
50 179
14 179
42 179
20 180
57 180
7 180
104 181
6 181
132 181
35 182
122 182
43 182
78 183
19 183
71 183
8 184
66 184
170 184
170 185
50 185
7 185
162 186
12 186
126 186
62 187
34 187
58 187
4 188
12 188
105 188
131 189
162 189
177 189
15 190
67 190
105 190
141 191
50 191
69 191
176 192
24 192
120 192
92 193
91 193
155 193
73 194
18 194
49 194
24 195
18 195
54 195
140 196
148 196
12 196
2 197
133 197
134 197
184 198
35 198
1 198
5 199
129 199
197 199
117 200
65 200
121 200
31 201
20 201
34 201
96 202
82 202
153 202
7 203
16 203
122 203
3 204
5 204
108 204
102 205
35 205
8 205
169 206
12 206
66 206
126 207
203 207
130 207
88 208
193 208
13 208
16 209
122 209
97 209
42 210
193 210
201 210
102 211
8 211
138 211
147 212
152 212
4 212
92 213
110 213
200 213
25 214
51 214
13 214
16 215
22 215
177 215
83 216
57 216
12 216
83 217
47 217
63 217
16 218
155 218
70 218
104 219
42 219
7 219
52 220
89 220
41 220
67 221
134 221
20 221
21 222
118 222
12 222
40 223
157 223
196 223
220 224
86 224
8 224
33 225
155 225
87 225
84 226
6 226
47 226
109 227
41 227
67 227
23 228
121 228
27 228
21 229
198 229
95 229
21 230
174 230
23 230
14 231
86 231
122 231
82 232
25 232
69 232
134 233
158 233
6 233
143 234
75 234
54 234
15 235
142 235
69 235
195 236
16 236
166 236
42 237
133 237
221 237
168 238
221 238
5 238
48 239
13 239
5 239
145 240
68 240
169 240
78 241
9 241
116 241
46 242
54 242
155 242
15 243
123 243
9 243
78 244
6 244
149 244
16 245
121 245
152 245
105 246
34 246
3 246
4 247
10 247
82 247
0 248
2 248
127 248
83 249
41 249
68 249
1 0
2 0
2 1
3 0
3 1
3 2
4 0
4 2
4 3
5 3
5 2
5 1
6 1
6 0
6 4
7 6
7 2
7 5
8 4
8 2
8 7
9 3
9 6
9 0
10 9
10 3
10 8
11 0
11 5
11 7
12 6
12 7
12 1
13 7
13 0
13 6
14 9
14 3
14 8
15 12
15 4
15 1
16 11
16 7
16 9
17 6
17 4
17 12
18 7
18 9
18 4
19 1
19 5
19 3
20 11
20 12
20 10
21 10
21 16
21 7
22 12
22 5
22 0
23 22
23 11
23 12
24 13
24 21
24 4
25 13
25 8
25 0
26 0
26 20
26 2
27 11
27 12
27 24
28 2
28 6
28 5
29 28
29 6
29 15
30 16
30 22
30 4
31 22
31 7
31 4
32 16
32 9
32 11
33 19
33 7
33 16
34 28
34 13
34 20
35 7
35 0
35 3
36 6
36 13
36 4
37 4
37 27
37 9
38 34
38 10
38 4
39 6
39 8
39 34
40 4
40 23
40 7
41 10
41 17
41 8
42 24
42 4
42 13
43 9
43 1
43 25
44 8
44 0
44 9
45 27
45 26
45 6
46 28
46 24
46 8
47 3
47 17
47 43
48 12
48 39
48 41
49 39
49 7
49 34
50 2
50 3
50 13
51 42
51 9
51 2
52 40
52 51
52 18
53 4
53 12
53 8
54 8
54 9
54 51
55 41
55 18
55 36
56 42
56 54
56 9
57 10
57 26
57 43
58 9
58 16
58 18
59 12
59 41
59 21
60 11
60 13
60 7
61 35
61 11
61 0
62 14
62 3
62 25
63 5
63 8
63 17
64 56
64 14
64 10
65 40
65 31
65 1
66 21
66 15
66 23
67 49
67 7
67 4
68 46
68 35
68 10
69 21
69 10
69 8
70 1
70 21
70 20
71 13
71 43
71 5
72 8
72 36
72 11
73 54
73 11
73 20
74 40
74 54
74 24
75 33
75 28
75 32
76 68
76 8
76 27
77 45
77 48
77 38
78 15
78 18
78 11
79 1
79 2
79 24
80 0
80 21
80 22
81 14
81 76
81 67
82 27
82 18
82 11
83 7
83 33
83 18
84 58
84 9
84 11
85 19
85 10
85 0
86 23
86 38
86 66
87 1
87 24
87 26
88 80
88 58
88 12
89 39
89 34
89 16
90 21
90 24
90 49
91 13
91 10
91 58
92 0
92 4
92 36
93 54
93 24
93 8
94 15
94 44
94 0
95 72
95 54
95 27
96 8
96 4
96 82
97 75
97 52
97 22
98 4
98 55
98 52
99 92
99 2
99 4
100 9
100 13
100 49
101 46
101 15
101 10
102 11
102 0
102 80
103 19
103 69
103 6
104 11
104 71
104 4
105 94
105 20
105 8
106 10
106 69
106 18
107 36
107 27
107 1
108 43
108 22
108 2
109 3
109 88
109 2
110 83
110 7
110 8
111 65
111 8
111 66
112 104
112 71
112 14
113 108
113 11
113 42
114 16
114 68
114 51
115 11
115 83
115 54
116 60
116 109
116 71
117 46
117 2
117 12
118 60
118 76
118 100
119 105
119 112
119 17
120 64
120 3
120 82
121 92
121 64
121 22
122 68
122 13
122 22
123 27
123 16
123 10
124 4
124 71
124 5
125 7
125 110
125 79
126 68
126 5
126 119
127 19
127 92
127 59
128 2
128 119
128 69
129 60
129 104
129 90
130 82
130 22
130 111
131 25
131 0
131 8
132 24
132 8
132 9
133 108
133 11
133 69
134 48
134 128
134 21
135 80
135 6
135 81
136 45
136 101
136 49
137 89
137 112
137 8
138 64
138 14
138 103
139 59
139 131
139 6
140 78
140 10
140 4
141 32
141 22
141 40
142 25
142 60
142 8
143 94
143 126
143 92
144 77
144 48
144 94
145 38
145 66
145 13
146 54
146 10
146 25
147 7
147 66
147 8
148 121
148 70
148 39
149 54
149 47
149 24
150 42
150 0
150 18
151 92
151 79
151 51
152 56
152 22
152 21
153 92
153 46
153 42
154 11
154 17
154 9
155 76
155 10
155 105
156 9
156 7
156 42
157 8
157 25
157 4
158 25
158 22
158 19
159 49
159 18
159 10
160 13
160 8
160 118
161 105
161 35
161 32
162 10
162 49
162 62
163 92
163 10
163 4
164 10
164 16
164 83
165 83
165 80
165 78
166 96
166 107
166 52
167 147
167 145
167 64
168 2
168 25
168 47
169 107
169 127
169 10
170 38
170 77
170 49
171 66
171 22
171 168
172 71
172 16
172 58
173 44
173 64
173 122
174 13
174 136
174 67
175 54
175 70
175 72
176 152
176 123
176 110
177 2
177 94
177 173
178 9
178 22
178 10
179 50
179 14
179 42
180 20
180 57
180 7
181 104
181 6
181 132
182 35
182 122
182 43
183 78
183 19
183 71
184 8
184 66
184 170
185 170
185 50
185 7
186 162
186 12
186 126
187 62
187 34
187 58
188 4
188 12
188 105
189 131
189 162
189 177
190 15
190 67
190 105
191 141
191 50
191 69
192 176
192 24
192 120
193 92
193 91
193 155
194 73
194 18
194 49
195 24
195 18
195 54
196 140
196 148
196 12
197 2
197 133
197 134
198 184
198 35
198 1
199 5
199 129
199 197
200 117
200 65
200 121
201 31
201 20
201 34
202 96
202 82
202 153
203 7
203 16
203 122
204 3
204 5
204 108
205 102
205 35
205 8
206 169
206 12
206 66
207 126
207 203
207 130
208 88
208 193
208 13
209 16
209 122
209 97
210 42
210 193
210 201
211 102
211 8
211 138
212 147
212 152
212 4
213 92
213 110
213 200
214 25
214 51
214 13
215 16
215 22
215 177
216 83
216 57
216 12
217 83
217 47
217 63
218 16
218 155
218 70
219 104
219 42
219 7
220 52
220 89
220 41
221 67
221 134
221 20
222 21
222 118
222 12
223 40
223 157
223 196
224 220
224 86
224 8
225 33
225 155
225 87
226 84
226 6
226 47
227 109
227 41
227 67
228 23
228 121
228 27
229 21
229 198
229 95
230 21
230 174
230 23
231 14
231 86
231 122
232 82
232 25
232 69
233 134
233 158
233 6
234 143
234 75
234 54
235 15
235 142
235 69
236 195
236 16
236 166
237 42
237 133
237 221
238 168
238 221
238 5
239 48
239 13
239 5
240 145
240 68
240 169
241 78
241 9
241 116
242 46
242 54
242 155
243 15
243 123
243 9
244 78
244 6
244 149
245 16
245 121
245 152
246 105
246 34
246 3
247 4
247 10
247 82
248 0
248 2
248 127
249 83
249 41
249 68
0 1 1 1 0 1 0 1 1 0 1 1 1 0 1 1 0 1 1 0 0 0 1 0 1 1 1 0 1 1 1 0 1 1 1 0 0 1 1 0 1 1 0 0 1 1 0 0 1 0 0 0 1 0 0 1 1 1 1 0 1 1 1 1 0 0 1 1 0 1 1 0 0 0 0 0 1 1 0 1 0 1 1 0 0 0 1 0 0 0 0 0 0 1 1 0 1 1 1 1 1 0 1 0 0 0 1 0 1 1 1 1 0 0 0 1 0 0 1 1 0 1 0 1 0 1 1 0 1 0 0 0 1 0 0 1 1 0 1 1 1 0 0 0 0 1 1 1 1 1 1 0 1 0 1 1 1 1 0 0 1 1 1 1 1 1 0 0 1 0 0 1 0 0 1 0 1 0 1 1 1 0 0 1 0 0 0 1 1 0 0 1 0 1 1 1 0 0 0 1 1 1 0 0 1 1 1 0 1 1 0 0 1 1 1 0 0 1 0 1 0 0 1 1 1 0 0 1 0 1 1 1 1 0 1 0 1 1 1 1 1 0 0 1 1 0 1 1 1 1
0 0 0 1 1 0 1 1 0 0 0 1 0 1 1 1 1 0 1 0 0 1 0 0 1 0 1 0 1 1 1 0 0 1 0 0 1 1 0 0 1 1 0 1 0 1 1 1 1 0 1 0 0 1 0 0 1 0 0 0 0 1 1 1 1 1 1 1 0 0 0 1 0 0 0 1 1 0 0 0 0 0 0 0 0 1 1 1 0 1 1 0 1 1 1 0 0 1 0 1 1 0 0 1 1 1 0 0 0 1 1 1 1 1 0 0 0 1 1 0 0 0 1 0 0 1 1 1 0 1 1 1 1 1 1 0 0 1 0 1 0 0 0 0 1 0 0 1 0 0 0 0 1 1 1 1 1 0 0 1 1 1 0 0 0 1 1 0 1 0 1 0 0 0 1 0 0 0 1 1 0 0 0 1 1 1 1 0 0 0 0 0 0 0 1 1 1 1 1 0 1 0 1 0 1 1 1 0 1 0 1 0 1 1 1 1 1 1 0 0 1 0 1 1 1 1 1 1 1 1 1 1 0 1 1 1 1 0 0 1 1 1 1 1 0 1 0 1 0 0
1 1 0 1 1 1 1 0 0 0 1 1 0 1 1 1 0 1 0 1 1 0 1 1 1 0 0 0 0 1 0 1 1 1 1 1 1 1 0 0 0 1 1 0 0 0 0 1 1 1 0 1 1 0 1 0 0 0 0 0 0 0 1 1 1 1 1 0 0 1 0 1 1 1 1 1 1 1 0 0 0 1 1 0 0 1 1 1 1 0 0 0 0 0 0 1 1 0 1 0 1 1 0 1 0 1 0 1 0 1 0 1 1 1 0 1 0 1 1 0 0 0 0 0 0 1 1 1 1 1 0 1 1 0 1 0 0 1 0 0 1 1 0 0 1 1 0 1 0 1 1 0 0 1 0 1 0 0 1 1 0 1 1 1 0 0 0 0 0 0 0 0 1 0 0 1 1 0 0 0 1 1 1 1 0 1 0 1 0 1 1 1 0 1 1 1 0 1 0 1 0 1 1 0 0 1 1 1 1 1 0 0 0 1 0 0 1 1 0 0 0 1 1 1 0 0 1 0 0 1 1 0 0 1 1 1 0 0 1 1 1 1 1 1 1 0 1 0 1 0
0 0 1 1 1 1 1 1 0 0 0 1 1 1 1 0 0 0 1 0 0 0 1 1 1 1 1 0 0 0 1 1 0 1 0 1 0 0 0 0 1 1 0 0 1 0 0 0 0 1 1 1 0 1 1 0 0 1 0 0 1 0 1 0 0 0 1 0 0 0 1 1 0 1 0 0 1 0 1 0 0 1 0 0 0 0 1 0 1 0 1 0 1 1 0 1 1 0 0 0 1 0 1 0 0 1 1 0 1 0 1 1 0 1 0 1 0 0 1 1 1 0 1 1 1 1 1 1 0 0 0 1 1 0 0 0 0 1 1 0 0 1 0 0 0 0 1 1 1 1 1 1 1 0 1 1 0 0 0 1 0 1 0 1 1 1 0 1 1 0 0 1 0 1 1 0 0 0 0 1 0 1 0 1 0 0 0 0 1 1 0 0 1 1 1 1 1 0 1 0 1 0 1 1 0 0 0 1 1 0 1 1 1 0 0 0 1 1 0 1 0 0 0 0 1 1 0 1 0 0 0 0 0 1 1 0 0 1 1 0 1 1 1 0 1 1 1 0 1 1
1 1 0 0 1 1 1 0 1 0 1 0 0 0 0 0 1 0 1 1 1 0 1 1 0 1 0 1 1 0 0 1 0 1 1 0 1 1 1 1 0 0 0 0 1 0 0 0 1 0 0 1 0 0 1 1 0 1 0 1 1 0 0 1 0 0 1 0 0 0 0 1 0 0 1 0 1 1 1 0 1 1 1 0 0 1 1 1 1 1 1 0 1 0 1 1 0 0 0 1 1 1 1 1 1 1 1 1 0 1 1 0 0 0 0 1 0 1 0 0 0 1 0 1 1 1 0 0 1 1 0 0 1 1 1 0 0 1 0 1 1 1 0 1 1 0 1 0 0 1 0 1 0 0 0 0 0 1 1 1 1 1 0 1 1 0 0 0 1 0 1 0 0 0 1 1 1 0 0 1 1 0 0 0 1 1 1 0 1 0 1 1 0 1 1 1 1 1 1 1 0 0 0 1 0 1 0 0 0 0 0 1 1 0 1 0 1 0 1 1 1 0 1 0 0 1 0 0 1 0 1 1 1 1 1 0 1 1 0 1 1 0 1 1 1 1 1 1 1 1