100 780 5
0 1
0 2
1 2
0 3
1 3
2 3
0 4
1 4
2 4
3 4
1 5
0 5
3 5
4 5
1 6
4 6
3 6
5 6
0 7
1 7
3 7
6 7
5 8
3 8
1 8
2 8
5 9
4 9
0 9
2 9
5 10
1 10
9 10
6 10
9 11
8 11
4 11
1 11
3 12
1 12
2 12
7 12
5 13
7 13
6 13
1 13
8 14
1 14
12 14
5 14
3 15
0 15
4 15
14 15
2 16
1 16
11 16
0 16
3 17
6 17
13 17
0 17
3 18
0 18
15 18
7 18
16 19
8 19
12 19
0 19
5 20
1 20
4 20
10 20
3 21
12 21
11 21
18 21
21 22
5 22
9 22
4 22
21 23
2 23
6 23
0 23
3 24
2 24
9 24
6 24
9 25
2 25
1 25
21 25
24 26
0 26
8 26
5 26
6 27
12 27
24 27
25 27
9 28
13 28
18 28
4 28
5 29
21 29
7 29
24 29
1 30
5 30
27 30
0 30
21 31
9 31
1 31
30 31
22 32
21 32
2 32
9 32
20 33
7 33
5 33
29 33
5 34
27 34
2 34
28 34
0 35
20 35
24 35
6 35
4 36
21 36
27 36
8 36
33 37
5 37
16 37
3 37
16 38
28 38
1 38
27 38
21 39
16 39
22 39
5 39
22 40
4 40
3 40
24 40
2 41
25 41
23 41
18 41
15 42
8 42
29 42
10 42
9 43
24 43
29 43
30 43
41 44
2 44
3 44
7 44
22 45
26 45
16 45
5 45
41 46
28 46
1 46
14 46
37 47
28 47
1 47
0 47
26 48
5 48
38 48
1 48
4 49
37 49
6 49
30 49
23 50
8 50
0 50
3 50
4 51
28 51
34 51
0 51
41 52
6 52
5 52
7 52
15 53
36 53
42 53
4 53
53 54
27 54
3 54
29 54
16 55
4 55
28 55
50 55
16 56
7 56
3 56
31 56
36 57
1 57
2 57
4 57
13 58
14 58
6 58
0 58
38 59
50 59
1 59
43 59
28 60
1 60
50 60
51 60
9 61
8 61
56 61
0 61
9 62
49 62
30 62
34 62
11 63
2 63
0 63
1 63
20 64
23 64
21 64
0 64
4 65
19 65
3 65
8 65
9 66
37 66
56 66
47 66
1 67
23 67
50 67
2 67
2 68
49 68
39 68
41 68
31 69
28 69
27 69
12 69
44 70
7 70
34 70
19 70
2 71
30 71
46 71
22 71
54 72
4 72
20 72
35 72
4 73
28 73
71 73
60 73
18 74
21 74
43 74
73 74
48 75
36 75
67 75
54 75
2 76
32 76
29 76
13 76
1 77
15 77
53 77
30 77
23 78
5 78
48 78
9 78
3 79
2 79
47 79
48 79
1 80
49 80
55 80
28 80
3 81
1 81
65 81
25 81
23 82
48 82
14 82
26 82
4 83
52 83
28 83
12 83
49 84
43 84
65 84
45 84
0 85
40 85
5 85
33 85
21 86
44 86
69 86
2 86
74 87
49 87
5 87
7 87
61 88
27 88
12 88
47 88
85 89
50 89
60 89
35 89
2 90
39 90
4 90
82 90
18 91
29 91
62 91
76 91
57 92
9 92
22 92
59 92
72 93
1 93
57 93
82 93
10 94
66 94
36 94
15 94
12 95
33 95
21 95
77 95
73 96
30 96
45 96
14 96
61 97
7 97
85 97
67 97
88 98
22 98
16 98
90 98
39 99
0 99
36 99
45 99
1 0
2 0
2 1
3 0
3 1
3 2
4 0
4 1
4 2
4 3
5 1
5 0
5 3
5 4
6 1
6 4
6 3
6 5
7 0
7 1
7 3
7 6
8 5
8 3
8 1
8 2
9 5
9 4
9 0
9 2
10 5
10 1
10 9
10 6
11 9
11 8
11 4
11 1
12 3
12 1
12 2
12 7
13 5
13 7
13 6
13 1
14 8
14 1
14 12
14 5
15 3
15 0
15 4
15 14
16 2
16 1
16 11
16 0
17 3
17 6
17 13
17 0
18 3
18 0
18 15
18 7
19 16
19 8
19 12
19 0
20 5
20 1
20 4
20 10
21 3
21 12
21 11
21 18
22 21
22 5
22 9
22 4
23 21
23 2
23 6
23 0
24 3
24 2
24 9
24 6
25 9
25 2
25 1
25 21
26 24
26 0
26 8
26 5
27 6
27 12
27 24
27 25
28 9
28 13
28 18
28 4
29 5
29 21
29 7
29 24
30 1
30 5
30 27
30 0
31 21
31 9
31 1
31 30
32 22
32 21
32 2
32 9
33 20
33 7
33 5
33 29
34 5
34 27
34 2
34 28
35 0
35 20
35 24
35 6
36 4
36 21
36 27
36 8
37 33
37 5
37 16
37 3
38 16
38 28
38 1
38 27
39 21
39 16
39 22
39 5
40 22
40 4
40 3
40 24
41 2
41 25
41 23
41 18
42 15
42 8
42 29
42 10
43 9
43 24
43 29
43 30
44 41
44 2
44 3
44 7
45 22
45 26
45 16
45 5
46 41
46 28
46 1
46 14
47 37
47 28
47 1
47 0
48 26
48 5
48 38
48 1
49 4
49 37
49 6
49 30
50 23
50 8
50 0
50 3
51 4
51 28
51 34
51 0
52 41
52 6
52 5
52 7
53 15
53 36
53 42
53 4
54 53
54 27
54 3
54 29
55 16
55 4
55 28
55 50
56 16
56 7
56 3
56 31
57 36
57 1
57 2
57 4
58 13
58 14
58 6
58 0
59 38
59 50
59 1
59 43
60 28
60 1
60 50
60 51
61 9
61 8
61 56
61 0
62 9
62 49
62 30
62 34
63 11
63 2
63 0
63 1
64 20
64 23
64 21
64 0
65 4
65 19
65 3
65 8
66 9
66 37
66 56
66 47
67 1
67 23
67 50
67 2
68 2
68 49
68 39
68 41
69 31
69 28
69 27
69 12
70 44
70 7
70 34
70 19
71 2
71 30
71 46
71 22
72 54
72 4
72 20
72 35
73 4
73 28
73 71
73 60
74 18
74 21
74 43
74 73
75 48
75 36
75 67
75 54
76 2
76 32
76 29
76 13
77 1
77 15
77 53
77 30
78 23
78 5
78 48
78 9
79 3
79 2
79 47
79 48
80 1
80 49
80 55
80 28
81 3
81 1
81 65
81 25
82 23
82 48
82 14
82 26
83 4
83 52
83 28
83 12
84 49
84 43
84 65
84 45
85 0
85 40
85 5
85 33
86 21
86 44
86 69
86 2
87 74
87 49
87 5
87 7
88 61
88 27
88 12
88 47
89 85
89 50
89 60
89 35
90 2
90 39
90 4
90 82
91 18
91 29
91 62
91 76
92 57
92 9
92 22
92 59
93 72
93 1
93 57
93 82
94 10
94 66
94 36
94 15
95 12
95 33
95 21
95 77
96 73
96 30
96 45
96 14
97 61
97 7
97 85
97 67
98 88
98 22
98 16
98 90
99 39
99 0
99 36
99 45
0 1 0 0 0 1 0 1 0 0 1 0 1 0 0 1 0 1 1 0 1 0 1 1 1 1 1 0 1 0 0 1 0 0 1 1 0 0 1 0 0 1 0 1 1 1 0 1 1 1 1 1 0 0 1 1 1 1 0 0 1 1 0 0 1 1 0 1 1 0 0 0 0 1 1 0 1 0 1 0 0 1 0 1 0 1 1 0 1 0 1 0 1 0 0 1 0 1 1 1
1 1 0 1 0 0 0 1 0 1 0 0 0 0 0 0 0 0 1 0 1 1 1 1 0 1 0 0 0 1 0 1 1 0 0 0 1 0 1 0 1 1 1 0 0 1 0 0 0 0 0 1 0 0 1 0 1 0 0 0 0 1 1 0 0 0 1 1 0 0 1 1 0 1 0 0 0 1 1 0 1 0 1 0 0 1 1 1 1 1 1 0 1 0 0 1 1 0 1 1
1 0 1 1 0 1 1 1 1 1 1 0 1 1 0 0 1 0 1 0 0 1 0 1 0 0 1 1 1 1 0 0 1 1 0 1 1 1 0 1 0 1 1 1 0 1 1 0 1 1 1 1 1 1 1 0 0 0 1 1 0 0 0 1 0 1 1 0 0 1 0 0 1 0 0 0 1 0 1 1 1 0 1 0 0 0 1 0 0 0 0 0 0 1 0 0 0 1 0 1
1 0 1 1 0 0 0 1 0 1 0 0 0 1 1 1 0 0 0 1 1 0 1 0 1 0 0 1 1 0 0 0 1 1 0 0 1 1 0 0 1 1 1 0 1 0 0 1 1 1 1 0 0 0 1 1 0 0 0 1 0 0 1 1 0 1 0 1 0 0 0 0 1 0 1 1 1 1 1 0 1 1 0 0 1 0 1 1 1 1 1 1 0 1 0 1 0 0 1 0
0 0 0 1 0 0 1 0 0 1 0 0 0 1 1 1 0 1 1 1 1 0 1 1 1 0 0 1 0 0 1 0 1 0 1 1 0 0 1 0 0 1 0 1 0 0 0 1 1 0 1 0 0 0 0 0 1 1 0 0 0 1 1 1 1 1 0 1 0 0 1 0 0 1 0 0 1 0 0 1 1 1 0 1 1 1 0 0 0 0 0 0 1 0 0 0 1 1 1 1