250 498 5
0 1
0 2
0 3
0 4
0 5
0 6
0 7
7 8
5 9
4 10
3 11
8 12
4 13
2 14
0 15
2 16
0 17
12 18
11 19
11 20
7 21
0 22
0 23
0 24
15 25
7 26
12 27
16 28
4 29
0 30
0 31
9 32
26 33
30 34
6 35
26 36
3 37
18 38
26 39
27 40
40 41
17 42
40 43
0 44
11 45
26 46
35 47
25 48
20 49
43 50
13 51
0 52
0 53
4 54
2 55
0 56
27 57
0 58
24 59
59 60
57 61
34 62
0 63
36 64
43 65
22 66
7 67
45 68
27 69
4 70
2 71
17 72
34 73
62 74
26 75
68 76
26 77
0 78
20 79
4 80
16 81
28 82
26 83
62 84
31 85
3 86
22 87
0 88
4 89
62 90
86 91
12 92
5 93
11 94
2 95
62 96
25 97
0 98
28 99
26 100
68 101
40 102
73 103
51 104
26 105
37 106
8 107
95 108
95 109
52 110
12 111
11 112
27 113
81 114
82 115
62 116
64 117
12 118
7 119
3 120
76 121
4 122
105 123
18 124
50 125
30 126
5 127
41 128
52 129
84 130
115 131
83 132
20 133
20 134
40 135
17 136
112 137
4 138
2 139
4 140
18 141
74 142
103 143
106 144
5 145
143 146
5 147
2 148
139 149
64 150
72 151
4 152
13 153
139 154
0 155
36 156
64 157
89 158
133 159
61 160
67 161
11 162
50 163
2 164
138 165
77 166
26 167
139 168
70 169
146 170
105 171
104 172
51 173
142 174
24 175
120 176
4 177
0 178
27 179
20 180
103 181
26 182
166 183
178 184
120 185
79 186
149 187
182 188
8 189
104 190
146 191
58 192
63 193
82 194
140 195
155 196
146 197
83 198
83 199
166 200
57 201
178 202
84 203
15 204
142 205
105 206
38 207
71 208
34 209
114 210
179 211
28 212
12 213
105 214
2 215
68 216
89 217
91 218
201 219
144 220
216 221
3 222
125 223
40 224
178 225
25 226
0 227
210 228
56 229
6 230
14 231
86 232
206 233
233 234
217 235
36 236
178 237
68 238
25 239
12 240
223 241
62 242
23 243
142 244
181 245
72 246
105 247
111 248
3 249
1 0
2 0
3 0
4 0
5 0
6 0
7 0
8 7
9 5
10 4
11 3
12 8
13 4
14 2
15 0
16 2
17 0
18 12
19 11
20 11
21 7
22 0
23 0
24 0
25 15
26 7
27 12
28 16
29 4
30 0
31 0
32 9
33 26
34 30
35 6
36 26
37 3
38 18
39 26
40 27
41 40
42 17
43 40
44 0
45 11
46 26
47 35
48 25
49 20
50 43
51 13
52 0
53 0
54 4
55 2
56 0
57 27
58 0
59 24
60 59
61 57
62 34
63 0
64 36
65 43
66 22
67 7
68 45
69 27
70 4
71 2
72 17
73 34
74 62
75 26
76 68
77 26
78 0
79 20
80 4
81 16
82 28
83 26
84 62
85 31
86 3
87 22
88 0
89 4
90 62
91 86
92 12
93 5
94 11
95 2
96 62
97 25
98 0
99 28
100 26
101 68
102 40
103 73
104 51
105 26
106 37
107 8
108 95
109 95
110 52
111 12
112 11
113 27
114 81
115 82
116 62
117 64
118 12
119 7
120 3
121 76
122 4
123 105
124 18
125 50
126 30
127 5
128 41
129 52
130 84
131 115
132 83
133 20
134 20
135 40
136 17
137 112
138 4
139 2
140 4
141 18
142 74
143 103
144 106
145 5
146 143
147 5
148 2
149 139
150 64
151 72
152 4
153 13
154 139
155 0
156 36
157 64
158 89
159 133
160 61
161 67
162 11
163 50
164 2
165 138
166 77
167 26
168 139
169 70
170 146
171 105
172 104
173 51
174 142
175 24
176 120
177 4
178 0
179 27
180 20
181 103
182 26
183 166
184 178
185 120
186 79
187 149
188 182
189 8
190 104
191 146
192 58
193 63
194 82
195 140
196 155
197 146
198 83
199 83
200 166
201 57
202 178
203 84
204 15
205 142
206 105
207 38
208 71
209 34
210 114
211 179
212 28
213 12
214 105
215 2
216 68
217 89
218 91
219 201
220 144
221 216
222 3
223 125
224 40
225 178
226 25
227 0
228 210
229 56
230 6
231 14
232 86
233 206
234 233
235 217
236 36
237 178
238 68
239 25
240 12
241 223
242 62
243 23
244 142
245 181
246 72
247 105
248 111
249 3
1 0 1 1 0 1 1 1 1 0 0 0 1 1 1 0 1 0 1 1 0 0 0 1 1 1 1 1 0 0 1 1 1 0 1 0 0 1 0 0 1 0 1 0 1 1 0 0 1 1 1 1 0 1 1 1 0 1 1 0 1 0 1 1 0 1 0 0 1 0 0 0 0 1 0 1 0 1 1 1 0 0 0 1 0 0 1 1 1 1 1 0 0 1 0 1 0 0 0 0 1 0 0 1 1 0 0 1 1 0 0 0 1 0 0 1 0 1 0 1 0 1 1 1 1 0 1 1 1 0 1 0 1 1 0 1 1 1 0 0 1 1 0 1 1 1 1 1 1 0 1 1 1 0 1 0 0 1 0 0 1 1 1 1 1 1 1 1 0 1 0 0 0 0 0 0 1 0 0 0 0 1 1 0 1 1 0 1 0 0 1 0 0 0 0 0 0 1 0 0 0 1 1 1 0 0 1 1 0 0 0 1 1 1 0 0 0 0 1 0 0 1 0 1 0 0 0 1 0 0 0 1 1 1 0 0 0 0 0 1 1 0 1 0 0 0 0 0 1 1
0 1 0 0 0 0 0 1 0 0 0 0 0 1 0 1 1 0 1 0 0 1 0 1 0 1 0 1 1 1 1 1 0 1 0 1 0 1 0 0 1 1 1 0 1 0 0 1 1 1 1 1 1 1 1 0 1 1 1 0 0 1 0 1 0 0 1 1 1 1 0 1 1 0 1 1 0 1 1 0 0 0 0 0 0 1 0 1 0 0 1 1 1 1 1 1 1 1 1 0 1 1 1 0 1 0 1 0 1 1 1 0 1 1 0 0 1 1 1 1 1 0 1 0 0 1 0 1 0 1 0 0 0 1 1 0 1 1 1 0 0 0 1 1 0 1 1 0 1 0 0 1 1 0 0 0 0 0 1 1 0 1 0 0 1 0 1 1 0 1 0 0 0 1 0 0 0 1 1 0 0 1 1 0 0 0 0 0 1 1 0 1 1 0 1 1 0 0 1 0 0 1 0 1 1 0 1 1 1 1 1 0 0 0 0 1 1 1 1 1 1 0 1 1 0 0 0 1 0 0 1 1 0 0 1 1 1 0 1 1 1 0 0 0 1 1 0 0 0 1
1 0 1 0 0 1 0 0 0 0 0 0 0 1 0 0 1 1 0 0 0 0 0 0 0 0 0 1 1 1 0 1 1 1 0 1 0 0 1 1 1 0 0 0 1 1 1 0 1 1 1 1 1 0 0 0 0 1 0 0 1 0 1 1 1 1 0 1 0 1 1 1 0 0 0 1 0 1 0 0 0 0 1 0 1 0 1 1 0 1 0 1 1 0 0 1 1 0 1 0 1 1 1 1 1 0 1 0 0 1 0 0 0 0 1 0 0 0 1 0 1 1 0 1 1 1 0 0 1 1 0 1 0 1 0 0 0 1 0 1 1 1 1 1 0 1 0 0 1 0 1 0 0 0 0 1 1 0 0 0 0 1 0 1 1 1 1 0 0 1 0 0 0 1 1 0 0 1 1 1 1 0 0 1 1 0 0 0 0 1 1 0 0 1 0 0 1 1 0 0 1 1 1 0 1 1 0 0 0 1 0 1 1 0 0 1 1 0 1 0 1 1 1 0 1 1 0 1 1 0 1 0 1 0 1 0 0 0 0 1 1 1 1 1 0 0 0 1 1 1
0 1 0 0 0 1 1 1 0 0 0 0 0 1 0 1 1 0 1 1 0 0 0 0 0 0 1 1 0 0 0 0 0 1 0 1 1 0 1 1 1 1 0 1 0 0 0 1 0 1 0 0 1 1 1 0 1 0 0 1 1 1 0 0 0 1 0 1 0 1 1 1 1 1 1 1 0 1 0 0 0 0 0 0 1 0 1 0 1 1 0 1 1 1 0 1 0 0 1 0 1 1 1 0 1 0 0 0 0 0 0 0 1 1 1 1 0 0 1 1 0 0 1 1 0 1 1 1 1 1 0 0 0 1 1 0 0 1 1 1 0 1 1 0 1 1 1 1 0 0 1 0 1 0 0 0 0 1 1 0 0 0 1 1 0 0 0 0 1 1 0 1 0 1 0 0 0 0 0 1 1 1 1 0 0 1 0 1 0 1 1 1 1 1 1 0 0 0 0 1 0 1 1 1 0 1 0 1 0 0 1 1 0 0 0 0 1 1 1 0 0 1 0 1 1 0 0 0 1 0 1 0 1 1 0 0 1 0 0 0 1 0 0 0 0 1 0 1 0 1
0 0 1 0 0 1 0 1 0 0 0 0 1 1 1 0 0 0 0 0 1 0 0 0 0 0 1 1 0 0 1 1 1 0 1 1 1 0 0 0 0 0 1 0 0 0 1 1 1 1 0 1 0 0 0 0 1 0 1 1 0 0 0 1 1 0 0 0 1 0 0 1 0 0 1 1 0 1 0 0 1 1 1 1 1 1 0 0 1 1 1 0 1 0 0 0 1 1 0 1 1 0 1 1 1 0 1 0 1 0 0 0 0 0 1 1 0 0 0 1 1 1 0 1 1 0 0 1 1 1 0 0 1 1 0 0 0 1 0 1 0 0 0 0 0 1 1 1 1 0 1 1 1 1 1 1 0 0 1 0 1 0 0 0 1 1 0 0 0 1 1 1 1 1 0 0 1 1 1 0 0 1 0 1 1 1 0 0 0 1 0 1 1 1 0 0 1 1 0 1 0 1 1 1 1 0 0 1 0 1 1 0 1 0 0 1 0 0 1 1 0 1 1 1 1 1 0 0 0 0 0 0 1 1 1 1 0 1 0 0 0 0 0 0 0 0 1 0 0 0