100 394 5
0 1
0 2
1 2
0 3
2 3
2 4
3 4
4 5
0 5
0 6
2 6
0 7
2 7
6 8
7 8
4 9
6 9
6 10
1 10
1 11
3 11
6 12
10 12
10 13
3 13
13 14
7 14
6 15
9 15
6 16
15 16
2 17
7 17
13 18
11 18
10 19
8 19
12 20
7 20
20 21
1 21
0 22
10 22
2 23
0 23
14 24
4 24
19 25
12 25
7 26
0 26
6 27
8 27
0 28
15 28
25 29
2 29
15 30
25 30
15 31
25 31
21 32
6 32
21 33
18 33
0 34
29 34
17 35
2 35
2 36
25 36
3 37
6 37
25 38
7 38
9 39
35 39
8 40
22 40
7 41
12 41
20 42
2 42
2 43
20 43
6 44
25 44
7 45
9 45
42 46
9 46
14 47
19 47
6 48
10 48
17 49
36 49
38 50
21 50
27 51
4 51
20 52
3 52
16 53
12 53
7 54
35 54
7 55
21 55
0 56
14 56
39 57
46 57
7 58
57 58
18 59
2 59
8 60
12 60
5 61
14 61
25 62
22 62
24 63
62 63
7 64
5 64
3 65
20 65
14 66
29 66
7 67
10 67
57 68
7 68
5 69
45 69
12 70
56 70
4 71
13 71
33 72
62 72
68 73
7 73
6 74
12 74
1 75
17 75
19 76
23 76
7 77
49 77
6 78
7 78
41 79
64 79
53 80
23 80
21 81
38 81
0 82
44 82
18 83
2 83
23 84
5 84
14 85
23 85
8 86
21 86
0 87
17 87
10 88
0 88
7 89
23 89
64 90
12 90
76 91
53 91
7 92
12 92
7 93
8 93
14 94
8 94
10 95
2 95
45 96
6 96
13 97
41 97
29 98
33 98
6 99
7 99
1 0
2 0
2 1
3 0
3 2
4 2
4 3
5 4
5 0
6 0
6 2
7 0
7 2
8 6
8 7
9 4
9 6
10 6
10 1
11 1
11 3
12 6
12 10
13 10
13 3
14 13
14 7
15 6
15 9
16 6
16 15
17 2
17 7
18 13
18 11
19 10
19 8
20 12
20 7
21 20
21 1
22 0
22 10
23 2
23 0
24 14
24 4
25 19
25 12
26 7
26 0
27 6
27 8
28 0
28 15
29 25
29 2
30 15
30 25
31 15
31 25
32 21
32 6
33 21
33 18
34 0
34 29
35 17
35 2
36 2
36 25
37 3
37 6
38 25
38 7
39 9
39 35
40 8
40 22
41 7
41 12
42 20
42 2
43 2
43 20
44 6
44 25
45 7
45 9
46 42
46 9
47 14
47 19
48 6
48 10
49 17
49 36
50 38
50 21
51 27
51 4
52 20
52 3
53 16
53 12
54 7
54 35
55 7
55 21
56 0
56 14
57 39
57 46
58 7
58 57
59 18
59 2
60 8
60 12
61 5
61 14
62 25
62 22
63 24
63 62
64 7
64 5
65 3
65 20
66 14
66 29
67 7
67 10
68 57
68 7
69 5
69 45
70 12
70 56
71 4
71 13
72 33
72 62
73 68
73 7
74 6
74 12
75 1
75 17
76 19
76 23
77 7
77 49
78 6
78 7
79 41
79 64
80 53
80 23
81 21
81 38
82 0
82 44
83 18
83 2
84 23
84 5
85 14
85 23
86 8
86 21
87 0
87 17
88 10
88 0
89 7
89 23
90 64
90 12
91 76
91 53
92 7
92 12
93 7
93 8
94 14
94 8
95 10
95 2
96 45
96 6
97 13
97 41
98 29
98 33
99 6
99 7
1 1 1 1 0 0 0 0 0 1 1 1 1 0 0 1 0 0 1 1 1 1 0 1 0 1 0 1 1 1 0 1 1 0 0 0 1 0 0 0 0 1 0 0 1 0 0 0 1 1 1 0 0 1 0 1 0 0 0 1 0 1 1 0 1 1 0 0 0 1 0 0 1 1 1 1 0 1 0 1 1 0 0 0 0 1 1 0 1 0 1 1 0 1 0 0 1 1 0 0
0 1 1 0 1 1 0 0 1 1 1 1 0 0 0 0 1 0 0 1 0 0 1 0 1 1 1 0 1 1 0 0 1 1 1 0 0 1 0 0 0 0 1 1 0 0 0 0 0 0 0 0 0 0 0 1 1 1 1 1 1 0 0 1 0 0 0 0 1 1 1 0 0 1 0 1 0 0 1 0 0 1 1 0 1 1 1 0 0 1 0 0 1 0 1 0 1 0 0 1
0 1 1 1 0 1 1 0 1 0 0 0 0 0 0 0 0 1 0 0 0 0 0 0 0 1 1 0 1 0 1 1 0 1 1 1 0 0 1 0 1 0 0 0 1 0 1 1 1 0 0 1 0 1 0 0 0 0 0 0 0 1 1 0 0 1 1 0 1 0 1 0 0 0 0 1 0 1 1 1 0 0 1 0 0 0 1 0 0 0 0 1 1 1 1 1 1 1 1 1
0 0 0 0 1 1 1 1 0 0 0 1 1 0 1 0 1 0 0 0 0 1 0 1 0 1 1 0 1 0 0 0 1 0 0 1 0 1 1 1 0 0 1 0 1 0 0 0 1 0 0 0 0 1 0 0 1 0 0 0 1 1 1 0 1 0 0 1 0 1 1 0 0 1 1 0 1 0 0 1 0 0 1 1 1 1 0 1 0 0 1 1 0 1 0 1 0 0 0 1
1 1 0 1 0 1 0 1 1 1 0 0 1 0 0 0 0 1 0 0 0 1 1 1 0 1 1 0 0 1 1 1 0 0 0 1 0 1 1 0 1 0 0 0 0 0 1 1 0 0 1 0 1 0 0 1 0 0 0 1 0 1 0 0 1 0 0 1 1 0 0 1 0 1 1 1 0 1 1 0 1 0 1 0 0 1 1 1 0 1 1 1 1 1 1 0 0 0 0 0