100 390 5
0 1
0 2
1 2
0 3
1 3
2 3
0 4
1 4
2 4
3 4
1 5
2 5
3 5
0 5
1 6
2 6
0 6
5 6
1 7
6 7
4 7
3 7
4 8
3 8
1 8
5 8
3 9
4 9
1 9
2 9
3 10
9 10
7 10
0 10
6 11
7 11
4 11
9 11
3 12
8 12
11 12
6 12
11 13
4 13
3 13
9 13
10 14
6 14
3 14
8 14
9 15
4 15
6 15
5 15
10 16
2 16
15 16
11 16
12 17
10 17
6 17
14 17
17 18
13 18
3 18
9 18
13 19
18 19
1 19
9 19
8 20
5 20
1 20
12 20
9 21
15 21
18 21
17 21
13 22
9 22
8 22
2 22
3 23
5 23
20 23
0 23
11 24
5 24
12 24
0 24
8 25
14 25
21 25
13 25
11 26
2 26
12 26
18 26
20 27
11 27
0 27
15 27
6 28
11 28
19 28
14 28
5 29
20 29
21 29
7 29
19 30
22 30
1 30
28 30
3 31
5 31
10 31
4 31
10 32
21 32
3 32
9 32
5 33
12 33
3 33
17 33
25 34
4 34
21 34
10 34
34 35
11 35
9 35
6 35
9 36
4 36
21 36
5 36
14 37
33 37
3 37
16 37
13 38
28 38
6 38
25 38
31 39
15 39
4 39
14 39
1 40
14 40
36 40
9 40
37 41
18 41
2 41
20 41
18 42
6 42
21 42
15 42
14 43
21 43
5 43
30 43
15 44
6 44
4 44
14 44
14 45
33 45
17 45
6 45
12 46
6 46
4 46
5 46
4 47
14 47
21 47
10 47
6 48
30 48
33 48
40 48
21 49
2 49
10 49
9 49
23 50
17 50
15 50
11 50
2 51
21 51
5 51
28 51
39 52
7 52
29 52
6 52
9 53
38 53
4 53
1 53
4 54
47 54
50 54
33 54
37 55
15 55
7 55
6 55
5 56
23 56
9 56
10 56
1 57
7 57
13 57
43 57
9 58
19 58
34 58
14 58
20 59
13 59
6 59
28 59
6 60
14 60
57 60
4 60
43 61
10 61
1 61
20 61
36 62
59 62
39 62
5 62
62 63
17 63
18 63
5 63
10 64
59 64
18 64
52 64
0 65
59 65
21 65
6 65
15 66
11 66
21 66
62 66
12 67
10 67
60 67
6 67
3 68
4 68
7 68
8 68
15 69
63 69
28 69
52 69
17 70
42 70
11 70
22 70
3 71
29 71
31 71
16 71
1 72
25 72
7 72
18 72
41 73
3 73
59 73
62 73
18 74
23 74
13 74
26 74
60 75
62 75
32 75
72 75
14 76
9 76
26 76
12 76
15 77
0 77
46 77
44 77
20 78
4 78
11 78
14 78
10 79
6 79
5 79
34 79
40 80
62 80
45 80
65 80
15 81
0 81
54 81
11 81
18 82
12 82
28 82
70 82
21 83
20 83
60 83
10 83
55 84
38 84
3 84
31 84
0 85
18 85
59 85
72 85
6 86
12 86
31 86
4 86
59 87
3 87
61 87
63 87
76 88
33 88
36 88
18 88
60 89
69 89
62 89
40 89
15 90
37 90
21 90
68 90
3 91
8 91
5 91
41 91
34 92
5 92
70 92
85 92
82 93
57 93
12 93
17 93
4 94
62 94
13 94
7 94
78 95
65 95
23 95
11 95
8 96
15 96
47 96
6 96
4 97
21 97
11 97
20 97
11 98
5 98
15 98
57 98
23 99
0 99
76 99
7 99
0 0 0 1 0 1 1 1 1 0 1 0 0 0 0 0 1 1 0 0 1 0 1 0 0 1 1 0 1 0 1 1 1 1 0 1 1 1 0 0 0 0 0 0 0 1 1 0 0 1 1 1 1 0 1 1 0 0 0 1 0 1 1 1 0 1 0 1 1 1 0 0 1 0 0 1 1 0 1 1 0 1 0 0 0 1 1 1 1 1 1 0 0 1 1 0 0 1 0 1
1 0 0 0 1 1 0 0 1 0 0 1 0 1 1 1 1 0 1 0 1 0 1 0 0 0 0 0 0 0 1 0 1 0 1 1 0 1 0 0 1 1 0 0 0 0 0 1 0 0 0 0 1 1 1 0 1 1 1 1 1 0 0 0 1 1 0 0 0 1 0 0 0 0 0 1 0 1 1 0 0 1 0 0 0 1 0 0 1 0 1 0 0 0 1 1 0 1 0 1
0 0 0 1 0 0 1 1 0 0 0 0 0 0 0 1 0 1 0 0 1 0 1 1 0 1 0 1 0 0 1 1 1 0 1 0 1 0 1 0 0 0 1 0 0 1 0 0 1 0 1 1 0 1 0 0 1 1 1 0 1 1 0 1 1 0 0 0 0 1 0 1 0 0 1 1 0 0 0 1 1 0 0 1 1 0 1 0 1 0 0 1 0 1 1 1 0 1 0 1
1 1 0 0 0 1 1 1 1 1 1 0 1 1 1 1 1 0 1 0 1 0 1 0 0 0 0 1 0 1 0 1 0 0 0 1 1 1 0 0 1 0 0 0 0 0 0 1 1 1 0 0 0 0 0 0 0 0 0 0 0 0 0 0 1 1 1 0 0 1 1 1 1 1 1 0 1 1 0 0 1 0 0 1 0 0 0 0 1 1 1 1 0 1 1 0 0 1 0 0
0 0 0 1 0 1 0 1 1 1 1 0 0 0 0 1 0 0 1 1 1 1 1 1 1 0 0 1 0 0 1 0 1 1 1 1 1 0 0 0 0 1 0 1 0 1 1 1 1 0 1 0 0 0 0 1 0 0 1 1 0 0 1 1 1 1 1 1 1 1 0 0 1 0 0 0 0 1 1 0 0 1 0 1 0 1 1 1 0 1 1 1 0 0 1 1 1 1 1 0