100 394 5
0 1
0 2
1 2
0 3
2 3
0 4
2 4
3 5
4 5
5 6
4 6
0 7
1 7
7 8
5 8
6 9
3 9
8 10
5 10
4 11
0 11
0 12
8 12
2 13
4 13
5 14
2 14
12 15
2 15
1 16
2 16
5 17
10 17
10 18
8 18
5 19
4 19
3 20
5 20
0 21
5 21
2 22
10 22
11 23
5 23
7 24
6 24
11 25
12 25
5 26
8 26
5 27
9 27
10 28
5 28
3 29
2 29
17 30
5 30
1 31
17 31
5 32
13 32
30 33
25 33
11 34
8 34
33 35
0 35
17 36
2 36
7 37
12 37
1 38
7 38
37 39
32 39
34 40
29 40
8 41
25 41
29 42
22 42
34 43
21 43
17 44
0 44
14 45
27 45
31 46
4 46
5 47
12 47
44 48
11 48
13 49
30 49
4 50
0 50
20 51
7 51
46 52
23 52
1 53
50 53
4 54
17 54
1 55
5 55
45 56
36 56
17 57
19 57
38 58
54 58
36 59
11 59
48 60
5 60
35 61
8 61
12 62
45 62
9 63
25 63
39 64
37 64
13 65
17 65
46 66
5 66
59 67
57 67
37 68
18 68
6 69
20 69
0 70
51 70
57 71
33 71
12 72
31 72
43 73
54 73
12 74
53 74
31 75
60 75
27 76
2 76
41 77
57 77
71 78
65 78
17 79
66 79
9 80
39 80
23 81
43 81
5 82
0 82
35 83
18 83
65 84
5 84
44 85
65 85
65 86
2 86
5 87
20 87
45 88
10 88
27 89
40 89
5 90
37 90
10 91
35 91
20 92
6 92
22 93
48 93
19 94
2 94
51 95
0 95
31 96
12 96
20 97
26 97
15 98
47 98
28 99
11 99
1 0
2 0
2 1
3 0
3 2
4 0
4 2
5 3
5 4
6 5
6 4
7 0
7 1
8 7
8 5
9 6
9 3
10 8
10 5
11 4
11 0
12 0
12 8
13 2
13 4
14 5
14 2
15 12
15 2
16 1
16 2
17 5
17 10
18 10
18 8
19 5
19 4
20 3
20 5
21 0
21 5
22 2
22 10
23 11
23 5
24 7
24 6
25 11
25 12
26 5
26 8
27 5
27 9
28 10
28 5
29 3
29 2
30 17
30 5
31 1
31 17
32 5
32 13
33 30
33 25
34 11
34 8
35 33
35 0
36 17
36 2
37 7
37 12
38 1
38 7
39 37
39 32
40 34
40 29
41 8
41 25
42 29
42 22
43 34
43 21
44 17
44 0
45 14
45 27
46 31
46 4
47 5
47 12
48 44
48 11
49 13
49 30
50 4
50 0
51 20
51 7
52 46
52 23
53 1
53 50
54 4
54 17
55 1
55 5
56 45
56 36
57 17
57 19
58 38
58 54
59 36
59 11
60 48
60 5
61 35
61 8
62 12
62 45
63 9
63 25
64 39
64 37
65 13
65 17
66 46
66 5
67 59
67 57
68 37
68 18
69 6
69 20
70 0
70 51
71 57
71 33
72 12
72 31
73 43
73 54
74 12
74 53
75 31
75 60
76 27
76 2
77 41
77 57
78 71
78 65
79 17
79 66
80 9
80 39
81 23
81 43
82 5
82 0
83 35
83 18
84 65
84 5
85 44
85 65
86 65
86 2
87 5
87 20
88 45
88 10
89 27
89 40
90 5
90 37
91 10
91 35
92 20
92 6
93 22
93 48
94 19
94 2
95 51
95 0
96 31
96 12
97 20
97 26
98 15
98 47
99 28
99 11
0 0 1 0 1 1 0 0 0 1 1 1 1 1 0 0 0 0 1 0 1 1 1 1 0 0 1 0 1 0 1 0 0 1 1 1 0 0 1 1 0 0 1 0 0 0 1 1 0 1 1 0 0 0 1 0 0 0 0 1 0 1 1 1 0 1 1 0 1 0 0 1 0 1 1 0 0 0 1 0 1 1 0 0 0 0 0 0 0 0 1 1 0 0 1 0 0 1 0 1
1 1 1 1 0 0 0 0 1 0 0 0 0 0 0 0 1 1 0 1 1 1 0 0 0 0 1 1 1 0 1 0 0 0 0 1 0 0 0 1 0 0 0 0 0 1 0 1 1 1 1 1 1 0 0 0 0 1 1 1 0 1 1 0 0 1 0 0 0 1 1 1 1 0 1 0 1 1 0 0 1 1 1 1 1 1 0 0 0 0 1 1 0 1 0 0 1 0 0 0
1 0 1 1 1 1 0 1 0 0 1 1 0 1 1 0 0 1 1 0 0 1 1 1 0 1 1 1 1 1 0 1 1 0 0 1 1 1 1 1 0 1 0 1 1 0 1 0 1 0 1 0 0 1 0 0 1 0 1 1 1 1 1 1 1 0 1 0 1 0 1 0 0 1 0 0 0 0 0 0 1 1 0 0 1 0 1 1 1 1 0 0 0 1 1 0 1 1 0 1
1 0 1 0 0 1 0 0 0 0 1 1 0 1 0 1 1 1 0 0 0 0 0 0 0 1 1 1 1 0 1 0 0 1 1 0 1 1 1 1 1 0 1 1 0 0 0 1 0 0 1 0 1 1 0 1 0 1 0 0 1 0 0 1 1 1 0 0 1 1 1 1 1 1 1 0 0 0 0 0 0 0 0 1 1 1 0 0 1 0 1 0 1 1 1 1 1 0 0 1
0 0 0 1 0 1 1 0 1 0 0 0 0 1 0 0 0 1 1 1 1 1 0 1 1 0 1 0 1 1 1 1 1 1 1 1 0 1 1 0 1 1 0 0 1 1 0 1 0 0 0 1 1 0 1 1 0 0 1 0 1 1 1 1 0 0 1 1 1 0 1 0 1 1 1 1 1 0 0 0 1 1 1 1 1 0 1 0 0 0 1 1 0 1 1 1 1 1 0 0