100 588 5
0 1
0 2
1 2
0 3
1 3
2 3
1 4
0 4
2 4
3 5
4 5
0 5
2 6
1 6
3 6
1 7
0 7
2 7
1 8
2 8
6 8
1 9
2 9
7 9
4 10
2 10
9 10
1 11
9 11
6 11
9 12
7 12
1 12
9 13
2 13
6 13
9 14
0 14
1 14
13 15
6 15
7 15
0 16
3 16
12 16
7 17
15 17
14 17
12 18
1 18
10 18
8 19
2 19
13 19
12 20
4 20
9 20
1 21
0 21
13 21
15 22
7 22
11 22
21 23
14 23
6 23
0 24
21 24
14 24
23 25
2 25
10 25
1 26
2 26
15 26
4 27
6 27
26 27
4 28
17 28
15 28
19 29
13 29
1 29
6 30
9 30
0 30
11 31
15 31
2 31
24 32
4 32
1 32
7 33
4 33
19 33
6 34
3 34
4 34
1 35
2 35
26 35
9 36
15 36
1 36
1 37
16 37
11 37
12 38
6 38
16 38
13 39
27 39
19 39
1 40
23 40
10 40
0 41
3 41
15 41
0 42
1 42
9 42
35 43
4 43
39 43
4 44
15 44
13 44
2 45
41 45
32 45
15 46
11 46
43 46
2 47
37 47
34 47
45 48
9 48
28 48
15 49
4 49
32 49
15 50
33 50
6 50
2 51
0 51
8 51
7 52
28 52
46 52
0 53
15 53
18 53
15 54
42 54
43 54
10 55
4 55
15 55
21 56
9 56
54 56
1 57
23 57
40 57
41 58
51 58
46 58
52 59
40 59
9 59
1 60
3 60
24 60
12 61
16 61
6 61
15 62
4 62
3 62
14 63
1 63
59 63
50 64
33 64
1 64
0 65
9 65
10 65
53 66
7 66
11 66
10 67
27 67
3 67
35 68
14 68
37 68
15 69
53 69
46 69
4 70
51 70
36 70
34 71
42 71
7 71
1 72
0 72
27 72
29 73
15 73
11 73
66 74
7 74
37 74
46 75
35 75
4 75
65 76
48 76
11 76
6 77
71 77
0 77
16 78
12 78
1 78
56 79
42 79
9 79
2 80
51 80
54 80
16 81
2 81
27 81
9 82
49 82
27 82
79 83
61 83
0 83
29 84
41 84
2 84
42 85
1 85
6 85
81 86
19 86
27 86
6 87
9 87
47 87
73 88
7 88
5 88
86 89
50 89
58 89
10 90
12 90
69 90
46 91
81 91
23 91
54 92
55 92
1 92
6 93
20 93
9 93
1 94
59 94
15 94
1 95
19 95
67 95
30 96
13 96
15 96
62 97
2 97
85 97
27 98
15 98
51 98
0 99
15 99
62 99
1 0
2 0
2 1
3 0
3 1
3 2
4 1
4 0
4 2
5 3
5 4
5 0
6 2
6 1
6 3
7 1
7 0
7 2
8 1
8 2
8 6
9 1
9 2
9 7
10 4
10 2
10 9
11 1
11 9
11 6
12 9
12 7
12 1
13 9
13 2
13 6
14 9
14 0
14 1
15 13
15 6
15 7
16 0
16 3
16 12
17 7
17 15
17 14
18 12
18 1
18 10
19 8
19 2
19 13
20 12
20 4
20 9
21 1
21 0
21 13
22 15
22 7
22 11
23 21
23 14
23 6
24 0
24 21
24 14
25 23
25 2
25 10
26 1
26 2
26 15
27 4
27 6
27 26
28 4
28 17
28 15
29 19
29 13
29 1
30 6
30 9
30 0
31 11
31 15
31 2
32 24
32 4
32 1
33 7
33 4
33 19
34 6
34 3
34 4
35 1
35 2
35 26
36 9
36 15
36 1
37 1
37 16
37 11
38 12
38 6
38 16
39 13
39 27
39 19
40 1
40 23
40 10
41 0
41 3
41 15
42 0
42 1
42 9
43 35
43 4
43 39
44 4
44 15
44 13
45 2
45 41
45 32
46 15
46 11
46 43
47 2
47 37
47 34
48 45
48 9
48 28
49 15
49 4
49 32
50 15
50 33
50 6
51 2
51 0
51 8
52 7
52 28
52 46
53 0
53 15
53 18
54 15
54 42
54 43
55 10
55 4
55 15
56 21
56 9
56 54
57 1
57 23
57 40
58 41
58 51
58 46
59 52
59 40
59 9
60 1
60 3
60 24
61 12
61 16
61 6
62 15
62 4
62 3
63 14
63 1
63 59
64 50
64 33
64 1
65 0
65 9
65 10
66 53
66 7
66 11
67 10
67 27
67 3
68 35
68 14
68 37
69 15
69 53
69 46
70 4
70 51
70 36
71 34
71 42
71 7
72 1
72 0
72 27
73 29
73 15
73 11
74 66
74 7
74 37
75 46
75 35
75 4
76 65
76 48
76 11
77 6
77 71
77 0
78 16
78 12
78 1
79 56
79 42
79 9
80 2
80 51
80 54
81 16
81 2
81 27
82 9
82 49
82 27
83 79
83 61
83 0
84 29
84 41
84 2
85 42
85 1
85 6
86 81
86 19
86 27
87 6
87 9
87 47
88 73
88 7
88 5
89 86
89 50
89 58
90 10
90 12
90 69
91 46
91 81
91 23
92 54
92 55
92 1
93 6
93 20
93 9
94 1
94 59
94 15
95 1
95 19
95 67
96 30
96 13
96 15
97 62
97 2
97 85
98 27
98 15
98 51
99 0
99 15
99 62
1 0 0 0 0 1 1 0 1 0 0 1 0 0 1 1 0 1 0 1 0 1 0 1 0 1 0 0 0 0 0 1 0 0 1 0 0 0 1 0 1 1 1 1 0 1 0 0 1 1 0 1 0 0 0 1 1 1 1 0 0 0 0 1 1 0 1 1 0 1 0 1 0 1 0 1 0 1 1 1 0 1 1 0 1 1 0 0 0 0 1 1 1 1 0 1 1 0 0 1
1 0 1 1 0 0 1 1 1 1 1 0 0 0 0 1 0 0 0 0 1 1 1 0 1 0 1 0 1 0 0 0 1 0 0 1 0 1 0 1 0 1 0 1 0 1 0 0 0 1 1 0 1 1 0 1 0 0 1 0 0 1 1 0 1 0 0 0 0 1 1 1 1 0 0 0 1 0 0 0 0 0 0 1 1 0 1 0 1 0 1 1 0 0 0 1 1 0 1 0
0 0 0 0 1 1 0 0 1 0 0 0 1 1 0 1 1 1 1 1 0 1 1 1 0 1 1 0 1 0 0 0 0 0 0 1 1 0 1 1 0 1 0 0 0 0 0 1 1 1 1 0 1 0 1 0 0 0 0 1 1 1 0 0 0 0 1 0 1 1 0 0 1 1 0 1 1 0 1 1 1 0 0 1 0 1 1 0 0 1 1 0 1 0 0 0 0 1 1 1
0 0 0 1 1 0 1 1 0 1 0 1 0 1 1 0 1 0 1 1 0 0 0 1 1 1 1 1 0 0 0 1 0 1 0 1 0 1 0 0 0 0 0 0 0 1 1 0 0 0 0 0 1 1 1 0 1 0 0 1 0 1 1 1 1 0 0 1 0 1 1 0 1 0 0 1 0 1 1 0 1 0 0 1 0 0 1 0 1 1 1 0 1 1 1 1 0 1 0 0
0 0 1 1 0 0 1 0 1 0 0 0 1 0 1 0 0 1 0 0 0 0 1 0 0 0 0 0 1 0 1 1 0 0 0 0 0 0 1 1 1 0 1 0 1 1 1 1 0 0 1 1 1 1 1 1 1 0 0 0 1 1 1 1 0 1 1 0 1 0 0 0 1 0 1 0 1 0 0 1 1 1 1 1 1 1 1 1 0 1 0 1 1 0 0 1 0 1 0 0