250 498 5
0 1
1 2
1 3
1 4
3 5
3 6
4 7
1 8
4 9
1 10
4 11
5 12
2 13
13 14
2 15
1 16
5 17
12 18
10 19
14 20
5 21
18 22
18 23
21 24
13 25
14 26
21 27
17 28
5 29
9 30
24 31
14 32
5 33
32 34
12 35
14 36
24 37
22 38
14 39
16 40
1 41
21 42
12 43
5 44
5 45
1 46
16 47
5 48
5 49
5 50
17 51
6 52
20 53
18 54
15 55
41 56
3 57
6 58
1 59
18 60
31 61
20 62
42 63
20 64
34 65
62 66
1 67
56 68
47 69
23 70
1 71
23 72
1 73
32 74
72 75
31 76
43 77
34 78
5 79
17 80
5 81
43 82
3 83
77 84
14 85
2 86
86 87
70 88
1 89
5 90
12 91
22 92
75 93
15 94
6 95
90 96
14 97
1 98
35 99
34 100
1 101
5 102
87 103
42 104
63 105
20 106
69 107
65 108
44 109
34 110
58 111
48 112
82 113
99 114
16 115
82 116
57 117
32 118
18 119
18 120
5 121
18 122
82 123
31 124
69 125
14 126
2 127
72 128
23 129
40 130
125 131
86 132
41 133
9 134
1 135
15 136
87 137
88 138
137 139
99 140
4 141
13 142
58 143
9 144
2 145
99 146
82 147
23 148
101 149
9 150
49 151
91 152
11 153
12 154
23 155
42 156
16 157
66 158
65 159
12 160
158 161
56 162
83 163
55 164
37 165
165 166
5 167
52 168
21 169
53 170
46 171
105 172
35 173
2 174
44 175
31 176
9 177
17 178
9 179
116 180
105 181
71 182
51 183
18 184
163 185
87 186
49 187
17 188
144 189
18 190
41 191
128 192
14 193
168 194
133 195
193 196
193 197
99 198
35 199
168 200
28 201
2 202
1 203
163 204
168 205
170 206
82 207
95 208
98 209
31 210
41 211
127 212
12 213
114 214
168 215
145 216
3 217
1 218
59 219
76 220
18 221
26 222
48 223
36 224
104 225
213 226
59 227
1 228
34 229
42 230
46 231
14 232
167 233
99 234
99 235
141 236
225 237
181 238
48 239
166 240
14 241
2 242
99 243
12 244
167 245
23 246
235 247
34 248
209 249
1 0
2 1
3 1
4 1
5 3
6 3
7 4
8 1
9 4
10 1
11 4
12 5
13 2
14 13
15 2
16 1
17 5
18 12
19 10
20 14
21 5
22 18
23 18
24 21
25 13
26 14
27 21
28 17
29 5
30 9
31 24
32 14
33 5
34 32
35 12
36 14
37 24
38 22
39 14
40 16
41 1
42 21
43 12
44 5
45 5
46 1
47 16
48 5
49 5
50 5
51 17
52 6
53 20
54 18
55 15
56 41
57 3
58 6
59 1
60 18
61 31
62 20
63 42
64 20
65 34
66 62
67 1
68 56
69 47
70 23
71 1
72 23
73 1
74 32
75 72
76 31
77 43
78 34
79 5
80 17
81 5
82 43
83 3
84 77
85 14
86 2
87 86
88 70
89 1
90 5
91 12
92 22
93 75
94 15
95 6
96 90
97 14
98 1
99 35
100 34
101 1
102 5
103 87
104 42
105 63
106 20
107 69
108 65
109 44
110 34
111 58
112 48
113 82
114 99
115 16
116 82
117 57
118 32
119 18
120 18
121 5
122 18
123 82
124 31
125 69
126 14
127 2
128 72
129 23
130 40
131 125
132 86
133 41
134 9
135 1
136 15
137 87
138 88
139 137
140 99
141 4
142 13
143 58
144 9
145 2
146 99
147 82
148 23
149 101
150 9
151 49
152 91
153 11
154 12
155 23
156 42
157 16
158 66
159 65
160 12
161 158
162 56
163 83
164 55
165 37
166 165
167 5
168 52
169 21
170 53
171 46
172 105
173 35
174 2
175 44
176 31
177 9
178 17
179 9
180 116
181 105
182 71
183 51
184 18
185 163
186 87
187 49
188 17
189 144
190 18
191 41
192 128
193 14
194 168
195 133
196 193
197 193
198 99
199 35
200 168
201 28
202 2
203 1
204 163
205 168
206 170
207 82
208 95
209 98
210 31
211 41
212 127
213 12
214 114
215 168
216 145
217 3
218 1
219 59
220 76
221 18
222 26
223 48
224 36
225 104
226 213
227 59
228 1
229 34
230 42
231 46
232 14
233 167
234 99
235 99
236 141
237 225
238 181
239 48
240 166
241 14
242 2
243 99
244 12
245 167
246 23
247 235
248 34
249 209
0 0 1 0 1 0 1 1 0 1 1 1 1 1 1 0 1 1 0 0 1 0 0 0 1 1 0 0 1 0 0 0 1 1 0 1 0 1 0 1 1 0 0 1 1 1 0 1 0 1 0 1 0 0 1 0 1 0 0 1 0 0 1 0 1 1 0 0 1 0 1 0 0 1 1 1 0 0 0 1 0 1 1 1 1 1 1 0 1 1 0 0 0 0 1 1 1 0 0 1 0 1 0 0 1 1 0 0 1 0 1 1 1 1 1 0 1 0 0 1 0 1 1 1 1 0 0 1 1 0 0 1 1 0 1 0 0 1 1 1 0 1 0 1 1 1 1 1 0 0 1 0 0 0 1 0 0 0 1 0 1 0 1 1 1 0 0 0 0 0 1 1 0 0 1 0 0 1 1 0 1 1 1 0 0 1 1 0 1 0 0 1 0 0 1 0 0 1 1 0 1 0 0 0 1 1 1 1 1 1 0 0 0 1 0 1 1 1 0 0 1 0 1 1 0 0 0 0 1 1 0 1 1 1 0 0 0 0 0 0 0 1 0 0 0 0 0 0 0 1
0 0 1 1 1 0 0 0 1 0 1 1 1 1 1 1 0 1 0 0 1 1 0 1 0 0 1 1 1 1 1 1 1 0 0 1 1 0 0 1 0 1 1 0 0 1 1 1 1 0 0 1 0 0 0 1 0 1 1 0 0 0 1 1 0 0 1 1 1 1 0 0 1 0 1 0 0 0 1 0 1 1 1 1 1 0 1 1 0 0 0 0 1 1 0 0 1 0 0 0 0 1 0 0 0 1 0 0 1 1 1 1 1 1 0 1 0 0 1 0 0 1 0 1 0 1 0 1 0 0 0 1 0 1 0 0 1 1 0 1 1 1 0 0 1 1 1 0 0 1 0 0 0 1 0 1 1 1 0 1 0 0 0 1 0 1 1 0 0 0 0 1 0 0 1 0 0 1 1 0 0 1 0 0 0 0 0 1 0 0 1 1 0 0 1 1 1 1 0 1 1 0 1 0 0 0 0 1 0 0 1 0 1 0 0 1 0 1 0 1 0 1 1 0 0 1 0 1 1 0 0 0 0 0 1 0 0 1 1 1 1 1 1 0 1 0 0 0 1 1
1 1 1 1 1 0 0 1 0 0 0 1 1 0 0 0 0 1 1 0 1 0 1 0 1 1 0 1 1 0 1 1 0 1 0 0 0 1 1 1 1 0 1 1 0 1 1 0 0 0 1 0 1 1 0 0 0 1 0 0 1 0 0 0 1 0 0 0 0 1 0 0 1 0 1 1 1 0 1 0 0 0 0 0 1 1 1 1 1 0 1 0 0 1 0 0 0 0 0 0 1 0 0 0 0 1 0 0 0 1 0 0 0 0 1 1 0 1 0 1 0 1 1 1 0 1 0 1 0 0 0 1 0 1 0 1 0 0 1 0 1 1 1 1 0 0 0 1 1 1 0 1 0 1 1 1 1 0 0 1 1 1 0 0 1 0 0 1 0 0 0 0 0 1 1 0 1 1 0 0 1 1 0 0 0 0 1 1 0 1 0 0 1 0 1 0 1 1 0 0 1 0 1 1 1 1 1 1 0 0 1 0 0 1 1 1 1 1 1 1 1 0 0 0 1 0 1 1 0 0 1 1 0 0 1 0 0 1 0 0 1 0 1 1 0 0 0 0 0 0
1 1 1 1 0 0 0 0 1 1 0 1 1 1 0 1 0 0 1 1 1 0 0 0 0 1 1 0 0 0 0 0 1 0 0 0 1 0 1 0 1 1 1 1 0 0 0 0 1 0 0 0 1 1 1 0 1 1 0 1 1 0 0 0 0 0 1 0 0 1 1 1 0 1 0 0 1 1 1 1 1 0 0 1 1 0 0 1 1 0 0 1 0 1 0 1 1 1 0 1 0 1 1 0 0 0 1 1 1 0 0 1 0 0 1 1 0 0 1 1 0 1 1 1 0 0 1 0 1 1 0 1 0 1 1 1 1 0 0 1 1 1 1 1 0 1 0 0 0 1 1 0 1 0 0 0 0 1 1 1 1 1 0 1 0 0 1 0 1 0 1 0 0 0 1 1 1 0 1 0 0 0 1 0 0 1 0 0 0 1 0 0 0 0 0 1 1 0 0 1 0 0 0 1 0 0 1 0 1 0 1 0 1 0 0 1 1 1 1 0 1 0 1 1 1 1 0 1 0 1 0 1 1 1 0 1 0 1 1 0 1 0 1 1 1 1 1 1 1 1
1 1 0 1 0 0 0 0 0 0 0 0 0 0 1 0 1 0 0 0 0 1 0 0 0 1 0 1 0 0 1 0 0 0 0 0 1 0 0 1 1 1 0 0 0 0 0 1 0 0 1 0 0 1 1 0 0 1 0 1 0 0 1 0 1 1 1 1 0 0 1 0 0 0 1 0 1 1 0 1 0 0 1 1 0 0 1 1 1 1 0 0 0 1 1 0 0 1 1 0 1 1 0 1 0 0 1 0 0 1 1 0 1 0 0 1 0 1 0 1 0 1 1 1 0 0 0 1 0 1 0 0 1 0 1 0 0 0 0 1 0 0 1 0 0 0 1 0 1 0 0 1 0 0 1 0 1 0 0 1 0 0 0 1 1 0 1 1 0 1 1 1 0 0 1 1 1 0 1 0 0 1 1 1 0 1 0 1 1 1 0 1 0 1 1 0 1 1 1 0 1 0 1 1 0 0 1 1 0 0 0 1 0 0 0 1 1 1 0 0 1 0 0 0 1 1 1 0 1 1 1 1 1 1 1 0 0 0 1 1 1 1 1 0 1 1 1 0 1 0