100 390 5
0 1
0 2
1 2
0 3
1 3
2 3
0 4
1 4
2 4
3 4
3 5
1 5
4 5
2 5
3 6
0 6
2 6
4 6
0 7
3 7
6 7
4 7
3 8
1 8
7 8
0 8
1 9
3 9
4 9
2 9
5 10
4 10
0 10
8 10
9 11
7 11
4 11
5 11
2 12
9 12
6 12
11 12
9 13
3 13
7 13
12 13
2 14
1 14
12 14
0 14
0 15
2 15
9 15
11 15
0 16
2 16
5 16
3 16
16 17
2 17
1 17
7 17
1 18
7 18
5 18
9 18
6 19
12 19
16 19
13 19
4 20
5 20
11 20
12 20
12 21
4 21
1 21
15 21
19 22
12 22
5 22
16 22
10 23
13 23
16 23
2 23
2 24
5 24
12 24
1 24
7 25
16 25
5 25
23 25
9 26
12 26
5 26
1 26
8 27
25 27
23 27
0 27
5 28
18 28
12 28
0 28
22 29
21 29
16 29
27 29
23 30
29 30
8 30
19 30
30 31
9 31
24 31
12 31
15 32
7 32
31 32
10 32
30 33
28 33
18 33
32 33
25 34
9 34
6 34
23 34
17 35
6 35
1 35
11 35
16 36
29 36
18 36
11 36
2 37
12 37
3 37
17 37
32 38
11 38
13 38
2 38
26 39
2 39
27 39
20 39
29 40
1 40
8 40
22 40
12 41
17 41
5 41
1 41
11 42
4 42
24 42
18 42
7 43
3 43
11 43
13 43
6 44
22 44
37 44
5 44
34 45
29 45
30 45
3 45
8 46
43 46
23 46
17 46
1 47
43 47
0 47
6 47
30 48
44 48
27 48
39 48
28 49
18 49
10 49
2 49
2 50
10 50
28 50
7 50
47 51
32 51
7 51
17 51
42 52
50 52
34 52
2 52
15 53
30 53
35 53
32 53
25 54
11 54
53 54
5 54
28 55
22 55
19 55
54 55
12 56
2 56
0 56
38 56
2 57
27 57
12 57
17 57
19 58
12 58
41 58
20 58
3 59
29 59
25 59
2 59
12 60
31 60
3 60
6 60
2 61
0 61
48 61
46 61
11 62
20 62
4 62
12 62
12 63
45 63
39 63
10 63
48 64
16 64
27 64
25 64
17 65
0 65
5 65
7 65
12 66
8 66
37 66
29 66
63 67
43 67
16 67
44 67
3 68
32 68
1 68
30 68
1 69
17 69
25 69
11 69
11 70
33 70
56 70
20 70
9 71
12 71
47 71
44 71
61 72
7 72
4 72
30 72
41 73
25 73
7 73
56 73
3 74
12 74
40 74
44 74
74 75
71 75
2 75
63 75
9 76
6 76
15 76
7 76
8 77
12 77
5 77
37 77
29 78
20 78
69 78
70 78
49 79
55 79
12 79
26 79
44 80
9 80
20 80
4 80
4 81
11 81
22 81
1 81
12 82
8 82
53 82
74 82
4 83
80 83
32 83
28 83
49 84
51 84
25 84
26 84
20 85
63 85
9 85
27 85
58 86
4 86
12 86
1 86
1 87
34 87
12 87
52 87
0 88
3 88
75 88
17 88
8 89
3 89
7 89
62 89
5 90
80 90
16 90
39 90
49 91
21 91
2 91
5 91
47 92
18 92
57 92
7 92
19 93
63 93
25 93
34 93
2 94
20 94
37 94
15 94
61 95
8 95
71 95
63 95
1 96
49 96
17 96
83 96
16 97
65 97
7 97
59 97
7 98
25 98
19 98
12 98
68 99
31 99
78 99
36 99
1 1 0 1 0 1 1 0 0 1 0 0 0 1 1 1 0 0 1 0 1 0 0 1 0 1 0 0 1 0 1 1 0 1 1 0 0 0 1 0 0 0 0 1 1 1 1 0 1 0 1 1 0 1 0 0 1 1 0 0 0 1 0 0 1 1 1 0 0 0 1 1 0 0 1 1 1 1 0 0 1 0 0 0 1 1 1 0 0 0 1 1 0 0 1 0 1 0 0 0
1 1 0 0 0 1 1 0 0 0 0 1 1 1 1 0 0 0 1 1 1 1 1 0 1 1 1 0 0 0 1 0 1 0 1 0 0 0 1 0 1 0 0 1 1 1 1 1 1 0 1 0 0 0 1 1 0 0 1 1 0 1 0 0 0 0 1 0 0 0 1 0 0 0 1 0 1 1 1 1 1 0 0 1 1 0 0 1 0 0 0 0 1 1 0 1 0 0 0 1
1 1 1 0 0 0 0 1 1 0 1 0 0 0 0 0 1 0 0 0 1 0 0 0 0 0 1 0 1 1 1 1 0 1 0 0 0 1 1 1 0 0 0 1 1 0 1 1 1 0 0 1 0 1 0 1 1 1 1 1 0 0 1 1 1 1 0 0 1 1 0 0 1 0 0 0 1 1 0 1 0 0 0 0 1 1 1 0 1 0 1 0 1 1 1 0 0 1 1 0
1 0 1 0 0 0 1 0 0 0 0 0 1 0 1 0 0 1 0 1 0 1 1 0 0 0 1 0 0 1 0 0 0 1 1 0 0 0 0 0 0 1 0 0 0 1 0 1 0 0 0 1 1 1 1 1 1 0 0 1 1 1 1 1 0 0 0 1 1 1 1 1 0 0 1 0 1 1 1 1 0 1 0 1 1 0 0 0 0 1 0 0 1 1 0 0 0 0 1 1
1 1 0 1 0 0 1 0 1 1 0 0 1 1 1 1 1 0 0 1 0 1 0 0 1 0 1 1 1 1 0 1 0 1 0 0 0 1 1 0 0 0 0 1 0 0 0 1 0 0 0 1 1 1 1 0 0 0 0 0 1 1 0 1 0 0 1 1 1 0 1 1 0 1 1 0 0 1 0 1 0 0 1 0 0 0 0 0 1 0 1 1 0 0 0 1 1 1 0 1