100 390 5
0 1
0 2
1 2
0 3
1 3
2 3
0 4
1 4
2 4
3 4
3 5
2 5
1 5
4 5
1 6
0 6
2 6
3 6
4 7
5 7
3 7
0 7
6 8
2 8
0 8
5 8
1 9
0 9
2 9
3 9
9 10
6 10
0 10
2 10
4 11
6 11
3 11
0 11
2 12
3 12
7 12
5 12
0 13
5 13
9 13
2 13
3 14
2 14
12 14
7 14
7 15
1 15
12 15
5 15
15 16
5 16
1 16
6 16
1 17
6 17
3 17
2 17
3 18
17 18
8 18
2 18
6 19
12 19
0 19
4 19
1 20
2 20
7 20
16 20
14 21
7 21
8 21
4 21
7 22
17 22
10 22
16 22
0 23
8 23
4 23
6 23
5 24
17 24
0 24
20 24
10 25
20 25
5 25
1 25
8 26
12 26
0 26
7 26
2 27
13 27
10 27
14 27
9 28
3 28
20 28
21 28
6 29
13 29
7 29
2 29
5 30
26 30
1 30
0 30
26 31
5 31
1 31
25 31
30 32
26 32
0 32
5 32
12 33
25 33
10 33
6 33
7 34
1 34
25 34
21 34
15 35
2 35
23 35
22 35
28 36
5 36
21 36
4 36
6 37
5 37
2 37
0 37
29 38
15 38
21 38
11 38
31 39
9 39
2 39
3 39
22 40
3 40
18 40
32 40
39 41
3 41
10 41
31 41
32 42
19 42
6 42
8 42
10 43
25 43
39 43
4 43
8 44
7 44
34 44
4 44
34 45
12 45
40 45
8 45
2 46
43 46
5 46
33 46
9 47
10 47
6 47
2 47
47 48
24 48
12 48
26 48
47 49
12 49
36 49
15 49
3 50
36 50
2 50
4 50
2 51
50 51
30 51
27 51
9 52
27 52
34 52
6 52
39 53
40 53
33 53
5 53
7 54
11 54
39 54
50 54
24 55
13 55
20 55
4 55
36 56
14 56
7 56
11 56
7 57
47 57
54 57
52 57
1 58
12 58
52 58
2 58
51 59
58 59
10 59
33 59
1 60
26 60
58 60
33 60
12 61
42 61
10 61
36 61
11 62
27 62
9 62
33 62
27 63
2 63
5 63
45 63
45 64
23 64
14 64
61 64
17 65
9 65
49 65
42 65
25 66
2 66
45 66
5 66
38 67
37 67
20 67
12 67
32 68
60 68
36 68
29 68
36 69
7 69
18 69
11 69
50 70
43 70
6 70
26 70
42 71
41 71
0 71
54 71
36 72
59 72
42 72
58 72
2 73
31 73
28 73
42 73
48 74
69 74
3 74
50 74
12 75
36 75
60 75
23 75
71 76
2 76
69 76
24 76
51 77
28 77
54 77
74 77
2 78
31 78
21 78
35 78
9 79
28 79
5 79
15 79
36 80
31 80
27 80
0 80
23 81
71 81
40 81
1 81
46 82
11 82
13 82
68 82
49 83
64 83
54 83
12 83
4 84
48 84
47 84
56 84
25 85
0 85
81 85
6 85
64 86
21 86
76 86
7 86
6 87
39 87
9 87
5 87
3 88
13 88
24 88
8 88
4 89
18 89
54 89
9 89
31 90
1 90
46 90
15 90
44 91
29 91
77 91
33 91
25 92
84 92
54 92
58 92
2 93
3 93
12 93
5 93
57 94
49 94
41 94
4 94
50 95
3 95
29 95
15 95
86 96
3 96
7 96
38 96
41 97
91 97
48 97
33 97
45 98
27 98
12 98
2 98
38 99
81 99
58 99
45 99
1 1 1 0 1 1 1 0 1 1 0 1 1 1 0 1 0 0 1 0 1 1 0 0 0 1 0 1 0 1 0 0 1 0 0 1 0 1 0 0 0 1 1 0 1 1 0 1 1 0 0 0 0 1 1 1 1 1 1 1 1 1 0 0 0 0 0 0 0 1 0 1 0 0 0 1 0 0 0 1 1 1 1 1 1 1 1 1 0 0 0 0 1 1 1 0 1 0 0 0
0 1 0 1 1 1 0 0 1 1 0 1 1 0 1 1 1 1 0 0 0 1 1 0 1 0 1 0 1 0 1 0 0 1 0 1 1 1 0 0 1 1 0 0 1 1 1 1 0 1 1 0 1 0 1 1 1 1 1 0 0 0 1 0 1 1 0 1 1 1 1 1 0 1 1 1 0 1 1 1 0 0 0 0 1 1 1 0 0 1 1 1 0 1 0 0 0 1 0 1
0 1 1 0 0 1 0 1 1 0 1 1 0 1 0 0 0 0 1 0 1 1 1 1 0 0 1 1 0 0 0 1 1 1 1 0 1 0 0 1 1 1 1 0 0 0 1 1 1 1 0 1 1 1 0 1 0 1 1 0 0 1 0 0 0 1 0 0 0 1 0 1 1 0 1 0 0 0 0 1 1 1 0 1 0 0 1 1 0 1 0 1 0 1 0 0 0 1 1 1
1 0 0 1 1 1 0 0 1 0 0 1 1 0 1 0 0 1 0 0 1 0 0 0 1 0 0 0 1 1 0 1 1 1 0 0 1 0 0 0 0 1 1 1 0 1 0 1 1 1 0 0 1 1 0 0 0 0 0 1 1 1 1 1 0 1 1 0 1 0 0 0 0 1 1 1 0 1 0 0 0 0 1 1 0 0 1 1 0 0 1 1 1 1 0 1 1 0 1 0
1 0 1 0 0 0 0 0 0 1 1 1 0 0 1 1 1 0 0 0 0 1 1 0 1 1 0 0 1 1 1 0 1 0 1 1 0 1 0 1 1 0 0 0 0 0 0 1 0 0 0 0 1 0 1 0 0 1 1 0 0 1 1 1 0 0 0 1 1 0 0 1 0 1 0 0 0 1 0 1 0 0 1 0 0 0 1 0 0 1 0 0 0 1 1 1 1 0 0 1