100 780 5
0 1
0 2
1 2
0 3
1 3
2 3
0 4
1 4
2 4
3 4
0 5
4 5
2 5
1 5
1 6
0 6
3 6
2 6
0 7
5 7
2 7
1 7
2 8
0 8
1 8
5 8
0 9
7 9
4 9
2 9
9 10
2 10
4 10
3 10
5 11
0 11
1 11
6 11
1 12
7 12
3 12
8 12
4 13
11 13
6 13
10 13
1 14
12 14
4 14
10 14
3 15
11 15
0 15
9 15
2 16
5 16
0 16
10 16
10 17
7 17
0 17
4 17
0 18
7 18
14 18
6 18
1 19
16 19
14 19
3 19
2 20
0 20
14 20
1 20
13 21
0 21
18 21
9 21
0 22
17 22
4 22
14 22
15 23
21 23
5 23
3 23
9 24
23 24
11 24
4 24
5 25
4 25
21 25
24 25
10 26
19 26
6 26
25 26
19 27
21 27
7 27
14 27
6 28
17 28
9 28
26 28
4 29
11 29
7 29
24 29
23 30
6 30
0 30
24 30
2 31
5 31
16 31
22 31
29 32
0 32
3 32
14 32
3 33
6 33
0 33
13 33
19 34
4 34
11 34
20 34
32 35
5 35
0 35
7 35
0 36
21 36
26 36
33 36
11 37
14 37
12 37
21 37
30 38
19 38
36 38
4 38
32 39
6 39
36 39
14 39
21 40
4 40
1 40
11 40
4 41
7 41
0 41
14 41
2 42
6 42
16 42
25 42
31 43
35 43
34 43
30 43
39 44
3 44
34 44
2 44
21 45
15 45
26 45
38 45
36 46
6 46
17 46
23 46
24 47
5 47
11 47
37 47
30 48
17 48
26 48
1 48
16 49
20 49
48 49
10 49
1 50
33 50
9 50
2 50
29 51
10 51
0 51
9 51
19 52
0 52
25 52
32 52
11 53
9 53
28 53
47 53
3 54
6 54
36 54
45 54
11 55
36 55
3 55
22 55
46 56
25 56
35 56
39 56
40 57
3 57
9 57
17 57
41 58
10 58
34 58
5 58
26 59
36 59
1 59
16 59
40 60
59 60
28 60
49 60
1 61
23 61
53 61
14 61
54 62
6 62
53 62
32 62
1 63
0 63
11 63
62 63
6 64
14 64
8 64
50 64
6 65
15 65
12 65
0 65
4 66
1 66
23 66
0 66
15 67
32 67
0 67
26 67
10 68
38 68
36 68
3 68
20 69
10 69
59 69
25 69
1 70
35 70
11 70
2 70
45 71
2 71
0 71
49 71
66 72
63 72
38 72
11 72
66 73
2 73
33 73
8 73
44 74
7 74
29 74
41 74
73 75
22 75
1 75
68 75
24 76
7 76
23 76
11 76
68 77
18 77
53 77
56 77
46 78
31 78
9 78
60 78
16 79
35 79
12 79
34 79
30 80
25 80
11 80
47 80
4 81
9 81
10 81
2 81
5 82
0 82
28 82
29 82
41 83
17 83
82 83
73 83
0 84
30 84
7 84
40 84
14 85
3 85
4 85
44 85
66 86
6 86
42 86
33 86
26 87
68 87
0 87
29 87
14 88
47 88
17 88
13 88
34 89
12 89
4 89
53 89
11 90
71 90
7 90
18 90
38 91
58 91
25 91
72 91
25 92
53 92
6 92
15 92
65 93
12 93
78 93
3 93
4 94
24 94
7 94
36 94
42 95
1 95
17 95
6 95
0 96
2 96
12 96
68 96
77 97
89 97
53 97
66 97
53 98
18 98
71 98
72 98
36 99
50 99
66 99
26 99
1 0
2 0
2 1
3 0
3 1
3 2
4 0
4 1
4 2
4 3
5 0
5 4
5 2
5 1
6 1
6 0
6 3
6 2
7 0
7 5
7 2
7 1
8 2
8 0
8 1
8 5
9 0
9 7
9 4
9 2
10 9
10 2
10 4
10 3
11 5
11 0
11 1
11 6
12 1
12 7
12 3
12 8
13 4
13 11
13 6
13 10
14 1
14 12
14 4
14 10
15 3
15 11
15 0
15 9
16 2
16 5
16 0
16 10
17 10
17 7
17 0
17 4
18 0
18 7
18 14
18 6
19 1
19 16
19 14
19 3
20 2
20 0
20 14
20 1
21 13
21 0
21 18
21 9
22 0
22 17
22 4
22 14
23 15
23 21
23 5
23 3
24 9
24 23
24 11
24 4
25 5
25 4
25 21
25 24
26 10
26 19
26 6
26 25
27 19
27 21
27 7
27 14
28 6
28 17
28 9
28 26
29 4
29 11
29 7
29 24
30 23
30 6
30 0
30 24
31 2
31 5
31 16
31 22
32 29
32 0
32 3
32 14
33 3
33 6
33 0
33 13
34 19
34 4
34 11
34 20
35 32
35 5
35 0
35 7
36 0
36 21
36 26
36 33
37 11
37 14
37 12
37 21
38 30
38 19
38 36
38 4
39 32
39 6
39 36
39 14
40 21
40 4
40 1
40 11
41 4
41 7
41 0
41 14
42 2
42 6
42 16
42 25
43 31
43 35
43 34
43 30
44 39
44 3
44 34
44 2
45 21
45 15
45 26
45 38
46 36
46 6
46 17
46 23
47 24
47 5
47 11
47 37
48 30
48 17
48 26
48 1
49 16
49 20
49 48
49 10
50 1
50 33
50 9
50 2
51 29
51 10
51 0
51 9
52 19
52 0
52 25
52 32
53 11
53 9
53 28
53 47
54 3
54 6
54 36
54 45
55 11
55 36
55 3
55 22
56 46
56 25
56 35
56 39
57 40
57 3
57 9
57 17
58 41
58 10
58 34
58 5
59 26
59 36
59 1
59 16
60 40
60 59
60 28
60 49
61 1
61 23
61 53
61 14
62 54
62 6
62 53
62 32
63 1
63 0
63 11
63 62
64 6
64 14
64 8
64 50
65 6
65 15
65 12
65 0
66 4
66 1
66 23
66 0
67 15
67 32
67 0
67 26
68 10
68 38
68 36
68 3
69 20
69 10
69 59
69 25
70 1
70 35
70 11
70 2
71 45
71 2
71 0
71 49
72 66
72 63
72 38
72 11
73 66
73 2
73 33
73 8
74 44
74 7
74 29
74 41
75 73
75 22
75 1
75 68
76 24
76 7
76 23
76 11
77 68
77 18
77 53
77 56
78 46
78 31
78 9
78 60
79 16
79 35
79 12
79 34
80 30
80 25
80 11
80 47
81 4
81 9
81 10
81 2
82 5
82 0
82 28
82 29
83 41
83 17
83 82
83 73
84 0
84 30
84 7
84 40
85 14
85 3
85 4
85 44
86 66
86 6
86 42
86 33
87 26
87 68
87 0
87 29
88 14
88 47
88 17
88 13
89 34
89 12
89 4
89 53
90 11
90 71
90 7
90 18
91 38
91 58
91 25
91 72
92 25
92 53
92 6
92 15
93 65
93 12
93 78
93 3
94 4
94 24
94 7
94 36
95 42
95 1
95 17
95 6
96 0
96 2
96 12
96 68
97 77
97 89
97 53
97 66
98 53
98 18
98 71
98 72
99 36
99 50
99 66
99 26
0 1 0 1 1 0 0 1 1 1 0 0 1 1 0 0 0 0 1 1 0 1 0 1 1 0 0 0 0 1 0 0 0 0 1 0 1 0 1 0 0 0 1 0 0 1 1 1 0 1 1 0 1 0 1 0 0 0 0 0 1 0 0 0 1 0 1 0 0 1 1 0 0 0 1 1 0 1 0 0 1 1 1 0 0 0 1 0 0 0 0 1 1 0 0 1 1 0 1 0
1 1 1 1 0 0 0 0 0 0 0 0 0 1 0 1 0 1 0 0 1 0 0 1 0 1 0 0 1 1 0 0 1 0 1 1 0 1 1 1 0 0 0 1 0 0 0 1 1 1 0 1 0 0 1 0 0 1 0 0 1 1 0 1 0 0 1 1 1 0 0 1 0 1 0 0 1 1 0 0 0 0 1 0 1 0 1 0 0 0 1 1 0 1 1 1 0 0 1 1
1 1 1 1 0 1 0 1 0 1 1 0 0 0 1 0 1 0 1 0 0 0 0 1 0 1 1 1 1 0 0 0 1 0 0 1 1 0 0 0 0 1 0 0 1 1 0 0 0 0 1 0 1 1 0 1 1 0 1 1 0 1 0 1 1 1 0 0 0 1 0 1 1 0 1 1 0 1 0 1 1 1 0 1 0 1 0 1 1 1 1 0 0 0 0 1 1 1 0 1
0 0 1 0 0 1 1 0 0 1 0 1 0 1 0 0 1 0 1 1 1 0 0 0 0 0 1 0 0 0 0 1 1 1 0 0 1 1 0 1 1 1 0 1 1 1 1 1 0 1 1 0 1 1 0 0 0 0 1 0 1 0 0 1 0 0 0 0 1 0 1 0 1 1 0 1 0 1 1 0 0 0 1 0 0 0 0 1 1 1 1 1 1 0 0 0 1 1 0 0
0 1 0 1 1 0 0 1 1 1 1 0 0 1 0 0 1 1 1 0 0 0 1 1 1 1 1 0 1 1 0 0 0 1 0 1 1 0 0 1 1 0 1 1 1 0 0 0 0 0 0 0 1 1 1 1 1 1 0 0 0 1 1 1 0 1 1 1 0 0 1 0 1 1 0 1 0 1 1 1 1 1 1 1 1 0 0 1 0 1 0 1 0 1 1 0 1 0 0 0