100 588 5
0 1
0 2
1 2
0 3
1 3
2 3
1 4
3 4
0 4
2 5
0 5
4 5
2 6
4 6
1 6
0 7
1 7
6 7
0 8
4 8
7 8
0 9
3 9
2 9
4 10
1 10
5 10
4 11
1 11
5 11
4 12
9 12
11 12
8 13
0 13
9 13
5 14
1 14
0 14
0 15
1 15
5 15
4 16
15 16
2 16
3 17
16 17
15 17
7 18
8 18
9 18
17 19
11 19
8 19
18 20
14 20
1 20
1 21
9 21
7 21
3 22
18 22
14 22
6 23
7 23
5 23
17 24
9 24
4 24
17 25
16 25
14 25
2 26
4 26
6 26
8 27
11 27
9 27
1 28
7 28
26 28
24 29
28 29
0 29
15 30
4 30
1 30
21 31
6 31
11 31
10 32
20 32
23 32
6 33
0 33
3 33
18 34
24 34
0 34
26 35
4 35
30 35
18 36
11 36
10 36
3 37
0 37
35 37
3 38
1 38
37 38
32 39
2 39
3 39
9 40
15 40
19 40
17 41
5 41
27 41
2 42
37 42
32 42
13 43
3 43
0 43
3 44
7 44
8 44
0 45
32 45
21 45
1 46
5 46
2 46
4 47
33 47
29 47
0 48
2 48
9 48
5 49
26 49
23 49
38 50
26 50
43 50
1 51
49 51
6 51
16 52
19 52
48 52
4 53
7 53
35 53
1 54
23 54
3 54
2 55
48 55
17 55
14 56
0 56
26 56
17 57
35 57
55 57
9 58
36 58
21 58
26 59
23 59
7 59
0 60
27 60
32 60
3 61
16 61
1 61
2 62
11 62
9 62
41 63
23 63
43 63
1 64
29 64
5 64
5 65
43 65
15 65
0 66
2 66
59 66
1 67
23 67
43 67
6 68
43 68
2 68
50 69
23 69
45 69
26 70
55 70
37 70
67 71
4 71
20 71
32 72
16 72
59 72
24 73
17 73
16 73
9 74
31 74
67 74
26 75
55 75
9 75
4 76
58 76
7 76
41 77
30 77
15 77
1 78
67 78
53 78
7 79
6 79
5 79
53 80
2 80
12 80
59 81
62 81
14 81
26 82
28 82
3 82
21 83
16 83
61 83
63 84
1 84
11 84
80 85
57 85
9 85
26 86
4 86
17 86
3 87
48 87
45 87
47 88
49 88
9 88
45 89
6 89
37 89
29 90
32 90
38 90
38 91
83 91
47 91
18 92
2 92
9 92
2 93
0 93
6 93
27 94
42 94
31 94
91 95
9 95
8 95
12 96
24 96
29 96
41 97
12 97
21 97
78 98
8 98
28 98
28 99
44 99
30 99
1 0
2 0
2 1
3 0
3 1
3 2
4 1
4 3
4 0
5 2
5 0
5 4
6 2
6 4
6 1
7 0
7 1
7 6
8 0
8 4
8 7
9 0
9 3
9 2
10 4
10 1
10 5
11 4
11 1
11 5
12 4
12 9
12 11
13 8
13 0
13 9
14 5
14 1
14 0
15 0
15 1
15 5
16 4
16 15
16 2
17 3
17 16
17 15
18 7
18 8
18 9
19 17
19 11
19 8
20 18
20 14
20 1
21 1
21 9
21 7
22 3
22 18
22 14
23 6
23 7
23 5
24 17
24 9
24 4
25 17
25 16
25 14
26 2
26 4
26 6
27 8
27 11
27 9
28 1
28 7
28 26
29 24
29 28
29 0
30 15
30 4
30 1
31 21
31 6
31 11
32 10
32 20
32 23
33 6
33 0
33 3
34 18
34 24
34 0
35 26
35 4
35 30
36 18
36 11
36 10
37 3
37 0
37 35
38 3
38 1
38 37
39 32
39 2
39 3
40 9
40 15
40 19
41 17
41 5
41 27
42 2
42 37
42 32
43 13
43 3
43 0
44 3
44 7
44 8
45 0
45 32
45 21
46 1
46 5
46 2
47 4
47 33
47 29
48 0
48 2
48 9
49 5
49 26
49 23
50 38
50 26
50 43
51 1
51 49
51 6
52 16
52 19
52 48
53 4
53 7
53 35
54 1
54 23
54 3
55 2
55 48
55 17
56 14
56 0
56 26
57 17
57 35
57 55
58 9
58 36
58 21
59 26
59 23
59 7
60 0
60 27
60 32
61 3
61 16
61 1
62 2
62 11
62 9
63 41
63 23
63 43
64 1
64 29
64 5
65 5
65 43
65 15
66 0
66 2
66 59
67 1
67 23
67 43
68 6
68 43
68 2
69 50
69 23
69 45
70 26
70 55
70 37
71 67
71 4
71 20
72 32
72 16
72 59
73 24
73 17
73 16
74 9
74 31
74 67
75 26
75 55
75 9
76 4
76 58
76 7
77 41
77 30
77 15
78 1
78 67
78 53
79 7
79 6
79 5
80 53
80 2
80 12
81 59
81 62
81 14
82 26
82 28
82 3
83 21
83 16
83 61
84 63
84 1
84 11
85 80
85 57
85 9
86 26
86 4
86 17
87 3
87 48
87 45
88 47
88 49
88 9
89 45
89 6
89 37
90 29
90 32
90 38
91 38
91 83
91 47
92 18
92 2
92 9
93 2
93 0
93 6
94 27
94 42
94 31
95 91
95 9
95 8
96 12
96 24
96 29
97 41
97 12
97 21
98 78
98 8
98 28
99 28
99 44
99 30
1 0 0 1 0 1 1 0 0 1 1 1 1 1 1 0 1 0 0 0 0 0 0 1 0 0 1 1 1 0 1 0 0 0 1 0 1 1 0 0 0 0 0 1 1 1 1 1 1 0 1 0 1 1 1 0 0 0 1 1 0 1 1 1 0 1 1 0 0 0 0 1 0 1 0 0 0 1 1 0 0 0 0 1 1 0 0 0 1 1 1 0 0 1 0 0 1 0 1 0
1 0 0 1 1 0 0 0 1 1 0 0 0 1 0 1 0 1 1 1 1 0 0 0 1 0 0 0 0 1 1 0 1 1 1 0 1 0 1 1 1 0 1 1 1 0 0 0 0 0 0 1 0 0 1 0 1 0 0 1 0 1 0 1 0 0 1 0 1 0 1 0 1 0 0 1 1 1 0 0 0 1 0 0 1 0 1 0 1 0 1 1 0 0 1 0 1 0 0 1
0 0 0 0 0 1 1 0 1 0 1 1 1 0 1 0 1 0 0 1 0 1 0 0 0 0 0 1 0 0 0 0 0 1 0 1 1 1 1 1 0 1 1 1 0 1 0 0 0 0 0 0 1 1 0 0 1 1 1 1 0 0 1 0 0 0 0 1 1 0 1 1 1 0 0 0 1 1 0 1 0 1 1 1 0 0 1 1 1 0 1 0 1 1 0 0 1 1 0 0
1 0 1 0 0 0 0 0 0 1 1 0 1 0 0 0 0 1 1 1 1 1 1 1 1 1 1 1 0 0 0 1 0 0 0 0 0 0 0 1 0 1 1 1 0 0 1 0 1 1 1 1 0 1 0 1 0 0 0 0 0 0 0 0 1 1 0 0 1 0 0 0 0 1 1 1 0 0 1 1 0 0 0 0 1 0 0 0 1 1 0 1 0 1 0 1 1 1 0 0
1 1 1 0 1 0 1 0 0 1 0 0 1 0 1 1 1 0 0 0 1 0 0 1 0 1 1 1 0 1 1 1 1 1 0 0 0 0 1 1 0 1 1 0 0 1 0 1 0 1 0 1 0 0 1 0 0 1 1 0 1 0 0 1 0 1 0 0 0 0 1 0 1 0 1 0 1 1 0 0 1 0 0 0 1 0 1 1 0 0 0 1 0 0 1 1 0 0 0 1