50 98 5
0 1
1 2
1 3
0 4
1 5
0 6
0 7
0 8
7 9
6 10
8 11
8 12
10 13
7 14
3 15
0 16
7 17
2 18
11 19
9 20
8 21
7 22
4 23
3 24
4 25
8 26
14 27
0 28
25 29
29 30
26 31
1 32
0 33
12 34
8 35
25 36
12 37
26 38
17 39
0 40
0 41
23 42
1 43
7 44
7 45
16 46
4 47
2 48
7 49
1 0
2 1
3 1
4 0
5 1
6 0
7 0
8 0
9 7
10 6
11 8
12 8
13 10
14 7
15 3
16 0
17 7
18 2
19 11
20 9
21 8
22 7
23 4
24 3
25 4
26 8
27 14
28 0
29 25
30 29
31 26
32 1
33 0
34 12
35 8
36 25
37 12
38 26
39 17
40 0
41 0
42 23
43 1
44 7
45 7
46 16
47 4
48 2
49 7
0 0 1 0 1 0 1 1 0 1 1 1 1 0 0 0 1 0 0 1 1 0 1 1 0 0 0 1 0 0 0 0 1 1 1 0 0 1 0 0 1 0 0 0 1 1 0 1 0 1
0 0 1 0 0 1 1 1 1 0 0 1 1 0 0 0 1 0 0 1 1 0 0 1 0 0 1 1 1 0 0 0 1 0 0 1 0 0 1 1 0 1 0 0 0 1 1 0 0 1
1 1 0 1 0 1 1 1 1 0 0 0 0 0 0 0 0 0 0 1 1 0 0 0 0 0 1 0 0 0 0 1 0 1 0 1 0 0 1 1 1 1 0 1 1 1 0 1 0 0
1 0 1 0 0 0 1 1 0 1 1 1 0 1 1 1 1 0 0 1 0 0 1 0 0 0 0 0 1 0 0 1 1 0 1 1 1 1 1 1 0 1 1 1 1 1 1 0 0 0
0 1 1 1 1 1 1 0 1 0 1 1 0 0 0 0 0 0 1 0 1 1 0 0 0 0 0 0 0 0 0 0 0 0 0 0 0 1 1 1 0 1 1 1 1 0 0 1 1 1