50 288 5
0 1
0 2
1 2
0 3
1 3
2 3
0 4
2 4
1 4
2 5
0 5
3 5
5 6
0 6
4 6
4 7
2 7
3 7
1 8
6 8
0 8
7 9
2 9
4 9
6 10
7 10
2 10
4 11
0 11
9 11
8 12
2 12
10 12
2 13
6 13
4 13
10 14
0 14
4 14
4 15
2 15
3 15
4 16
1 16
6 16
4 17
2 17
8 17
3 18
12 18
2 18
2 19
9 19
4 19
8 20
1 20
18 20
19 21
14 21
9 21
5 22
8 22
7 22
16 23
10 23
0 23
4 24
9 24
10 24
22 25
10 25
3 25
4 26
0 26
9 26
18 27
15 27
26 27
0 28
4 28
18 28
18 29
0 29
4 29
27 30
9 30
24 30
20 31
13 31
2 31
6 32
4 32
2 32
7 33
21 33
8 33
32 34
2 34
5 34
0 35
9 35
8 35
9 36
8 36
28 36
33 37
16 37
17 37
22 38
1 38
17 38
19 39
34 39
30 39
9 40
2 40
4 40
18 41
4 41
25 41
30 42
39 42
28 42
3 43
0 43
15 43
10 44
12 44
14 44
1 45
30 45
9 45
4 46
25 46
21 46
39 47
21 47
14 47
31 48
37 48
9 48
7 49
16 49
3 49
1 0
2 0
2 1
3 0
3 1
3 2
4 0
4 2
4 1
5 2
5 0
5 3
6 5
6 0
6 4
7 4
7 2
7 3
8 1
8 6
8 0
9 7
9 2
9 4
10 6
10 7
10 2
11 4
11 0
11 9
12 8
12 2
12 10
13 2
13 6
13 4
14 10
14 0
14 4
15 4
15 2
15 3
16 4
16 1
16 6
17 4
17 2
17 8
18 3
18 12
18 2
19 2
19 9
19 4
20 8
20 1
20 18
21 19
21 14
21 9
22 5
22 8
22 7
23 16
23 10
23 0
24 4
24 9
24 10
25 22
25 10
25 3
26 4
26 0
26 9
27 18
27 15
27 26
28 0
28 4
28 18
29 18
29 0
29 4
30 27
30 9
30 24
31 20
31 13
31 2
32 6
32 4
32 2
33 7
33 21
33 8
34 32
34 2
34 5
35 0
35 9
35 8
36 9
36 8
36 28
37 33
37 16
37 17
38 22
38 1
38 17
39 19
39 34
39 30
40 9
40 2
40 4
41 18
41 4
41 25
42 30
42 39
42 28
43 3
43 0
43 15
44 10
44 12
44 14
45 1
45 30
45 9
46 4
46 25
46 21
47 39
47 21
47 14
48 31
48 37
48 9
49 7
49 16
49 3
1 1 1 1 1 1 1 1 1 0 0 0 1 1 0 1 0 1 0 1 0 1 1 0 0 0 1 0 1 0 0 1 0 1 0 0 1 0 1 0 1 1 1 1 0 1 1 0 1 1
1 1 1 0 1 1 1 1 1 1 0 0 0 1 0 0 0 0 1 1 1 1 0 0 0 0 1 1 0 0 1 0 0 1 0 0 1 0 0 0 1 0 0 1 0 1 1 1 0 0
1 0 1 1 1 1 0 1 1 0 0 0 0 0 1 1 0 1 0 0 1 0 1 0 0 0 0 1 0 1 1 1 1 0 0 1 0 1 1 1 0 1 0 1 0 0 0 0 0 1
0 0 1 0 1 0 0 1 1 1 1 1 0 0 1 0 1 0 1 0 1 0 1 1 1 1 0 1 1 0 0 1 0 0 0 1 1 1 1 1 0 0 0 0 0 1 0 0 0 1
0 0 0 1 0 1 0 1 1 0 1 0 0 1 0 1 1 0 0 1 0 1 1 0 0 1 1 0 1 1 0 0 1 1 1 1 1 1 0 1 1 1 1 0 0 1 1 0 1 1