100 780 5
0 1
0 2
1 2
0 3
1 3
2 3
0 4
1 4
2 4
3 4
1 5
2 5
0 5
3 5
3 6
4 6
2 6
5 6
6 7
0 7
5 7
4 7
3 8
1 8
5 8
4 8
2 9
8 9
1 9
4 9
9 10
1 10
5 10
3 10
4 11
5 11
3 11
1 11
1 12
7 12
4 12
3 12
8 13
4 13
0 13
9 13
0 14
13 14
2 14
7 14
2 15
3 15
0 15
7 15
5 16
9 16
11 16
8 16
1 17
10 17
5 17
15 17
6 18
1 18
5 18
13 18
13 19
9 19
11 19
5 19
3 20
1 20
0 20
5 20
7 21
6 21
0 21
11 21
8 22
5 22
12 22
11 22
7 23
1 23
3 23
10 23
17 24
0 24
8 24
14 24
3 25
11 25
4 25
0 25
17 26
18 26
25 26
9 26
10 27
11 27
9 27
18 27
17 28
8 28
11 28
19 28
3 29
19 29
18 29
1 29
13 30
0 30
22 30
10 30
29 31
30 31
1 31
17 31
2 32
6 32
3 32
11 32
16 33
14 33
15 33
5 33
0 34
30 34
10 34
4 34
1 35
7 35
13 35
19 35
29 36
12 36
8 36
24 36
11 37
0 37
18 37
5 37
8 38
35 38
29 38
13 38
13 39
24 39
36 39
9 39
11 40
1 40
30 40
7 40
8 41
40 41
3 41
10 41
17 42
5 42
33 42
7 42
39 43
10 43
24 43
20 43
13 44
9 44
20 44
4 44
29 45
0 45
26 45
7 45
2 46
1 46
15 46
8 46
39 47
33 47
26 47
9 47
24 48
11 48
31 48
7 48
40 49
11 49
48 49
4 49
7 50
19 50
4 50
13 50
0 51
39 51
11 51
9 51
13 52
11 52
0 52
6 52
48 53
44 53
11 53
31 53
1 54
34 54
3 54
36 54
54 55
30 55
25 55
31 55
4 56
13 56
30 56
11 56
11 57
53 57
8 57
13 57
55 58
20 58
31 58
47 58
6 59
11 59
7 59
5 59
7 60
23 60
5 60
38 60
0 61
31 61
54 61
9 61
6 62
1 62
53 62
55 62
5 63
0 63
26 63
13 63
18 64
55 64
43 64
15 64
14 65
47 65
29 65
17 65
2 66
36 66
11 66
9 66
9 67
1 67
11 67
53 67
10 68
58 68
33 68
61 68
11 69
1 69
46 69
67 69
13 70
3 70
31 70
38 70
37 71
40 71
28 71
6 71
0 72
12 72
33 72
62 72
5 73
70 73
72 73
49 73
29 74
6 74
55 74
13 74
5 75
13 75
18 75
1 75
11 76
8 76
31 76
25 76
27 77
4 77
75 77
14 77
5 78
3 78
75 78
76 78
23 79
58 79
59 79
27 79
19 80
76 80
20 80
23 80
1 81
36 81
12 81
70 81
78 82
53 82
81 82
8 82
50 83
53 83
25 83
9 83
46 84
5 84
21 84
0 84
30 85
25 85
10 85
64 85
44 86
36 86
5 86
53 86
3 87
15 87
1 87
29 87
35 88
5 88
36 88
82 88
22 89
4 89
18 89
39 89
2 90
3 90
55 90
82 90
1 91
75 91
48 91
11 91
31 92
33 92
30 92
61 92
9 93
51 93
20 93
42 93
25 94
0 94
42 94
47 94
69 95
47 95
68 95
54 95
81 96
10 96
86 96
12 96
5 97
38 97
12 97
95 97
40 98
20 98
0 98
69 98
8 99
30 99
40 99
96 99
1 0
2 0
2 1
3 0
3 1
3 2
4 0
4 1
4 2
4 3
5 1
5 2
5 0
5 3
6 3
6 4
6 2
6 5
7 6
7 0
7 5
7 4
8 3
8 1
8 5
8 4
9 2
9 8
9 1
9 4
10 9
10 1
10 5
10 3
11 4
11 5
11 3
11 1
12 1
12 7
12 4
12 3
13 8
13 4
13 0
13 9
14 0
14 13
14 2
14 7
15 2
15 3
15 0
15 7
16 5
16 9
16 11
16 8
17 1
17 10
17 5
17 15
18 6
18 1
18 5
18 13
19 13
19 9
19 11
19 5
20 3
20 1
20 0
20 5
21 7
21 6
21 0
21 11
22 8
22 5
22 12
22 11
23 7
23 1
23 3
23 10
24 17
24 0
24 8
24 14
25 3
25 11
25 4
25 0
26 17
26 18
26 25
26 9
27 10
27 11
27 9
27 18
28 17
28 8
28 11
28 19
29 3
29 19
29 18
29 1
30 13
30 0
30 22
30 10
31 29
31 30
31 1
31 17
32 2
32 6
32 3
32 11
33 16
33 14
33 15
33 5
34 0
34 30
34 10
34 4
35 1
35 7
35 13
35 19
36 29
36 12
36 8
36 24
37 11
37 0
37 18
37 5
38 8
38 35
38 29
38 13
39 13
39 24
39 36
39 9
40 11
40 1
40 30
40 7
41 8
41 40
41 3
41 10
42 17
42 5
42 33
42 7
43 39
43 10
43 24
43 20
44 13
44 9
44 20
44 4
45 29
45 0
45 26
45 7
46 2
46 1
46 15
46 8
47 39
47 33
47 26
47 9
48 24
48 11
48 31
48 7
49 40
49 11
49 48
49 4
50 7
50 19
50 4
50 13
51 0
51 39
51 11
51 9
52 13
52 11
52 0
52 6
53 48
53 44
53 11
53 31
54 1
54 34
54 3
54 36
55 54
55 30
55 25
55 31
56 4
56 13
56 30
56 11
57 11
57 53
57 8
57 13
58 55
58 20
58 31
58 47
59 6
59 11
59 7
59 5
60 7
60 23
60 5
60 38
61 0
61 31
61 54
61 9
62 6
62 1
62 53
62 55
63 5
63 0
63 26
63 13
64 18
64 55
64 43
64 15
65 14
65 47
65 29
65 17
66 2
66 36
66 11
66 9
67 9
67 1
67 11
67 53
68 10
68 58
68 33
68 61
69 11
69 1
69 46
69 67
70 13
70 3
70 31
70 38
71 37
71 40
71 28
71 6
72 0
72 12
72 33
72 62
73 5
73 70
73 72
73 49
74 29
74 6
74 55
74 13
75 5
75 13
75 18
75 1
76 11
76 8
76 31
76 25
77 27
77 4
77 75
77 14
78 5
78 3
78 75
78 76
79 23
79 58
79 59
79 27
80 19
80 76
80 20
80 23
81 1
81 36
81 12
81 70
82 78
82 53
82 81
82 8
83 50
83 53
83 25
83 9
84 46
84 5
84 21
84 0
85 30
85 25
85 10
85 64
86 44
86 36
86 5
86 53
87 3
87 15
87 1
87 29
88 35
88 5
88 36
88 82
89 22
89 4
89 18
89 39
90 2
90 3
90 55
90 82
91 1
91 75
91 48
91 11
92 31
92 33
92 30
92 61
93 9
93 51
93 20
93 42
94 25
94 0
94 42
94 47
95 69
95 47
95 68
95 54
96 81
96 10
96 86
96 12
97 5
97 38
97 12
97 95
98 40
98 20
98 0
98 69
99 8
99 30
99 40
99 96
1 1 1 0 1 1 1 0 0 1 1 0 0 0 1 1 1 1 1 0 1 1 1 1 0 1 1 0 0 1 0 0 0 0 0 1 1 0 1 1 0 1 1 0 0 0 0 1 1 0 0 0 1 0 1 1 1 0 0 1 1 1 1 0 1 0 0 0 1 0 1 1 1 0 0 0 1 0 0 0 0 1 1 1 1 0 0 0 0 1 1 1 1 0 0 0 0 1 1 0
0 0 1 0 1 1 0 0 0 0 0 1 0 1 1 1 0 1 0 1 1 0 1 1 0 1 1 0 1 1 0 0 0 0 0 0 1 1 1 0 0 1 1 1 1 1 0 0 0 1 1 0 0 1 0 0 0 0 0 0 1 0 1 1 0 0 0 1 0 0 1 1 0 1 0 0 0 1 0 1 1 0 1 1 0 0 0 0 0 0 1 1 1 1 1 1 1 0 0 0
0 1 0 1 1 1 0 1 1 1 0 1 0 1 0 0 1 0 1 1 0 1 1 1 0 0 1 1 1 0 0 1 1 1 0 1 1 0 0 0 0 1 1 0 0 1 1 0 1 1 1 1 1 0 0 1 0 1 0 1 1 1 0 1 1 1 0 1 0 0 0 1 0 1 0 0 1 0 1 1 1 0 0 1 0 0 1 0 1 0 0 1 0 1 1 1 0 1 1 0
0 1 1 0 1 1 1 0 1 0 1 1 0 1 0 1 0 1 0 0 0 0 0 0 1 0 1 1 0 0 0 0 1 0 0 0 1 1 0 1 1 1 1 1 1 1 0 0 1 1 0 1 0 0 1 0 0 0 1 1 1 1 0 1 0 0 1 0 1 1 0 0 0 1 0 1 1 0 0 1 0 1 0 1 0 0 0 0 0 1 0 1 1 1 0 0 0 1 0 0
0 1 1 0 0 0 0 0 1 0 1 1 0 0 0 1 0 1 1 1 1 0 1 1 1 0 0 1 1 1 0 1 0 0 0 1 0 1 0 0 0 0 0 0 0 0 1 0 0 1 1 0 1 0 0 1 0 0 0 0 1 1 0 1 1 0 0 0 0 0 1 1 1 1 1 1 1 0 1 1 0 1 1 0 0 0 0 0 0 1 1 0 0 1 1 1 1 1 1 1