100 780 5
0 1
0 2
1 2
0 3
1 3
2 3
0 4
1 4
2 4
3 4
0 5
1 5
2 5
4 5
0 6
4 6
5 6
2 6
0 7
1 7
3 7
2 7
7 8
6 8
2 8
3 8
3 9
4 9
2 9
7 9
4 10
7 10
3 10
1 10
3 11
6 11
1 11
5 11
3 12
5 12
0 12
1 12
7 13
3 13
1 13
4 13
1 14
2 14
10 14
9 14
5 15
1 15
11 15
2 15
2 16
1 16
0 16
12 16
16 17
5 17
1 17
2 17
1 18
16 18
17 18
3 18
1 19
2 19
3 19
18 19
2 20
5 20
14 20
19 20
0 21
9 21
16 21
2 21
13 22
3 22
2 22
9 22
1 23
3 23
13 23
4 23
21 24
11 24
1 24
2 24
15 25
0 25
14 25
17 25
2 26
11 26
1 26
21 26
17 27
5 27
7 27
1 27
6 28
12 28
11 28
0 28
15 29
5 29
18 29
16 29
2 30
9 30
5 30
19 30
4 31
7 31
15 31
2 31
3 32
2 32
21 32
23 32
2 33
3 33
0 33
1 33
26 34
6 34
3 34
17 34
18 35
30 35
4 35
20 35
0 36
22 36
5 36
14 36
17 37
26 37
6 37
1 37
7 38
1 38
34 38
26 38
12 39
38 39
15 39
10 39
19 40
1 40
3 40
18 40
1 41
17 41
21 41
14 41
26 42
41 42
11 42
22 42
3 43
7 43
2 43
15 43
14 44
35 44
5 44
4 44
31 45
43 45
21 45
0 45
5 46
21 46
12 46
23 46
19 47
21 47
5 47
3 47
14 48
35 48
19 48
15 48
32 49
17 49
5 49
16 49
31 50
24 50
32 50
45 50
5 51
43 51
23 51
2 51
10 52
1 52
17 52
51 52
13 53
15 53
5 53
47 53
10 54
9 54
38 54
2 54
41 55
37 55
25 55
31 55
18 56
3 56
0 56
38 56
20 57
4 57
26 57
33 57
43 58
22 58
46 58
50 58
1 59
18 59
52 59
3 59
33 60
6 60
38 60
55 60
9 61
10 61
46 61
3 61
16 62
11 62
17 62
44 62
32 63
35 63
13 63
12 63
55 64
18 64
46 64
4 64
42 65
38 65
12 65
4 65
44 66
19 66
48 66
10 66
20 67
4 67
24 67
15 67
48 68
37 68
31 68
21 68
49 69
3 69
18 69
15 69
13 70
1 70
48 70
0 70
5 71
7 71
18 71
61 71
41 72
4 72
70 72
5 72
53 73
17 73
0 73
7 73
24 74
61 74
20 74
66 74
53 75
0 75
9 75
4 75
4 76
44 76
72 76
24 76
70 77
68 77
18 77
15 77
49 78
3 78
27 78
5 78
4 79
14 79
17 79
41 79
4 80
5 80
0 80
17 80
16 81
20 81
2 81
73 81
33 82
3 82
31 82
1 82
3 83
52 83
51 83
32 83
58 84
16 84
68 84
60 84
4 85
73 85
6 85
9 85
8 86
2 86
9 86
29 86
5 87
63 87
31 87
26 87
46 88
75 88
3 88
2 88
7 89
69 89
1 89
2 89
24 90
58 90
5 90
50 90
88 91
81 91
0 91
56 91
55 92
4 92
9 92
44 92
61 93
87 93
2 93
18 93
17 94
32 94
30 94
8 94
11 95
1 95
44 95
2 95
5 96
16 96
88 96
59 96
14 97
54 97
58 97
2 97
29 98
3 98
2 98
22 98
1 99
53 99
24 99
14 99
1 0
2 0
2 1
3 0
3 1
3 2
4 0
4 1
4 2
4 3
5 0
5 1
5 2
5 4
6 0
6 4
6 5
6 2
7 0
7 1
7 3
7 2
8 7
8 6
8 2
8 3
9 3
9 4
9 2
9 7
10 4
10 7
10 3
10 1
11 3
11 6
11 1
11 5
12 3
12 5
12 0
12 1
13 7
13 3
13 1
13 4
14 1
14 2
14 10
14 9
15 5
15 1
15 11
15 2
16 2
16 1
16 0
16 12
17 16
17 5
17 1
17 2
18 1
18 16
18 17
18 3
19 1
19 2
19 3
19 18
20 2
20 5
20 14
20 19
21 0
21 9
21 16
21 2
22 13
22 3
22 2
22 9
23 1
23 3
23 13
23 4
24 21
24 11
24 1
24 2
25 15
25 0
25 14
25 17
26 2
26 11
26 1
26 21
27 17
27 5
27 7
27 1
28 6
28 12
28 11
28 0
29 15
29 5
29 18
29 16
30 2
30 9
30 5
30 19
31 4
31 7
31 15
31 2
32 3
32 2
32 21
32 23
33 2
33 3
33 0
33 1
34 26
34 6
34 3
34 17
35 18
35 30
35 4
35 20
36 0
36 22
36 5
36 14
37 17
37 26
37 6
37 1
38 7
38 1
38 34
38 26
39 12
39 38
39 15
39 10
40 19
40 1
40 3
40 18
41 1
41 17
41 21
41 14
42 26
42 41
42 11
42 22
43 3
43 7
43 2
43 15
44 14
44 35
44 5
44 4
45 31
45 43
45 21
45 0
46 5
46 21
46 12
46 23
47 19
47 21
47 5
47 3
48 14
48 35
48 19
48 15
49 32
49 17
49 5
49 16
50 31
50 24
50 32
50 45
51 5
51 43
51 23
51 2
52 10
52 1
52 17
52 51
53 13
53 15
53 5
53 47
54 10
54 9
54 38
54 2
55 41
55 37
55 25
55 31
56 18
56 3
56 0
56 38
57 20
57 4
57 26
57 33
58 43
58 22
58 46
58 50
59 1
59 18
59 52
59 3
60 33
60 6
60 38
60 55
61 9
61 10
61 46
61 3
62 16
62 11
62 17
62 44
63 32
63 35
63 13
63 12
64 55
64 18
64 46
64 4
65 42
65 38
65 12
65 4
66 44
66 19
66 48
66 10
67 20
67 4
67 24
67 15
68 48
68 37
68 31
68 21
69 49
69 3
69 18
69 15
70 13
70 1
70 48
70 0
71 5
71 7
71 18
71 61
72 41
72 4
72 70
72 5
73 53
73 17
73 0
73 7
74 24
74 61
74 20
74 66
75 53
75 0
75 9
75 4
76 4
76 44
76 72
76 24
77 70
77 68
77 18
77 15
78 49
78 3
78 27
78 5
79 4
79 14
79 17
79 41
80 4
80 5
80 0
80 17
81 16
81 20
81 2
81 73
82 33
82 3
82 31
82 1
83 3
83 52
83 51
83 32
84 58
84 16
84 68
84 60
85 4
85 73
85 6
85 9
86 8
86 2
86 9
86 29
87 5
87 63
87 31
87 26
88 46
88 75
88 3
88 2
89 7
89 69
89 1
89 2
90 24
90 58
90 5
90 50
91 88
91 81
91 0
91 56
92 55
92 4
92 9
92 44
93 61
93 87
93 2
93 18
94 17
94 32
94 30
94 8
95 11
95 1
95 44
95 2
96 5
96 16
96 88
96 59
97 14
97 54
97 58
97 2
98 29
98 3
98 2
98 22
99 1
99 53
99 24
99 14
1 1 1 0 1 0 1 0 1 1 0 0 1 0 0 1 0 1 1 1 0 0 1 0 0 1 0 0 0 0 0 0 1 1 1 1 0 1 1 0 0 1 1 0 0 0 0 0 1 0 1 1 0 1 0 1 0 0 1 1 0 0 1 0 1 0 1 0 1 0 1 1 1 0 1 1 1 1 0 0 0 1 1 0 0 1 0 0 0 0 1 1 0 0 0 0 1 1 1 0
1 0 0 0 0 1 1 0 1 1 0 0 0 1 1 0 0 0 1 1 1 1 1 1 0 0 0 0 1 0 1 1 1 0 0 1 0 0 0 1 0 0 1 0 1 1 0 0 0 0 1 0 1 1 0 0 0 1 0 1 1 0 0 1 1 1 0 1 1 1 1 0 0 1 0 1 0 1 0 1 1 1 0 0 0 1 0 0 1 0 1 1 1 1 0 1 0 1 1 1
0 1 0 0 0 1 1 0 1 0 1 1 0 1 0 0 0 0 0 0 1 1 1 1 1 0 0 1 1 0 1 1 0 1 0 0 0 0 0 0 0 1 1 1 0 0 1 0 0 0 0 1 0 1 1 0 1 1 1 1 0 1 1 1 0 0 1 0 0 1 1 1 0 1 0 0 0 0 0 1 1 1 1 1 1 1 0 0 0 0 0 1 1 0 0 1 1 0 0 1
1 1 0 1 0 0 1 1 1 1 0 0 0 0 0 0 1 0 0 0 1 0 0 0 0 0 1 1 0 0 1 0 1 0 0 1 0 1 0 0 1 0 0 0 1 1 0 0 0 1 0 0 1 0 1 1 1 1 1 1 0 0 1 0 1 1 1 0 0 1 0 1 0 0 1 1 1 1 1 1 0 1 0 1 1 1 0 1 0 0 1 0 1 1 0 0 1 0 0 0
1 0 1 0 1 1 1 1 1 0 0 1 0 0 0 1 1 1 0 1 1 0 1 1 0 1 1 1 1 0 0 1 1 1 0 1 0 0 1 1 0 0 0 0 0 0 0 1 0 0 1 1 0 0 1 1 1 0 1 1 0 1 1 1 1 0 1 0 1 1 0 0 0 0 0 1 0 0 0 0 0 0 0 1 1 1 1 1 1 0 0 0 1 0 0 1 0 1 1 0