250 498 5
0 1
1 2
0 3
0 4
0 5
0 6
0 7
1 8
0 9
6 10
4 11
9 12
2 13
10 14
1 15
1 16
1 17
17 18
6 19
13 20
8 21
1 22
15 23
5 24
0 25
14 26
25 27
8 28
24 29
16 30
6 31
7 32
17 33
14 34
2 35
0 36
5 37
32 38
6 39
3 40
0 41
37 42
30 43
1 44
17 45
11 46
26 47
13 48
6 49
0 50
1 51
6 52
35 53
30 54
9 55
17 56
14 57
28 58
0 59
20 60
24 61
17 62
5 63
39 64
45 65
62 66
20 67
9 68
59 69
20 70
43 71
1 72
1 73
30 74
6 75
32 76
47 77
5 78
10 79
1 80
29 81
29 82
54 83
26 84
51 85
63 86
77 87
63 88
30 89
29 90
57 91
35 92
42 93
77 94
54 95
59 96
22 97
42 98
4 99
97 100
10 101
8 102
9 103
21 104
9 105
95 106
63 107
10 108
17 109
0 110
64 111
24 112
74 113
45 114
10 115
59 116
59 117
76 118
53 119
6 120
6 121
5 122
118 123
10 124
39 125
10 126
94 127
74 128
124 129
4 130
13 131
40 132
28 133
84 134
17 135
14 136
102 137
30 138
30 139
5 140
71 141
85 142
94 143
124 144
97 145
118 146
17 147
136 148
142 149
81 150
118 151
61 152
9 153
13 154
57 155
85 156
58 157
54 158
23 159
92 160
24 161
101 162
85 163
8 164
144 165
62 166
141 167
8 168
25 169
138 170
53 171
166 172
30 173
6 174
141 175
165 176
101 177
0 178
163 179
176 180
9 181
113 182
44 183
154 184
0 185
125 186
124 187
77 188
146 189
92 190
14 191
55 192
7 193
55 194
162 195
17 196
102 197
27 198
106 199
70 200
57 201
185 202
54 203
39 204
128 205
47 206
174 207
5 208
113 209
169 210
8 211
15 212
11 213
40 214
100 215
80 216
171 217
21 218
94 219
50 220
118 221
129 222
85 223
37 224
24 225
153 226
32 227
60 228
27 229
145 230
203 231
50 232
1 233
2 234
9 235
79 236
10 237
213 238
45 239
124 240
136 241
17 242
120 243
212 244
24 245
127 246
46 247
141 248
231 249
1 0
2 1
3 0
4 0
5 0
6 0
7 0
8 1
9 0
10 6
11 4
12 9
13 2
14 10
15 1
16 1
17 1
18 17
19 6
20 13
21 8
22 1
23 15
24 5
25 0
26 14
27 25
28 8
29 24
30 16
31 6
32 7
33 17
34 14
35 2
36 0
37 5
38 32
39 6
40 3
41 0
42 37
43 30
44 1
45 17
46 11
47 26
48 13
49 6
50 0
51 1
52 6
53 35
54 30
55 9
56 17
57 14
58 28
59 0
60 20
61 24
62 17
63 5
64 39
65 45
66 62
67 20
68 9
69 59
70 20
71 43
72 1
73 1
74 30
75 6
76 32
77 47
78 5
79 10
80 1
81 29
82 29
83 54
84 26
85 51
86 63
87 77
88 63
89 30
90 29
91 57
92 35
93 42
94 77
95 54
96 59
97 22
98 42
99 4
100 97
101 10
102 8
103 9
104 21
105 9
106 95
107 63
108 10
109 17
110 0
111 64
112 24
113 74
114 45
115 10
116 59
117 59
118 76
119 53
120 6
121 6
122 5
123 118
124 10
125 39
126 10
127 94
128 74
129 124
130 4
131 13
132 40
133 28
134 84
135 17
136 14
137 102
138 30
139 30
140 5
141 71
142 85
143 94
144 124
145 97
146 118
147 17
148 136
149 142
150 81
151 118
152 61
153 9
154 13
155 57
156 85
157 58
158 54
159 23
160 92
161 24
162 101
163 85
164 8
165 144
166 62
167 141
168 8
169 25
170 138
171 53
172 166
173 30
174 6
175 141
176 165
177 101
178 0
179 163
180 176
181 9
182 113
183 44
184 154
185 0
186 125
187 124
188 77
189 146
190 92
191 14
192 55
193 7
194 55
195 162
196 17
197 102
198 27
199 106
200 70
201 57
202 185
203 54
204 39
205 128
206 47
207 174
208 5
209 113
210 169
211 8
212 15
213 11
214 40
215 100
216 80
217 171
218 21
219 94
220 50
221 118
222 129
223 85
224 37
225 24
226 153
227 32
228 60
229 27
230 145
231 203
232 50
233 1
234 2
235 9
236 79
237 10
238 213
239 45
240 124
241 136
242 17
243 120
244 212
245 24
246 127
247 46
248 141
249 231
0 0 1 1 0 1 0 1 1 0 0 1 1 1 0 1 0 0 0 1 1 1 0 1 1 1 1 0 1 1 1 0 0 1 0 1 1 1 0 0 0 1 1 1 0 0 1 0 1 0 0 1 1 1 0 0 1 1 1 0 1 0 0 1 1 1 1 1 1 0 1 1 0 0 0 0 0 1 0 1 0 1 0 1 1 1 0 0 0 1 0 1 1 1 0 0 0 1 0 0 1 0 0 0 1 0 0 0 0 1 0 0 0 1 1 0 0 1 1 1 0 0 1 1 0 1 1 1 1 0 0 0 0 0 0 1 1 1 0 0 1 0 0 1 1 1 0 1 0 1 0 1 1 1 0 0 1 1 1 0 1 1 0 0 0 0 1 1 1 1 0 0 1 1 1 0 1 1 0 1 0 1 1 1 1 0 0 1 0 1 0 0 1 1 0 1 1 1 1 0 1 0 0 0 1 1 0 0 0 0 1 1 0 0 0 0 1 1 1 0 0 0 0 0 0 0 1 1 0 1 1 0 0 1 1 1 1 0 0 1 0 1 1 1 1 0 0 0 0 0
0 0 1 1 1 1 1 0 1 1 1 1 1 1 1 1 1 1 1 0 0 0 0 0 1 1 1 1 0 0 1 0 0 1 1 1 1 0 0 1 1 1 0 0 0 1 1 1 1 1 0 0 0 0 0 0 0 1 0 1 0 1 1 0 1 0 0 0 0 0 1 0 0 1 0 1 1 0 1 0 1 1 1 0 0 0 0 0 0 0 1 0 0 0 1 0 1 0 0 1 1 0 1 1 1 0 1 0 1 1 0 1 1 0 1 1 0 1 1 1 1 0 1 0 0 0 1 0 1 1 1 0 1 1 1 0 1 0 1 0 1 1 1 1 0 0 0 1 0 0 0 0 1 1 0 0 1 1 0 0 0 0 0 1 1 1 0 0 1 1 1 0 0 1 0 0 1 0 1 1 0 0 0 0 0 0 1 0 0 1 0 0 0 0 1 0 1 1 0 1 1 0 1 1 0 0 0 0 0 1 1 0 1 1 1 1 1 0 1 0 0 0 1 0 0 1 1 0 1 1 0 1 0 0 0 1 1 1 0 0 0 1 0 1 1 1 1 1 1 0
0 0 0 0 0 0 0 0 1 0 0 1 1 1 1 0 0 1 0 1 0 1 0 0 1 0 1 0 1 0 1 1 0 0 0 0 0 1 1 0 1 0 1 0 1 1 0 1 1 0 1 1 0 0 1 1 0 0 0 1 0 0 0 1 1 0 1 0 0 0 1 0 1 1 1 0 0 1 1 0 1 0 1 0 0 1 0 0 0 1 1 1 1 1 1 1 1 0 0 1 0 0 1 1 0 0 1 0 0 0 1 0 1 0 0 0 0 1 1 1 1 1 0 0 0 1 0 1 0 1 1 1 0 1 0 1 0 0 0 0 0 0 0 1 0 1 0 0 0 1 0 0 1 1 0 1 0 0 0 1 1 0 0 1 1 1 1 1 0 0 1 1 1 0 0 1 0 0 0 0 1 1 0 0 0 1 1 0 1 1 0 0 1 1 1 1 1 1 1 1 1 0 1 0 1 0 0 1 0 1 1 1 1 1 0 1 0 0 0 1 0 0 0 0 1 0 0 1 1 0 1 0 1 1 1 0 1 1 1 0 0 0 0 0 1 0 1 0 0 0
1 1 1 0 0 0 0 1 1 0 1 0 1 1 0 0 1 0 0 0 0 1 1 1 0 0 1 0 1 1 1 1 1 0 1 0 1 1 1 0 0 1 1 0 0 1 1 1 0 1 0 0 0 0 0 1 0 0 1 0 1 1 1 1 1 0 1 0 1 1 1 0 0 1 0 0 1 0 0 1 0 1 1 0 1 0 0 0 1 0 1 1 0 1 0 1 0 0 1 0 0 0 1 0 1 1 1 1 1 0 1 0 0 1 1 0 1 1 0 1 1 1 0 1 0 0 0 0 1 1 0 0 1 0 0 0 0 1 1 1 0 0 0 0 1 0 0 1 0 0 0 1 0 0 1 1 0 1 1 1 0 0 0 1 0 0 1 0 0 0 0 1 1 0 1 1 0 1 1 1 0 0 1 1 1 1 0 1 0 0 1 0 0 1 1 1 1 1 1 1 1 1 1 0 1 1 1 0 0 1 0 0 1 0 0 0 0 1 0 0 1 1 1 1 1 0 1 1 1 0 0 1 0 0 1 0 1 0 0 1 0 1 0 0 0 0 0 1 0 1
1 1 1 1 1 1 0 1 1 1 0 1 0 1 1 1 0 0 1 0 0 1 0 0 1 1 0 1 0 0 0 0 1 1 1 1 1 0 1 1 0 0 0 1 0 1 0 0 1 1 0 1 0 0 0 0 0 1 1 1 1 0 1 1 0 1 0 1 1 0 1 0 0 0 1 1 1 0 0 0 1 1 0 0 0 0 0 1 1 0 0 0 0 1 0 0 0 1 0 0 0 1 0 1 0 1 1 0 1 0 1 0 1 0 1 1 1 0 0 1 0 1 0 0 0 0 0 0 1 0 1 1 1 0 1 0 0 1 1 0 1 1 0 1 0 1 1 0 1 1 1 1 0 1 0 1 0 0 0 0 1 0 1 1 1 1 0 0 0 1 1 1 0 1 0 1 0 1 0 1 0 0 1 0 0 1 0 0 1 0 0 1 0 1 0 1 1 1 0 0 1 0 0 0 0 1 0 1 1 0 0 1 1 0 0 1 0 1 0 1 0 1 0 1 0 1 1 0 0 0 0 0 1 0 0 1 0 0 0 0 0 0 0 0 1 1 0 0 0 0