100 780 5
0 1
0 2
1 2
0 3
1 3
2 3
0 4
1 4
2 4
3 4
2 5
0 5
4 5
3 5
5 6
1 6
3 6
2 6
1 7
6 7
3 7
2 7
3 8
2 8
1 8
6 8
8 9
2 9
5 9
0 9
1 10
6 10
2 10
7 10
4 11
6 11
2 11
0 11
0 12
1 12
10 12
8 12
1 13
6 13
2 13
11 13
1 14
5 14
10 14
3 14
13 15
5 15
4 15
9 15
5 16
0 16
1 16
4 16
6 17
4 17
14 17
9 17
4 18
0 18
6 18
7 18
13 19
4 19
6 19
15 19
13 20
8 20
12 20
4 20
11 21
6 21
20 21
2 21
0 22
20 22
17 22
12 22
0 23
7 23
12 23
3 23
15 24
3 24
2 24
9 24
14 25
24 25
23 25
8 25
0 26
20 26
21 26
6 26
16 27
3 27
15 27
1 27
20 28
0 28
24 28
21 28
0 29
2 29
13 29
6 29
4 30
11 30
24 30
6 30
8 31
4 31
2 31
25 31
24 32
7 32
4 32
29 32
2 33
21 33
26 33
22 33
3 34
5 34
20 34
11 34
26 35
11 35
4 35
32 35
3 36
13 36
25 36
0 36
25 37
0 37
16 37
13 37
4 38
36 38
12 38
7 38
10 39
0 39
11 39
14 39
38 40
2 40
21 40
24 40
33 41
4 41
38 41
24 41
4 42
31 42
0 42
6 42
8 43
19 43
24 43
41 43
3 44
23 44
2 44
7 44
10 45
1 45
28 45
12 45
1 46
6 46
27 46
4 46
11 47
28 47
24 47
14 47
36 48
19 48
22 48
21 48
27 49
1 49
24 49
17 49
8 50
5 50
49 50
1 50
28 51
34 51
25 51
19 51
50 52
26 52
2 52
14 52
45 53
18 53
4 53
30 53
20 54
37 54
27 54
31 54
1 55
9 55
13 55
29 55
1 56
2 56
5 56
51 56
23 57
18 57
4 57
32 57
46 58
2 58
24 58
7 58
44 59
15 59
52 59
12 59
34 60
33 60
2 60
47 60
34 61
35 61
1 61
41 61
24 62
17 62
30 62
23 62
35 63
49 63
41 63
1 63
27 64
60 64
13 64
42 64
22 65
5 65
27 65
15 65
47 66
22 66
0 66
14 66
27 67
4 67
42 67
46 67
24 68
5 68
20 68
26 68
30 69
16 69
6 69
50 69
15 70
53 70
32 70
67 70
20 71
69 71
0 71
31 71
61 72
57 72
4 72
59 72
29 73
24 73
68 73
12 73
67 74
15 74
72 74
35 74
0 75
53 75
4 75
14 75
11 76
50 76
0 76
74 76
19 77
67 77
20 77
68 77
25 78
28 78
43 78
67 78
6 79
40 79
32 79
55 79
19 80
1 80
0 80
77 80
76 81
12 81
36 81
19 81
3 82
22 82
0 82
23 82
12 83
15 83
76 83
44 83
21 84
31 84
24 84
35 84
55 85
62 85
35 85
0 85
2 86
33 86
13 86
23 86
59 87
1 87
61 87
42 87
78 88
11 88
22 88
21 88
7 89
88 89
69 89
21 89
31 90
8 90
3 90
22 90
27 91
12 91
13 91
6 91
6 92
62 92
8 92
35 92
8 93
71 93
38 93
49 93
66 94
90 94
51 94
14 94
19 95
7 95
36 95
22 95
12 96
2 96
1 96
44 96
33 97
84 97
95 97
42 97
55 98
8 98
77 98
17 98
20 99
69 99
36 99
51 99
1 0
2 0
2 1
3 0
3 1
3 2
4 0
4 1
4 2
4 3
5 2
5 0
5 4
5 3
6 5
6 1
6 3
6 2
7 1
7 6
7 3
7 2
8 3
8 2
8 1
8 6
9 8
9 2
9 5
9 0
10 1
10 6
10 2
10 7
11 4
11 6
11 2
11 0
12 0
12 1
12 10
12 8
13 1
13 6
13 2
13 11
14 1
14 5
14 10
14 3
15 13
15 5
15 4
15 9
16 5
16 0
16 1
16 4
17 6
17 4
17 14
17 9
18 4
18 0
18 6
18 7
19 13
19 4
19 6
19 15
20 13
20 8
20 12
20 4
21 11
21 6
21 20
21 2
22 0
22 20
22 17
22 12
23 0
23 7
23 12
23 3
24 15
24 3
24 2
24 9
25 14
25 24
25 23
25 8
26 0
26 20
26 21
26 6
27 16
27 3
27 15
27 1
28 20
28 0
28 24
28 21
29 0
29 2
29 13
29 6
30 4
30 11
30 24
30 6
31 8
31 4
31 2
31 25
32 24
32 7
32 4
32 29
33 2
33 21
33 26
33 22
34 3
34 5
34 20
34 11
35 26
35 11
35 4
35 32
36 3
36 13
36 25
36 0
37 25
37 0
37 16
37 13
38 4
38 36
38 12
38 7
39 10
39 0
39 11
39 14
40 38
40 2
40 21
40 24
41 33
41 4
41 38
41 24
42 4
42 31
42 0
42 6
43 8
43 19
43 24
43 41
44 3
44 23
44 2
44 7
45 10
45 1
45 28
45 12
46 1
46 6
46 27
46 4
47 11
47 28
47 24
47 14
48 36
48 19
48 22
48 21
49 27
49 1
49 24
49 17
50 8
50 5
50 49
50 1
51 28
51 34
51 25
51 19
52 50
52 26
52 2
52 14
53 45
53 18
53 4
53 30
54 20
54 37
54 27
54 31
55 1
55 9
55 13
55 29
56 1
56 2
56 5
56 51
57 23
57 18
57 4
57 32
58 46
58 2
58 24
58 7
59 44
59 15
59 52
59 12
60 34
60 33
60 2
60 47
61 34
61 35
61 1
61 41
62 24
62 17
62 30
62 23
63 35
63 49
63 41
63 1
64 27
64 60
64 13
64 42
65 22
65 5
65 27
65 15
66 47
66 22
66 0
66 14
67 27
67 4
67 42
67 46
68 24
68 5
68 20
68 26
69 30
69 16
69 6
69 50
70 15
70 53
70 32
70 67
71 20
71 69
71 0
71 31
72 61
72 57
72 4
72 59
73 29
73 24
73 68
73 12
74 67
74 15
74 72
74 35
75 0
75 53
75 4
75 14
76 11
76 50
76 0
76 74
77 19
77 67
77 20
77 68
78 25
78 28
78 43
78 67
79 6
79 40
79 32
79 55
80 19
80 1
80 0
80 77
81 76
81 12
81 36
81 19
82 3
82 22
82 0
82 23
83 12
83 15
83 76
83 44
84 21
84 31
84 24
84 35
85 55
85 62
85 35
85 0
86 2
86 33
86 13
86 23
87 59
87 1
87 61
87 42
88 78
88 11
88 22
88 21
89 7
89 88
89 69
89 21
90 31
90 8
90 3
90 22
91 27
91 12
91 13
91 6
92 6
92 62
92 8
92 35
93 8
93 71
93 38
93 49
94 66
94 90
94 51
94 14
95 19
95 7
95 36
95 22
96 12
96 2
96 1
96 44
97 33
97 84
97 95
97 42
98 55
98 8
98 77
98 17
99 20
99 69
99 36
99 51
0 1 1 0 1 0 1 1 1 0 1 1 0 1 0 0 1 1 1 1 1 1 0 0 0 0 0 1 1 0 0 0 1 1 1 1 1 0 1 1 0 1 0 0 0 0 1 0 1 0 0 0 0 0 1 1 0 0 0 1 0 1 0 0 0 1 0 0 0 0 0 1 1 1 1 1 1 0 0 1 0 0 0 1 0 1 1 1 0 1 1 0 1 1 1 0 0 0 1 1
0 0 1 1 1 1 0 0 0 0 1 1 1 1 1 0 1 1 1 0 1 1 1 1 0 0 1 0 0 0 0 1 0 1 0 1 1 1 1 1 1 1 1 1 0 0 1 1 1 0 0 0 1 0 0 0 1 0 0 0 1 1 1 0 0 1 0 0 0 0 1 1 0 0 0 0 1 0 0 0 0 1 1 1 1 1 1 0 0 1 1 1 0 0 0 0 1 0 1 1
1 0 1 1 1 0 0 0 0 1 1 0 0 0 1 0 1 1 0 1 1 1 0 0 1 1 0 1 0 1 1 1 1 1 1 1 1 0 1 1 1 0 0 1 0 1 1 1 0 0 0 0 1 0 0 0 1 0 1 1 0 1 1 1 1 1 0 1 0 1 0 0 1 1 0 0 0 0 1 0 1 0 0 0 0 0 1 0 1 0 1 1 1 0 1 1 1 1 1 0
1 0 0 0 0 1 0 0 1 0 1 0 1 1 1 1 1 0 1 1 1 1 0 1 0 1 1 1 0 1 1 0 1 1 0 0 1 0 1 1 0 1 1 1 0 1 1 0 1 1 0 0 1 0 0 0 0 0 1 0 0 0 0 1 1 0 0 1 1 0 1 0 1 1 1 0 0 0 1 1 0 1 0 1 0 1 1 1 0 0 1 0 0 0 0 1 1 0 1 0
1 0 1 0 1 1 0 0 1 0 1 1 1 0 0 1 1 1 1 1 1 1 1 1 0 1 1 1 0 0 0 1 0 0 0 1 0 0 0 0 0 0 1 0 0 1 0 1 0 0 0 0 1 0 0 0 0 0 0 1 0 1 1 0 1 0 0 0 1 1 1 1 1 0 0 0 1 1 0 0 0 1 1 0 1 1 1 1 1 0 1 0 1 1 1 1 1 0 1 0