250 1488 5
0 1
0 2
1 2
0 3
1 3
2 3
3 4
0 4
2 4
4 5
0 5
2 5
3 6
1 6
4 6
3 7
2 7
1 7
5 8
1 8
0 8
5 9
3 9
4 9
7 10
9 10
2 10
10 11
5 11
7 11
1 12
8 12
3 12
2 13
5 13
6 13
5 14
9 14
8 14
0 15
1 15
12 15
6 16
0 16
12 16
13 17
1 17
16 17
17 18
9 18
12 18
9 19
8 19
2 19
7 20
12 20
13 20
13 21
9 21
18 21
4 22
19 22
15 22
12 23
2 23
18 23
2 24
1 24
7 24
0 25
2 25
12 25
12 26
2 26
10 26
26 27
12 27
4 27
7 28
2 28
17 28
23 29
7 29
0 29
15 30
13 30
16 30
28 31
2 31
7 31
30 32
1 32
14 32
6 33
12 33
24 33
7 34
23 34
16 34
16 35
19 35
22 35
35 36
16 36
23 36
27 37
9 37
1 37
9 38
17 38
28 38
17 39
27 39
37 39
2 40
31 40
36 40
22 41
19 41
16 41
1 42
12 42
5 42
28 43
5 43
9 43
0 44
30 44
38 44
17 45
32 45
1 45
13 46
19 46
15 46
13 47
1 47
37 47
10 48
4 48
2 48
18 49
17 49
39 49
21 50
1 50
13 50
2 51
40 51
35 51
15 52
11 52
9 52
1 53
16 53
6 53
52 54
2 54
4 54
3 55
40 55
52 55
17 56
9 56
51 56
29 57
30 57
9 57
6 58
9 58
56 58
35 59
25 59
8 59
0 60
20 60
49 60
28 61
24 61
35 61
51 62
55 62
53 62
5 63
54 63
17 63
35 64
5 64
16 64
12 65
14 65
17 65
26 66
51 66
5 66
3 67
17 67
18 67
45 68
39 68
31 68
27 69
16 69
42 69
7 70
12 70
25 70
8 71
35 71
15 71
20 72
26 72
3 72
0 73
72 73
12 73
13 74
4 74
16 74
41 75
1 75
6 75
2 76
49 76
13 76
23 77
27 77
61 77
42 78
32 78
3 78
16 79
3 79
39 79
28 80
7 80
53 80
70 81
68 81
23 81
24 82
48 82
14 82
49 83
8 83
72 83
36 84
9 84
49 84
4 85
7 85
3 85
24 86
82 86
10 86
26 87
85 87
58 87
39 88
1 88
16 88
68 89
52 89
23 89
10 90
12 90
0 90
64 91
16 91
51 91
91 92
71 92
46 92
18 93
9 93
53 93
29 94
12 94
90 94
4 95
22 95
7 95
71 96
21 96
2 96
66 97
1 97
0 97
28 98
36 98
6 98
13 99
8 99
1 99
29 100
91 100
37 100
9 101
35 101
0 101
26 102
16 102
5 102
40 103
84 103
65 103
91 104
5 104
0 104
40 105
23 105
79 105
5 106
70 106
62 106
4 107
27 107
39 107
103 108
3 108
59 108
62 109
4 109
6 109
24 110
59 110
23 110
12 111
30 111
3 111
24 112
9 112
10 112
91 113
8 113
16 113
51 114
24 114
29 114
10 115
4 115
102 115
106 116
50 116
29 116
9 117
24 117
1 117
87 118
27 118
1 118
35 119
77 119
31 119
19 120
6 120
70 120
0 121
46 121
58 121
48 122
47 122
105 122
7 123
115 123
55 123
57 124
29 124
47 124
4 125
1 125
8 125
2 126
115 126
9 126
53 127
17 127
13 127
3 128
0 128
55 128
55 129
25 129
68 129
68 130
52 130
28 130
73 131
102 131
95 131
7 132
67 132
8 132
98 133
78 133
103 133
120 134
6 134
37 134
35 135
55 135
13 135
3 136
60 136
16 136
3 137
10 137
70 137
28 138
43 138
122 138
60 139
7 139
102 139
87 140
139 140
68 140
39 141
95 141
67 141
0 142
58 142
27 142
51 143
97 143
71 143
35 144
64 144
5 144
65 145
5 145
35 145
97 146
17 146
117 146
0 147
47 147
93 147
139 148
45 148
0 148
16 149
8 149
52 149
24 150
37 150
10 150
78 151
5 151
49 151
39 152
3 152
61 152
87 153
115 153
3 153
65 154
102 154
19 154
61 155
17 155
115 155
61 156
3 156
0 156
74 157
83 157
2 157
78 158
132 158
51 158
50 159
10 159
65 159
65 160
10 160
55 160
19 161
109 161
54 161
47 162
110 162
104 162
154 163
5 163
2 163
8 164
10 164
160 164
2 165
164 165
79 165
68 166
50 166
3 166
127 167
39 167
103 167
60 168
86 168
2 168
68 169
57 169
69 169
104 170
85 170
24 170
9 171
91 171
20 171
126 172
114 172
39 172
23 173
49 173
98 173
7 174
53 174
112 174
47 175
105 175
45 175
131 176
26 176
0 176
69 177
3 177
97 177
24 178
10 178
70 178
34 179
172 179
139 179
23 180
2 180
3 180
82 181
2 181
87 181
87 182
19 182
98 182
19 183
1 183
65 183
57 184
47 184
72 184
12 185
3 185
24 185
15 186
127 186
101 186
17 187
78 187
5 187
16 188
150 188
62 188
98 189
115 189
184 189
62 190
40 190
120 190
35 191
182 191
169 191
60 192
51 192
39 192
131 193
130 193
110 193
66 194
114 194
28 194
4 195
14 195
16 195
5 196
178 196
53 196
184 197
35 197
104 197
155 198
137 198
58 198
39 199
44 199
93 199
134 200
12 200
174 200
6 201
154 201
148 201
68 202
98 202
132 202
68 203
17 203
147 203
46 204
69 204
43 204
164 205
12 205
66 205
4 206
120 206
92 206
2 207
1 207
150 207
83 208
36 208
16 208
109 209
172 209
4 209
91 210
35 210
16 210
45 211
175 211
78 211
127 212
137 212
72 212
97 213
7 213
93 213
194 214
9 214
60 214
1 215
136 215
4 215
61 216
60 216
1 216
7 217
46 217
21 217
61 218
5 218
53 218
85 219
142 219
2 219
55 220
132 220
6 220
125 221
54 221
27 221
115 222
9 222
12 222
8 223
5 223
208 223
115 224
30 224
201 224
114 225
25 225
218 225
180 226
90 226
17 226
12 227
86 227
175 227
44 228
3 228
159 228
44 229
114 229
24 229
71 230
27 230
50 230
105 231
20 231
7 231
5 232
213 232
194 232
26 233
126 233
163 233
3 234
62 234
69 234
193 235
201 235
184 235
112 236
17 236
37 236
54 237
183 237
28 237
122 238
10 238
8 238
19 239
139 239
90 239
115 240
193 240
150 240
112 241
15 241
60 241
46 242
30 242
95 242
79 243
61 243
132 243
113 244
60 244
28 244
74 245
210 245
80 245
29 246
225 246
128 246
0 247
21 247
8 247
58 248
52 248
12 248
17 249
137 249
9 249
1 0
2 0
2 1
3 0
3 1
3 2
4 3
4 0
4 2
5 4
5 0
5 2
6 3
6 1
6 4
7 3
7 2
7 1
8 5
8 1
8 0
9 5
9 3
9 4
10 7
10 9
10 2
11 10
11 5
11 7
12 1
12 8
12 3
13 2
13 5
13 6
14 5
14 9
14 8
15 0
15 1
15 12
16 6
16 0
16 12
17 13
17 1
17 16
18 17
18 9
18 12
19 9
19 8
19 2
20 7
20 12
20 13
21 13
21 9
21 18
22 4
22 19
22 15
23 12
23 2
23 18
24 2
24 1
24 7
25 0
25 2
25 12
26 12
26 2
26 10
27 26
27 12
27 4
28 7
28 2
28 17
29 23
29 7
29 0
30 15
30 13
30 16
31 28
31 2
31 7
32 30
32 1
32 14
33 6
33 12
33 24
34 7
34 23
34 16
35 16
35 19
35 22
36 35
36 16
36 23
37 27
37 9
37 1
38 9
38 17
38 28
39 17
39 27
39 37
40 2
40 31
40 36
41 22
41 19
41 16
42 1
42 12
42 5
43 28
43 5
43 9
44 0
44 30
44 38
45 17
45 32
45 1
46 13
46 19
46 15
47 13
47 1
47 37
48 10
48 4
48 2
49 18
49 17
49 39
50 21
50 1
50 13
51 2
51 40
51 35
52 15
52 11
52 9
53 1
53 16
53 6
54 52
54 2
54 4
55 3
55 40
55 52
56 17
56 9
56 51
57 29
57 30
57 9
58 6
58 9
58 56
59 35
59 25
59 8
60 0
60 20
60 49
61 28
61 24
61 35
62 51
62 55
62 53
63 5
63 54
63 17
64 35
64 5
64 16
65 12
65 14
65 17
66 26
66 51
66 5
67 3
67 17
67 18
68 45
68 39
68 31
69 27
69 16
69 42
70 7
70 12
70 25
71 8
71 35
71 15
72 20
72 26
72 3
73 0
73 72
73 12
74 13
74 4
74 16
75 41
75 1
75 6
76 2
76 49
76 13
77 23
77 27
77 61
78 42
78 32
78 3
79 16
79 3
79 39
80 28
80 7
80 53
81 70
81 68
81 23
82 24
82 48
82 14
83 49
83 8
83 72
84 36
84 9
84 49
85 4
85 7
85 3
86 24
86 82
86 10
87 26
87 85
87 58
88 39
88 1
88 16
89 68
89 52
89 23
90 10
90 12
90 0
91 64
91 16
91 51
92 91
92 71
92 46
93 18
93 9
93 53
94 29
94 12
94 90
95 4
95 22
95 7
96 71
96 21
96 2
97 66
97 1
97 0
98 28
98 36
98 6
99 13
99 8
99 1
100 29
100 91
100 37
101 9
101 35
101 0
102 26
102 16
102 5
103 40
103 84
103 65
104 91
104 5
104 0
105 40
105 23
105 79
106 5
106 70
106 62
107 4
107 27
107 39
108 103
108 3
108 59
109 62
109 4
109 6
110 24
110 59
110 23
111 12
111 30
111 3
112 24
112 9
112 10
113 91
113 8
113 16
114 51
114 24
114 29
115 10
115 4
115 102
116 106
116 50
116 29
117 9
117 24
117 1
118 87
118 27
118 1
119 35
119 77
119 31
120 19
120 6
120 70
121 0
121 46
121 58
122 48
122 47
122 105
123 7
123 115
123 55
124 57
124 29
124 47
125 4
125 1
125 8
126 2
126 115
126 9
127 53
127 17
127 13
128 3
128 0
128 55
129 55
129 25
129 68
130 68
130 52
130 28
131 73
131 102
131 95
132 7
132 67
132 8
133 98
133 78
133 103
134 120
134 6
134 37
135 35
135 55
135 13
136 3
136 60
136 16
137 3
137 10
137 70
138 28
138 43
138 122
139 60
139 7
139 102
140 87
140 139
140 68
141 39
141 95
141 67
142 0
142 58
142 27
143 51
143 97
143 71
144 35
144 64
144 5
145 65
145 5
145 35
146 97
146 17
146 117
147 0
147 47
147 93
148 139
148 45
148 0
149 16
149 8
149 52
150 24
150 37
150 10
151 78
151 5
151 49
152 39
152 3
152 61
153 87
153 115
153 3
154 65
154 102
154 19
155 61
155 17
155 115
156 61
156 3
156 0
157 74
157 83
157 2
158 78
158 132
158 51
159 50
159 10
159 65
160 65
160 10
160 55
161 19
161 109
161 54
162 47
162 110
162 104
163 154
163 5
163 2
164 8
164 10
164 160
165 2
165 164
165 79
166 68
166 50
166 3
167 127
167 39
167 103
168 60
168 86
168 2
169 68
169 57
169 69
170 104
170 85
170 24
171 9
171 91
171 20
172 126
172 114
172 39
173 23
173 49
173 98
174 7
174 53
174 112
175 47
175 105
175 45
176 131
176 26
176 0
177 69
177 3
177 97
178 24
178 10
178 70
179 34
179 172
179 139
180 23
180 2
180 3
181 82
181 2
181 87
182 87
182 19
182 98
183 19
183 1
183 65
184 57
184 47
184 72
185 12
185 3
185 24
186 15
186 127
186 101
187 17
187 78
187 5
188 16
188 150
188 62
189 98
189 115
189 184
190 62
190 40
190 120
191 35
191 182
191 169
192 60
192 51
192 39
193 131
193 130
193 110
194 66
194 114
194 28
195 4
195 14
195 16
196 5
196 178
196 53
197 184
197 35
197 104
198 155
198 137
198 58
199 39
199 44
199 93
200 134
200 12
200 174
201 6
201 154
201 148
202 68
202 98
202 132
203 68
203 17
203 147
204 46
204 69
204 43
205 164
205 12
205 66
206 4
206 120
206 92
207 2
207 1
207 150
208 83
208 36
208 16
209 109
209 172
209 4
210 91
210 35
210 16
211 45
211 175
211 78
212 127
212 137
212 72
213 97
213 7
213 93
214 194
214 9
214 60
215 1
215 136
215 4
216 61
216 60
216 1
217 7
217 46
217 21
218 61
218 5
218 53
219 85
219 142
219 2
220 55
220 132
220 6
221 125
221 54
221 27
222 115
222 9
222 12
223 8
223 5
223 208
224 115
224 30
224 201
225 114
225 25
225 218
226 180
226 90
226 17
227 12
227 86
227 175
228 44
228 3
228 159
229 44
229 114
229 24
230 71
230 27
230 50
231 105
231 20
231 7
232 5
232 213
232 194
233 26
233 126
233 163
234 3
234 62
234 69
235 193
235 201
235 184
236 112
236 17
236 37
237 54
237 183
237 28
238 122
238 10
238 8
239 19
239 139
239 90
240 115
240 193
240 150
241 112
241 15
241 60
242 46
242 30
242 95
243 79
243 61
243 132
244 113
244 60
244 28
245 74
245 210
245 80
246 29
246 225
246 128
247 0
247 21
247 8
248 58
248 52
248 12
249 17
249 137
249 9
0 0 1 1 1 0 0 0 0 1 1 1 1 1 0 0 0 0 1 1 0 0 1 1 1 0 0 1 1 1 1 1 0 1 1 1 1 0 0 0 1 0 0 1 1 0 0 0 0 1 0 0 0 0 0 0 0 0 1 0 1 0 1 0 0 1 1 1 0 0 1 0 0 1 0 1 1 0 1 1 1 0 0 1 0 1 1 1 0 1 0 0 1 1 1 0 0 0 0 0 1 0 1 1 0 0 1 1 0 0 1 0 1 0 1 1 1 0 1 0 0 1 1 1 0 0 0 1 0 1 0 0 0 1 0 0 0 0 0 1 1 0 0 0 0 0 1 0 0 0 0 1 0 1 0 0 1 1 0 1 0 0 1 1 1 1 1 1 1 1 1 0 1 0 0 0 0 1 0 0 0 0 0 0 1 1 1 0 0 1 0 1 1 1 0 1 1 1 1 1 0 1 0 1 1 1 1 0 0 1 1 1 0 0 1 0 0 1 0 0 0 0 0 1 0 1 1 0 0 0 1 1 0 0 0 1 0 1 0 0 0 0 0 1 0 1 1 0 1 1
1 1 1 1 0 0 1 0 1 0 0 0 1 0 1 1 0 1 0 1 1 1 0 0 1 1 0 1 0 0 1 0 1 0 1 0 0 1 0 1 1 1 1 0 0 1 1 0 0 0 1 1 1 1 0 0 1 0 0 1 0 1 1 1 0 0 0 1 0 1 0 0 0 0 1 0 1 0 0 1 0 0 0 0 0 0 1 0 0 0 0 1 1 1 0 0 1 1 1 1 0 1 1 0 0 1 0 1 1 0 1 1 1 0 1 0 1 0 1 1 1 0 0 0 1 0 0 1 1 0 0 1 1 1 1 1 0 1 1 1 1 1 0 0 0 1 0 1 0 1 0 1 1 0 0 1 0 1 0 0 0 1 0 1 1 0 1 1 1 0 0 1 0 1 0 1 0 1 0 0 0 0 1 0 0 0 0 0 1 1 0 1 0 1 0 1 1 1 1 0 0 1 1 1 1 0 1 1 1 0 0 0 1 0 0 1 1 1 0 0 1 0 0 0 1 1 0 0 0 0 1 1 0 0 0 1 1 1 0 0 1 1 1 0 1 1 1 0 1 0
1 0 1 1 1 0 1 0 1 1 0 1 1 1 1 0 1 0 0 0 1 0 0 1 1 1 1 0 1 0 0 1 1 1 0 1 0 0 0 0 0 0 0 1 1 1 0 0 0 0 1 1 0 1 0 0 1 0 1 0 1 0 0 1 0 1 1 0 0 0 0 1 0 1 0 0 0 0 1 0 1 1 1 1 1 1 1 1 1 0 1 0 1 1 0 1 1 0 0 0 1 1 0 0 0 1 1 0 0 0 0 0 1 1 0 1 0 1 0 0 0 0 0 0 0 0 0 1 0 1 1 0 1 0 1 0 0 0 1 0 0 0 0 1 0 0 1 0 0 0 1 1 0 0 0 0 0 1 0 1 0 1 1 0 1 1 1 0 0 0 1 0 1 1 0 1 0 1 0 0 0 1 1 1 1 0 0 1 0 0 0 0 0 1 0 0 1 0 0 0 1 1 1 1 0 0 1 0 1 1 0 1 0 1 1 0 0 1 1 0 0 1 0 1 0 1 1 1 0 0 0 0 0 0 1 1 1 0 0 0 0 1 0 1 0 1 1 0 1 0
0 0 1 0 0 0 1 1 1 0 1 0 0 0 1 0 0 0 1 0 1 0 0 1 1 1 1 1 1 0 1 0 0 1 0 1 1 1 0 0 1 1 0 0 0 1 1 0 1 1 1 1 1 0 0 1 1 1 0 1 0 1 0 1 1 0 0 1 0 1 0 1 1 0 1 1 1 1 1 0 1 1 1 0 0 1 1 0 1 0 1 1 0 0 1 1 1 0 0 1 1 1 1 0 1 0 0 1 1 0 0 1 1 0 1 1 1 0 0 0 1 0 1 1 1 0 1 0 0 1 1 1 0 1 1 0 0 0 1 0 0 0 0 1 0 1 0 0 1 1 1 1 0 0 0 0 1 1 0 0 1 1 0 1 1 1 1 0 0 1 1 0 0 1 0 1 0 0 0 0 0 1 1 1 0 0 1 0 0 0 1 1 1 1 0 1 1 0 1 1 1 1 1 1 0 1 0 1 0 1 0 0 1 0 1 1 1 0 0 1 1 0 0 1 0 0 0 1 1 1 0 1 1 1 0 1 1 0 1 1 0 1 1 0 0 1 0 0 1 1
1 1 0 1 0 0 1 1 1 1 0 1 1 1 1 0 0 0 1 0 1 0 0 1 1 1 1 1 0 0 1 0 0 1 1 1 1 1 1 0 0 1 0 0 1 1 0 0 1 0 1 1 1 1 1 1 0 0 1 1 1 1 1 0 1 0 0 0 0 0 1 1 1 1 0 1 1 1 0 1 0 0 1 1 1 1 0 1 0 1 0 1 0 1 1 1 0 1 1 1 1 0 1 0 0 0 1 0 1 0 1 0 1 0 0 1 1 0 0 1 1 1 1 0 0 1 0 1 0 0 1 1 0 1 1 0 0 1 0 0 1 0 1 0 1 0 0 0 1 1 0 0 0 0 1 1 1 0 0 1 1 0 1 0 0 0 1 1 0 0 1 0 0 1 0 1 1 1 0 1 0 0 1 0 0 1 1 0 1 1 1 1 0 0 0 1 0 0 0 1 0 1 1 1 0 0 1 0 1 1 1 0 1 1 1 0 0 0 1 1 1 0 1 0 0 1 0 0 0 1 0 0 0 0 0 1 1 0 1 1 1 0 0 0 1 1 1 0 0 0