250 994 5
0 1
0 2
1 2
1 3
2 3
0 4
1 4
2 5
1 5
1 6
3 6
5 7
6 7
2 8
6 8
7 9
0 9
1 10
4 10
3 11
7 11
6 12
7 12
2 13
0 13
1 14
10 14
0 15
3 15
11 16
1 16
4 17
0 17
0 18
4 18
0 19
1 19
10 20
1 20
11 21
3 21
7 22
6 22
16 23
3 23
13 24
22 24
1 25
0 25
0 26
13 26
4 27
0 27
3 28
1 28
3 29
14 29
12 30
7 30
28 31
5 31
7 32
27 32
27 33
4 33
15 34
6 34
21 35
0 35
35 36
17 36
5 37
26 37
8 38
4 38
12 39
28 39
38 40
19 40
34 41
0 41
0 42
14 42
3 43
8 43
10 44
4 44
28 45
34 45
42 46
25 46
0 47
1 47
44 48
4 48
0 49
48 49
28 50
6 50
10 51
22 51
1 52
39 52
17 53
1 53
3 54
35 54
28 55
16 55
49 56
16 56
34 57
10 57
1 58
41 58
51 59
43 59
40 60
17 60
41 61
28 61
0 62
1 62
3 63
35 63
39 64
33 64
3 65
1 65
1 66
22 66
64 67
62 67
3 68
29 68
3 69
33 69
3 70
64 70
58 71
55 71
71 72
50 72
10 73
4 73
21 74
35 74
3 75
8 75
1 76
3 76
1 77
3 77
69 78
28 78
10 79
69 79
39 80
11 80
21 81
48 81
28 82
4 82
16 83
5 83
13 84
70 84
1 85
58 85
16 86
41 86
56 87
0 87
19 88
2 88
3 89
29 89
1 90
64 90
63 91
56 91
22 92
7 92
29 93
4 93
7 94
30 94
7 95
58 95
50 96
45 96
4 97
22 97
35 98
8 98
34 99
7 99
1 100
68 100
69 101
54 101
48 102
77 102
0 103
39 103
39 104
11 104
13 105
0 105
34 106
62 106
32 107
17 107
61 108
1 108
35 109
7 109
0 110
7 110
1 111
5 111
64 112
77 112
7 113
0 113
56 114
47 114
25 115
32 115
22 116
3 116
59 117
50 117
0 118
7 118
7 119
84 119
93 120
57 120
0 121
28 121
86 122
51 122
61 123
63 123
22 124
1 124
8 125
22 125
1 126
77 126
100 127
50 127
1 128
28 128
27 129
95 129
26 130
7 130
57 131
30 131
99 132
14 132
0 133
130 133
78 134
118 134
41 135
45 135
50 136
5 136
116 137
10 137
17 138
14 138
33 139
62 139
10 140
56 140
7 141
33 141
3 142
127 142
10 143
17 143
22 144
69 144
13 145
104 145
47 146
17 146
10 147
28 147
2 148
3 148
72 149
40 149
144 150
91 150
28 151
39 151
68 152
76 152
116 153
24 153
50 154
11 154
30 155
8 155
56 156
149 156
74 157
1 157
25 158
84 158
84 159
137 159
28 160
128 160
86 161
61 161
149 162
154 162
106 163
64 163
134 164
130 164
33 165
0 165
94 166
1 166
99 167
1 167
40 168
7 168
0 169
10 169
6 170
90 170
15 171
10 171
115 172
44 172
1 173
16 173
130 174
124 174
108 175
5 175
163 176
83 176
11 177
141 177
28 178
99 178
55 179
96 179
93 180
82 180
23 181
0 181
147 182
99 182
147 183
68 183
182 184
8 184
82 185
117 185
165 186
32 186
183 187
168 187
142 188
26 188
6 189
8 189
118 190
10 190
99 191
33 191
54 192
128 192
28 193
0 193
160 194
3 194
77 195
7 195
3 196
38 196
99 197
62 197
82 198
33 198
10 199
13 199
33 200
11 200
150 201
79 201
79 202
7 202
36 203
5 203
28 204
22 204
140 205
128 205
129 206
100 206
43 207
131 207
129 208
57 208
108 209
174 209
187 210
33 210
17 211
7 211
158 212
89 212
59 213
85 213
130 214
207 214
146 215
172 215
163 216
7 216
93 217
188 217
117 218
193 218
185 219
83 219
79 220
197 220
119 221
95 221
131 222
65 222
10 223
29 223
27 224
206 224
209 225
13 225
51 226
92 226
115 227
3 227
7 228
148 228
5 229
68 229
39 230
170 230
14 231
56 231
186 232
165 232
198 233
14 233
213 234
35 234
68 235
49 235
127 236
143 236
195 237
1 237
13 238
69 238
189 239
11 239
17 240
83 240
79 241
3 241
21 242
10 242
184 243
147 243
11 244
110 244
117 245
61 245
168 246
193 246
179 247
28 247
62 248
117 248
193 249
185 249
1 0
2 0
2 1
3 1
3 2
4 0
4 1
5 2
5 1
6 1
6 3
7 5
7 6
8 2
8 6
9 7
9 0
10 1
10 4
11 3
11 7
12 6
12 7
13 2
13 0
14 1
14 10
15 0
15 3
16 11
16 1
17 4
17 0
18 0
18 4
19 0
19 1
20 10
20 1
21 11
21 3
22 7
22 6
23 16
23 3
24 13
24 22
25 1
25 0
26 0
26 13
27 4
27 0
28 3
28 1
29 3
29 14
30 12
30 7
31 28
31 5
32 7
32 27
33 27
33 4
34 15
34 6
35 21
35 0
36 35
36 17
37 5
37 26
38 8
38 4
39 12
39 28
40 38
40 19
41 34
41 0
42 0
42 14
43 3
43 8
44 10
44 4
45 28
45 34
46 42
46 25
47 0
47 1
48 44
48 4
49 0
49 48
50 28
50 6
51 10
51 22
52 1
52 39
53 17
53 1
54 3
54 35
55 28
55 16
56 49
56 16
57 34
57 10
58 1
58 41
59 51
59 43
60 40
60 17
61 41
61 28
62 0
62 1
63 3
63 35
64 39
64 33
65 3
65 1
66 1
66 22
67 64
67 62
68 3
68 29
69 3
69 33
70 3
70 64
71 58
71 55
72 71
72 50
73 10
73 4
74 21
74 35
75 3
75 8
76 1
76 3
77 1
77 3
78 69
78 28
79 10
79 69
80 39
80 11
81 21
81 48
82 28
82 4
83 16
83 5
84 13
84 70
85 1
85 58
86 16
86 41
87 56
87 0
88 19
88 2
89 3
89 29
90 1
90 64
91 63
91 56
92 22
92 7
93 29
93 4
94 7
94 30
95 7
95 58
96 50
96 45
97 4
97 22
98 35
98 8
99 34
99 7
100 1
100 68
101 69
101 54
102 48
102 77
103 0
103 39
104 39
104 11
105 13
105 0
106 34
106 62
107 32
107 17
108 61
108 1
109 35
109 7
110 0
110 7
111 1
111 5
112 64
112 77
113 7
113 0
114 56
114 47
115 25
115 32
116 22
116 3
117 59
117 50
118 0
118 7
119 7
119 84
120 93
120 57
121 0
121 28
122 86
122 51
123 61
123 63
124 22
124 1
125 8
125 22
126 1
126 77
127 100
127 50
128 1
128 28
129 27
129 95
130 26
130 7
131 57
131 30
132 99
132 14
133 0
133 130
134 78
134 118
135 41
135 45
136 50
136 5
137 116
137 10
138 17
138 14
139 33
139 62
140 10
140 56
141 7
141 33
142 3
142 127
143 10
143 17
144 22
144 69
145 13
145 104
146 47
146 17
147 10
147 28
148 2
148 3
149 72
149 40
150 144
150 91
151 28
151 39
152 68
152 76
153 116
153 24
154 50
154 11
155 30
155 8
156 56
156 149
157 74
157 1
158 25
158 84
159 84
159 137
160 28
160 128
161 86
161 61
162 149
162 154
163 106
163 64
164 134
164 130
165 33
165 0
166 94
166 1
167 99
167 1
168 40
168 7
169 0
169 10
170 6
170 90
171 15
171 10
172 115
172 44
173 1
173 16
174 130
174 124
175 108
175 5
176 163
176 83
177 11
177 141
178 28
178 99
179 55
179 96
180 93
180 82
181 23
181 0
182 147
182 99
183 147
183 68
184 182
184 8
185 82
185 117
186 165
186 32
187 183
187 168
188 142
188 26
189 6
189 8
190 118
190 10
191 99
191 33
192 54
192 128
193 28
193 0
194 160
194 3
195 77
195 7
196 3
196 38
197 99
197 62
198 82
198 33
199 10
199 13
200 33
200 11
201 150
201 79
202 79
202 7
203 36
203 5
204 28
204 22
205 140
205 128
206 129
206 100
207 43
207 131
208 129
208 57
209 108
209 174
210 187
210 33
211 17
211 7
212 158
212 89
213 59
213 85
214 130
214 207
215 146
215 172
216 163
216 7
217 93
217 188
218 117
218 193
219 185
219 83
220 79
220 197
221 119
221 95
222 131
222 65
223 10
223 29
224 27
224 206
225 209
225 13
226 51
226 92
227 115
227 3
228 7
228 148
229 5
229 68
230 39
230 170
231 14
231 56
232 186
232 165
233 198
233 14
234 213
234 35
235 68
235 49
236 127
236 143
237 195
237 1
238 13
238 69
239 189
239 11
240 17
240 83
241 79
241 3
242 21
242 10
243 184
243 147
244 11
244 110
245 117
245 61
246 168
246 193
247 179
247 28
248 62
248 117
249 193
249 185
1 0 0 1 0 1 1 0 1 0 1 1 0 1 0 0 1 0 1 0 0 1 1 0 1 0 0 1 1 1 1 0 0 0 0 0 0 0 1 0 1 0 0 0 1 0 1 1 1 0 0 1 0 1 1 1 0 1 0 0 0 1 1 0 0 0 0 0 1 0 1 0 1 1 1 0 1 1 1 1 1 0 0 0 0 0 0 0 0 0 1 0 1 0 1 1 0 0 0 0 0 0 1 0 1 1 1 0 0 1 1 1 0 0 1 0 0 1 1 0 0 0 0 1 0 1 1 1 1 0 0 1 1 1 0 1 1 0 0 0 1 1 1 1 0 1 1 0 0 0 0 1 0 0 1 0 1 0 1 0 0 1 1 0 1 0 1 1 0 0 0 1 0 0 1 0 1 0 0 0 1 0 0 0 1 0 0 1 1 1 0 0 1 0 0 1 1 0 1 0 0 0 1 1 1 1 1 1 1 0 1 1 1 0 0 0 0 0 0 1 1 1 0 1 0 1 1 1 1 1 0 0 1 0 0 1 1 1 0 1 1 1 1 0 1 0 1 1 1 1
1 1 1 1 0 1 1 1 0 1 1 0 0 0 0 1 1 0 0 0 0 1 1 1 0 0 1 0 0 1 0 0 1 1 1 1 0 1 0 0 0 1 0 1 1 0 0 1 1 1 0 1 0 1 1 1 0 0 1 1 1 0 0 0 1 0 1 1 0 1 1 0 1 1 1 1 0 1 0 1 0 0 0 1 0 0 1 0 1 1 0 0 1 0 0 0 1 0 1 0 1 0 0 0 0 1 1 1 0 0 1 1 0 0 1 1 0 1 1 1 0 0 1 1 0 1 1 1 1 0 1 0 0 0 1 1 1 0 0 1 1 1 0 1 1 1 0 1 1 1 0 0 0 0 0 0 0 0 1 0 1 1 1 1 0 0 1 0 0 1 1 0 1 0 0 1 1 0 1 1 1 0 0 0 0 0 1 0 0 1 0 0 1 1 1 0 0 0 1 1 0 0 0 1 0 1 1 0 1 0 1 1 0 0 1 0 1 0 0 0 1 1 0 0 0 1 1 1 0 0 1 0 0 0 1 0 1 0 0 1 0 1 0 1 1 1 1 0 0 1
1 1 1 1 1 1 0 0 0 0 0 1 0 0 1 1 1 0 0 1 1 0 1 1 1 0 0 1 0 0 1 1 0 0 0 0 0 0 1 0 0 0 1 1 1 1 1 1 0 0 1 1 0 1 0 0 0 1 1 0 1 0 0 0 1 1 0 1 0 0 1 0 1 1 1 0 0 1 1 0 0 0 0 1 1 0 0 1 1 1 0 1 0 0 1 1 1 1 1 1 0 0 0 0 0 1 0 1 1 1 1 0 1 1 0 1 1 0 1 1 1 0 0 1 1 0 0 1 1 1 1 0 1 1 1 0 1 0 1 0 1 1 0 1 1 1 1 1 1 1 0 0 1 0 1 1 0 1 1 1 0 1 1 1 1 1 0 1 0 0 0 0 1 1 1 0 0 0 0 0 0 0 0 1 0 0 0 0 1 0 0 0 0 0 0 1 1 0 0 1 0 1 1 1 0 1 0 1 0 1 0 0 1 1 1 1 0 0 0 1 0 1 0 1 0 0 1 1 0 0 1 1 0 1 0 0 0 0 0 0 0 0 0 0 1 1 1 1 0 1
1 0 0 0 0 1 1 1 0 0 0 1 0 0 1 0 1 0 1 1 0 0 1 0 1 0 0 0 1 1 1 1 1 0 1 0 0 0 1 1 0 1 0 0 0 0 1 1 1 1 1 0 0 1 0 1 0 0 0 0 1 1 1 0 0 1 1 1 1 1 1 1 1 1 1 0 0 1 1 1 1 0 0 1 0 1 1 1 1 1 0 1 1 1 0 1 1 0 1 0 1 1 0 0 1 0 0 1 1 1 1 1 1 0 1 1 1 1 1 0 0 0 0 1 1 1 0 0 0 0 0 0 1 1 0 0 1 1 1 1 1 0 0 1 0 0 0 1 1 0 1 0 1 0 1 0 1 0 1 1 0 0 1 0 1 0 0 0 1 0 1 1 0 0 0 0 0 1 1 0 1 0 0 0 0 0 1 0 1 0 1 0 1 1 1 1 1 1 0 1 0 1 1 1 1 1 0 1 1 0 0 0 1 0 1 1 0 0 0 1 0 1 0 1 1 0 0 1 0 0 1 1 1 0 1 0 1 0 0 1 1 1 0 1 0 1 1 0 0 0
0 0 1 0 0 1 1 1 1 1 0 0 0 1 1 1 1 1 0 0 0 1 0 1 0 0 1 0 1 1 1 1 1 1 0 1 0 0 1 1 1 1 0 1 0 1 0 0 1 0 1 0 1 0 1 1 0 0 0 1 0 0 1 0 0 1 0 0 0 1 0 0 1 0 1 1 1 0 1 0 1 1 0 0 0 1 1 1 1 0 0 1 1 0 0 1 1 1 1 0 0 1 1 1 0 0 0 1 1 1 0 1 1 1 0 0 0 0 0 0 0 0 1 1 0 1 0 1 1 1 1 0 0 0 1 1 1 0 1 1 0 1 1 0 0 0 0 1 1 0 0 1 0 0 1 1 0 1 0 1 1 1 0 0 1 1 1 0 1 0 0 1 1 1 1 1 1 1 0 1 1 1 0 0 0 1 1 1 1 1 0 0 1 1 1 0 1 0 1 1 0 1 0 1 0 0 0 0 0 1 1 0 1 1 0 0 1 1 1 1 1 0 1 1 1 0 0 1 0 0 0 1 1 0 1 0 0 1 1 0 0 0 0 0 0 1 0 0 0 1