100 588 5
0 1
0 2
1 2
0 3
1 3
2 3
1 4
3 4
2 4
2 5
4 5
3 5
5 6
0 6
2 6
4 7
2 7
6 7
2 8
1 8
4 8
2 9
3 9
1 9
3 10
5 10
1 10
3 11
6 11
1 11
9 12
0 12
3 12
2 13
6 13
5 13
2 14
0 14
5 14
5 15
11 15
4 15
7 16
4 16
11 16
7 17
2 17
6 17
10 18
6 18
7 18
1 19
2 19
3 19
6 20
1 20
11 20
4 21
8 21
18 21
18 22
3 22
16 22
2 23
1 23
5 23
11 24
18 24
16 24
11 25
8 25
0 25
4 26
6 26
8 26
5 27
6 27
26 27
5 28
4 28
2 28
23 29
2 29
11 29
1 30
22 30
5 30
19 31
3 31
9 31
18 32
26 32
7 32
2 33
20 33
12 33
8 34
14 34
29 34
10 35
11 35
7 35
6 36
1 36
0 36
6 37
30 37
29 37
26 38
23 38
11 38
2 39
6 39
36 39
7 40
29 40
6 40
8 41
36 41
16 41
39 42
36 42
4 42
4 43
14 43
0 43
2 44
6 44
21 44
29 45
0 45
6 45
40 46
1 46
5 46
1 47
35 47
34 47
10 48
9 48
29 48
1 49
11 49
6 49
23 50
25 50
34 50
15 51
5 51
50 51
0 52
21 52
11 52
7 53
9 53
0 53
20 54
21 54
11 54
10 55
38 55
21 55
42 56
1 56
0 56
0 57
6 57
40 57
3 58
34 58
26 58
23 59
48 59
29 59
46 60
3 60
5 60
2 61
7 61
53 61
17 62
11 62
21 62
5 63
39 63
41 63
8 64
54 64
2 64
6 65
15 65
18 65
20 66
45 66
13 66
4 67
11 67
20 67
3 68
63 68
47 68
11 69
0 69
59 69
27 70
36 70
2 70
44 71
4 71
6 71
33 72
28 72
64 72
11 73
18 73
29 73
62 74
2 74
57 74
17 75
10 75
27 75
21 76
66 76
18 76
17 77
4 77
26 77
23 78
49 78
50 78
70 79
78 79
71 79
43 80
60 80
0 80
80 81
42 81
21 81
1 82
49 82
6 82
45 83
1 83
54 83
9 84
55 84
23 84
6 85
0 85
5 85
28 86
33 86
74 86
62 87
11 87
8 87
26 88
74 88
4 88
28 89
7 89
12 89
50 90
52 90
5 90
20 91
64 91
82 91
6 92
81 92
78 92
6 93
4 93
39 93
1 94
10 94
53 94
10 95
12 95
3 95
81 96
61 96
69 96
6 97
67 97
21 97
61 98
7 98
40 98
10 99
39 99
4 99
1 0
2 0
2 1
3 0
3 1
3 2
4 1
4 3
4 2
5 2
5 4
5 3
6 5
6 0
6 2
7 4
7 2
7 6
8 2
8 1
8 4
9 2
9 3
9 1
10 3
10 5
10 1
11 3
11 6
11 1
12 9
12 0
12 3
13 2
13 6
13 5
14 2
14 0
14 5
15 5
15 11
15 4
16 7
16 4
16 11
17 7
17 2
17 6
18 10
18 6
18 7
19 1
19 2
19 3
20 6
20 1
20 11
21 4
21 8
21 18
22 18
22 3
22 16
23 2
23 1
23 5
24 11
24 18
24 16
25 11
25 8
25 0
26 4
26 6
26 8
27 5
27 6
27 26
28 5
28 4
28 2
29 23
29 2
29 11
30 1
30 22
30 5
31 19
31 3
31 9
32 18
32 26
32 7
33 2
33 20
33 12
34 8
34 14
34 29
35 10
35 11
35 7
36 6
36 1
36 0
37 6
37 30
37 29
38 26
38 23
38 11
39 2
39 6
39 36
40 7
40 29
40 6
41 8
41 36
41 16
42 39
42 36
42 4
43 4
43 14
43 0
44 2
44 6
44 21
45 29
45 0
45 6
46 40
46 1
46 5
47 1
47 35
47 34
48 10
48 9
48 29
49 1
49 11
49 6
50 23
50 25
50 34
51 15
51 5
51 50
52 0
52 21
52 11
53 7
53 9
53 0
54 20
54 21
54 11
55 10
55 38
55 21
56 42
56 1
56 0
57 0
57 6
57 40
58 3
58 34
58 26
59 23
59 48
59 29
60 46
60 3
60 5
61 2
61 7
61 53
62 17
62 11
62 21
63 5
63 39
63 41
64 8
64 54
64 2
65 6
65 15
65 18
66 20
66 45
66 13
67 4
67 11
67 20
68 3
68 63
68 47
69 11
69 0
69 59
70 27
70 36
70 2
71 44
71 4
71 6
72 33
72 28
72 64
73 11
73 18
73 29
74 62
74 2
74 57
75 17
75 10
75 27
76 21
76 66
76 18
77 17
77 4
77 26
78 23
78 49
78 50
79 70
79 78
79 71
80 43
80 60
80 0
81 80
81 42
81 21
82 1
82 49
82 6
83 45
83 1
83 54
84 9
84 55
84 23
85 6
85 0
85 5
86 28
86 33
86 74
87 62
87 11
87 8
88 26
88 74
88 4
89 28
89 7
89 12
90 50
90 52
90 5
91 20
91 64
91 82
92 6
92 81
92 78
93 6
93 4
93 39
94 1
94 10
94 53
95 10
95 12
95 3
96 81
96 61
96 69
97 6
97 67
97 21
98 61
98 7
98 40
99 10
99 39
99 4
0 0 0 1 0 0 1 1 1 1 0 1 1 0 1 0 1 0 1 1 0 0 0 1 1 0 1 1 0 0 1 0 1 1 1 0 0 0 0 1 1 1 0 1 1 1 1 0 1 1 0 1 0 0 1 1 1 1 1 0 1 0 0 0 0 1 1 1 0 0 0 1 1 1 0 0 1 0 1 0 0 1 0 0 1 0 0 0 0 1 0 0 0 1 0 1 0 1 0 1
0 1 0 1 0 1 1 1 0 1 0 0 1 1 1 0 1 0 1 1 1 0 1 1 1 0 0 0 0 1 1 0 1 0 0 0 1 1 0 1 0 0 1 1 0 1 0 1 0 1 0 1 0 1 1 1 0 1 1 0 0 0 1 1 1 1 1 1 1 1 1 1 1 1 1 1 1 0 1 0 1 1 0 0 0 1 1 0 1 1 1 0 1 0 1 1 1 1 0 1
1 1 1 1 1 0 1 1 1 0 1 0 1 0 1 0 1 1 0 0 0 0 0 0 0 1 0 1 1 0 1 1 0 0 0 0 0 0 1 1 0 0 1 0 1 0 0 0 0 1 1 0 1 0 0 1 0 1 1 1 0 0 0 1 1 1 0 0 0 0 1 1 0 1 1 1 1 1 0 0 0 0 1 0 0 1 1 1 0 1 0 1 0 1 0 1 1 0 0 0
0 1 0 0 0 0 0 0 1 1 0 0 0 1 1 1 1 0 0 1 1 0 1 0 1 1 0 1 1 0 1 1 0 1 0 1 1 0 0 1 0 0 1 0 1 0 0 0 0 0 1 0 1 0 1 1 0 0 1 1 1 0 1 1 1 0 1 1 0 1 0 0 1 0 0 1 0 0 1 0 1 0 1 1 1 0 0 1 1 1 1 0 1 0 1 1 1 0 0 0
1 1 0 0 0 0 0 1 1 1 0 1 0 1 0 1 0 0 1 1 1 0 0 0 1 1 0 1 0 1 0 1 1 0 0 1 1 1 1 1 0 1 1 0 1 0 0 1 0 1 0 0 1 1 0 0 0 1 1 1 0 1 0 0 0 0 1 0 0 1 1 0 1 0 0 0 0 0 1 0 0 0 0 1 1 0 0 1 0 0 1 1 1 0 0 1 1 1 0 1