100 394 5
0 1
0 2
1 2
1 3
0 3
1 4
0 4
1 5
0 5
5 6
1 6
0 7
5 7
3 8
0 8
6 9
1 9
2 10
3 10
0 11
1 11
6 12
5 12
10 13
12 13
10 14
12 14
0 15
9 15
10 16
11 16
6 17
4 17
11 18
2 18
0 19
1 19
8 20
4 20
5 21
20 21
7 22
16 22
5 23
21 23
5 24
10 24
21 25
10 25
18 26
4 26
3 27
20 27
17 28
20 28
6 29
16 29
5 30
23 30
5 31
0 31
28 32
30 32
25 33
5 33
24 34
5 34
9 35
17 35
5 36
4 36
31 37
6 37
5 38
33 38
6 39
23 39
26 40
9 40
0 41
10 41
20 42
1 42
20 43
6 43
38 44
37 44
25 45
15 45
9 46
10 46
29 47
1 47
0 48
5 48
5 49
12 49
40 50
35 50
26 51
1 51
21 52
5 52
38 53
47 53
10 54
3 54
10 55
1 55
30 56
6 56
1 57
39 57
3 58
32 58
42 59
5 59
23 60
10 60
29 61
6 61
33 62
18 62
10 63
25 63
44 64
9 64
30 65
5 65
44 66
45 66
30 67
22 67
25 68
16 68
12 69
13 69
5 70
33 70
9 71
13 71
36 72
16 72
26 73
45 73
49 74
2 74
0 75
44 75
54 76
42 76
72 77
3 77
28 78
7 78
24 79
1 79
45 80
17 80
56 81
28 81
20 82
40 82
28 83
7 83
15 84
49 84
21 85
66 85
51 86
48 86
40 87
52 87
34 88
15 88
83 89
10 89
31 90
87 90
2 91
1 91
40 92
42 92
1 93
36 93
6 94
8 94
7 95
81 95
27 96
30 96
34 97
44 97
3 98
24 98
28 99
6 99
1 0
2 0
2 1
3 1
3 0
4 1
4 0
5 1
5 0
6 5
6 1
7 0
7 5
8 3
8 0
9 6
9 1
10 2
10 3
11 0
11 1
12 6
12 5
13 10
13 12
14 10
14 12
15 0
15 9
16 10
16 11
17 6
17 4
18 11
18 2
19 0
19 1
20 8
20 4
21 5
21 20
22 7
22 16
23 5
23 21
24 5
24 10
25 21
25 10
26 18
26 4
27 3
27 20
28 17
28 20
29 6
29 16
30 5
30 23
31 5
31 0
32 28
32 30
33 25
33 5
34 24
34 5
35 9
35 17
36 5
36 4
37 31
37 6
38 5
38 33
39 6
39 23
40 26
40 9
41 0
41 10
42 20
42 1
43 20
43 6
44 38
44 37
45 25
45 15
46 9
46 10
47 29
47 1
48 0
48 5
49 5
49 12
50 40
50 35
51 26
51 1
52 21
52 5
53 38
53 47
54 10
54 3
55 10
55 1
56 30
56 6
57 1
57 39
58 3
58 32
59 42
59 5
60 23
60 10
61 29
61 6
62 33
62 18
63 10
63 25
64 44
64 9
65 30
65 5
66 44
66 45
67 30
67 22
68 25
68 16
69 12
69 13
70 5
70 33
71 9
71 13
72 36
72 16
73 26
73 45
74 49
74 2
75 0
75 44
76 54
76 42
77 72
77 3
78 28
78 7
79 24
79 1
80 45
80 17
81 56
81 28
82 20
82 40
83 28
83 7
84 15
84 49
85 21
85 66
86 51
86 48
87 40
87 52
88 34
88 15
89 83
89 10
90 31
90 87
91 2
91 1
92 40
92 42
93 1
93 36
94 6
94 8
95 7
95 81
96 27
96 30
97 34
97 44
98 3
98 24
99 28
99 6
1 1 1 0 1 0 1 1 0 1 0 1 1 0 1 1 0 1 0 1 0 0 0 1 1 0 1 0 0 1 1 0 0 0 1 0 0 0 1 0 0 0 0 1 1 1 0 0 0 1 1 1 1 1 0 1 0 1 1 1 0 1 1 1 0 1 0 1 0 0 1 1 0 0 1 0 0 1 0 0 1 1 0 0 0 0 1 0 1 1 1 0 1 0 0 0 1 1 1 0
0 0 0 0 1 1 1 0 1 0 1 1 0 1 0 0 1 0 1 0 0 0 0 1 0 1 0 0 1 0 1 1 1 0 0 0 0 0 0 0 0 1 1 0 0 0 1 1 0 0 1 0 0 0 1 0 0 0 0 0 0 0 1 0 1 0 0 0 1 1 1 1 0 1 1 1 0 1 1 0 0 1 0 0 0 0 1 0 0 1 1 1 0 0 1 1 0 1 1 1
1 0 0 1 0 0 0 1 1 0 0 1 0 1 1 0 1 1 0 0 0 1 1 0 1 0 1 0 1 0 1 0 0 1 0 1 1 1 0 0 0 1 0 1 1 1 0 0 1 1 1 1 0 1 1 0 1 1 1 0 0 0 0 1 1 1 0 0 1 1 0 0 0 1 0 1 1 0 1 0 0 0 0 0 0 1 0 1 1 1 1 0 1 0 0 0 0 0 0 1
1 1 0 1 1 0 1 0 0 1 0 0 1 0 1 1 1 1 1 0 0 1 0 0 1 0 1 1 0 1 0 1 0 1 1 1 0 0 1 1 0 0 1 1 1 1 0 0 1 0 0 1 0 1 0 0 0 0 0 0 1 0 0 0 1 0 0 1 1 1 0 0 1 1 1 0 1 1 1 0 0 1 1 1 1 0 1 0 1 0 1 0 0 1 0 1 0 0 1 1
1 1 1 1 1 0 0 1 1 1 1 1 1 0 1 1 1 1 1 1 0 1 0 0 0 1 1 0 1 0 1 1 0 0 0 1 1 1 0 0 0 1 1 1 1 1 1 0 1 1 0 1 1 1 0 0 0 0 0 0 0 0 0 0 1 1 1 0 0 0 0 0 1 1 1 1 1 1 1 1 1 1 1 1 0 1 1 0 1 1 1 1 1 1 1 0 1 0 1 1