250 994 5
0 1
0 2
1 2
1 3
0 3
2 4
0 4
0 5
3 5
1 6
3 6
3 7
0 7
0 8
1 8
1 9
6 9
7 10
8 10
1 11
2 11
1 12
4 12
9 13
5 13
4 14
0 14
1 15
2 15
0 16
15 16
2 17
16 17
1 18
3 18
18 19
3 19
13 20
0 20
0 21
9 21
1 22
17 22
20 23
0 23
1 24
18 24
1 25
17 25
6 26
25 26
15 27
18 27
25 28
11 28
12 29
25 29
14 30
1 30
27 31
3 31
1 32
8 32
5 33
26 33
22 34
3 34
17 35
18 35
18 36
14 36
36 37
0 37
7 38
8 38
32 39
30 39
32 40
2 40
38 41
16 41
34 42
3 42
23 43
0 43
3 44
0 44
18 45
41 45
45 46
4 46
46 47
41 47
35 48
4 48
0 49
25 49
4 50
49 50
43 51
14 51
2 52
3 52
18 53
28 53
20 54
6 54
20 55
22 55
34 56
14 56
14 57
17 57
5 58
32 58
28 59
55 59
38 60
37 60
57 61
58 61
43 62
1 62
2 63
4 63
9 64
44 64
44 65
5 65
52 66
61 66
36 67
51 67
5 68
4 68
8 69
52 69
56 70
44 70
44 71
16 71
67 72
24 72
7 73
38 73
25 74
4 74
3 75
68 75
32 76
39 76
22 77
18 77
47 78
67 78
31 79
32 79
32 80
24 80
50 81
73 81
3 82
2 82
52 83
4 83
0 84
46 84
68 85
1 85
72 86
44 86
57 87
51 87
5 88
20 88
55 89
87 89
89 90
24 90
6 91
40 91
25 92
21 92
39 93
17 93
11 94
91 94
25 95
0 95
33 96
7 96
68 97
20 97
7 98
68 98
91 99
44 99
34 100
4 100
96 101
86 101
44 102
39 102
35 103
67 103
0 104
58 104
33 105
1 105
16 106
0 106
96 107
81 107
14 108
97 108
11 109
72 109
38 110
46 110
22 111
102 111
6 112
82 112
35 113
15 113
100 114
0 114
5 115
24 115
55 116
64 116
22 117
5 117
111 118
114 118
34 119
94 119
25 120
53 120
35 121
62 121
17 122
0 122
112 123
9 123
122 124
91 124
25 125
27 125
116 126
35 126
49 127
39 127
54 128
5 128
128 129
2 129
77 130
20 130
91 131
47 131
6 132
31 132
17 133
34 133
130 134
44 134
0 135
35 135
7 136
93 136
52 137
95 137
39 138
49 138
3 139
22 139
12 140
24 140
80 141
0 141
5 142
52 142
104 143
43 143
55 144
5 144
77 145
99 145
0 146
25 146
31 147
5 147
141 148
63 148
30 149
34 149
54 150
73 150
96 151
20 151
5 152
28 152
98 153
5 153
20 154
53 154
37 155
0 155
46 156
22 156
4 157
72 157
122 158
82 158
24 159
100 159
5 160
34 160
59 161
159 161
138 162
60 162
86 163
96 163
66 164
91 164
22 165
28 165
131 166
22 166
67 167
113 167
25 168
107 168
15 169
22 169
61 170
138 170
2 171
40 171
25 172
137 172
22 173
1 173
41 174
83 174
24 175
3 175
136 176
41 176
35 177
63 177
5 178
2 178
151 179
5 179
2 180
113 180
162 181
107 181
73 182
35 182
4 183
154 183
49 184
102 184
119 185
15 185
6 186
2 186
111 187
96 187
34 188
148 188
6 189
63 189
24 190
143 190
165 191
116 191
18 192
124 192
185 193
42 193
91 194
24 194
40 195
3 195
5 196
0 196
165 197
174 197
2 198
9 198
4 199
158 199
107 200
71 200
4 201
53 201
81 202
25 202
67 203
58 203
98 204
54 204
9 205
52 205
25 206
0 206
53 207
3 207
87 208
138 208
2 209
45 209
138 210
139 210
5 211
68 211
67 212
209 212
74 213
41 213
43 214
172 214
41 215
53 215
20 216
56 216
209 217
28 217
90 218
201 218
5 219
27 219
67 220
0 220
15 221
30 221
207 222
104 222
13 223
77 223
112 224
78 224
115 225
44 225
165 226
130 226
106 227
201 227
27 228
5 228
44 229
72 229
44 230
56 230
3 231
4 231
51 232
213 232
162 233
73 233
11 234
47 234
19 235
38 235
165 236
2 236
130 237
62 237
4 238
18 238
38 239
99 239
5 240
178 240
43 241
192 241
32 242
145 242
210 243
16 243
207 244
7 244
15 245
16 245
151 246
177 246
217 247
14 247
34 248
198 248
207 249
13 249
1 0
2 0
2 1
3 1
3 0
4 2
4 0
5 0
5 3
6 1
6 3
7 3
7 0
8 0
8 1
9 1
9 6
10 7
10 8
11 1
11 2
12 1
12 4
13 9
13 5
14 4
14 0
15 1
15 2
16 0
16 15
17 2
17 16
18 1
18 3
19 18
19 3
20 13
20 0
21 0
21 9
22 1
22 17
23 20
23 0
24 1
24 18
25 1
25 17
26 6
26 25
27 15
27 18
28 25
28 11
29 12
29 25
30 14
30 1
31 27
31 3
32 1
32 8
33 5
33 26
34 22
34 3
35 17
35 18
36 18
36 14
37 36
37 0
38 7
38 8
39 32
39 30
40 32
40 2
41 38
41 16
42 34
42 3
43 23
43 0
44 3
44 0
45 18
45 41
46 45
46 4
47 46
47 41
48 35
48 4
49 0
49 25
50 4
50 49
51 43
51 14
52 2
52 3
53 18
53 28
54 20
54 6
55 20
55 22
56 34
56 14
57 14
57 17
58 5
58 32
59 28
59 55
60 38
60 37
61 57
61 58
62 43
62 1
63 2
63 4
64 9
64 44
65 44
65 5
66 52
66 61
67 36
67 51
68 5
68 4
69 8
69 52
70 56
70 44
71 44
71 16
72 67
72 24
73 7
73 38
74 25
74 4
75 3
75 68
76 32
76 39
77 22
77 18
78 47
78 67
79 31
79 32
80 32
80 24
81 50
81 73
82 3
82 2
83 52
83 4
84 0
84 46
85 68
85 1
86 72
86 44
87 57
87 51
88 5
88 20
89 55
89 87
90 89
90 24
91 6
91 40
92 25
92 21
93 39
93 17
94 11
94 91
95 25
95 0
96 33
96 7
97 68
97 20
98 7
98 68
99 91
99 44
100 34
100 4
101 96
101 86
102 44
102 39
103 35
103 67
104 0
104 58
105 33
105 1
106 16
106 0
107 96
107 81
108 14
108 97
109 11
109 72
110 38
110 46
111 22
111 102
112 6
112 82
113 35
113 15
114 100
114 0
115 5
115 24
116 55
116 64
117 22
117 5
118 111
118 114
119 34
119 94
120 25
120 53
121 35
121 62
122 17
122 0
123 112
123 9
124 122
124 91
125 25
125 27
126 116
126 35
127 49
127 39
128 54
128 5
129 128
129 2
130 77
130 20
131 91
131 47
132 6
132 31
133 17
133 34
134 130
134 44
135 0
135 35
136 7
136 93
137 52
137 95
138 39
138 49
139 3
139 22
140 12
140 24
141 80
141 0
142 5
142 52
143 104
143 43
144 55
144 5
145 77
145 99
146 0
146 25
147 31
147 5
148 141
148 63
149 30
149 34
150 54
150 73
151 96
151 20
152 5
152 28
153 98
153 5
154 20
154 53
155 37
155 0
156 46
156 22
157 4
157 72
158 122
158 82
159 24
159 100
160 5
160 34
161 59
161 159
162 138
162 60
163 86
163 96
164 66
164 91
165 22
165 28
166 131
166 22
167 67
167 113
168 25
168 107
169 15
169 22
170 61
170 138
171 2
171 40
172 25
172 137
173 22
173 1
174 41
174 83
175 24
175 3
176 136
176 41
177 35
177 63
178 5
178 2
179 151
179 5
180 2
180 113
181 162
181 107
182 73
182 35
183 4
183 154
184 49
184 102
185 119
185 15
186 6
186 2
187 111
187 96
188 34
188 148
189 6
189 63
190 24
190 143
191 165
191 116
192 18
192 124
193 185
193 42
194 91
194 24
195 40
195 3
196 5
196 0
197 165
197 174
198 2
198 9
199 4
199 158
200 107
200 71
201 4
201 53
202 81
202 25
203 67
203 58
204 98
204 54
205 9
205 52
206 25
206 0
207 53
207 3
208 87
208 138
209 2
209 45
210 138
210 139
211 5
211 68
212 67
212 209
213 74
213 41
214 43
214 172
215 41
215 53
216 20
216 56
217 209
217 28
218 90
218 201
219 5
219 27
220 67
220 0
221 15
221 30
222 207
222 104
223 13
223 77
224 112
224 78
225 115
225 44
226 165
226 130
227 106
227 201
228 27
228 5
229 44
229 72
230 44
230 56
231 3
231 4
232 51
232 213
233 162
233 73
234 11
234 47
235 19
235 38
236 165
236 2
237 130
237 62
238 4
238 18
239 38
239 99
240 5
240 178
241 43
241 192
242 32
242 145
243 210
243 16
244 207
244 7
245 15
245 16
246 151
246 177
247 217
247 14
248 34
248 198
249 207
249 13
0 1 0 1 0 0 1 1 1 0 1 0 1 0 1 0 0 0 1 0 0 1 1 1 1 1 0 0 0 1 0 0 0 0 0 1 1 0 1 0 1 0 0 0 0 1 1 1 1 0 0 1 0 0 0 0 1 0 1 1 1 1 1 1 1 0 0 1 1 0 0 0 0 1 0 1 0 0 1 1 0 1 0 1 0 1 1 0 0 1 0 1 1 0 1 1 0 0 1 1 0 0 0 1 0 1 1 1 1 0 0 0 0 1 1 0 0 0 0 1 1 0 1 1 1 0 1 1 1 1 0 0 0 0 0 1 0 1 1 1 1 0 1 0 0 0 1 1 0 0 1 0 1 1 0 0 0 0 0 1 0 0 1 0 1 0 0 0 0 1 0 1 0 1 0 1 0 1 1 0 1 1 1 1 0 0 1 0 0 0 0 1 0 0 0 0 0 0 1 0 0 0 1 0 1 1 1 0 1 1 1 0 0 1 0 1 0 1 1 0 1 0 0 0 0 0 1 0 1 1 1 0 0 1 1 1 1 1 0 1 0 1 1 0 0 0 1 0 0 1
0 1 1 0 1 1 1 1 0 1 0 1 1 0 0 0 1 1 1 0 1 0 0 0 0 0 1 1 1 1 1 0 1 0 1 0 1 1 0 0 0 1 1 1 1 0 1 0 0 1 0 1 1 1 0 0 0 0 0 1 0 1 0 0 1 0 0 1 0 0 0 0 1 0 0 0 0 1 0 0 1 0 1 1 0 0 1 1 0 1 1 0 1 0 1 0 1 1 0 1 0 0 0 1 1 0 0 1 1 1 0 0 1 1 0 1 1 1 1 0 0 0 1 0 0 0 1 0 0 1 0 1 1 0 1 0 1 1 1 0 1 0 1 0 1 0 1 0 0 0 1 0 1 1 1 0 0 1 1 0 0 1 0 0 1 0 1 0 1 0 1 0 0 0 1 0 0 0 0 0 1 0 0 0 0 0 1 1 0 0 1 1 1 1 1 0 1 1 1 1 1 1 0 1 0 1 0 0 1 1 1 0 1 0 0 0 0 0 1 1 1 1 0 0 0 1 0 0 0 1 1 1 0 0 0 1 1 1 1 0 1 1 0 0 0 0 0 0 1 0
0 1 0 0 1 0 0 1 0 1 1 0 0 0 1 1 1 0 1 0 1 0 1 1 0 0 1 1 1 0 0 1 1 1 1 0 1 1 0 0 1 1 1 0 1 0 0 0 0 0 1 0 1 0 1 1 0 0 1 1 0 1 0 1 1 1 1 0 0 0 1 1 0 0 0 1 0 0 1 1 1 1 1 0 1 1 0 0 1 1 0 0 1 0 0 1 1 1 1 0 1 0 1 0 0 0 1 1 1 0 1 1 0 1 0 1 1 1 1 0 1 0 1 1 0 1 0 1 0 1 1 1 0 1 1 0 0 1 0 1 1 1 0 0 0 0 0 1 1 1 0 0 0 0 0 1 0 0 0 1 0 0 0 1 0 1 1 0 0 0 1 1 1 1 0 1 0 1 0 0 0 0 1 0 1 0 0 1 1 1 0 1 0 1 1 0 0 0 1 0 0 0 0 1 1 1 0 0 0 1 0 1 1 1 1 0 0 1 0 1 1 0 1 0 0 1 1 1 1 1 0 1 1 0 0 0 1 0 1 1 0 1 0 1 0 1 1 1 1 1
1 1 0 0 0 1 0 1 0 1 1 0 0 1 0 1 1 1 1 1 0 1 1 0 0 1 0 0 1 0 0 0 0 1 1 0 1 0 0 0 1 0 1 1 1 1 1 1 0 0 1 0 1 1 0 0 1 1 0 1 1 1 0 0 0 1 0 1 1 1 0 0 1 1 0 0 1 0 1 0 0 0 1 1 0 1 1 1 1 0 0 0 0 1 1 1 0 1 1 0 0 1 0 1 0 0 0 1 0 1 0 0 1 1 1 0 1 1 0 0 0 1 0 0 1 1 0 0 0 0 0 0 1 0 0 1 1 1 0 1 0 1 1 0 0 0 0 0 0 1 1 1 1 0 0 0 1 0 1 0 0 1 1 1 1 1 1 0 0 0 0 1 1 0 0 0 0 0 0 1 1 1 0 1 0 1 1 0 0 1 1 1 1 0 1 0 0 0 0 1 0 0 1 1 0 1 0 0 1 0 0 1 0 1 1 1 0 1 0 0 1 0 0 0 1 1 1 0 0 1 0 0 1 0 0 1 1 0 0 1 1 1 1 0 0 0 1 1 0 1
0 0 1 1 1 0 1 1 0 1 1 1 1 1 1 1 1 0 0 1 1 1 0 1 0 0 1 0 1 0 0 0 1 0 1 1 1 1 1 1 0 1 0 1 0 0 1 1 1 0 1 1 0 1 0 0 0 0 1 0 1 0 0 0 1 1 0 1 1 0 0 1 0 1 1 1 0 1 0 1 0 0 0 0 0 1 1 1 1 1 0 0 1 0 0 0 1 0 0 0 0 1 1 1 1 0 1 0 0 0 1 1 1 0 1 0 0 1 1 0 1 0 1 1 1 1 0 1 1 0 1 0 0 0 1 0 1 0 1 0 0 1 1 1 1 0 0 0 1 1 0 0 1 1 1 1 0 1 0 0 1 1 0 0 1 0 1 0 1 1 0 0 0 1 0 0 1 1 0 0 0 0 0 0 1 1 1 1 0 0 1 1 1 1 0 0 1 0 1 1 1 1 1 1 1 0 1 0 0 1 1 0 0 0 0 0 0 1 1 1 1 1 0 1 1 1 0 1 1 0 1 0 0 0 0 1 0 1 1 1 0 0 0 0 0 1 0 0 1 1