250 994 5
0 1
0 2
1 2
1 3
2 3
2 4
1 4
0 5
3 5
3 6
0 6
1 7
3 7
2 8
7 8
2 9
4 9
8 10
0 10
7 11
2 11
11 12
7 12
9 13
12 13
8 14
0 14
7 15
2 15
8 16
9 16
1 17
2 17
2 18
6 18
15 19
9 19
9 20
14 20
2 21
8 21
0 22
14 22
8 23
22 23
6 24
0 24
16 25
10 25
6 26
3 26
8 27
0 27
17 28
4 28
12 29
9 29
11 30
2 30
19 31
16 31
2 32
3 32
6 33
2 33
5 34
7 34
3 35
8 35
23 36
7 36
18 37
2 37
8 38
3 38
35 39
26 39
25 40
9 40
36 41
16 41
24 42
38 42
3 43
10 43
30 44
32 44
26 45
0 45
5 46
11 46
42 47
30 47
1 48
38 48
12 49
41 49
2 50
11 50
36 51
23 51
18 52
0 52
9 53
13 53
8 54
42 54
8 55
6 55
3 56
6 56
7 57
1 57
26 58
22 58
23 59
33 59
2 60
16 60
6 61
47 61
1 62
8 62
43 63
10 63
22 64
2 64
6 65
8 65
3 66
11 66
7 67
18 67
1 68
12 68
37 69
9 69
23 70
43 70
12 71
8 71
60 72
18 72
41 73
64 73
62 74
61 74
8 75
34 75
38 76
2 76
2 77
71 77
1 78
38 78
21 79
9 79
3 80
5 80
12 81
25 81
75 82
37 82
25 83
13 83
2 84
23 84
8 85
81 85
8 86
58 86
8 87
23 87
18 88
5 88
43 89
4 89
2 90
4 90
20 91
11 91
46 92
72 92
37 93
8 93
26 94
18 94
17 95
18 95
2 96
9 96
2 97
40 97
17 98
75 98
9 99
79 99
82 100
27 100
32 101
64 101
55 102
13 102
27 103
87 103
22 104
8 104
41 105
6 105
96 106
85 106
19 107
22 107
38 108
17 108
23 109
13 109
86 110
59 110
6 111
67 111
36 112
107 112
8 113
52 113
41 114
2 114
101 115
67 115
34 116
3 116
59 117
0 117
37 118
34 118
40 119
95 119
13 120
17 120
102 121
7 121
112 122
70 122
43 123
91 123
22 124
60 124
84 125
89 125
63 126
89 126
101 127
11 127
38 128
84 128
2 129
95 129
95 130
42 130
103 131
80 131
7 132
86 132
74 133
58 133
121 134
44 134
5 135
38 135
0 136
113 136
18 137
57 137
115 138
38 138
100 139
2 139
3 140
4 140
16 141
68 141
2 142
73 142
14 143
17 143
56 144
29 144
139 145
50 145
39 146
43 146
7 147
6 147
10 148
37 148
22 149
135 149
38 150
5 150
75 151
55 151
121 152
19 152
98 153
1 153
111 154
9 154
22 155
84 155
2 156
144 156
75 157
118 157
11 158
83 158
117 159
12 159
13 160
140 160
0 161
2 161
116 162
86 162
148 163
25 163
6 164
159 164
69 165
39 165
41 166
40 166
69 167
30 167
38 168
0 168
27 169
61 169
103 170
46 170
54 171
8 171
147 172
2 172
43 173
9 173
170 174
22 174
98 175
59 175
11 176
53 176
81 177
61 177
18 178
67 178
57 179
64 179
80 180
9 180
19 181
126 181
179 182
7 182
114 183
56 183
84 184
5 184
100 185
28 185
89 186
59 186
7 187
155 187
38 188
28 188
14 189
52 189
96 190
187 190
50 191
65 191
81 192
69 192
101 193
169 193
12 194
94 194
111 195
19 195
106 196
25 196
130 197
49 197
38 198
193 198
28 199
18 199
23 200
13 200
165 201
72 201
164 202
48 202
161 203
118 203
84 204
134 204
65 205
133 205
58 206
126 206
140 207
24 207
59 208
17 208
100 209
8 209
127 210
43 210
160 211
37 211
99 212
65 212
11 213
166 213
55 214
174 214
94 215
75 215
3 216
7 216
165 217
184 217
3 218
113 218
25 219
68 219
100 220
4 220
32 221
87 221
134 222
191 222
190 223
41 223
108 224
221 224
9 225
173 225
2 226
115 226
93 227
119 227
8 228
83 228
226 229
88 229
27 230
8 230
153 231
120 231
41 232
187 232
143 233
30 233
16 234
201 234
77 235
17 235
77 236
199 236
22 237
3 237
150 238
211 238
18 239
30 239
213 240
67 240
199 241
48 241
218 242
77 242
103 243
61 243
9 244
37 244
7 245
205 245
3 246
106 246
115 247
40 247
34 248
147 248
88 249
140 249
1 0
2 0
2 1
3 1
3 2
4 2
4 1
5 0
5 3
6 3
6 0
7 1
7 3
8 2
8 7
9 2
9 4
10 8
10 0
11 7
11 2
12 11
12 7
13 9
13 12
14 8
14 0
15 7
15 2
16 8
16 9
17 1
17 2
18 2
18 6
19 15
19 9
20 9
20 14
21 2
21 8
22 0
22 14
23 8
23 22
24 6
24 0
25 16
25 10
26 6
26 3
27 8
27 0
28 17
28 4
29 12
29 9
30 11
30 2
31 19
31 16
32 2
32 3
33 6
33 2
34 5
34 7
35 3
35 8
36 23
36 7
37 18
37 2
38 8
38 3
39 35
39 26
40 25
40 9
41 36
41 16
42 24
42 38
43 3
43 10
44 30
44 32
45 26
45 0
46 5
46 11
47 42
47 30
48 1
48 38
49 12
49 41
50 2
50 11
51 36
51 23
52 18
52 0
53 9
53 13
54 8
54 42
55 8
55 6
56 3
56 6
57 7
57 1
58 26
58 22
59 23
59 33
60 2
60 16
61 6
61 47
62 1
62 8
63 43
63 10
64 22
64 2
65 6
65 8
66 3
66 11
67 7
67 18
68 1
68 12
69 37
69 9
70 23
70 43
71 12
71 8
72 60
72 18
73 41
73 64
74 62
74 61
75 8
75 34
76 38
76 2
77 2
77 71
78 1
78 38
79 21
79 9
80 3
80 5
81 12
81 25
82 75
82 37
83 25
83 13
84 2
84 23
85 8
85 81
86 8
86 58
87 8
87 23
88 18
88 5
89 43
89 4
90 2
90 4
91 20
91 11
92 46
92 72
93 37
93 8
94 26
94 18
95 17
95 18
96 2
96 9
97 2
97 40
98 17
98 75
99 9
99 79
100 82
100 27
101 32
101 64
102 55
102 13
103 27
103 87
104 22
104 8
105 41
105 6
106 96
106 85
107 19
107 22
108 38
108 17
109 23
109 13
110 86
110 59
111 6
111 67
112 36
112 107
113 8
113 52
114 41
114 2
115 101
115 67
116 34
116 3
117 59
117 0
118 37
118 34
119 40
119 95
120 13
120 17
121 102
121 7
122 112
122 70
123 43
123 91
124 22
124 60
125 84
125 89
126 63
126 89
127 101
127 11
128 38
128 84
129 2
129 95
130 95
130 42
131 103
131 80
132 7
132 86
133 74
133 58
134 121
134 44
135 5
135 38
136 0
136 113
137 18
137 57
138 115
138 38
139 100
139 2
140 3
140 4
141 16
141 68
142 2
142 73
143 14
143 17
144 56
144 29
145 139
145 50
146 39
146 43
147 7
147 6
148 10
148 37
149 22
149 135
150 38
150 5
151 75
151 55
152 121
152 19
153 98
153 1
154 111
154 9
155 22
155 84
156 2
156 144
157 75
157 118
158 11
158 83
159 117
159 12
160 13
160 140
161 0
161 2
162 116
162 86
163 148
163 25
164 6
164 159
165 69
165 39
166 41
166 40
167 69
167 30
168 38
168 0
169 27
169 61
170 103
170 46
171 54
171 8
172 147
172 2
173 43
173 9
174 170
174 22
175 98
175 59
176 11
176 53
177 81
177 61
178 18
178 67
179 57
179 64
180 80
180 9
181 19
181 126
182 179
182 7
183 114
183 56
184 84
184 5
185 100
185 28
186 89
186 59
187 7
187 155
188 38
188 28
189 14
189 52
190 96
190 187
191 50
191 65
192 81
192 69
193 101
193 169
194 12
194 94
195 111
195 19
196 106
196 25
197 130
197 49
198 38
198 193
199 28
199 18
200 23
200 13
201 165
201 72
202 164
202 48
203 161
203 118
204 84
204 134
205 65
205 133
206 58
206 126
207 140
207 24
208 59
208 17
209 100
209 8
210 127
210 43
211 160
211 37
212 99
212 65
213 11
213 166
214 55
214 174
215 94
215 75
216 3
216 7
217 165
217 184
218 3
218 113
219 25
219 68
220 100
220 4
221 32
221 87
222 134
222 191
223 190
223 41
224 108
224 221
225 9
225 173
226 2
226 115
227 93
227 119
228 8
228 83
229 226
229 88
230 27
230 8
231 153
231 120
232 41
232 187
233 143
233 30
234 16
234 201
235 77
235 17
236 77
236 199
237 22
237 3
238 150
238 211
239 18
239 30
240 213
240 67
241 199
241 48
242 218
242 77
243 103
243 61
244 9
244 37
245 7
245 205
246 3
246 106
247 115
247 40
248 34
248 147
249 88
249 140
1 1 1 0 0 1 0 0 0 1 0 0 1 0 1 0 0 0 1 1 0 0 1 0 0 1 0 1 0 1 1 1 0 1 0 0 0 1 0 0 0 1 1 1 1 0 1 1 0 1 0 1 1 1 0 1 0 1 0 1 0 0 0 1 1 0 0 0 0 1 1 0 0 1 1 1 0 0 0 1 1 0 0 0 0 0 1 0 0 0 1 0 1 0 0 0 1 1 1 0 1 0 0 1 0 1 1 0 0 1 1 1 1 0 0 0 1 1 1 0 1 0 0 1 1 1 1 1 1 1 0 0 0 0 0 0 0 0 0 0 0 0 0 1 0 0 0 0 0 1 1 0 0 1 0 1 0 0 1 0 0 1 1 1 1 0 0 0 1 0 1 0 1 1 1 0 0 1 1 0 0 1 1 0 1 0 0 1 0 0 1 0 0 0 1 1 0 1 1 1 0 0 0 1 0 1 0 0 0 1 0 0 1 1 0 1 1 0 1 1 1 0 1 0 0 0 1 0 1 0 0 1 1 0 1 1 1 1 0 1 1 1 1 1 1 1 0 1 0 1
0 1 0 0 1 1 1 0 0 1 0 0 0 1 0 0 0 0 1 1 1 1 1 0 0 0 0 0 1 1 1 0 1 1 1 0 1 1 1 1 0 1 0 0 1 0 1 0 1 1 1 1 0 0 0 0 0 0 0 0 1 0 1 1 0 1 0 1 0 0 0 0 0 0 0 1 1 0 1 0 1 0 1 0 0 0 1 1 1 1 1 1 0 0 0 0 0 1 1 1 0 1 0 0 0 1 0 1 0 1 0 1 0 1 1 1 0 1 0 1 0 1 0 0 0 0 0 0 0 0 1 0 1 0 1 1 1 1 0 1 0 0 0 0 0 0 0 1 0 1 0 1 0 0 0 1 1 0 1 1 1 1 0 1 1 0 1 0 1 1 1 0 0 0 0 0 0 1 0 0 0 1 0 1 1 0 1 0 0 1 1 0 0 1 1 0 1 0 0 1 1 1 1 0 0 1 0 1 0 1 1 0 1 1 0 1 1 0 0 1 0 0 1 0 0 0 1 0 0 0 1 0 1 1 0 1 1 1 0 0 1 0 0 0 1 1 1 0 1 1
1 0 0 1 0 1 0 0 0 1 0 0 0 1 0 1 0 0 1 0 0 0 1 1 1 1 1 0 1 0 0 1 1 0 0 0 0 0 1 1 1 1 0 1 1 0 0 1 0 0 0 1 1 1 1 0 1 0 0 1 0 0 0 0 0 1 0 0 0 0 1 0 0 1 1 0 1 1 1 1 1 0 0 0 1 1 0 0 0 0 1 1 1 0 1 0 1 1 0 0 0 0 1 1 0 1 0 0 0 0 1 1 0 0 0 0 0 1 0 0 1 1 1 1 1 0 1 1 1 0 0 0 0 1 0 1 1 1 0 1 0 0 1 1 1 1 0 0 1 1 1 1 1 0 0 0 1 1 1 0 1 0 1 0 0 0 0 0 0 0 1 0 0 1 0 1 1 1 1 0 1 1 0 1 1 1 0 0 0 1 0 0 1 1 1 0 0 0 0 1 1 0 0 0 0 1 0 1 1 1 1 0 1 0 0 1 1 1 1 0 0 0 0 1 0 1 0 1 1 0 0 0 1 0 0 0 0 1 1 0 1 1 1 1 0 1 0 0 0 1
0 1 1 1 0 0 1 0 1 0 0 0 0 0 0 1 0 1 1 0 1 1 0 1 0 0 0 0 0 1 0 0 1 0 0 1 1 1 0 0 1 0 1 0 0 0 1 0 1 0 0 1 0 0 0 1 1 1 0 1 0 0 1 0 1 1 1 1 1 1 1 0 0 0 0 0 0 1 1 0 0 0 0 0 1 1 0 0 0 1 1 0 0 1 0 1 1 1 1 0 0 1 1 0 0 1 0 1 1 1 0 1 1 0 0 0 0 0 0 0 0 0 1 0 0 0 0 1 1 0 1 0 0 0 1 1 1 1 0 0 1 1 0 0 0 1 1 0 0 1 0 0 1 0 0 1 1 1 1 1 1 0 0 1 0 0 0 0 1 1 0 1 1 1 0 1 1 0 1 0 0 0 1 0 1 1 0 1 1 0 0 0 1 0 1 0 1 0 0 1 1 0 1 0 0 1 1 1 1 0 0 0 1 1 1 0 0 1 0 0 0 1 0 1 0 0 0 1 0 1 1 1 1 0 1 1 0 0 1 0 1 1 1 0 0 1 1 0 1 1
1 1 0 0 1 0 0 0 0 1 0 1 1 0 1 1 0 1 0 0 1 0 1 0 0 0 1 0 0 1 1 1 0 0 1 0 0 1 0 0 1 1 0 0 0 1 0 0 1 1 0 0 0 1 0 0 1 0 0 1 0 0 0 1 0 0 0 1 1 1 1 1 0 1 0 1 0 1 1 0 0 0 0 0 1 1 0 0 0 1 1 0 1 0 1 0 0 1 1 0 0 1 1 0 0 1 0 0 0 1 0 1 0 1 1 1 1 1 1 1 1 0 1 1 1 0 1 1 0 0 0 1 0 1 1 0 0 1 1 1 0 0 1 0 1 1 1 1 0 1 1 1 1 0 1 0 1 0 0 0 1 0 1 0 0 1 0 1 1 1 0 1 1 1 1 0 1 1 0 0 1 1 1 0 1 0 0 1 1 0 1 0 0 0 0 0 1 1 1 1 1 1 1 1 0 0 1 0 0 1 1 1 1 1 1 0 0 1 0 1 0 0 0 1 0 0 1 0 1 0 0 0 0 0 1 1 1 1 1 0 1 0 1 1 1 0 0 1 0 0