100 588 5
0 1
0 2
1 2
0 3
1 3
2 3
2 4
1 4
0 4
4 5
0 5
3 5
4 6
3 6
1 6
0 7
5 7
2 7
4 8
0 8
1 8
4 9
5 9
0 9
7 10
1 10
9 10
6 11
4 11
0 11
4 12
3 12
7 12
7 13
10 13
5 13
3 14
10 14
11 14
11 15
14 15
1 15
12 16
11 16
6 16
4 17
14 17
2 17
16 18
8 18
7 18
5 19
0 19
3 19
8 20
1 20
5 20
4 21
7 21
11 21
3 22
12 22
11 22
1 23
4 23
5 23
2 24
0 24
1 24
5 25
13 25
4 25
18 26
11 26
19 26
0 27
4 27
5 27
6 28
14 28
7 28
3 29
1 29
18 29
25 30
19 30
11 30
4 31
16 31
29 31
25 32
5 32
8 32
8 33
21 33
13 33
30 34
24 34
4 34
5 35
25 35
29 35
2 36
3 36
12 36
23 37
17 37
35 37
5 38
1 38
20 38
38 39
27 39
0 39
38 40
11 40
4 40
2 41
3 41
4 41
24 42
1 42
18 42
29 43
19 43
13 43
15 44
2 44
31 44
21 45
7 45
30 45
3 46
8 46
1 46
14 47
4 47
2 47
4 48
41 48
14 48
25 49
1 49
30 49
31 50
6 50
8 50
17 51
12 51
4 51
1 52
4 52
14 52
30 53
4 53
11 53
13 54
22 54
4 54
45 55
14 55
2 55
4 56
43 56
55 56
4 57
41 57
1 57
16 58
44 58
4 58
56 59
14 59
3 59
54 60
4 60
5 60
45 61
24 61
2 61
23 62
13 62
27 62
14 63
5 63
19 63
41 64
7 64
31 64
12 65
44 65
23 65
9 66
30 66
36 66
1 67
3 67
55 67
35 68
22 68
26 68
4 69
41 69
5 69
32 70
1 70
14 70
26 71
4 71
38 71
56 72
38 72
7 72
9 73
10 73
11 73
53 74
33 74
29 74
32 75
2 75
1 75
3 76
40 76
33 76
12 77
25 77
21 77
1 78
72 78
54 78
20 79
10 79
12 79
5 80
29 80
14 80
12 81
17 81
54 81
6 82
75 82
5 82
33 83
4 83
11 83
16 84
53 84
11 84
19 85
23 85
1 85
1 86
25 86
7 86
20 87
14 87
17 87
55 88
13 88
2 88
36 89
35 89
34 89
50 90
0 90
74 90
72 91
2 91
90 91
29 92
4 92
35 92
7 93
20 93
88 93
6 94
53 94
14 94
18 95
7 95
65 95
27 96
22 96
12 96
59 97
54 97
37 97
12 98
3 98
88 98
5 99
0 99
84 99
1 0
2 0
2 1
3 0
3 1
3 2
4 2
4 1
4 0
5 4
5 0
5 3
6 4
6 3
6 1
7 0
7 5
7 2
8 4
8 0
8 1
9 4
9 5
9 0
10 7
10 1
10 9
11 6
11 4
11 0
12 4
12 3
12 7
13 7
13 10
13 5
14 3
14 10
14 11
15 11
15 14
15 1
16 12
16 11
16 6
17 4
17 14
17 2
18 16
18 8
18 7
19 5
19 0
19 3
20 8
20 1
20 5
21 4
21 7
21 11
22 3
22 12
22 11
23 1
23 4
23 5
24 2
24 0
24 1
25 5
25 13
25 4
26 18
26 11
26 19
27 0
27 4
27 5
28 6
28 14
28 7
29 3
29 1
29 18
30 25
30 19
30 11
31 4
31 16
31 29
32 25
32 5
32 8
33 8
33 21
33 13
34 30
34 24
34 4
35 5
35 25
35 29
36 2
36 3
36 12
37 23
37 17
37 35
38 5
38 1
38 20
39 38
39 27
39 0
40 38
40 11
40 4
41 2
41 3
41 4
42 24
42 1
42 18
43 29
43 19
43 13
44 15
44 2
44 31
45 21
45 7
45 30
46 3
46 8
46 1
47 14
47 4
47 2
48 4
48 41
48 14
49 25
49 1
49 30
50 31
50 6
50 8
51 17
51 12
51 4
52 1
52 4
52 14
53 30
53 4
53 11
54 13
54 22
54 4
55 45
55 14
55 2
56 4
56 43
56 55
57 4
57 41
57 1
58 16
58 44
58 4
59 56
59 14
59 3
60 54
60 4
60 5
61 45
61 24
61 2
62 23
62 13
62 27
63 14
63 5
63 19
64 41
64 7
64 31
65 12
65 44
65 23
66 9
66 30
66 36
67 1
67 3
67 55
68 35
68 22
68 26
69 4
69 41
69 5
70 32
70 1
70 14
71 26
71 4
71 38
72 56
72 38
72 7
73 9
73 10
73 11
74 53
74 33
74 29
75 32
75 2
75 1
76 3
76 40
76 33
77 12
77 25
77 21
78 1
78 72
78 54
79 20
79 10
79 12
80 5
80 29
80 14
81 12
81 17
81 54
82 6
82 75
82 5
83 33
83 4
83 11
84 16
84 53
84 11
85 19
85 23
85 1
86 1
86 25
86 7
87 20
87 14
87 17
88 55
88 13
88 2
89 36
89 35
89 34
90 50
90 0
90 74
91 72
91 2
91 90
92 29
92 4
92 35
93 7
93 20
93 88
94 6
94 53
94 14
95 18
95 7
95 65
96 27
96 22
96 12
97 59
97 54
97 37
98 12
98 3
98 88
99 5
99 0
99 84
1 1 1 1 1 1 0 0 1 0 0 0 0 1 0 1 1 1 1 0 0 1 0 1 1 1 0 0 1 1 1 0 1 1 1 1 1 0 0 1 0 0 0 1 0 1 1 1 1 0 1 1 0 1 0 0 0 1 1 1 1 1 0 1 1 0 0 0 0 0 1 1 1 1 1 1 0 0 1 0 1 1 0 0 1 0 0 1 0 0 1 1 1 1 1 1 1 1 1 0
0 0 1 0 0 1 1 0 1 0 1 0 1 0 0 0 0 0 0 0 1 0 0 1 0 1 0 0 1 1 0 0 0 1 1 0 1 0 1 0 0 1 0 0 1 1 1 0 0 1 0 0 1 0 0 1 1 0 1 0 0 1 1 1 1 1 1 1 1 0 1 1 1 0 1 0 0 0 0 0 0 0 0 0 1 1 1 0 0 0 0 0 1 0 1 1 1 0 1 1
0 1 0 0 1 1 1 1 1 1 1 1 0 0 0 1 1 0 0 1 0 1 0 1 0 1 0 0 1 0 1 0 1 0 1 0 1 1 1 1 0 0 0 1 1 1 1 1 1 0 0 1 0 0 1 1 1 0 0 0 1 0 0 0 0 0 0 1 1 0 0 0 0 0 1 0 0 0 0 0 0 0 1 1 0 0 1 1 0 0 0 1 1 1 0 1 0 1 1 1
0 0 0 0 0 0 1 1 1 0 1 1 0 1 0 0 0 0 1 0 1 0 1 1 0 1 0 1 1 1 1 0 0 1 0 1 0 0 1 0 1 1 1 1 0 1 1 1 0 0 1 0 0 0 1 1 0 0 0 1 1 0 1 1 0 1 0 1 0 0 1 1 0 0 1 0 0 0 0 0 1 1 1 1 0 0 1 0 1 0 1 1 0 0 0 0 1 0 0 0
1 0 0 1 1 1 0 1 0 0 0 0 0 1 0 0 1 1 1 1 0 0 1 0 0 0 1 1 1 0 1 1 1 0 1 0 1 1 0 1 1 1 0 0 0 0 0 1 1 1 1 0 1 1 0 1 1 1 0 1 1 0 0 0 1 1 1 0 1 1 0 1 1 1 1 0 0 0 1 0 0 0 0 0 0 1 1 1 0 0 1 0 1 1 1 1 0 0 1 1