100 588 5
0 1
0 2
1 2
0 3
1 3
2 3
1 4
3 4
0 4
4 5
0 5
1 5
1 6
0 6
4 6
4 7
5 7
1 7
1 8
2 8
4 8
1 9
0 9
8 9
6 10
3 10
1 10
4 11
6 11
7 11
8 12
2 12
0 12
4 13
2 13
1 13
9 14
6 14
1 14
7 15
9 15
14 15
7 16
15 16
1 16
16 17
8 17
5 17
9 18
1 18
0 18
5 19
15 19
0 19
1 20
14 20
3 20
4 21
1 21
7 21
10 22
1 22
0 22
8 23
14 23
21 23
10 24
21 24
4 24
7 25
10 25
11 25
8 26
1 26
9 26
10 27
16 27
3 27
15 28
17 28
13 28
1 29
14 29
13 29
0 30
9 30
25 30
1 31
10 31
27 31
15 32
4 32
26 32
8 33
14 33
4 33
0 34
5 34
11 34
9 35
23 35
11 35
3 36
1 36
14 36
24 37
12 37
2 37
11 38
6 38
14 38
20 39
3 39
6 39
26 40
15 40
24 40
27 41
7 41
1 41
0 42
6 42
34 42
2 43
11 43
9 43
6 44
3 44
4 44
8 45
24 45
32 45
9 46
34 46
41 46
11 47
4 47
21 47
3 48
42 48
11 48
9 49
1 49
8 49
1 50
23 50
11 50
49 51
43 51
7 51
9 52
1 52
34 52
8 53
40 53
5 53
36 54
5 54
47 54
50 55
11 55
43 55
0 56
26 56
6 56
39 57
14 57
1 57
8 58
23 58
1 58
4 59
48 59
1 59
44 60
9 60
24 60
58 61
10 61
3 61
12 62
30 62
9 62
24 63
7 63
52 63
32 64
62 64
9 64
25 65
1 65
14 65
53 66
25 66
30 66
4 67
55 67
58 67
58 68
4 68
15 68
20 69
53 69
14 69
0 70
9 70
17 70
6 71
10 71
9 71
30 72
15 72
57 72
65 73
64 73
3 73
7 74
13 74
30 74
1 75
39 75
32 75
1 76
15 76
3 76
8 77
48 77
40 77
18 78
13 78
10 78
14 79
1 79
0 79
65 80
14 80
46 80
11 81
58 81
1 81
32 82
39 82
12 82
25 83
44 83
47 83
20 84
64 84
43 84
80 85
14 85
4 85
25 86
10 86
4 86
81 87
3 87
48 87
11 88
40 88
75 88
16 89
83 89
36 89
65 90
75 90
53 90
9 91
35 91
11 91
78 92
17 92
58 92
2 93
0 93
20 93
38 94
15 94
1 94
74 95
43 95
55 95
45 96
7 96
60 96
35 97
47 97
70 97
70 98
45 98
20 98
17 99
8 99
13 99
1 0
2 0
2 1
3 0
3 1
3 2
4 1
4 3
4 0
5 4
5 0
5 1
6 1
6 0
6 4
7 4
7 5
7 1
8 1
8 2
8 4
9 1
9 0
9 8
10 6
10 3
10 1
11 4
11 6
11 7
12 8
12 2
12 0
13 4
13 2
13 1
14 9
14 6
14 1
15 7
15 9
15 14
16 7
16 15
16 1
17 16
17 8
17 5
18 9
18 1
18 0
19 5
19 15
19 0
20 1
20 14
20 3
21 4
21 1
21 7
22 10
22 1
22 0
23 8
23 14
23 21
24 10
24 21
24 4
25 7
25 10
25 11
26 8
26 1
26 9
27 10
27 16
27 3
28 15
28 17
28 13
29 1
29 14
29 13
30 0
30 9
30 25
31 1
31 10
31 27
32 15
32 4
32 26
33 8
33 14
33 4
34 0
34 5
34 11
35 9
35 23
35 11
36 3
36 1
36 14
37 24
37 12
37 2
38 11
38 6
38 14
39 20
39 3
39 6
40 26
40 15
40 24
41 27
41 7
41 1
42 0
42 6
42 34
43 2
43 11
43 9
44 6
44 3
44 4
45 8
45 24
45 32
46 9
46 34
46 41
47 11
47 4
47 21
48 3
48 42
48 11
49 9
49 1
49 8
50 1
50 23
50 11
51 49
51 43
51 7
52 9
52 1
52 34
53 8
53 40
53 5
54 36
54 5
54 47
55 50
55 11
55 43
56 0
56 26
56 6
57 39
57 14
57 1
58 8
58 23
58 1
59 4
59 48
59 1
60 44
60 9
60 24
61 58
61 10
61 3
62 12
62 30
62 9
63 24
63 7
63 52
64 32
64 62
64 9
65 25
65 1
65 14
66 53
66 25
66 30
67 4
67 55
67 58
68 58
68 4
68 15
69 20
69 53
69 14
70 0
70 9
70 17
71 6
71 10
71 9
72 30
72 15
72 57
73 65
73 64
73 3
74 7
74 13
74 30
75 1
75 39
75 32
76 1
76 15
76 3
77 8
77 48
77 40
78 18
78 13
78 10
79 14
79 1
79 0
80 65
80 14
80 46
81 11
81 58
81 1
82 32
82 39
82 12
83 25
83 44
83 47
84 20
84 64
84 43
85 80
85 14
85 4
86 25
86 10
86 4
87 81
87 3
87 48
88 11
88 40
88 75
89 16
89 83
89 36
90 65
90 75
90 53
91 9
91 35
91 11
92 78
92 17
92 58
93 2
93 0
93 20
94 38
94 15
94 1
95 74
95 43
95 55
96 45
96 7
96 60
97 35
97 47
97 70
98 70
98 45
98 20
99 17
99 8
99 13
0 0 1 1 0 1 0 0 0 1 1 0 1 0 0 0 0 0 0 1 0 1 0 0 1 1 1 0 0 0 0 0 0 0 0 1 1 0 0 0 1 1 1 0 1 1 1 1 1 1 0 1 0 1 0 0 1 1 1 0 1 0 0 1 0 1 1 1 0 0 1 1 1 1 0 1 1 0 1 0 0 0 0 1 0 1 1 1 1 0 0 0 1 1 0 1 0 1 0 1
0 0 1 0 1 1 0 1 0 0 0 0 0 1 1 0 0 1 0 0 1 1 0 1 1 1 0 1 1 0 1 0 0 0 0 1 1 1 0 1 0 1 0 1 1 1 1 0 1 0 0 0 1 0 0 0 1 0 0 1 0 0 1 0 0 0 0 1 0 1 0 1 0 0 0 1 1 0 0 0 1 1 1 0 1 1 1 1 0 1 0 1 0 1 0 0 1 0 0 0
1 0 1 1 1 0 1 0 0 1 1 1 1 0 0 1 1 1 0 0 0 0 0 1 0 1 0 1 0 1 1 1 0 0 1 0 1 0 1 0 0 0 1 0 1 0 1 0 0 1 1 0 0 1 0 0 0 1 0 1 0 0 1 0 0 1 1 1 0 0 0 0 1 1 1 1 1 1 1 1 0 1 0 1 0 1 1 1 1 0 1 1 0 1 1 1 1 0 0 1
0 1 0 1 1 1 0 1 1 1 0 0 1 0 0 1 1 0 0 1 1 0 1 1 1 0 0 1 0 1 1 0 1 0 1 0 0 1 1 0 0 0 0 1 0 0 1 1 0 1 1 1 0 0 1 1 0 0 1 0 0 1 0 0 1 1 1 0 1 0 1 1 0 1 1 1 0 0 0 1 0 0 1 1 0 1 0 0 1 0 0 1 0 1 0 0 0 0 1 1
0 0 1 1 1 1 0 1 0 1 1 1 1 1 0 1 0 0 1 0 0 0 1 0 0 0 1 0 1 0 0 0 0 0 0 0 1 1 1 0 1 0 0 1 0 1 0 1 0 0 0 0 1 1 0 1 0 1 0 1 0 0 0 0 0 1 1 0 0 1 1 1 0 1 1 0 1 0 1 0 1 1 1 0 0 1 0 1 1 1 1 0 0 0 1 0 0 0 1 1