100 780 5
0 1
0 2
1 2
0 3
1 3
2 3
0 4
1 4
2 4
3 4
4 5
1 5
2 5
3 5
0 6
5 6
4 6
3 6
3 7
1 7
4 7
6 7
7 8
6 8
1 8
4 8
5 9
4 9
6 9
0 9
8 10
2 10
1 10
4 10
1 11
0 11
3 11
4 11
5 12
1 12
11 12
4 12
1 13
5 13
6 13
11 13
5 14
11 14
6 14
1 14
1 15
7 15
11 15
5 15
5 16
11 16
3 16
2 16
6 17
11 17
8 17
2 17
8 18
3 18
2 18
15 18
18 19
9 19
15 19
17 19
11 20
3 20
10 20
1 20
3 21
15 21
2 21
1 21
20 22
0 22
5 22
3 22
5 23
18 23
1 23
6 23
17 24
1 24
11 24
16 24
15 25
11 25
20 25
3 25
1 26
5 26
19 26
17 26
5 27
1 27
9 27
19 27
1 28
0 28
18 28
11 28
26 29
9 29
11 29
4 29
18 30
7 30
4 30
19 30
4 31
18 31
10 31
26 31
11 32
21 32
5 32
4 32
6 33
25 33
7 33
18 33
26 34
9 34
17 34
8 34
0 35
28 35
26 35
11 35
13 36
24 36
27 36
3 36
3 37
6 37
35 37
25 37
3 38
8 38
5 38
34 38
18 39
24 39
37 39
6 39
29 40
19 40
21 40
6 40
15 41
0 41
16 41
39 41
31 42
10 42
34 42
1 42
20 43
26 43
11 43
17 43
10 44
24 44
37 44
28 44
10 45
4 45
6 45
31 45
44 46
19 46
29 46
16 46
30 47
35 47
16 47
40 47
13 48
47 48
5 48
17 48
4 49
16 49
18 49
2 49
37 50
20 50
10 50
5 50
6 51
0 51
27 51
9 51
17 52
11 52
1 52
4 52
0 53
23 53
20 53
38 53
24 54
6 54
11 54
1 54
11 55
33 55
5 55
17 55
19 56
47 56
0 56
1 56
20 57
3 57
18 57
56 57
22 58
42 58
17 58
8 58
47 59
45 59
43 59
7 59
21 60
16 60
35 60
3 60
13 61
15 61
17 61
3 61
10 62
18 62
24 62
3 62
15 63
35 63
56 63
18 63
11 64
0 64
52 64
18 64
26 65
38 65
55 65
0 65
9 66
38 66
0 66
57 66
52 67
19 67
8 67
45 67
47 68
52 68
64 68
5 68
3 69
68 69
31 69
15 69
32 70
11 70
18 70
57 70
60 71
5 71
3 71
37 71
45 72
7 72
51 72
8 72
38 73
32 73
5 73
35 73
20 74
28 74
24 74
1 74
11 75
21 75
44 75
3 75
6 76
49 76
5 76
26 76
61 77
38 77
13 77
31 77
32 78
57 78
58 78
6 78
45 79
64 79
56 79
11 79
4 80
56 80
79 80
34 80
52 81
80 81
65 81
34 81
40 82
65 82
50 82
63 82
35 83
3 83
4 83
17 83
37 84
60 84
11 84
19 84
5 85
36 85
11 85
15 85
9 86
11 86
78 86
5 86
26 87
19 87
10 87
6 87
70 88
62 88
41 88
20 88
45 89
54 89
63 89
6 89
20 90
30 90
37 90
17 90
47 91
39 91
12 91
84 91
33 92
1 92
23 92
9 92
58 93
28 93
75 93
43 93
51 94
90 94
6 94
20 94
75 95
6 95
26 95
19 95
84 96
90 96
41 96
4 96
2 97
63 97
60 97
55 97
37 98
75 98
92 98
57 98
65 99
2 99
4 99
70 99
1 0
2 0
2 1
3 0
3 1
3 2
4 0
4 1
4 2
4 3
5 4
5 1
5 2
5 3
6 0
6 5
6 4
6 3
7 3
7 1
7 4
7 6
8 7
8 6
8 1
8 4
9 5
9 4
9 6
9 0
10 8
10 2
10 1
10 4
11 1
11 0
11 3
11 4
12 5
12 1
12 11
12 4
13 1
13 5
13 6
13 11
14 5
14 11
14 6
14 1
15 1
15 7
15 11
15 5
16 5
16 11
16 3
16 2
17 6
17 11
17 8
17 2
18 8
18 3
18 2
18 15
19 18
19 9
19 15
19 17
20 11
20 3
20 10
20 1
21 3
21 15
21 2
21 1
22 20
22 0
22 5
22 3
23 5
23 18
23 1
23 6
24 17
24 1
24 11
24 16
25 15
25 11
25 20
25 3
26 1
26 5
26 19
26 17
27 5
27 1
27 9
27 19
28 1
28 0
28 18
28 11
29 26
29 9
29 11
29 4
30 18
30 7
30 4
30 19
31 4
31 18
31 10
31 26
32 11
32 21
32 5
32 4
33 6
33 25
33 7
33 18
34 26
34 9
34 17
34 8
35 0
35 28
35 26
35 11
36 13
36 24
36 27
36 3
37 3
37 6
37 35
37 25
38 3
38 8
38 5
38 34
39 18
39 24
39 37
39 6
40 29
40 19
40 21
40 6
41 15
41 0
41 16
41 39
42 31
42 10
42 34
42 1
43 20
43 26
43 11
43 17
44 10
44 24
44 37
44 28
45 10
45 4
45 6
45 31
46 44
46 19
46 29
46 16
47 30
47 35
47 16
47 40
48 13
48 47
48 5
48 17
49 4
49 16
49 18
49 2
50 37
50 20
50 10
50 5
51 6
51 0
51 27
51 9
52 17
52 11
52 1
52 4
53 0
53 23
53 20
53 38
54 24
54 6
54 11
54 1
55 11
55 33
55 5
55 17
56 19
56 47
56 0
56 1
57 20
57 3
57 18
57 56
58 22
58 42
58 17
58 8
59 47
59 45
59 43
59 7
60 21
60 16
60 35
60 3
61 13
61 15
61 17
61 3
62 10
62 18
62 24
62 3
63 15
63 35
63 56
63 18
64 11
64 0
64 52
64 18
65 26
65 38
65 55
65 0
66 9
66 38
66 0
66 57
67 52
67 19
67 8
67 45
68 47
68 52
68 64
68 5
69 3
69 68
69 31
69 15
70 32
70 11
70 18
70 57
71 60
71 5
71 3
71 37
72 45
72 7
72 51
72 8
73 38
73 32
73 5
73 35
74 20
74 28
74 24
74 1
75 11
75 21
75 44
75 3
76 6
76 49
76 5
76 26
77 61
77 38
77 13
77 31
78 32
78 57
78 58
78 6
79 45
79 64
79 56
79 11
80 4
80 56
80 79
80 34
81 52
81 80
81 65
81 34
82 40
82 65
82 50
82 63
83 35
83 3
83 4
83 17
84 37
84 60
84 11
84 19
85 5
85 36
85 11
85 15
86 9
86 11
86 78
86 5
87 26
87 19
87 10
87 6
88 70
88 62
88 41
88 20
89 45
89 54
89 63
89 6
90 20
90 30
90 37
90 17
91 47
91 39
91 12
91 84
92 33
92 1
92 23
92 9
93 58
93 28
93 75
93 43
94 51
94 90
94 6
94 20
95 75
95 6
95 26
95 19
96 84
96 90
96 41
96 4
97 2
97 63
97 60
97 55
98 37
98 75
98 92
98 57
99 65
99 2
99 4
99 70
0 0 1 1 1 1 1 1 0 0 0 1 1 1 1 0 0 1 1 0 1 1 0 1 1 1 1 0 0 0 0 0 1 1 0 1 1 1 1 0 1 0 0 1 0 1 0 1 0 0 0 0 0 1 1 1 1 0 1 0 1 0 1 1 1 0 1 0 0 0 0 0 0 0 1 0 0 1 1 0 0 1 0 1 0 0 1 1 1 0 1 1 1 1 1 0 0 0 1 1
0 0 0 0 0 1 1 1 0 0 0 1 1 0 0 0 0 1 0 1 0 1 0 0 1 1 0 1 0 0 0 0 1 0 0 0 1 0 1 1 0 1 0 1 1 1 0 0 0 1 0 0 1 0 0 1 1 1 1 1 0 1 1 0 1 1 0 1 1 1 1 1 1 0 1 1 1 0 1 1 0 1 1 1 0 1 1 0 1 1 0 0 0 0 0 0 1 1 1 1
1 0 0 0 0 1 0 0 0 1 1 1 1 1 1 0 0 1 1 0 0 0 1 0 0 0 0 1 1 0 1 0 0 1 1 1 0 1 1 1 1 0 1 1 0 0 1 1 1 1 1 0 0 0 0 1 0 1 1 1 1 1 1 0 1 0 1 0 1 0 0 1 0 0 1 0 1 1 1 0 1 0 0 0 0 1 0 1 0 0 1 1 1 0 1 0 0 0 1 0
1 0 1 1 1 1 1 1 1 1 1 1 1 1 0 0 0 1 1 0 1 1 0 1 1 1 1 0 1 0 1 0 0 1 1 1 1 0 0 0 1 1 1 0 1 0 0 1 1 1 1 0 1 0 0 0 0 1 0 1 0 1 0 1 0 0 0 0 0 0 1 0 0 0 0 1 1 1 1 0 1 0 0 0 1 0 1 0 1 0 1 0 1 1 0 0 0 1 1 0
1 1 0 0 1 1 0 1 0 0 0 0 0 0 0 0 1 0 0 1 0 0 1 0 1 1 0 1 1 1 1 1 0 0 1 0 1 0 1 1 1 1 1 0 0 0 1 0 1 0 1 0 0 0 0 1 1 1 1 0 1 1 0 0 1 0 1 1 1 0 0 1 0 1 1 0 1 1 0 0 1 1 1 1 0 1 0 1 0 0 1 1 1 1 1 0 0 0 0 0