100 780 5
0 1
0 2
1 2
0 3
1 3
2 3
0 4
1 4
2 4
3 4
1 5
0 5
3 5
4 5
4 6
1 6
5 6
2 6
2 7
1 7
5 7
3 7
0 8
3 8
1 8
5 8
7 9
2 9
3 9
1 9
2 10
1 10
0 10
8 10
3 11
0 11
7 11
2 11
1 12
0 12
4 12
5 12
8 13
4 13
12 13
2 13
3 14
7 14
4 14
12 14
6 15
8 15
7 15
3 15
6 16
8 16
3 16
2 16
1 17
3 17
6 17
0 17
11 18
6 18
1 18
7 18
5 19
12 19
0 19
9 19
6 20
3 20
4 20
13 20
5 21
11 21
16 21
15 21
20 22
11 22
4 22
0 22
14 23
1 23
19 23
2 23
7 24
4 24
0 24
20 24
7 25
6 25
24 25
5 25
12 26
7 26
2 26
9 26
1 27
17 27
6 27
2 27
23 28
7 28
18 28
0 28
1 29
18 29
28 29
9 29
23 30
2 30
0 30
7 30
27 31
2 31
10 31
26 31
1 32
25 32
4 32
5 32
3 33
6 33
0 33
21 33
1 34
27 34
4 34
2 34
28 35
0 35
4 35
10 35
4 36
29 36
7 36
17 36
12 37
3 37
7 37
8 37
15 38
11 38
33 38
3 38
12 39
1 39
32 39
27 39
28 40
11 40
8 40
14 40
7 41
9 41
1 41
26 41
20 42
21 42
38 42
33 42
32 43
5 43
6 43
11 43
15 44
3 44
11 44
38 44
3 45
39 45
22 45
12 45
39 46
27 46
1 46
37 46
31 47
9 47
1 47
6 47
24 48
17 48
37 48
3 48
47 49
4 49
5 49
19 49
28 50
7 50
1 50
48 50
28 51
45 51
23 51
2 51
5 52
13 52
36 52
42 52
28 53
6 53
18 53
0 53
36 54
26 54
18 54
44 54
33 55
18 55
12 55
2 55
16 56
8 56
20 56
36 56
7 57
31 57
14 57
15 57
29 58
49 58
20 58
42 58
28 59
39 59
6 59
21 59
6 60
40 60
35 60
49 60
11 61
7 61
1 61
15 61
4 62
7 62
31 62
52 62
7 63
11 63
3 63
42 63
14 64
19 64
46 64
59 64
33 65
64 65
15 65
5 65
36 66
8 66
33 66
1 66
57 67
23 67
24 67
21 67
57 68
39 68
8 68
1 68
0 69
4 69
25 69
1 69
15 70
3 70
45 70
7 70
67 71
14 71
62 71
56 71
27 72
22 72
56 72
24 72
37 73
52 73
64 73
47 73
14 74
7 74
4 74
33 74
6 75
44 75
4 75
7 75
8 76
14 76
2 76
68 76
59 77
19 77
30 77
7 77
1 78
18 78
17 78
11 78
17 79
64 79
20 79
1 79
70 80
60 80
51 80
55 80
39 81
16 81
12 81
64 81
1 82
74 82
16 82
20 82
12 83
45 83
51 83
1 83
3 84
65 84
42 84
13 84
4 85
3 85
11 85
36 85
42 86
4 86
34 86
53 86
12 87
37 87
30 87
2 87
19 88
1 88
80 88
22 88
9 89
11 89
31 89
7 89
49 90
26 90
69 90
4 90
58 91
43 91
74 91
6 91
1 92
21 92
80 92
71 92
86 93
90 93
53 93
11 93
21 94
89 94
49 94
2 94
60 95
11 95
53 95
78 95
1 96
28 96
79 96
69 96
28 97
3 97
75 97
61 97
52 98
44 98
68 98
29 98
18 99
1 99
11 99
38 99
1 0
2 0
2 1
3 0
3 1
3 2
4 0
4 1
4 2
4 3
5 1
5 0
5 3
5 4
6 4
6 1
6 5
6 2
7 2
7 1
7 5
7 3
8 0
8 3
8 1
8 5
9 7
9 2
9 3
9 1
10 2
10 1
10 0
10 8
11 3
11 0
11 7
11 2
12 1
12 0
12 4
12 5
13 8
13 4
13 12
13 2
14 3
14 7
14 4
14 12
15 6
15 8
15 7
15 3
16 6
16 8
16 3
16 2
17 1
17 3
17 6
17 0
18 11
18 6
18 1
18 7
19 5
19 12
19 0
19 9
20 6
20 3
20 4
20 13
21 5
21 11
21 16
21 15
22 20
22 11
22 4
22 0
23 14
23 1
23 19
23 2
24 7
24 4
24 0
24 20
25 7
25 6
25 24
25 5
26 12
26 7
26 2
26 9
27 1
27 17
27 6
27 2
28 23
28 7
28 18
28 0
29 1
29 18
29 28
29 9
30 23
30 2
30 0
30 7
31 27
31 2
31 10
31 26
32 1
32 25
32 4
32 5
33 3
33 6
33 0
33 21
34 1
34 27
34 4
34 2
35 28
35 0
35 4
35 10
36 4
36 29
36 7
36 17
37 12
37 3
37 7
37 8
38 15
38 11
38 33
38 3
39 12
39 1
39 32
39 27
40 28
40 11
40 8
40 14
41 7
41 9
41 1
41 26
42 20
42 21
42 38
42 33
43 32
43 5
43 6
43 11
44 15
44 3
44 11
44 38
45 3
45 39
45 22
45 12
46 39
46 27
46 1
46 37
47 31
47 9
47 1
47 6
48 24
48 17
48 37
48 3
49 47
49 4
49 5
49 19
50 28
50 7
50 1
50 48
51 28
51 45
51 23
51 2
52 5
52 13
52 36
52 42
53 28
53 6
53 18
53 0
54 36
54 26
54 18
54 44
55 33
55 18
55 12
55 2
56 16
56 8
56 20
56 36
57 7
57 31
57 14
57 15
58 29
58 49
58 20
58 42
59 28
59 39
59 6
59 21
60 6
60 40
60 35
60 49
61 11
61 7
61 1
61 15
62 4
62 7
62 31
62 52
63 7
63 11
63 3
63 42
64 14
64 19
64 46
64 59
65 33
65 64
65 15
65 5
66 36
66 8
66 33
66 1
67 57
67 23
67 24
67 21
68 57
68 39
68 8
68 1
69 0
69 4
69 25
69 1
70 15
70 3
70 45
70 7
71 67
71 14
71 62
71 56
72 27
72 22
72 56
72 24
73 37
73 52
73 64
73 47
74 14
74 7
74 4
74 33
75 6
75 44
75 4
75 7
76 8
76 14
76 2
76 68
77 59
77 19
77 30
77 7
78 1
78 18
78 17
78 11
79 17
79 64
79 20
79 1
80 70
80 60
80 51
80 55
81 39
81 16
81 12
81 64
82 1
82 74
82 16
82 20
83 12
83 45
83 51
83 1
84 3
84 65
84 42
84 13
85 4
85 3
85 11
85 36
86 42
86 4
86 34
86 53
87 12
87 37
87 30
87 2
88 19
88 1
88 80
88 22
89 9
89 11
89 31
89 7
90 49
90 26
90 69
90 4
91 58
91 43
91 74
91 6
92 1
92 21
92 80
92 71
93 86
93 90
93 53
93 11
94 21
94 89
94 49
94 2
95 60
95 11
95 53
95 78
96 1
96 28
96 79
96 69
97 28
97 3
97 75
97 61
98 52
98 44
98 68
98 29
99 18
99 1
99 11
99 38
1 0 1 0 0 0 0 1 0 0 0 0 0 0 0 1 0 0 1 0 1 1 1 0 0 1 0 1 1 1 1 1 0 1 0 1 0 0 1 0 0 1 1 1 0 1 0 1 1 0 0 1 0 0 0 1 1 1 1 1 0 0 1 1 0 1 1 1 0 1 0 1 0 0 0 0 0 1 0 1 0 1 1 1 0 1 1 0 0 0 1 0 1 0 1 0 1 1 0 0
1 0 0 1 0 0 1 1 0 1 0 1 1 0 0 0 0 1 1 0 0 1 0 1 1 1 0 1 1 0 0 1 0 0 1 0 1 0 0 1 1 0 0 0 0 0 0 0 1 0 0 1 0 0 1 0 1 1 0 1 1 0 0 0 1 1 1 1 0 0 1 1 0 0 1 0 0 0 0 1 0 1 0 0 0 0 1 0 0 0 0 1 1 0 0 0 1 1 0 0
0 0 0 0 1 1 0 0 1 0 0 0 1 1 0 0 0 1 1 1 1 1 1 1 0 0 1 1 0 0 1 0 0 0 0 1 1 1 1 1 1 1 1 0 0 0 0 1 0 1 1 1 1 1 1 0 0 1 1 0 1 1 1 0 0 0 1 0 1 1 0 0 1 0 1 1 0 0 0 0 0 0 1 0 0 1 0 0 0 1 0 1 1 0 0 1 1 0 0 0
1 0 1 1 0 0 1 1 1 1 0 1 1 1 0 1 1 0 1 1 1 0 1 1 1 1 1 0 0 1 1 0 1 1 0 0 0 1 0 1 0 0 1 0 1 0 1 0 1 1 0 0 0 0 1 1 1 1 1 0 1 0 0 0 1 1 0 0 1 0 0 0 1 0 0 0 0 0 1 0 0 1 0 0 0 0 1 0 1 1 0 0 1 1 1 0 1 1 0 0
1 1 0 1 1 1 1 1 1 0 0 1 1 1 1 1 0 1 1 0 1 0 0 1 0 0 1 0 0 0 0 1 0 1 1 1 0 0 1 1 0 1 0 0 0 1 0 0 1 0 1 1 0 1 0 1 1 1 1 1 0 1 0 1 1 1 1 1 1 0 1 1 0 1 1 1 0 1 0 1 1 1 0 0 1 0 0 0 1 1 0 1 1 0 1 1 1 1 1 1