250 1488 5
0 1
0 2
1 2
0 3
1 3
2 3
1 4
2 4
3 4
4 5
2 5
3 5
1 6
0 6
2 6
1 7
6 7
5 7
1 8
4 8
0 8
8 9
1 9
7 9
1 10
7 10
6 10
1 11
4 11
2 11
6 12
2 12
0 12
6 13
5 13
2 13
11 14
2 14
3 14
2 15
6 15
4 15
5 16
11 16
6 16
7 17
6 17
3 17
6 18
11 18
2 18
7 19
15 19
16 19
2 20
3 20
7 20
2 21
10 21
4 21
1 22
5 22
8 22
20 23
2 23
17 23
11 24
14 24
1 24
4 25
16 25
15 25
8 26
19 26
13 26
1 27
0 27
3 27
3 28
15 28
4 28
1 29
6 29
23 29
21 30
3 30
4 30
25 31
18 31
16 31
1 32
23 32
21 32
6 33
24 33
3 33
12 34
4 34
16 34
16 35
13 35
33 35
12 36
2 36
24 36
19 37
30 37
23 37
19 38
13 38
5 38
12 39
10 39
36 39
4 40
6 40
25 40
3 41
23 41
6 41
38 42
24 42
29 42
1 43
2 43
10 43
6 44
13 44
23 44
6 45
10 45
32 45
27 46
6 46
3 46
7 47
42 47
41 47
10 48
4 48
3 48
11 49
9 49
15 49
20 50
27 50
43 50
19 51
4 51
36 51
2 52
14 52
11 52
24 53
27 53
13 53
1 54
28 54
15 54
1 55
2 55
17 55
9 56
0 56
40 56
0 57
2 57
6 57
30 58
25 58
22 58
34 59
21 59
4 59
52 60
21 60
3 60
6 61
43 61
2 61
27 62
47 62
60 62
3 63
19 63
6 63
20 64
14 64
57 64
2 65
52 65
60 65
6 66
2 66
15 66
3 67
6 67
48 67
28 68
53 68
51 68
23 69
54 69
12 69
2 70
37 70
28 70
4 71
41 71
23 71
14 72
67 72
19 72
61 73
1 73
9 73
21 74
40 74
42 74
10 75
56 75
38 75
10 76
4 76
74 76
31 77
5 77
19 77
9 78
3 78
44 78
62 79
75 79
25 79
25 80
6 80
2 80
5 81
29 81
77 81
15 82
24 82
41 82
74 83
2 83
30 83
80 84
37 84
53 84
74 85
25 85
61 85
25 86
55 86
7 86
42 87
68 87
78 87
47 88
16 88
28 88
47 89
6 89
68 89
77 90
19 90
31 90
21 91
76 91
78 91
87 92
5 92
85 92
7 93
67 93
2 93
38 94
76 94
83 94
26 95
31 95
44 95
34 96
53 96
7 96
28 97
35 97
7 97
0 98
65 98
7 98
56 99
10 99
1 99
53 100
17 100
12 100
28 101
27 101
92 101
14 102
29 102
10 102
71 103
4 103
3 103
60 104
8 104
13 104
98 105
96 105
3 105
3 106
49 106
76 106
61 107
14 107
29 107
10 108
56 108
105 108
12 109
9 109
99 109
6 110
4 110
94 110
65 111
30 111
50 111
23 112
18 112
7 112
9 113
78 113
8 113
9 114
56 114
43 114
28 115
31 115
61 115
31 116
3 116
1 116
1 117
68 117
47 117
43 118
76 118
25 118
31 119
60 119
99 119
91 120
19 120
11 120
6 121
23 121
84 121
109 122
21 122
61 122
37 123
91 123
40 123
71 124
51 124
19 124
36 125
11 125
85 125
104 126
31 126
54 126
68 127
25 127
6 127
7 128
18 128
0 128
108 129
39 129
77 129
5 130
16 130
20 130
41 131
92 131
77 131
60 132
125 132
4 132
38 133
6 133
104 133
66 134
133 134
38 134
43 135
18 135
2 135
0 136
91 136
4 136
131 137
78 137
7 137
12 138
2 138
96 138
59 139
12 139
24 139
90 140
82 140
137 140
59 141
15 141
20 141
1 142
108 142
62 142
35 143
28 143
56 143
25 144
85 144
57 144
22 145
89 145
27 145
1 146
113 146
55 146
28 147
145 147
35 147
85 148
92 148
62 148
76 149
96 149
6 149
136 150
42 150
83 150
117 151
10 151
7 151
147 152
138 152
29 152
7 153
22 153
14 153
23 154
53 154
35 154
152 155
106 155
55 155
12 156
2 156
1 156
104 157
11 157
91 157
108 158
60 158
30 158
128 159
157 159
12 159
21 160
92 160
25 160
47 161
67 161
35 161
137 162
4 162
7 162
0 163
1 163
125 163
12 164
61 164
1 164
34 165
91 165
7 165
148 166
1 166
34 166
85 167
137 167
29 167
144 168
165 168
79 168
37 169
159 169
163 169
18 170
20 170
152 170
51 171
61 171
24 171
55 172
52 172
31 172
5 173
170 173
151 173
42 174
17 174
106 174
42 175
68 175
153 175
172 176
15 176
56 176
47 177
145 177
56 177
1 178
29 178
74 178
42 179
23 179
31 179
59 180
105 180
4 180
166 181
48 181
7 181
31 182
86 182
159 182
29 183
12 183
20 183
14 184
136 184
0 184
6 185
92 185
91 185
6 186
37 186
143 186
100 187
2 187
21 187
43 188
5 188
68 188
91 189
170 189
49 189
163 190
25 190
92 190
2 191
40 191
70 191
31 192
11 192
6 192
82 193
100 193
9 193
192 194
47 194
2 194
96 195
95 195
36 195
39 196
159 196
31 196
2 197
82 197
165 197
195 198
32 198
143 198
34 199
25 199
118 199
1 200
3 200
107 200
180 201
163 201
51 201
48 202
115 202
21 202
29 203
128 203
181 203
137 204
150 204
10 204
48 205
109 205
104 205
8 206
30 206
106 206
92 207
116 207
137 207
0 208
27 208
74 208
34 209
105 209
77 209
196 210
101 210
140 210
106 211
54 211
148 211
114 212
50 212
8 212
4 213
68 213
145 213
38 214
130 214
1 214
5 215
12 215
11 215
54 216
114 216
30 216
46 217
6 217
62 217
2 218
14 218
73 218
19 219
61 219
31 219
74 220
34 220
172 220
26 221
68 221
53 221
192 222
5 222
217 222
30 223
32 223
47 223
94 224
60 224
100 224
66 225
5 225
191 225
29 226
46 226
175 226
11 227
18 227
19 227
20 228
147 228
19 228
59 229
15 229
53 229
38 230
8 230
91 230
116 231
16 231
27 231
180 232
10 232
137 232
224 233
181 233
145 233
14 234
21 234
84 234
74 235
5 235
225 235
11 236
5 236
109 236
21 237
151 237
178 237
9 238
15 238
147 238
238 239
125 239
60 239
6 240
101 240
181 240
177 241
31 241
35 241
190 242
52 242
112 242
149 243
19 243
86 243
23 244
74 244
93 244
96 245
5 245
244 245
71 246
176 246
166 246
6 247
124 247
241 247
0 248
141 248
239 248
68 249
93 249
5 249
1 0
2 0
2 1
3 0
3 1
3 2
4 1
4 2
4 3
5 4
5 2
5 3
6 1
6 0
6 2
7 1
7 6
7 5
8 1
8 4
8 0
9 8
9 1
9 7
10 1
10 7
10 6
11 1
11 4
11 2
12 6
12 2
12 0
13 6
13 5
13 2
14 11
14 2
14 3
15 2
15 6
15 4
16 5
16 11
16 6
17 7
17 6
17 3
18 6
18 11
18 2
19 7
19 15
19 16
20 2
20 3
20 7
21 2
21 10
21 4
22 1
22 5
22 8
23 20
23 2
23 17
24 11
24 14
24 1
25 4
25 16
25 15
26 8
26 19
26 13
27 1
27 0
27 3
28 3
28 15
28 4
29 1
29 6
29 23
30 21
30 3
30 4
31 25
31 18
31 16
32 1
32 23
32 21
33 6
33 24
33 3
34 12
34 4
34 16
35 16
35 13
35 33
36 12
36 2
36 24
37 19
37 30
37 23
38 19
38 13
38 5
39 12
39 10
39 36
40 4
40 6
40 25
41 3
41 23
41 6
42 38
42 24
42 29
43 1
43 2
43 10
44 6
44 13
44 23
45 6
45 10
45 32
46 27
46 6
46 3
47 7
47 42
47 41
48 10
48 4
48 3
49 11
49 9
49 15
50 20
50 27
50 43
51 19
51 4
51 36
52 2
52 14
52 11
53 24
53 27
53 13
54 1
54 28
54 15
55 1
55 2
55 17
56 9
56 0
56 40
57 0
57 2
57 6
58 30
58 25
58 22
59 34
59 21
59 4
60 52
60 21
60 3
61 6
61 43
61 2
62 27
62 47
62 60
63 3
63 19
63 6
64 20
64 14
64 57
65 2
65 52
65 60
66 6
66 2
66 15
67 3
67 6
67 48
68 28
68 53
68 51
69 23
69 54
69 12
70 2
70 37
70 28
71 4
71 41
71 23
72 14
72 67
72 19
73 61
73 1
73 9
74 21
74 40
74 42
75 10
75 56
75 38
76 10
76 4
76 74
77 31
77 5
77 19
78 9
78 3
78 44
79 62
79 75
79 25
80 25
80 6
80 2
81 5
81 29
81 77
82 15
82 24
82 41
83 74
83 2
83 30
84 80
84 37
84 53
85 74
85 25
85 61
86 25
86 55
86 7
87 42
87 68
87 78
88 47
88 16
88 28
89 47
89 6
89 68
90 77
90 19
90 31
91 21
91 76
91 78
92 87
92 5
92 85
93 7
93 67
93 2
94 38
94 76
94 83
95 26
95 31
95 44
96 34
96 53
96 7
97 28
97 35
97 7
98 0
98 65
98 7
99 56
99 10
99 1
100 53
100 17
100 12
101 28
101 27
101 92
102 14
102 29
102 10
103 71
103 4
103 3
104 60
104 8
104 13
105 98
105 96
105 3
106 3
106 49
106 76
107 61
107 14
107 29
108 10
108 56
108 105
109 12
109 9
109 99
110 6
110 4
110 94
111 65
111 30
111 50
112 23
112 18
112 7
113 9
113 78
113 8
114 9
114 56
114 43
115 28
115 31
115 61
116 31
116 3
116 1
117 1
117 68
117 47
118 43
118 76
118 25
119 31
119 60
119 99
120 91
120 19
120 11
121 6
121 23
121 84
122 109
122 21
122 61
123 37
123 91
123 40
124 71
124 51
124 19
125 36
125 11
125 85
126 104
126 31
126 54
127 68
127 25
127 6
128 7
128 18
128 0
129 108
129 39
129 77
130 5
130 16
130 20
131 41
131 92
131 77
132 60
132 125
132 4
133 38
133 6
133 104
134 66
134 133
134 38
135 43
135 18
135 2
136 0
136 91
136 4
137 131
137 78
137 7
138 12
138 2
138 96
139 59
139 12
139 24
140 90
140 82
140 137
141 59
141 15
141 20
142 1
142 108
142 62
143 35
143 28
143 56
144 25
144 85
144 57
145 22
145 89
145 27
146 1
146 113
146 55
147 28
147 145
147 35
148 85
148 92
148 62
149 76
149 96
149 6
150 136
150 42
150 83
151 117
151 10
151 7
152 147
152 138
152 29
153 7
153 22
153 14
154 23
154 53
154 35
155 152
155 106
155 55
156 12
156 2
156 1
157 104
157 11
157 91
158 108
158 60
158 30
159 128
159 157
159 12
160 21
160 92
160 25
161 47
161 67
161 35
162 137
162 4
162 7
163 0
163 1
163 125
164 12
164 61
164 1
165 34
165 91
165 7
166 148
166 1
166 34
167 85
167 137
167 29
168 144
168 165
168 79
169 37
169 159
169 163
170 18
170 20
170 152
171 51
171 61
171 24
172 55
172 52
172 31
173 5
173 170
173 151
174 42
174 17
174 106
175 42
175 68
175 153
176 172
176 15
176 56
177 47
177 145
177 56
178 1
178 29
178 74
179 42
179 23
179 31
180 59
180 105
180 4
181 166
181 48
181 7
182 31
182 86
182 159
183 29
183 12
183 20
184 14
184 136
184 0
185 6
185 92
185 91
186 6
186 37
186 143
187 100
187 2
187 21
188 43
188 5
188 68
189 91
189 170
189 49
190 163
190 25
190 92
191 2
191 40
191 70
192 31
192 11
192 6
193 82
193 100
193 9
194 192
194 47
194 2
195 96
195 95
195 36
196 39
196 159
196 31
197 2
197 82
197 165
198 195
198 32
198 143
199 34
199 25
199 118
200 1
200 3
200 107
201 180
201 163
201 51
202 48
202 115
202 21
203 29
203 128
203 181
204 137
204 150
204 10
205 48
205 109
205 104
206 8
206 30
206 106
207 92
207 116
207 137
208 0
208 27
208 74
209 34
209 105
209 77
210 196
210 101
210 140
211 106
211 54
211 148
212 114
212 50
212 8
213 4
213 68
213 145
214 38
214 130
214 1
215 5
215 12
215 11
216 54
216 114
216 30
217 46
217 6
217 62
218 2
218 14
218 73
219 19
219 61
219 31
220 74
220 34
220 172
221 26
221 68
221 53
222 192
222 5
222 217
223 30
223 32
223 47
224 94
224 60
224 100
225 66
225 5
225 191
226 29
226 46
226 175
227 11
227 18
227 19
228 20
228 147
228 19
229 59
229 15
229 53
230 38
230 8
230 91
231 116
231 16
231 27
232 180
232 10
232 137
233 224
233 181
233 145
234 14
234 21
234 84
235 74
235 5
235 225
236 11
236 5
236 109
237 21
237 151
237 178
238 9
238 15
238 147
239 238
239 125
239 60
240 6
240 101
240 181
241 177
241 31
241 35
242 190
242 52
242 112
243 149
243 19
243 86
244 23
244 74
244 93
245 96
245 5
245 244
246 71
246 176
246 166
247 6
247 124
247 241
248 0
248 141
248 239
249 68
249 93
249 5
0 0 1 0 0 0 1 1 1 0 0 1 0 0 0 1 1 0 1 1 0 1 0 0 1 1 0 1 0 1 1 1 1 0 0 0 1 0 1 0 0 1 0 1 0 0 0 0 0 1 1 1 0 1 1 1 1 0 1 1 1 0 1 0 0 1 1 0 1 1 1 0 1 0 1 1 1 0 1 0 0 0 0 1 0 1 1 1 0 1 1 1 0 0 0 0 1 1 1 0 1 0 0 0 1 1 0 0 0 0 1 0 0 0 1 1 0 1 1 0 1 0 0 0 0 1 1 1 0 0 0 0 0 0 0 0 1 0 1 1 0 0 1 0 0 1 1 0 0 1 1 1 0 1 1 1 1 1 0 0 1 1 0 0 1 1 0 0 1 0 0 0 1 1 1 1 1 1 0 1 0 0 0 0 0 0 0 1 0 1 0 1 1 0 1 0 0 0 0 0 1 0 1 1 1 1 1 1 1 0 0 1 1 0 1 0 0 0 1 1 0 0 0 0 0 1 1 0 0 0 1 0 0 0 1 1 0 1 0 1 0 0 0 0 0 1 1 1 1 0
0 0 0 0 0 0 0 0 0 1 1 1 1 0 0 0 0 1 0 0 0 0 0 0 1 0 1 1 0 1 1 0 1 1 0 0 1 1 0 0 1 1 1 1 0 0 1 1 0 1 1 0 0 0 0 1 0 1 0 1 0 1 1 0 1 1 1 0 0 0 0 1 1 0 0 1 0 1 1 0 0 1 0 0 0 1 1 1 1 0 1 1 0 0 1 1 1 0 1 1 0 1 0 1 0 0 0 0 0 0 0 1 0 0 0 0 1 0 1 1 1 1 0 1 1 0 1 0 0 1 0 0 0 0 1 1 1 0 0 1 0 1 1 0 0 0 0 0 1 1 1 1 1 1 1 1 1 1 1 1 1 0 1 0 0 1 1 1 0 1 0 0 1 1 0 1 1 1 0 0 0 0 0 0 1 1 1 1 1 1 1 0 1 1 0 1 0 0 1 1 0 1 1 0 1 0 1 0 1 0 1 0 1 1 1 0 1 0 0 0 1 1 1 1 1 0 1 0 0 0 0 1 1 0 1 0 1 0 1 1 0 1 1 1 0 0 1 1 0 0
0 0 1 1 0 1 0 0 1 1 0 0 1 0 0 1 1 1 0 1 1 0 1 0 1 1 1 0 0 0 1 1 1 0 0 1 0 1 0 1 0 0 0 1 0 1 0 0 0 1 0 1 0 0 1 1 1 0 1 0 1 0 1 0 1 0 0 1 1 0 0 0 1 0 0 0 1 0 1 1 1 0 0 1 0 0 1 1 0 0 0 0 0 0 0 1 0 1 1 0 1 1 0 0 0 0 1 1 0 1 0 0 1 1 0 1 1 1 1 0 0 1 1 1 0 1 0 1 0 1 0 0 1 0 0 0 1 0 1 1 1 0 0 0 0 1 0 0 0 1 0 1 0 1 1 1 0 0 0 1 1 0 1 0 0 0 1 1 0 1 1 0 1 0 0 1 0 1 1 0 0 0 1 1 0 0 1 0 1 1 0 0 0 0 1 0 0 1 0 0 1 0 1 0 0 0 1 0 0 1 0 1 1 0 0 0 0 1 0 0 0 1 1 1 1 1 0 1 1 1 1 1 1 1 0 1 0 1 1 1 0 0 1 0 1 1 0 0 0 1
1 0 0 1 1 0 0 0 0 1 0 0 1 1 0 1 0 1 0 0 0 0 0 0 0 1 1 1 1 1 1 1 0 1 0 1 1 1 1 1 1 0 0 0 0 0 0 1 1 1 0 1 0 1 1 0 0 0 1 0 1 0 1 1 1 0 0 1 1 0 0 0 1 1 0 1 1 1 1 0 0 0 0 1 0 0 0 0 1 1 0 0 0 1 0 1 1 0 0 1 0 1 0 1 0 0 0 0 0 1 0 0 1 0 1 1 1 0 1 0 0 1 1 0 1 1 0 0 1 1 0 0 0 1 0 1 1 0 0 1 0 0 1 1 0 0 0 1 0 1 1 1 1 1 1 1 0 0 0 0 1 0 0 0 1 0 0 1 1 0 1 1 1 0 0 0 1 0 0 1 1 1 1 0 1 1 1 1 0 0 1 0 1 1 1 0 1 0 1 1 0 1 1 0 0 0 1 1 0 0 1 0 0 1 1 0 1 0 0 0 0 1 0 1 0 1 1 1 1 0 1 0 0 0 0 0 1 1 1 1 1 1 0 1 0 0 1 0 1 0
0 1 1 0 1 0 1 0 0 1 1 1 1 0 1 0 1 1 1 1 1 1 1 0 0 0 1 1 1 0 1 0 1 0 0 0 0 0 1 1 1 0 1 1 1 0 1 0 1 0 0 1 1 1 1 0 1 0 1 1 1 1 0 1 0 1 1 1 0 0 1 0 0 1 0 0 0 1 0 0 0 0 0 1 0 0 0 1 0 0 0 1 0 0 1 1 0 1 0 1 0 1 0 0 0 0 0 0 1 1 0 0 0 0 0 1 0 0 0 0 0 0 1 0 1 1 1 1 0 0 1 1 1 0 1 0 0 1 0 0 0 0 1 1 0 0 1 1 0 0 0 1 1 1 0 0 1 0 1 0 1 0 1 1 0 1 0 0 1 0 0 0 0 1 0 1 0 1 1 0 0 0 1 1 1 0 0 0 1 1 1 1 1 1 0 0 0 0 0 0 0 1 1 1 1 0 1 0 1 1 0 0 0 0 1 1 0 1 0 1 1 0 0 0 1 0 1 0 0 0 1 1 1 1 1 1 0 0 1 1 0 0 0 0 1 0 0 0 1 0