250 1980 5
0 1
0 2
1 2
0 3
1 3
2 3
0 4
1 4
2 4
3 4
0 5
4 5
2 5
1 5
0 6
1 6
2 6
3 6
1 7
4 7
5 7
0 7
5 8
4 8
2 8
3 8
4 9
5 9
7 9
6 9
3 10
6 10
4 10
8 10
7 11
10 11
1 11
4 11
5 12
0 12
6 12
7 12
4 13
6 13
5 13
3 13
0 14
10 14
3 14
4 14
1 15
3 15
11 15
7 15
8 16
2 16
13 16
6 16
2 17
0 17
7 17
4 17
5 18
9 18
14 18
13 18
6 19
1 19
4 19
11 19
4 20
11 20
3 20
0 20
4 21
6 21
9 21
14 21
4 22
5 22
18 22
12 22
4 23
12 23
0 23
13 23
1 24
4 24
11 24
7 24
23 25
3 25
15 25
4 25
8 26
4 26
25 26
18 26
1 27
13 27
6 27
21 27
5 28
19 28
6 28
8 28
2 29
16 29
10 29
22 29
26 30
13 30
5 30
1 30
9 31
11 31
3 31
28 31
5 32
1 32
12 32
0 32
5 33
2 33
0 33
6 33
27 34
25 34
2 34
4 34
2 35
23 35
10 35
30 35
14 36
23 36
35 36
28 36
2 37
24 37
5 37
29 37
33 38
3 38
1 38
35 38
13 39
11 39
3 39
16 39
15 40
27 40
10 40
35 40
18 41
14 41
16 41
35 41
19 42
6 42
3 42
35 42
12 43
37 43
23 43
0 43
10 44
12 44
6 44
9 44
41 45
18 45
43 45
10 45
35 46
36 46
22 46
27 46
12 47
21 47
38 47
5 47
35 48
4 48
10 48
11 48
7 49
2 49
5 49
10 49
0 50
32 50
38 50
48 50
0 51
1 51
18 51
45 51
2 52
10 52
45 52
28 52
35 53
29 53
40 53
38 53
4 54
26 54
38 54
18 54
13 55
11 55
14 55
38 55
4 56
46 56
21 56
5 56
39 57
38 57
48 57
5 57
5 58
9 58
22 58
35 58
10 59
36 59
35 59
39 59
5 60
11 60
16 60
30 60
5 61
4 61
56 61
29 61
15 62
7 62
50 62
60 62
23 63
34 63
26 63
4 63
48 64
38 64
10 64
25 64
16 65
38 65
21 65
5 65
36 66
29 66
21 66
16 66
45 67
2 67
54 67
26 67
46 68
10 68
41 68
12 68
16 69
35 69
42 69
4 69
0 70
44 70
59 70
4 70
63 71
53 71
23 71
68 71
19 72
22 72
6 72
56 72
19 73
35 73
2 73
3 73
56 74
0 74
39 74
11 74
60 75
74 75
71 75
51 75
12 76
35 76
27 76
38 76
55 77
31 77
21 77
29 77
12 78
53 78
5 78
29 78
78 79
6 79
46 79
4 79
16 80
4 80
3 80
0 80
27 81
0 81
23 81
78 81
10 82
0 82
66 82
75 82
49 83
24 83
53 83
3 83
82 84
41 84
42 84
69 84
31 85
4 85
12 85
20 85
56 86
59 86
71 86
67 86
4 87
10 87
56 87
86 87
85 88
3 88
75 88
38 88
32 89
20 89
39 89
62 89
3 90
25 90
11 90
4 90
5 91
61 91
68 91
90 91
36 92
72 92
55 92
13 92
90 93
24 93
26 93
6 93
24 94
65 94
47 94
5 94
91 95
65 95
9 95
1 95
81 96
44 96
26 96
9 96
65 97
7 97
4 97
56 97
1 98
44 98
24 98
79 98
10 99
82 99
38 99
51 99
12 100
16 100
23 100
4 100
4 101
7 101
22 101
0 101
71 102
53 102
11 102
2 102
8 103
36 103
0 103
61 103
89 104
66 104
5 104
13 104
54 105
24 105
11 105
21 105
27 106
0 106
78 106
10 106
31 107
41 107
54 107
38 107
21 108
74 108
65 108
87 108
8 109
49 109
41 109
38 109
64 110
87 110
62 110
88 110
0 111
28 111
2 111
22 111
30 112
0 112
39 112
29 112
30 113
28 113
90 113
70 113
68 114
52 114
10 114
106 114
114 115
2 115
5 115
4 115
45 116
112 116
38 116
78 116
5 117
116 117
114 117
28 117
49 118
56 118
7 118
2 118
102 119
5 119
25 119
40 119
48 120
65 120
13 120
115 120
0 121
38 121
44 121
10 121
113 122
35 122
69 122
112 122
7 123
87 123
50 123
77 123
10 124
1 124
82 124
87 124
70 125
71 125
87 125
6 125
119 126
32 126
13 126
38 126
25 127
8 127
2 127
10 127
25 128
30 128
12 128
65 128
21 129
43 129
54 129
17 129
26 130
30 130
39 130
18 130
43 131
5 131
47 131
3 131
41 132
27 132
90 132
51 132
3 133
5 133
25 133
93 133
42 134
73 134
4 134
45 134
12 135
62 135
119 135
2 135
119 136
6 136
93 136
114 136
12 137
86 137
28 137
4 137
29 138
40 138
60 138
16 138
35 139
47 139
105 139
123 139
96 140
114 140
121 140
3 140
84 141
51 141
139 141
35 141
136 142
118 142
32 142
76 142
6 143
3 143
16 143
38 143
35 144
12 144
106 144
39 144
39 145
5 145
79 145
104 145
3 146
6 146
71 146
143 146
62 147
13 147
11 147
65 147
9 148
57 148
91 148
46 148
3 149
71 149
38 149
73 149
146 150
75 150
88 150
100 150
95 151
150 151
47 151
67 151
121 152
67 152
122 152
52 152
137 153
39 153
124 153
54 153
73 154
11 154
67 154
6 154
11 155
71 155
40 155
12 155
2 156
118 156
86 156
29 156
118 157
23 157
1 157
126 157
28 158
92 158
127 158
126 158
6 159
37 159
4 159
68 159
22 160
35 160
40 160
38 160
7 161
139 161
4 161
27 161
96 162
69 162
121 162
138 162
126 163
65 163
102 163
56 163
8 164
68 164
29 164
52 164
124 165
5 165
54 165
8 165
0 166
27 166
12 166
39 166
110 167
4 167
127 167
39 167
25 168
144 168
64 168
68 168
19 169
147 169
10 169
142 169
7 170
1 170
9 170
91 170
92 171
111 171
115 171
127 171
93 172
82 172
13 172
12 172
4 173
110 173
28 173
12 173
20 174
7 174
166 174
6 174
39 175
44 175
22 175
102 175
47 176
159 176
124 176
28 176
158 177
121 177
145 177
44 177
56 178
114 178
35 178
46 178
167 179
91 179
56 179
174 179
29 180
68 180
60 180
22 180
39 181
83 181
121 181
32 181
88 182
147 182
129 182
49 182
11 183
32 183
5 183
97 183
150 184
12 184
96 184
11 184
142 185
38 185
145 185
149 185
79 186
35 186
41 186
2 186
96 187
29 187
151 187
47 187
22 188
76 188
104 188
54 188
92 189
187 189
4 189
111 189
80 190
89 190
116 190
125 190
96 191
4 191
63 191
133 191
25 192
127 192
7 192
6 192
180 193
81 193
18 193
3 193
119 194
168 194
42 194
156 194
133 195
25 195
7 195
12 195
72 196
100 196
82 196
162 196
127 197
113 197
114 197
14 197
102 198
92 198
28 198
86 198
7 199
3 199
126 199
6 199
147 200
44 200
187 200
189 200
21 201
133 201
192 201
137 201
41 202
43 202
35 202
19 202
21 203
124 203
22 203
29 203
25 204
185 204
78 204
196 204
75 205
87 205
111 205
57 205
168 206
29 206
37 206
191 206
93 207
185 207
4 207
109 207
47 208
111 208
40 208
96 208
201 209
12 209
169 209
60 209
4 210
165 210
200 210
137 210
20 211
93 211
25 211
191 211
93 212
146 212
4 212
19 212
71 213
54 213
44 213
35 213
14 214
165 214
10 214
92 214
150 215
24 215
47 215
60 215
4 216
82 216
181 216
68 216
128 217
91 217
4 217
40 217
94 218
114 218
142 218
6 218
93 219
3 219
34 219
163 219
178 220
1 220
111 220
39 220
24 221
94 221
19 221
4 221
59 222
39 222
12 222
9 222
88 223
43 223
139 223
171 223
99 224
106 224
35 224
21 224
114 225
47 225
157 225
87 225
134 226
150 226
56 226
1 226
0 227
12 227
135 227
11 227
161 228
225 228
219 228
10 228
150 229
12 229
171 229
22 229
210 230
122 230
18 230
209 230
153 231
35 231
136 231
177 231
147 232
93 232
183 232
128 232
0 233
29 233
1 233
5 233
63 234
215 234
4 234
23 234
29 235
56 235
33 235
104 235
157 236
35 236
25 236
71 236
148 237
28 237
68 237
139 237
56 238
164 238
5 238
127 238
29 239
12 239
215 239
0 239
1 240
39 240
148 240
6 240
170 241
45 241
4 241
7 241
197 242
84 242
95 242
180 242
84 243
60 243
233 243
29 243
108 244
65 244
4 244
16 244
130 245
168 245
5 245
218 245
6 246
226 246
110 246
57 246
114 247
126 247
209 247
29 247
4 248
127 248
93 248
16 248
201 249
23 249
114 249
39 249
1 0
2 0
2 1
3 0
3 1
3 2
4 0
4 1
4 2
4 3
5 0
5 4
5 2
5 1
6 0
6 1
6 2
6 3
7 1
7 4
7 5
7 0
8 5
8 4
8 2
8 3
9 4
9 5
9 7
9 6
10 3
10 6
10 4
10 8
11 7
11 10
11 1
11 4
12 5
12 0
12 6
12 7
13 4
13 6
13 5
13 3
14 0
14 10
14 3
14 4
15 1
15 3
15 11
15 7
16 8
16 2
16 13
16 6
17 2
17 0
17 7
17 4
18 5
18 9
18 14
18 13
19 6
19 1
19 4
19 11
20 4
20 11
20 3
20 0
21 4
21 6
21 9
21 14
22 4
22 5
22 18
22 12
23 4
23 12
23 0
23 13
24 1
24 4
24 11
24 7
25 23
25 3
25 15
25 4
26 8
26 4
26 25
26 18
27 1
27 13
27 6
27 21
28 5
28 19
28 6
28 8
29 2
29 16
29 10
29 22
30 26
30 13
30 5
30 1
31 9
31 11
31 3
31 28
32 5
32 1
32 12
32 0
33 5
33 2
33 0
33 6
34 27
34 25
34 2
34 4
35 2
35 23
35 10
35 30
36 14
36 23
36 35
36 28
37 2
37 24
37 5
37 29
38 33
38 3
38 1
38 35
39 13
39 11
39 3
39 16
40 15
40 27
40 10
40 35
41 18
41 14
41 16
41 35
42 19
42 6
42 3
42 35
43 12
43 37
43 23
43 0
44 10
44 12
44 6
44 9
45 41
45 18
45 43
45 10
46 35
46 36
46 22
46 27
47 12
47 21
47 38
47 5
48 35
48 4
48 10
48 11
49 7
49 2
49 5
49 10
50 0
50 32
50 38
50 48
51 0
51 1
51 18
51 45
52 2
52 10
52 45
52 28
53 35
53 29
53 40
53 38
54 4
54 26
54 38
54 18
55 13
55 11
55 14
55 38
56 4
56 46
56 21
56 5
57 39
57 38
57 48
57 5
58 5
58 9
58 22
58 35
59 10
59 36
59 35
59 39
60 5
60 11
60 16
60 30
61 5
61 4
61 56
61 29
62 15
62 7
62 50
62 60
63 23
63 34
63 26
63 4
64 48
64 38
64 10
64 25
65 16
65 38
65 21
65 5
66 36
66 29
66 21
66 16
67 45
67 2
67 54
67 26
68 46
68 10
68 41
68 12
69 16
69 35
69 42
69 4
70 0
70 44
70 59
70 4
71 63
71 53
71 23
71 68
72 19
72 22
72 6
72 56
73 19
73 35
73 2
73 3
74 56
74 0
74 39
74 11
75 60
75 74
75 71
75 51
76 12
76 35
76 27
76 38
77 55
77 31
77 21
77 29
78 12
78 53
78 5
78 29
79 78
79 6
79 46
79 4
80 16
80 4
80 3
80 0
81 27
81 0
81 23
81 78
82 10
82 0
82 66
82 75
83 49
83 24
83 53
83 3
84 82
84 41
84 42
84 69
85 31
85 4
85 12
85 20
86 56
86 59
86 71
86 67
87 4
87 10
87 56
87 86
88 85
88 3
88 75
88 38
89 32
89 20
89 39
89 62
90 3
90 25
90 11
90 4
91 5
91 61
91 68
91 90
92 36
92 72
92 55
92 13
93 90
93 24
93 26
93 6
94 24
94 65
94 47
94 5
95 91
95 65
95 9
95 1
96 81
96 44
96 26
96 9
97 65
97 7
97 4
97 56
98 1
98 44
98 24
98 79
99 10
99 82
99 38
99 51
100 12
100 16
100 23
100 4
101 4
101 7
101 22
101 0
102 71
102 53
102 11
102 2
103 8
103 36
103 0
103 61
104 89
104 66
104 5
104 13
105 54
105 24
105 11
105 21
106 27
106 0
106 78
106 10
107 31
107 41
107 54
107 38
108 21
108 74
108 65
108 87
109 8
109 49
109 41
109 38
110 64
110 87
110 62
110 88
111 0
111 28
111 2
111 22
112 30
112 0
112 39
112 29
113 30
113 28
113 90
113 70
114 68
114 52
114 10
114 106
115 114
115 2
115 5
115 4
116 45
116 112
116 38
116 78
117 5
117 116
117 114
117 28
118 49
118 56
118 7
118 2
119 102
119 5
119 25
119 40
120 48
120 65
120 13
120 115
121 0
121 38
121 44
121 10
122 113
122 35
122 69
122 112
123 7
123 87
123 50
123 77
124 10
124 1
124 82
124 87
125 70
125 71
125 87
125 6
126 119
126 32
126 13
126 38
127 25
127 8
127 2
127 10
128 25
128 30
128 12
128 65
129 21
129 43
129 54
129 17
130 26
130 30
130 39
130 18
131 43
131 5
131 47
131 3
132 41
132 27
132 90
132 51
133 3
133 5
133 25
133 93
134 42
134 73
134 4
134 45
135 12
135 62
135 119
135 2
136 119
136 6
136 93
136 114
137 12
137 86
137 28
137 4
138 29
138 40
138 60
138 16
139 35
139 47
139 105
139 123
140 96
140 114
140 121
140 3
141 84
141 51
141 139
141 35
142 136
142 118
142 32
142 76
143 6
143 3
143 16
143 38
144 35
144 12
144 106
144 39
145 39
145 5
145 79
145 104
146 3
146 6
146 71
146 143
147 62
147 13
147 11
147 65
148 9
148 57
148 91
148 46
149 3
149 71
149 38
149 73
150 146
150 75
150 88
150 100
151 95
151 150
151 47
151 67
152 121
152 67
152 122
152 52
153 137
153 39
153 124
153 54
154 73
154 11
154 67
154 6
155 11
155 71
155 40
155 12
156 2
156 118
156 86
156 29
157 118
157 23
157 1
157 126
158 28
158 92
158 127
158 126
159 6
159 37
159 4
159 68
160 22
160 35
160 40
160 38
161 7
161 139
161 4
161 27
162 96
162 69
162 121
162 138
163 126
163 65
163 102
163 56
164 8
164 68
164 29
164 52
165 124
165 5
165 54
165 8
166 0
166 27
166 12
166 39
167 110
167 4
167 127
167 39
168 25
168 144
168 64
168 68
169 19
169 147
169 10
169 142
170 7
170 1
170 9
170 91
171 92
171 111
171 115
171 127
172 93
172 82
172 13
172 12
173 4
173 110
173 28
173 12
174 20
174 7
174 166
174 6
175 39
175 44
175 22
175 102
176 47
176 159
176 124
176 28
177 158
177 121
177 145
177 44
178 56
178 114
178 35
178 46
179 167
179 91
179 56
179 174
180 29
180 68
180 60
180 22
181 39
181 83
181 121
181 32
182 88
182 147
182 129
182 49
183 11
183 32
183 5
183 97
184 150
184 12
184 96
184 11
185 142
185 38
185 145
185 149
186 79
186 35
186 41
186 2
187 96
187 29
187 151
187 47
188 22
188 76
188 104
188 54
189 92
189 187
189 4
189 111
190 80
190 89
190 116
190 125
191 96
191 4
191 63
191 133
192 25
192 127
192 7
192 6
193 180
193 81
193 18
193 3
194 119
194 168
194 42
194 156
195 133
195 25
195 7
195 12
196 72
196 100
196 82
196 162
197 127
197 113
197 114
197 14
198 102
198 92
198 28
198 86
199 7
199 3
199 126
199 6
200 147
200 44
200 187
200 189
201 21
201 133
201 192
201 137
202 41
202 43
202 35
202 19
203 21
203 124
203 22
203 29
204 25
204 185
204 78
204 196
205 75
205 87
205 111
205 57
206 168
206 29
206 37
206 191
207 93
207 185
207 4
207 109
208 47
208 111
208 40
208 96
209 201
209 12
209 169
209 60
210 4
210 165
210 200
210 137
211 20
211 93
211 25
211 191
212 93
212 146
212 4
212 19
213 71
213 54
213 44
213 35
214 14
214 165
214 10
214 92
215 150
215 24
215 47
215 60
216 4
216 82
216 181
216 68
217 128
217 91
217 4
217 40
218 94
218 114
218 142
218 6
219 93
219 3
219 34
219 163
220 178
220 1
220 111
220 39
221 24
221 94
221 19
221 4
222 59
222 39
222 12
222 9
223 88
223 43
223 139
223 171
224 99
224 106
224 35
224 21
225 114
225 47
225 157
225 87
226 134
226 150
226 56
226 1
227 0
227 12
227 135
227 11
228 161
228 225
228 219
228 10
229 150
229 12
229 171
229 22
230 210
230 122
230 18
230 209
231 153
231 35
231 136
231 177
232 147
232 93
232 183
232 128
233 0
233 29
233 1
233 5
234 63
234 215
234 4
234 23
235 29
235 56
235 33
235 104
236 157
236 35
236 25
236 71
237 148
237 28
237 68
237 139
238 56
238 164
238 5
238 127
239 29
239 12
239 215
239 0
240 1
240 39
240 148
240 6
241 170
241 45
241 4
241 7
242 197
242 84
242 95
242 180
243 84
243 60
243 233
243 29
244 108
244 65
244 4
244 16
245 130
245 168
245 5
245 218
246 6
246 226
246 110
246 57
247 114
247 126
247 209
247 29
248 4
248 127
248 93
248 16
249 201
249 23
249 114
249 39
0 1 0 0 0 0 0 0 1 1 0 1 0 1 1 1 1 0 0 1 0 1 1 1 0 1 0 1 0 0 0 0 1 0 1 0 1 0 0 0 1 0 1 0 1 1 0 0 0 0 0 1 0 0 1 0 1 1 0 1 1 1 1 1 1 0 1 1 1 0 0 1 1 0 0 0 1 0 1 1 1 0 1 0 1 0 1 1 1 1 0 0 1 0 1 0 1 0 0 0 1 1 1 1 1 1 0 1 0 0 1 0 0 1 0 1 0 1 0 1 1 1 0 0 1 1 0 1 1 1 1 0 1 1 0 1 0 0 0 1 0 0 1 1 0 1 1 0 0 0 1 1 1 1 1 0 0 1 1 0 0 0 1 0 0 1 1 1 0 1 1 1 1 0 1 0 0 1 1 0 1 1 1 1 0 1 1 1 0 1 0 1 1 1 0 1 0 1 1 0 0 0 1 1 0 0 1 1 1 0 0 0 0 0 0 0 1 1 1 0 1 0 0 1 1 0 0 1 0 1 0 1 0 1 0 1 1 0 0 0 0 1 0 1 0 0 1 1 1 0
0 0 1 1 0 1 0 1 0 1 0 1 0 1 1 1 0 0 1 1 0 0 0 1 0 0 1 0 0 0 0 1 1 0 0 0 0 1 0 0 1 0 1 0 1 0 1 0 1 0 0 1 0 1 0 0 1 1 0 1 1 0 0 1 0 1 0 0 1 1 0 1 0 0 1 1 0 0 1 1 1 0 0 1 0 1 0 1 1 0 0 0 0 1 1 0 1 1 1 1 1 1 1 1 0 1 1 0 1 1 0 1 1 1 1 0 1 1 1 0 0 0 0 1 1 0 0 1 0 1 0 1 1 0 1 1 0 1 1 1 1 0 0 0 0 0 1 1 1 1 0 0 0 0 1 1 0 0 0 1 0 0 1 0 0 1 0 0 0 1 0 0 0 1 1 0 1 0 0 0 1 1 0 1 1 0 0 0 0 0 0 0 0 1 0 1 1 1 0 1 1 0 1 1 0 0 1 1 1 0 1 1 0 1 1 0 1 0 1 0 1 0 1 0 0 0 1 0 0 0 0 1 1 0 1 1 1 1 1 0 0 0 0 1 0 1 0 0 0 1
1 1 1 1 0 1 1 0 0 1 1 1 1 1 1 1 0 1 0 0 0 0 0 1 0 0 0 0 1 1 1 0 1 0 1 1 1 0 1 1 0 0 1 0 1 0 1 1 0 0 0 0 1 1 0 1 1 1 1 1 0 0 1 1 0 0 1 0 1 0 1 0 1 0 0 0 1 1 1 1 1 0 0 1 1 0 1 1 0 1 1 0 0 1 0 0 0 1 0 1 0 0 0 0 0 1 1 1 0 0 0 1 0 0 0 0 0 1 0 1 1 0 0 0 1 1 0 1 0 0 1 0 1 0 0 0 0 0 1 1 1 1 0 0 1 0 1 1 0 1 0 1 0 1 1 1 1 1 1 1 0 1 1 0 0 0 0 1 1 1 0 1 1 0 1 0 0 0 0 0 0 0 0 1 0 1 1 0 1 1 0 1 1 0 0 0 1 1 1 1 0 1 0 1 0 1 0 1 0 1 1 0 0 1 0 1 0 1 0 1 0 1 1 1 0 1 1 0 0 1 1 0 0 0 1 0 1 0 1 1 0 1 1 0 0 0 1 0 1 0
0 0 0 0 1 1 1 0 0 0 0 0 1 0 1 1 0 1 1 1 0 0 1 0 0 0 1 1 0 1 0 1 1 0 0 1 0 1 0 0 1 1 1 1 1 1 0 0 0 1 0 1 1 1 1 0 0 0 1 0 1 1 1 0 0 1 0 1 0 0 1 1 0 1 1 1 1 1 0 0 1 0 1 0 0 0 0 1 1 1 0 1 0 1 0 0 1 0 0 1 0 0 1 0 0 0 0 1 0 1 1 0 1 0 0 1 1 0 0 0 0 1 0 0 1 0 0 0 0 0 1 0 0 0 1 0 0 1 1 1 1 1 1 0 1 1 1 0 0 0 1 1 0 1 1 0 1 0 1 0 1 0 0 1 1 0 0 1 1 0 0 1 0 1 0 0 1 1 1 0 1 0 0 1 1 1 0 0 1 1 1 1 0 0 1 1 1 0 1 1 1 0 0 0 0 1 0 1 1 0 1 1 0 1 1 1 1 1 1 1 0 0 0 1 0 0 0 0 1 1 1 1 0 0 0 0 1 0 1 0 1 1 1 0 1 0 0 0 1 1
0 0 1 0 0 1 1 1 0 1 1 1 0 1 1 0 1 1 1 1 1 1 1 1 0 1 0 0 1 1 1 1 1 1 0 1 1 0 1 0 1 1 1 0 1 0 0 0 1 1 1 0 0 1 1 1 0 0 1 1 0 1 1 1 0 1 0 0 0 1 1 1 1 0 1 1 1 1 1 0 1 0 1 1 0 1 1 0 0 0 0 1 0 1 0 1 0 1 1 1 1 0 0 1 1 0 1 0 0 0 1 0 0 0 1 1 0 0 0 0 1 1 0 1 1 0 0 1 0 1 0 1 1 1 1 1 0 0 0 1 1 0 0 0 0 0 0 0 1 0 1 0 0 1 0 1 0 1 1 0 0 1 1 1 1 0 0 1 1 1 0 1 0 0 0 0 0 0 1 1 1 0 0 1 1 0 1 0 0 0 0 0 0 1 0 0 0 1 1 0 1 0 0 1 0 0 0 0 0 0 0 0 1 0 0 1 1 1 0 1 0 1 0 0 1 0 1 1 1 0 0 1 1 1 1 0 0 1 1 0 0 0 0 0 0 1 0 1 0 1