100 780 5
0 1
0 2
1 2
0 3
1 3
2 3
0 4
1 4
2 4
3 4
2 5
1 5
0 5
3 5
4 6
2 6
0 6
3 6
6 7
3 7
4 7
2 7
5 8
6 8
2 8
7 8
5 9
8 9
2 9
0 9
5 10
2 10
0 10
8 10
6 11
0 11
10 11
5 11
2 12
5 12
0 12
9 12
2 13
6 13
0 13
4 13
9 14
8 14
1 14
6 14
3 15
10 15
6 15
9 15
14 16
13 16
10 16
15 16
13 17
8 17
16 17
15 17
2 18
3 18
9 18
5 18
17 19
10 19
9 19
5 19
2 20
5 20
9 20
15 20
0 21
4 21
12 21
8 21
10 22
5 22
13 22
8 22
3 23
10 23
8 23
18 23
13 24
3 24
10 24
15 24
10 25
6 25
3 25
12 25
3 26
6 26
8 26
15 26
25 27
9 27
18 27
16 27
12 28
13 28
9 28
26 28
5 29
8 29
25 29
15 29
24 30
4 30
5 30
7 30
8 31
6 31
5 31
4 31
5 32
0 32
20 32
10 32
5 33
7 33
4 33
2 33
4 34
8 34
22 34
29 34
20 35
17 35
5 35
28 35
15 36
13 36
2 36
17 36
32 37
14 37
4 37
19 37
12 38
6 38
7 38
14 38
21 39
6 39
29 39
18 39
33 40
2 40
8 40
12 40
2 41
37 41
0 41
25 41
8 42
21 42
12 42
25 42
2 43
3 43
25 43
42 43
42 44
10 44
28 44
33 44
5 45
22 45
8 45
18 45
5 46
31 46
18 46
30 46
13 47
35 47
6 47
8 47
30 48
46 48
14 48
9 48
25 49
8 49
45 49
18 49
15 50
26 50
25 50
4 50
14 51
22 51
37 51
10 51
24 52
4 52
23 52
51 52
0 53
38 53
3 53
48 53
29 54
50 54
30 54
3 54
19 55
7 55
5 55
30 55
15 56
3 56
18 56
25 56
4 57
26 57
8 57
9 57
5 58
31 58
26 58
2 58
28 59
14 59
44 59
33 59
8 60
16 60
25 60
0 60
11 61
5 61
24 61
12 61
59 62
53 62
23 62
1 62
62 63
12 63
22 63
52 63
5 64
17 64
4 64
26 64
11 65
61 65
9 65
32 65
37 66
2 66
1 66
15 66
24 67
19 67
31 67
46 67
34 68
0 68
20 68
15 68
52 69
36 69
10 69
55 69
19 70
3 70
8 70
9 70
12 71
44 71
1 71
10 71
5 72
51 72
12 72
32 72
43 73
52 73
47 73
50 73
50 74
5 74
3 74
24 74
2 75
67 75
25 75
71 75
22 76
23 76
9 76
13 76
13 77
36 77
20 77
32 77
22 78
2 78
8 78
5 78
7 79
36 79
76 79
20 79
2 80
45 80
76 80
10 80
15 81
70 81
51 81
10 81
9 82
49 82
35 82
0 82
51 83
0 83
27 83
44 83
19 84
83 84
21 84
5 84
32 85
22 85
38 85
63 85
69 86
14 86
10 86
46 86
21 87
13 87
26 87
24 87
36 88
5 88
0 88
14 88
3 89
4 89
35 89
1 89
8 90
54 90
7 90
4 90
51 91
65 91
73 91
28 91
46 92
3 92
11 92
18 92
10 93
37 93
47 93
48 93
19 94
58 94
12 94
42 94
14 95
32 95
58 95
64 95
58 96
0 96
12 96
16 96
15 97
86 97
20 97
5 97
12 98
25 98
15 98
3 98
14 99
29 99
97 99
61 99
1 0
2 0
2 1
3 0
3 1
3 2
4 0
4 1
4 2
4 3
5 2
5 1
5 0
5 3
6 4
6 2
6 0
6 3
7 6
7 3
7 4
7 2
8 5
8 6
8 2
8 7
9 5
9 8
9 2
9 0
10 5
10 2
10 0
10 8
11 6
11 0
11 10
11 5
12 2
12 5
12 0
12 9
13 2
13 6
13 0
13 4
14 9
14 8
14 1
14 6
15 3
15 10
15 6
15 9
16 14
16 13
16 10
16 15
17 13
17 8
17 16
17 15
18 2
18 3
18 9
18 5
19 17
19 10
19 9
19 5
20 2
20 5
20 9
20 15
21 0
21 4
21 12
21 8
22 10
22 5
22 13
22 8
23 3
23 10
23 8
23 18
24 13
24 3
24 10
24 15
25 10
25 6
25 3
25 12
26 3
26 6
26 8
26 15
27 25
27 9
27 18
27 16
28 12
28 13
28 9
28 26
29 5
29 8
29 25
29 15
30 24
30 4
30 5
30 7
31 8
31 6
31 5
31 4
32 5
32 0
32 20
32 10
33 5
33 7
33 4
33 2
34 4
34 8
34 22
34 29
35 20
35 17
35 5
35 28
36 15
36 13
36 2
36 17
37 32
37 14
37 4
37 19
38 12
38 6
38 7
38 14
39 21
39 6
39 29
39 18
40 33
40 2
40 8
40 12
41 2
41 37
41 0
41 25
42 8
42 21
42 12
42 25
43 2
43 3
43 25
43 42
44 42
44 10
44 28
44 33
45 5
45 22
45 8
45 18
46 5
46 31
46 18
46 30
47 13
47 35
47 6
47 8
48 30
48 46
48 14
48 9
49 25
49 8
49 45
49 18
50 15
50 26
50 25
50 4
51 14
51 22
51 37
51 10
52 24
52 4
52 23
52 51
53 0
53 38
53 3
53 48
54 29
54 50
54 30
54 3
55 19
55 7
55 5
55 30
56 15
56 3
56 18
56 25
57 4
57 26
57 8
57 9
58 5
58 31
58 26
58 2
59 28
59 14
59 44
59 33
60 8
60 16
60 25
60 0
61 11
61 5
61 24
61 12
62 59
62 53
62 23
62 1
63 62
63 12
63 22
63 52
64 5
64 17
64 4
64 26
65 11
65 61
65 9
65 32
66 37
66 2
66 1
66 15
67 24
67 19
67 31
67 46
68 34
68 0
68 20
68 15
69 52
69 36
69 10
69 55
70 19
70 3
70 8
70 9
71 12
71 44
71 1
71 10
72 5
72 51
72 12
72 32
73 43
73 52
73 47
73 50
74 50
74 5
74 3
74 24
75 2
75 67
75 25
75 71
76 22
76 23
76 9
76 13
77 13
77 36
77 20
77 32
78 22
78 2
78 8
78 5
79 7
79 36
79 76
79 20
80 2
80 45
80 76
80 10
81 15
81 70
81 51
81 10
82 9
82 49
82 35
82 0
83 51
83 0
83 27
83 44
84 19
84 83
84 21
84 5
85 32
85 22
85 38
85 63
86 69
86 14
86 10
86 46
87 21
87 13
87 26
87 24
88 36
88 5
88 0
88 14
89 3
89 4
89 35
89 1
90 8
90 54
90 7
90 4
91 51
91 65
91 73
91 28
92 46
92 3
92 11
92 18
93 10
93 37
93 47
93 48
94 19
94 58
94 12
94 42
95 14
95 32
95 58
95 64
96 58
96 0
96 12
96 16
97 15
97 86
97 20
97 5
98 12
98 25
98 15
98 3
99 14
99 29
99 97
99 61
0 1 1 1 0 0 1 1 0 0 1 0 1 0 0 1 1 1 0 0 1 0 1 0 0 0 0 1 1 1 1 1 1 1 1 0 0 0 1 0 0 0 0 0 1 1 0 1 1 1 0 0 0 0 1 1 0 1 1 0 0 1 0 1 1 0 1 0 0 1 1 0 1 0 0 1 1 0 0 1 1 0 1 1 1 0 1 0 1 0 0 0 0 0 1 1 1 0 0 0
0 0 0 1 0 1 1 0 1 0 1 1 0 0 0 1 1 0 1 0 1 0 1 0 0 0 1 1 1 1 0 1 1 1 1 0 0 0 0 0 1 1 1 1 0 0 0 0 0 1 1 1 1 0 0 1 0 0 1 1 1 1 1 1 0 1 1 0 1 1 0 0 0 0 1 1 0 1 0 1 0 0 1 0 1 1 1 0 0 0 0 1 1 1 0 1 0 1 0 1
0 0 0 1 1 0 1 1 0 1 0 0 0 1 0 1 1 1 0 0 1 0 0 0 1 0 0 1 1 1 0 1 0 0 1 0 0 1 1 1 1 1 1 1 1 0 1 1 0 0 0 1 0 0 0 1 1 1 1 1 1 1 0 1 0 1 1 0 0 1 1 0 0 0 1 0 1 0 1 0 1 1 0 0 1 0 0 0 0 0 1 1 0 1 1 1 0 1 1 1
0 0 0 0 0 1 0 0 1 1 0 1 1 1 1 1 1 1 0 1 0 0 1 1 0 0 1 0 0 1 0 0 0 1 1 0 1 1 0 1 1 1 1 0 0 1 1 1 1 1 1 1 0 1 1 0 1 1 1 0 1 0 1 0 1 0 1 0 1 1 0 0 0 0 1 0 1 1 0 0 1 1 1 1 1 1 1 0 0 1 0 0 0 1 1 1 0 0 1 1
1 1 1 1 1 0 1 1 1 1 1 0 1 1 1 0 0 0 1 0 0 1 1 1 0 0 0 0 1 0 0 0 1 1 0 1 1 0 1 1 1 1 1 1 0 1 0 1 0 0 1 1 0 1 0 1 0 0 1 1 1 0 0 0 1 1 1 1 1 1 1 1 1 1 1 1 0 0 1 0 0 1 1 1 0 0 0 0 0 1 0 1 1 0 1 1 0 1 0 1