250 1980 5
0 1
0 2
1 2
0 3
1 3
2 3
0 4
1 4
2 4
3 4
1 5
4 5
3 5
0 5
2 6
4 6
3 6
0 6
0 7
4 7
1 7
2 7
4 8
0 8
7 8
1 8
0 9
4 9
2 9
5 9
9 10
8 10
7 10
0 10
2 11
0 11
1 11
9 11
4 12
1 12
0 12
7 12
11 13
1 13
0 13
4 13
12 14
1 14
0 14
4 14
14 15
9 15
0 15
5 15
1 16
7 16
11 16
0 16
7 17
0 17
4 17
2 17
0 18
1 18
7 18
3 18
9 19
3 19
11 19
0 19
13 20
5 20
19 20
1 20
17 21
10 21
11 21
4 21
2 22
17 22
0 22
5 22
1 23
2 23
14 23
0 23
4 24
20 24
1 24
17 24
7 25
0 25
20 25
15 25
17 26
4 26
20 26
19 26
13 27
2 27
0 27
1 27
10 28
26 28
22 28
0 28
28 29
19 29
2 29
9 29
1 30
0 30
15 30
4 30
4 31
9 31
12 31
1 31
31 32
3 32
30 32
4 32
7 33
28 33
10 33
18 33
26 34
9 34
20 34
28 34
19 35
1 35
27 35
7 35
4 36
27 36
31 36
7 36
4 37
1 37
10 37
14 37
0 38
34 38
4 38
14 38
19 39
12 39
21 39
2 39
17 40
38 40
13 40
28 40
32 41
24 41
14 41
23 41
23 42
2 42
4 42
14 42
2 43
7 43
17 43
20 43
14 44
22 44
7 44
40 44
2 45
4 45
19 45
14 45
44 46
28 46
2 46
40 46
25 47
34 47
13 47
2 47
0 48
13 48
28 48
19 48
19 49
0 49
24 49
14 49
0 50
27 50
2 50
3 50
0 51
42 51
23 51
44 51
27 52
22 52
28 52
46 52
11 53
42 53
36 53
22 53
32 54
37 54
7 54
10 54
50 55
19 55
15 55
25 55
29 56
18 56
0 56
27 56
52 57
1 57
55 57
37 57
0 58
4 58
23 58
18 58
48 59
11 59
17 59
0 59
4 60
30 60
0 60
19 60
43 61
21 61
28 61
27 61
30 62
10 62
40 62
32 62
16 63
8 63
40 63
9 63
1 64
7 64
20 64
32 64
43 65
64 65
0 65
46 65
36 66
24 66
18 66
46 66
55 67
63 67
41 67
40 67
2 68
10 68
28 68
17 68
27 69
31 69
61 69
11 69
14 70
35 70
18 70
3 70
23 71
4 71
5 71
51 71
66 72
39 72
30 72
28 72
13 73
66 73
53 73
40 73
24 74
64 74
68 74
40 74
1 75
2 75
28 75
24 75
2 76
59 76
4 76
25 76
23 77
74 77
64 77
76 77
25 78
47 78
28 78
34 78
37 79
64 79
11 79
10 79
2 80
58 80
1 80
33 80
71 81
13 81
15 81
24 81
0 82
1 82
41 82
2 82
78 83
46 83
13 83
9 83
20 84
62 84
46 84
72 84
20 85
32 85
5 85
14 85
3 86
11 86
60 86
27 86
37 87
77 87
31 87
43 87
18 88
64 88
25 88
66 88
18 89
43 89
51 89
85 89
1 90
0 90
40 90
18 90
48 91
34 91
77 91
1 91
91 92
3 92
39 92
0 92
2 93
1 93
25 93
37 93
35 94
55 94
50 94
12 94
56 95
40 95
82 95
0 95
83 96
18 96
74 96
63 96
65 97
18 97
0 97
83 97
71 98
25 98
88 98
5 98
3 99
66 99
83 99
8 99
94 100
4 100
77 100
5 100
0 101
1 101
40 101
18 101
32 102
56 102
60 102
43 102
32 103
91 103
61 103
67 103
1 104
83 104
0 104
14 104
51 105
58 105
73 105
60 105
58 106
60 106
15 106
51 106
3 107
24 107
4 107
25 107
59 108
0 108
12 108
3 108
37 109
17 109
20 109
3 109
27 110
4 110
40 110
66 110
4 111
28 111
72 111
2 111
28 112
36 112
5 112
71 112
7 113
24 113
5 113
42 113
19 114
87 114
25 114
32 114
1 115
20 115
23 115
76 115
66 116
88 116
37 116
85 116
59 117
19 117
28 117
88 117
56 118
75 118
23 118
36 118
12 119
37 119
0 119
49 119
19 120
4 120
108 120
68 120
19 121
9 121
3 121
100 121
10 122
42 122
4 122
34 122
26 123
19 123
73 123
54 123
43 124
24 124
0 124
106 124
15 125
14 125
4 125
26 125
37 126
28 126
62 126
54 126
13 127
49 127
104 127
17 127
32 128
14 128
52 128
0 128
125 129
49 129
0 129
93 129
28 130
75 130
110 130
47 130
64 131
104 131
2 131
26 131
80 132
30 132
108 132
114 132
25 133
21 133
3 133
81 133
66 134
25 134
52 134
27 134
43 135
42 135
65 135
31 135
0 136
36 136
120 136
56 136
18 137
94 137
10 137
100 137
24 138
15 138
7 138
28 138
21 139
59 139
28 139
81 139
91 140
10 140
117 140
124 140
59 141
57 141
7 141
66 141
73 142
2 142
7 142
32 142
28 143
9 143
1 143
73 143
77 144
109 144
54 144
25 144
51 145
74 145
77 145
117 145
100 146
15 146
3 146
0 146
79 147
118 147
71 147
1 147
5 148
25 148
19 148
59 148
25 149
108 149
56 149
21 149
57 150
17 150
120 150
37 150
0 151
119 151
146 151
30 151
4 152
3 152
140 152
141 152
72 153
3 153
15 153
94 153
111 154
37 154
5 154
3 154
50 155
9 155
122 155
146 155
7 156
74 156
11 156
43 156
46 157
0 157
74 157
40 157
145 158
19 158
17 158
111 158
59 159
23 159
3 159
0 159
0 160
84 160
19 160
112 160
3 161
0 161
68 161
56 161
78 162
50 162
65 162
96 162
56 163
25 163
151 163
127 163
6 164
163 164
121 164
11 164
41 165
86 165
4 165
120 165
11 166
150 166
1 166
52 166
28 167
146 167
33 167
2 167
83 168
165 168
145 168
4 168
55 169
129 169
5 169
32 169
42 170
73 170
30 170
68 170
94 171
139 171
95 171
132 171
138 172
51 172
7 172
4 172
64 173
135 173
32 173
109 173
4 174
156 174
68 174
167 174
28 175
3 175
31 175
0 175
26 176
77 176
35 176
156 176
156 177
147 177
65 177
56 177
67 178
74 178
37 178
4 178
82 179
21 179
106 179
93 179
156 180
24 180
91 180
12 180
14 181
150 181
145 181
19 181
26 182
150 182
13 182
55 182
19 183
72 183
33 183
10 183
30 184
43 184
150 184
50 184
122 185
75 185
1 185
125 185
43 186
97 186
182 186
22 186
2 187
20 187
72 187
52 187
10 188
169 188
128 188
25 188
60 189
66 189
89 189
153 189
21 190
94 190
116 190
61 190
147 191
25 191
65 191
54 191
6 192
40 192
35 192
10 192
34 193
21 193
129 193
95 193
51 194
156 194
71 194
178 194
52 195
127 195
1 195
32 195
5 196
164 196
27 196
185 196
166 197
37 197
97 197
76 197
40 198
121 198
79 198
68 198
140 199
59 199
64 199
120 199
31 200
0 200
57 200
64 200
185 201
30 201
193 201
2 201
49 202
87 202
32 202
113 202
57 203
56 203
131 203
71 203
27 204
28 204
139 204
19 204
0 205
70 205
17 205
169 205
13 206
179 206
68 206
125 206
159 207
4 207
76 207
42 207
141 208
14 208
4 208
139 208
2 209
15 209
39 209
128 209
27 210
89 210
123 210
167 210
161 211
193 211
205 211
129 211
15 212
197 212
40 212
21 212
151 213
3 213
42 213
19 213
163 214
65 214
151 214
23 214
83 215
58 215
201 215
104 215
133 216
45 216
151 216
36 216
22 217
209 217
26 217
34 217
153 218
46 218
94 218
39 218
9 219
40 219
87 219
32 219
76 220
7 220
66 220
64 220
34 221
1 221
160 221
4 221
22 222
166 222
142 222
73 222
136 223
0 223
59 223
68 223
19 224
91 224
223 224
82 224
202 225
23 225
9 225
80 225
198 226
139 226
117 226
32 226
46 227
4 227
124 227
19 227
218 228
21 228
99 228
59 228
27 229
55 229
7 229
32 229
153 230
0 230
19 230
90 230
3 231
42 231
128 231
160 231
85 232
66 232
189 232
159 232
71 233
58 233
75 233
205 233
121 234
209 234
0 234
34 234
71 235
37 235
191 235
7 235
125 236
228 236
186 236
15 236
224 237
63 237
142 237
171 237
114 238
3 238
10 238
125 238
95 239
73 239
19 239
102 239
29 240
145 240
74 240
51 240
66 241
36 241
144 241
145 241
207 242
2 242
83 242
42 242
7 243
36 243
94 243
16 243
121 244
0 244
73 244
59 244
172 245
19 245
10 245
2 245
245 246
3 246
57 246
4 246
224 247
158 247
71 247
210 247
84 248
12 248
91 248
137 248
3 249
246 249
112 249
28 249
1 0
2 0
2 1
3 0
3 1
3 2
4 0
4 1
4 2
4 3
5 1
5 4
5 3
5 0
6 2
6 4
6 3
6 0
7 0
7 4
7 1
7 2
8 4
8 0
8 7
8 1
9 0
9 4
9 2
9 5
10 9
10 8
10 7
10 0
11 2
11 0
11 1
11 9
12 4
12 1
12 0
12 7
13 11
13 1
13 0
13 4
14 12
14 1
14 0
14 4
15 14
15 9
15 0
15 5
16 1
16 7
16 11
16 0
17 7
17 0
17 4
17 2
18 0
18 1
18 7
18 3
19 9
19 3
19 11
19 0
20 13
20 5
20 19
20 1
21 17
21 10
21 11
21 4
22 2
22 17
22 0
22 5
23 1
23 2
23 14
23 0
24 4
24 20
24 1
24 17
25 7
25 0
25 20
25 15
26 17
26 4
26 20
26 19
27 13
27 2
27 0
27 1
28 10
28 26
28 22
28 0
29 28
29 19
29 2
29 9
30 1
30 0
30 15
30 4
31 4
31 9
31 12
31 1
32 31
32 3
32 30
32 4
33 7
33 28
33 10
33 18
34 26
34 9
34 20
34 28
35 19
35 1
35 27
35 7
36 4
36 27
36 31
36 7
37 4
37 1
37 10
37 14
38 0
38 34
38 4
38 14
39 19
39 12
39 21
39 2
40 17
40 38
40 13
40 28
41 32
41 24
41 14
41 23
42 23
42 2
42 4
42 14
43 2
43 7
43 17
43 20
44 14
44 22
44 7
44 40
45 2
45 4
45 19
45 14
46 44
46 28
46 2
46 40
47 25
47 34
47 13
47 2
48 0
48 13
48 28
48 19
49 19
49 0
49 24
49 14
50 0
50 27
50 2
50 3
51 0
51 42
51 23
51 44
52 27
52 22
52 28
52 46
53 11
53 42
53 36
53 22
54 32
54 37
54 7
54 10
55 50
55 19
55 15
55 25
56 29
56 18
56 0
56 27
57 52
57 1
57 55
57 37
58 0
58 4
58 23
58 18
59 48
59 11
59 17
59 0
60 4
60 30
60 0
60 19
61 43
61 21
61 28
61 27
62 30
62 10
62 40
62 32
63 16
63 8
63 40
63 9
64 1
64 7
64 20
64 32
65 43
65 64
65 0
65 46
66 36
66 24
66 18
66 46
67 55
67 63
67 41
67 40
68 2
68 10
68 28
68 17
69 27
69 31
69 61
69 11
70 14
70 35
70 18
70 3
71 23
71 4
71 5
71 51
72 66
72 39
72 30
72 28
73 13
73 66
73 53
73 40
74 24
74 64
74 68
74 40
75 1
75 2
75 28
75 24
76 2
76 59
76 4
76 25
77 23
77 74
77 64
77 76
78 25
78 47
78 28
78 34
79 37
79 64
79 11
79 10
80 2
80 58
80 1
80 33
81 71
81 13
81 15
81 24
82 0
82 1
82 41
82 2
83 78
83 46
83 13
83 9
84 20
84 62
84 46
84 72
85 20
85 32
85 5
85 14
86 3
86 11
86 60
86 27
87 37
87 77
87 31
87 43
88 18
88 64
88 25
88 66
89 18
89 43
89 51
89 85
90 1
90 0
90 40
90 18
91 48
91 34
91 77
91 1
92 91
92 3
92 39
92 0
93 2
93 1
93 25
93 37
94 35
94 55
94 50
94 12
95 56
95 40
95 82
95 0
96 83
96 18
96 74
96 63
97 65
97 18
97 0
97 83
98 71
98 25
98 88
98 5
99 3
99 66
99 83
99 8
100 94
100 4
100 77
100 5
101 0
101 1
101 40
101 18
102 32
102 56
102 60
102 43
103 32
103 91
103 61
103 67
104 1
104 83
104 0
104 14
105 51
105 58
105 73
105 60
106 58
106 60
106 15
106 51
107 3
107 24
107 4
107 25
108 59
108 0
108 12
108 3
109 37
109 17
109 20
109 3
110 27
110 4
110 40
110 66
111 4
111 28
111 72
111 2
112 28
112 36
112 5
112 71
113 7
113 24
113 5
113 42
114 19
114 87
114 25
114 32
115 1
115 20
115 23
115 76
116 66
116 88
116 37
116 85
117 59
117 19
117 28
117 88
118 56
118 75
118 23
118 36
119 12
119 37
119 0
119 49
120 19
120 4
120 108
120 68
121 19
121 9
121 3
121 100
122 10
122 42
122 4
122 34
123 26
123 19
123 73
123 54
124 43
124 24
124 0
124 106
125 15
125 14
125 4
125 26
126 37
126 28
126 62
126 54
127 13
127 49
127 104
127 17
128 32
128 14
128 52
128 0
129 125
129 49
129 0
129 93
130 28
130 75
130 110
130 47
131 64
131 104
131 2
131 26
132 80
132 30
132 108
132 114
133 25
133 21
133 3
133 81
134 66
134 25
134 52
134 27
135 43
135 42
135 65
135 31
136 0
136 36
136 120
136 56
137 18
137 94
137 10
137 100
138 24
138 15
138 7
138 28
139 21
139 59
139 28
139 81
140 91
140 10
140 117
140 124
141 59
141 57
141 7
141 66
142 73
142 2
142 7
142 32
143 28
143 9
143 1
143 73
144 77
144 109
144 54
144 25
145 51
145 74
145 77
145 117
146 100
146 15
146 3
146 0
147 79
147 118
147 71
147 1
148 5
148 25
148 19
148 59
149 25
149 108
149 56
149 21
150 57
150 17
150 120
150 37
151 0
151 119
151 146
151 30
152 4
152 3
152 140
152 141
153 72
153 3
153 15
153 94
154 111
154 37
154 5
154 3
155 50
155 9
155 122
155 146
156 7
156 74
156 11
156 43
157 46
157 0
157 74
157 40
158 145
158 19
158 17
158 111
159 59
159 23
159 3
159 0
160 0
160 84
160 19
160 112
161 3
161 0
161 68
161 56
162 78
162 50
162 65
162 96
163 56
163 25
163 151
163 127
164 6
164 163
164 121
164 11
165 41
165 86
165 4
165 120
166 11
166 150
166 1
166 52
167 28
167 146
167 33
167 2
168 83
168 165
168 145
168 4
169 55
169 129
169 5
169 32
170 42
170 73
170 30
170 68
171 94
171 139
171 95
171 132
172 138
172 51
172 7
172 4
173 64
173 135
173 32
173 109
174 4
174 156
174 68
174 167
175 28
175 3
175 31
175 0
176 26
176 77
176 35
176 156
177 156
177 147
177 65
177 56
178 67
178 74
178 37
178 4
179 82
179 21
179 106
179 93
180 156
180 24
180 91
180 12
181 14
181 150
181 145
181 19
182 26
182 150
182 13
182 55
183 19
183 72
183 33
183 10
184 30
184 43
184 150
184 50
185 122
185 75
185 1
185 125
186 43
186 97
186 182
186 22
187 2
187 20
187 72
187 52
188 10
188 169
188 128
188 25
189 60
189 66
189 89
189 153
190 21
190 94
190 116
190 61
191 147
191 25
191 65
191 54
192 6
192 40
192 35
192 10
193 34
193 21
193 129
193 95
194 51
194 156
194 71
194 178
195 52
195 127
195 1
195 32
196 5
196 164
196 27
196 185
197 166
197 37
197 97
197 76
198 40
198 121
198 79
198 68
199 140
199 59
199 64
199 120
200 31
200 0
200 57
200 64
201 185
201 30
201 193
201 2
202 49
202 87
202 32
202 113
203 57
203 56
203 131
203 71
204 27
204 28
204 139
204 19
205 0
205 70
205 17
205 169
206 13
206 179
206 68
206 125
207 159
207 4
207 76
207 42
208 141
208 14
208 4
208 139
209 2
209 15
209 39
209 128
210 27
210 89
210 123
210 167
211 161
211 193
211 205
211 129
212 15
212 197
212 40
212 21
213 151
213 3
213 42
213 19
214 163
214 65
214 151
214 23
215 83
215 58
215 201
215 104
216 133
216 45
216 151
216 36
217 22
217 209
217 26
217 34
218 153
218 46
218 94
218 39
219 9
219 40
219 87
219 32
220 76
220 7
220 66
220 64
221 34
221 1
221 160
221 4
222 22
222 166
222 142
222 73
223 136
223 0
223 59
223 68
224 19
224 91
224 223
224 82
225 202
225 23
225 9
225 80
226 198
226 139
226 117
226 32
227 46
227 4
227 124
227 19
228 218
228 21
228 99
228 59
229 27
229 55
229 7
229 32
230 153
230 0
230 19
230 90
231 3
231 42
231 128
231 160
232 85
232 66
232 189
232 159
233 71
233 58
233 75
233 205
234 121
234 209
234 0
234 34
235 71
235 37
235 191
235 7
236 125
236 228
236 186
236 15
237 224
237 63
237 142
237 171
238 114
238 3
238 10
238 125
239 95
239 73
239 19
239 102
240 29
240 145
240 74
240 51
241 66
241 36
241 144
241 145
242 207
242 2
242 83
242 42
243 7
243 36
243 94
243 16
244 121
244 0
244 73
244 59
245 172
245 19
245 10
245 2
246 245
246 3
246 57
246 4
247 224
247 158
247 71
247 210
248 84
248 12
248 91
248 137
249 3
249 246
249 112
249 28
0 0 1 1 1 1 0 0 1 0 1 1 0 1 1 1 1 1 0 0 0 1 1 1 1 0 0 0 1 0 0 0 1 1 0 0 0 1 0 0 1 1 0 1 0 0 1 1 0 1 1 1 0 1 0 1 0 0 0 0 1 0 1 0 1 0 1 1 1 1 1 1 1 0 0 1 0 1 0 0 1 1 0 0 1 1 1 1 1 0 0 1 0 1 1 0 1 0 1 0 1 0 0 1 0 1 0 0 1 1 0 1 0 0 1 1 0 0 0 0 1 0 1 1 1 1 0 1 0 1 1 1 0 0 1 1 1 1 1 0 0 0 1 1 1 0 0 0 1 0 1 1 0 1 1 0 0 1 0 0 1 1 1 1 1 0 1 1 0 1 0 1 1 1 0 0 1 0 0 1 0 0 0 0 1 1 0 1 0 1 1 0 1 1 1 0 0 0 1 1 0 0 1 0 1 0 0 1 1 1 1 0 0 0 1 0 0 1 0 0 0 0 0 1 0 0 1 0 0 1 0 1 1 1 0 0 0 1 0 1 1 0 0 0 1 0 1 1 1 1
1 1 0 0 1 1 0 0 0 1 0 1 0 1 0 1 1 1 0 1 0 1 1 1 1 0 1 1 1 0 0 1 1 1 0 0 0 1 0 1 0 0 0 0 1 0 0 0 0 0 1 1 1 1 0 0 0 1 0 1 1 1 1 1 0 0 1 0 0 0 0 0 1 0 1 1 1 0 0 0 0 1 0 0 0 1 0 0 0 0 1 1 1 0 0 1 1 1 0 0 0 1 0 1 0 0 0 0 0 1 1 0 0 1 0 0 0 0 0 1 0 1 0 0 0 0 0 0 0 0 1 1 1 1 0 0 0 0 0 0 0 1 0 0 0 0 0 0 1 1 1 1 1 1 1 0 1 0 1 0 0 1 0 0 1 1 0 1 0 0 0 0 0 0 1 0 1 0 1 1 1 0 0 1 0 1 1 0 1 0 1 0 0 1 1 1 1 1 1 0 0 1 0 1 0 1 1 1 0 0 0 0 0 0 0 1 0 0 1 0 1 0 0 0 1 0 0 0 1 1 1 0 1 1 1 1 1 1 1 0 1 0 0 1 1 0 1 0 0 1
0 1 1 1 0 0 0 1 1 0 1 0 0 1 0 1 1 1 0 1 1 0 0 0 0 1 1 0 0 1 0 1 1 1 1 1 1 1 1 1 0 1 1 1 0 1 0 0 0 0 0 0 0 1 0 0 1 1 1 1 0 0 0 1 0 1 0 1 1 0 1 1 0 1 0 1 1 1 0 0 1 0 1 0 0 0 0 1 0 0 0 0 1 1 1 1 1 1 1 1 0 1 0 1 1 0 0 1 1 1 1 0 0 0 1 1 1 1 1 0 0 1 0 1 0 1 1 0 1 0 1 1 1 1 0 0 0 0 0 1 1 1 1 1 0 1 1 0 1 1 1 1 1 1 0 0 0 0 0 1 1 1 0 1 1 0 1 1 1 0 0 0 1 0 0 0 1 0 0 1 0 1 0 0 0 1 0 1 1 0 1 0 0 0 0 1 1 0 1 0 1 0 1 0 0 0 0 0 0 1 1 0 1 1 0 1 1 1 1 0 0 0 0 0 0 1 0 1 0 1 0 0 1 1 1 0 0 0 1 0 1 0 0 0 1 1 0 1 0 1
1 0 0 0 0 0 1 0 0 0 1 0 1 1 0 1 1 0 1 0 1 0 1 1 1 0 1 0 1 0 1 0 1 0 1 0 1 1 0 0 0 1 0 0 0 1 1 1 0 1 1 0 1 1 1 1 0 0 0 0 1 1 1 0 1 1 1 0 0 0 0 1 1 0 1 1 1 0 0 0 0 0 0 1 1 0 1 1 0 1 0 1 0 1 1 1 1 1 0 1 0 0 0 0 1 1 0 1 1 0 1 0 0 0 0 1 1 1 0 0 1 1 0 0 1 0 1 1 1 1 1 1 1 1 0 0 1 0 1 0 0 1 0 1 0 0 1 1 0 1 1 0 0 1 0 0 1 0 1 1 1 1 1 1 0 1 1 0 1 1 1 1 1 1 1 0 0 1 0 0 0 0 0 0 1 1 1 1 0 1 1 1 1 0 0 1 0 1 1 0 0 0 1 0 1 0 0 0 0 0 0 1 1 0 0 1 0 0 0 1 1 0 0 0 1 0 1 1 1 1 0 0 0 0 0 1 0 0 1 0 0 0 0 0 0 1 1 0 0 1
0 0 0 0 1 1 1 0 1 1 0 0 0 1 0 0 1 0 0 1 0 0 1 0 0 1 1 1 1 1 1 1 1 0 1 0 1 0 1 0 1 1 0 1 1 0 1 0 1 0 1 0 1 1 0 1 1 0 0 1 0 0 1 1 0 0 0 0 1 1 0 1 0 0 0 1 1 0 0 1 1 0 0 0 0 0 0 0 0 0 0 1 0 0 0 0 1 1 1 1 0 1 1 1 0 1 1 1 0 1 0 0 0 1 1 0 0 0 0 1 1 1 0 1 1 0 0 1 1 1 0 0 0 1 1 0 0 0 1 1 0 0 0 0 1 0 1 1 0 1 1 0 1 0 0 1 1 0 0 1 1 0 0 0 1 0 1 1 1 1 0 0 1 0 1 0 0 1 0 0 0 0 0 0 1 1 1 0 0 1 1 0 1 1 1 1 1 0 1 0 0 1 0 0 0 0 0 1 1 0 0 1 0 0 1 0 0 1 0 1 0 1 0 0 1 0 1 0 0 0 0 1 0 0 0 0 1 1 1 0 1 1 1 1 0 0 1 0 0 1