100 198 5
0 1
0 2
1 3
1 4
0 5
3 6
6 7
6 8
5 9
5 10
3 11
3 12
5 13
11 14
5 15
1 16
7 17
9 18
3 19
7 20
16 21
21 22
12 23
18 24
14 25
15 26
0 27
4 28
3 29
5 30
21 31
16 32
20 33
8 34
21 35
7 36
21 37
9 38
11 39
3 40
23 41
8 42
6 43
4 44
8 45
21 46
9 47
21 48
14 49
31 50
24 51
45 52
25 53
13 54
20 55
20 56
9 57
40 58
57 59
9 60
52 61
9 62
53 63
11 64
36 65
51 66
6 67
0 68
3 69
6 70
6 71
5 72
21 73
63 74
51 75
44 76
44 77
14 78
67 79
29 80
0 81
11 82
23 83
64 84
49 85
51 86
11 87
68 88
1 89
24 90
72 91
75 92
52 93
1 94
9 95
82 96
72 97
56 98
26 99
1 0
2 0
3 1
4 1
5 0
6 3
7 6
8 6
9 5
10 5
11 3
12 3
13 5
14 11
15 5
16 1
17 7
18 9
19 3
20 7
21 16
22 21
23 12
24 18
25 14
26 15
27 0
28 4
29 3
30 5
31 21
32 16
33 20
34 8
35 21
36 7
37 21
38 9
39 11
40 3
41 23
42 8
43 6
44 4
45 8
46 21
47 9
48 21
49 14
50 31
51 24
52 45
53 25
54 13
55 20
56 20
57 9
58 40
59 57
60 9
61 52
62 9
63 53
64 11
65 36
66 51
67 6
68 0
69 3
70 6
71 6
72 5
73 21
74 63
75 51
76 44
77 44
78 14
79 67
80 29
81 0
82 11
83 23
84 64
85 49
86 51
87 11
88 68
89 1
90 24
91 72
92 75
93 52
94 1
95 9
96 82
97 72
98 56
99 26
1 1 1 0 1 0 0 0 1 0 0 0 1 1 0 1 0 1 1 1 1 1 0 0 1 1 1 0 1 0 0 1 0 1 0 0 1 0 1 0 0 0 0 1 0 1 0 1 1 1 0 1 0 1 0 1 1 0 0 1 1 0 1 0 1 0 0 0 0 0 1 1 0 0 0 0 1 1 1 0 0 0 1 1 1 0 0 1 1 0 1 1 1 0 0 0 0 1 0 0
1 0 1 1 0 0 0 1 1 1 0 0 1 0 1 0 1 1 0 0 0 0 0 0 0 0 1 1 0 1 1 0 1 1 1 0 1 1 1 0 1 1 0 0 0 0 1 1 1 1 0 1 1 1 0 0 0 1 1 1 0 1 0 1 1 1 1 0 0 0 1 0 1 1 0 0 0 1 1 0 1 0 0 1 0 0 0 1 1 0 0 1 0 1 1 0 1 0 0 0
0 1 0 1 1 1 1 0 1 0 1 0 1 0 1 1 1 0 0 0 0 0 0 0 1 0 1 1 1 0 0 0 0 0 0 0 1 0 1 0 1 1 1 0 1 0 1 1 1 1 0 1 1 0 1 1 1 0 0 0 0 0 1 0 1 0 0 0 0 0 1 1 0 0 1 1 1 1 0 0 1 0 0 0 1 1 0 0 0 1 1 0 1 1 1 0 1 0 1 1
1 0 1 0 1 1 1 1 0 1 0 1 0 1 1 0 1 0 1 1 1 0 0 1 1 1 1 0 1 0 1 0 1 1 0 0 0 1 1 1 1 1 0 1 1 1 0 0 1 0 1 1 1 1 1 1 1 0 0 0 1 0 1 1 0 0 0 0 0 1 1 0 0 1 0 0 1 0 1 0 0 1 1 1 0 1 0 0 1 0 1 0 1 0 1 0 1 1 1 1
1 1 1 1 1 1 0 1 1 1 1 0 1 0 1 0 0 0 0 0 1 0 0 0 0 1 1 1 1 0 0 1 1 0 1 0 1 1 1 0 0 0 0 1 1 0 1 1 0 0 0 0 1 1 0 0 1 1 0 0 1 0 0 0 0 1 1 1 1 1 1 0 0 1 1 1 1 1 0 1 1 0 0 1 0 1 0 1 0 1 0 0 0 1 0 1 1 1 1 1