50 380 5
0 1
0 2
1 2
0 3
1 3
2 3
0 4
1 4
2 4
3 4
0 5
2 5
1 5
3 5
3 6
0 6
5 6
1 6
6 7
5 7
0 7
2 7
0 8
4 8
5 8
3 8
3 9
0 9
1 9
2 9
4 10
7 10
1 10
2 10
5 11
0 11
8 11
7 11
11 12
9 12
4 12
0 12
5 13
12 13
11 13
9 13
1 14
7 14
11 14
2 14
0 15
10 15
12 15
3 15
8 16
13 16
0 16
4 16
12 17
11 17
2 17
0 17
3 18
7 18
5 18
1 18
10 19
7 19
0 19
12 19
0 20
4 20
16 20
13 20
12 21
17 21
8 21
18 21
4 22
0 22
14 22
5 22
1 23
9 23
5 23
22 23
8 24
7 24
4 24
3 24
13 25
14 25
0 25
9 25
1 26
21 26
15 26
3 26
8 27
20 27
5 27
0 27
26 28
21 28
1 28
12 28
18 29
19 29
15 29
21 29
0 30
27 30
3 30
7 30
11 31
9 31
3 31
24 31
9 32
19 32
14 32
0 32
20 33
5 33
29 33
11 33
3 34
4 34
11 34
7 34
25 35
1 35
16 35
4 35
6 36
24 36
11 36
3 36
5 37
0 37
12 37
7 37
8 38
22 38
5 38
11 38
1 39
12 39
38 39
21 39
4 40
28 40
3 40
6 40
4 41
20 41
32 41
24 41
36 42
18 42
1 42
9 42
32 43
11 43
0 43
7 43
1 44
42 44
7 44
11 44
42 45
4 45
35 45
5 45
11 46
28 46
12 46
32 46
17 47
29 47
46 47
11 47
4 48
9 48
1 48
11 48
5 49
3 49
28 49
41 49
1 0
2 0
2 1
3 0
3 1
3 2
4 0
4 1
4 2
4 3
5 0
5 2
5 1
5 3
6 3
6 0
6 5
6 1
7 6
7 5
7 0
7 2
8 0
8 4
8 5
8 3
9 3
9 0
9 1
9 2
10 4
10 7
10 1
10 2
11 5
11 0
11 8
11 7
12 11
12 9
12 4
12 0
13 5
13 12
13 11
13 9
14 1
14 7
14 11
14 2
15 0
15 10
15 12
15 3
16 8
16 13
16 0
16 4
17 12
17 11
17 2
17 0
18 3
18 7
18 5
18 1
19 10
19 7
19 0
19 12
20 0
20 4
20 16
20 13
21 12
21 17
21 8
21 18
22 4
22 0
22 14
22 5
23 1
23 9
23 5
23 22
24 8
24 7
24 4
24 3
25 13
25 14
25 0
25 9
26 1
26 21
26 15
26 3
27 8
27 20
27 5
27 0
28 26
28 21
28 1
28 12
29 18
29 19
29 15
29 21
30 0
30 27
30 3
30 7
31 11
31 9
31 3
31 24
32 9
32 19
32 14
32 0
33 20
33 5
33 29
33 11
34 3
34 4
34 11
34 7
35 25
35 1
35 16
35 4
36 6
36 24
36 11
36 3
37 5
37 0
37 12
37 7
38 8
38 22
38 5
38 11
39 1
39 12
39 38
39 21
40 4
40 28
40 3
40 6
41 4
41 20
41 32
41 24
42 36
42 18
42 1
42 9
43 32
43 11
43 0
43 7
44 1
44 42
44 7
44 11
45 42
45 4
45 35
45 5
46 11
46 28
46 12
46 32
47 17
47 29
47 46
47 11
48 4
48 9
48 1
48 11
49 5
49 3
49 28
49 41
0 1 0 0 0 1 1 0 0 1 1 0 1 1 1 1 1 1 1 0 0 0 1 1 1 1 0 1 0 1 1 1 0 1 0 0 0 1 0 0 0 1 1 1 0 0 0 1 1 1
0 1 1 0 0 0 0 0 1 1 0 0 1 0 0 0 1 1 0 0 0 0 1 0 0 0 1 1 0 1 1 1 0 0 1 0 0 0 1 1 0 1 0 0 0 1 1 0 0 0
0 1 0 1 1 0 1 0 0 1 1 0 1 1 1 0 0 1 1 1 0 0 1 0 1 0 0 0 0 0 1 0 0 1 1 1 0 0 0 0 1 1 1 1 1 0 1 0 0 1
0 0 0 0 1 1 1 1 1 1 1 1 0 1 0 1 0 0 1 0 0 0 0 0 0 0 1 1 0 0 1 1 0 1 0 0 0 1 0 1 1 0 1 1 1 0 0 1 0 0
0 0 0 1 0 1 0 0 1 0 0 0 0 1 0 0 0 1 1 0 1 0 1 1 0 0 1 0 0 0 0 1 1 1 0 0 0 1 1 1 1 0 0 0 0 1 1 0 1 1