100 780 5
0 1
0 2
1 2
0 3
1 3
2 3
0 4
1 4
2 4
3 4
4 5
0 5
1 5
2 5
4 6
0 6
1 6
2 6
3 7
4 7
1 7
2 7
2 8
0 8
1 8
4 8
0 9
1 9
6 9
5 9
3 10
0 10
1 10
5 10
4 11
3 11
0 11
5 11
2 12
4 12
10 12
0 12
5 13
4 13
0 13
2 13
7 14
0 14
4 14
6 14
5 15
14 15
8 15
0 15
1 16
0 16
14 16
2 16
8 17
14 17
3 17
2 17
3 18
11 18
13 18
15 18
5 19
3 19
8 19
6 19
6 20
3 20
13 20
8 20
3 21
0 21
13 21
4 21
1 22
16 22
15 22
20 22
7 23
5 23
21 23
11 23
10 24
0 24
19 24
18 24
13 25
3 25
23 25
4 25
3 26
19 26
16 26
17 26
11 27
19 27
17 27
18 27
5 28
19 28
13 28
23 28
3 29
7 29
1 29
26 29
20 30
0 30
5 30
4 30
1 31
28 31
4 31
13 31
3 32
4 32
5 32
26 32
9 33
21 33
15 33
20 33
24 34
1 34
23 34
19 34
4 35
5 35
26 35
17 35
14 36
3 36
1 36
28 36
3 37
2 37
13 37
18 37
4 38
35 38
0 38
15 38
4 39
17 39
5 39
26 39
28 40
29 40
27 40
4 40
14 41
2 41
17 41
3 41
4 42
26 42
29 42
40 42
40 43
35 43
2 43
41 43
17 44
0 44
3 44
8 44
13 45
15 45
18 45
6 45
1 46
5 46
25 46
18 46
0 47
25 47
6 47
29 47
2 48
36 48
21 48
23 48
46 49
23 49
1 49
5 49
3 50
5 50
6 50
4 50
19 51
2 51
4 51
12 51
49 52
41 52
14 52
2 52
34 53
52 53
13 53
22 53
6 54
19 54
36 54
1 54
6 55
48 55
41 55
26 55
4 56
47 56
21 56
26 56
19 57
8 57
46 57
28 57
34 58
1 58
47 58
7 58
25 59
47 59
15 59
1 59
24 60
58 60
33 60
49 60
58 61
41 61
11 61
14 61
39 62
51 62
3 62
40 62
4 63
3 63
13 63
15 63
2 64
22 64
14 64
11 64
1 65
5 65
57 65
12 65
58 66
3 66
0 66
4 66
8 67
19 67
4 67
53 67
35 68
2 68
0 68
41 68
4 69
2 69
19 69
26 69
31 70
67 70
47 70
35 70
19 71
41 71
35 71
1 71
2 72
17 72
21 72
31 72
41 73
55 73
36 73
39 73
57 74
18 74
2 74
46 74
11 75
69 75
56 75
7 75
17 76
1 76
33 76
3 76
8 77
75 77
4 77
21 77
12 78
0 78
26 78
2 78
2 79
4 79
56 79
46 79
69 80
8 80
19 80
6 80
4 81
7 81
63 81
0 81
32 82
24 82
14 82
77 82
50 83
71 83
1 83
29 83
20 84
34 84
63 84
43 84
40 85
6 85
55 85
82 85
0 86
28 86
33 86
26 86
74 87
19 87
3 87
16 87
19 88
17 88
9 88
27 88
32 89
1 89
50 89
3 89
25 90
81 90
35 90
9 90
1 91
37 91
19 91
56 91
4 92
13 92
64 92
0 92
8 93
48 93
36 93
6 93
62 94
58 94
29 94
25 94
27 95
17 95
53 95
26 95
20 96
33 96
0 96
17 96
0 97
90 97
47 97
1 97
24 98
46 98
73 98
34 98
19 99
62 99
20 99
27 99
1 0
2 0
2 1
3 0
3 1
3 2
4 0
4 1
4 2
4 3
5 4
5 0
5 1
5 2
6 4
6 0
6 1
6 2
7 3
7 4
7 1
7 2
8 2
8 0
8 1
8 4
9 0
9 1
9 6
9 5
10 3
10 0
10 1
10 5
11 4
11 3
11 0
11 5
12 2
12 4
12 10
12 0
13 5
13 4
13 0
13 2
14 7
14 0
14 4
14 6
15 5
15 14
15 8
15 0
16 1
16 0
16 14
16 2
17 8
17 14
17 3
17 2
18 3
18 11
18 13
18 15
19 5
19 3
19 8
19 6
20 6
20 3
20 13
20 8
21 3
21 0
21 13
21 4
22 1
22 16
22 15
22 20
23 7
23 5
23 21
23 11
24 10
24 0
24 19
24 18
25 13
25 3
25 23
25 4
26 3
26 19
26 16
26 17
27 11
27 19
27 17
27 18
28 5
28 19
28 13
28 23
29 3
29 7
29 1
29 26
30 20
30 0
30 5
30 4
31 1
31 28
31 4
31 13
32 3
32 4
32 5
32 26
33 9
33 21
33 15
33 20
34 24
34 1
34 23
34 19
35 4
35 5
35 26
35 17
36 14
36 3
36 1
36 28
37 3
37 2
37 13
37 18
38 4
38 35
38 0
38 15
39 4
39 17
39 5
39 26
40 28
40 29
40 27
40 4
41 14
41 2
41 17
41 3
42 4
42 26
42 29
42 40
43 40
43 35
43 2
43 41
44 17
44 0
44 3
44 8
45 13
45 15
45 18
45 6
46 1
46 5
46 25
46 18
47 0
47 25
47 6
47 29
48 2
48 36
48 21
48 23
49 46
49 23
49 1
49 5
50 3
50 5
50 6
50 4
51 19
51 2
51 4
51 12
52 49
52 41
52 14
52 2
53 34
53 52
53 13
53 22
54 6
54 19
54 36
54 1
55 6
55 48
55 41
55 26
56 4
56 47
56 21
56 26
57 19
57 8
57 46
57 28
58 34
58 1
58 47
58 7
59 25
59 47
59 15
59 1
60 24
60 58
60 33
60 49
61 58
61 41
61 11
61 14
62 39
62 51
62 3
62 40
63 4
63 3
63 13
63 15
64 2
64 22
64 14
64 11
65 1
65 5
65 57
65 12
66 58
66 3
66 0
66 4
67 8
67 19
67 4
67 53
68 35
68 2
68 0
68 41
69 4
69 2
69 19
69 26
70 31
70 67
70 47
70 35
71 19
71 41
71 35
71 1
72 2
72 17
72 21
72 31
73 41
73 55
73 36
73 39
74 57
74 18
74 2
74 46
75 11
75 69
75 56
75 7
76 17
76 1
76 33
76 3
77 8
77 75
77 4
77 21
78 12
78 0
78 26
78 2
79 2
79 4
79 56
79 46
80 69
80 8
80 19
80 6
81 4
81 7
81 63
81 0
82 32
82 24
82 14
82 77
83 50
83 71
83 1
83 29
84 20
84 34
84 63
84 43
85 40
85 6
85 55
85 82
86 0
86 28
86 33
86 26
87 74
87 19
87 3
87 16
88 19
88 17
88 9
88 27
89 32
89 1
89 50
89 3
90 25
90 81
90 35
90 9
91 1
91 37
91 19
91 56
92 4
92 13
92 64
92 0
93 8
93 48
93 36
93 6
94 62
94 58
94 29
94 25
95 27
95 17
95 53
95 26
96 20
96 33
96 0
96 17
97 0
97 90
97 47
97 1
98 24
98 46
98 73
98 34
99 19
99 62
99 20
99 27
0 1 1 1 0 0 0 1 0 0 1 1 0 0 0 0 0 0 1 1 1 1 0 0 0 0 1 1 1 1 0 0 1 0 1 1 1 0 1 1 1 1 1 1 0 1 1 1 1 1 1 1 1 0 1 0 1 0 0 1 0 0 1 1 1 1 0 1 0 1 0 1 1 1 1 0 0 1 1 0 0 1 0 0 0 1 1 1 0 0 0 1 1 1 1 0 0 0 0 1
1 0 1 0 0 0 0 0 1 1 1 0 1 0 0 0 1 0 1 0 0 1 1 1 0 0 1 1 1 1 0 0 1 1 1 0 1 1 0 1 1 1 1 1 1 0 1 1 1 1 1 0 1 0 1 0 1 1 1 0 0 1 1 0 0 0 1 0 1 0 0 0 1 1 1 1 1 1 0 1 0 1 0 0 0 0 1 1 0 0 1 0 0 1 0 0 1 1 1 1
0 0 0 0 1 1 0 1 0 1 1 0 1 1 1 0 0 0 1 1 1 0 0 1 0 0 0 1 1 1 1 1 1 0 0 1 1 0 1 0 1 1 0 0 1 1 1 0 0 0 1 0 0 0 1 1 0 1 1 1 1 1 1 1 1 0 1 1 0 0 1 1 0 1 0 0 1 0 1 0 1 0 1 0 0 1 0 1 1 0 1 0 1 1 0 1 0 1 0 0
1 0 0 0 1 1 1 0 0 1 0 0 1 1 0 0 0 0 0 1 1 1 1 0 1 0 0 0 0 0 0 1 1 0 0 0 0 0 0 1 1 1 1 1 0 0 1 0 1 1 0 0 1 1 1 0 0 0 1 0 0 0 1 1 1 1 0 1 1 1 1 1 1 1 0 1 0 1 1 1 1 1 1 1 0 1 1 1 0 0 1 1 0 1 0 0 1 0 0 1
0 0 0 1 0 1 0 1 0 0 0 0 1 0 0 1 1 1 1 1 1 1 0 1 1 1 1 0 0 1 1 0 0 0 1 1 0 0 1 1 1 1 1 1 0 0 1 0 0 1 1 1 0 1 1 1 1 0 0 1 1 1 0 0 0 0 0 0 0 0 1 0 1 0 0 0 1 1 1 1 0 1 0 0 0 1 1 0 0 0 0 0 1 1 1 0 1 0 0 0