100 588 5
0 1
0 2
1 2
0 3
1 3
2 3
1 4
3 4
0 4
2 5
3 5
0 5
0 6
1 6
2 6
6 7
1 7
3 7
1 8
2 8
4 8
8 9
3 9
4 9
6 10
7 10
5 10
10 11
6 11
9 11
3 12
8 12
11 12
2 13
7 13
3 13
6 14
9 14
3 14
14 15
4 15
2 15
1 16
3 16
13 16
5 17
2 17
3 17
11 18
7 18
3 18
10 19
6 19
18 19
6 20
3 20
5 20
1 21
7 21
17 21
9 22
1 22
12 22
1 23
4 23
0 23
18 24
21 24
2 24
3 25
5 25
23 25
9 26
17 26
14 26
26 27
25 27
12 27
16 28
3 28
0 28
15 29
0 29
3 29
1 30
28 30
11 30
27 31
16 31
0 31
25 32
1 32
3 32
24 33
11 33
9 33
3 34
20 34
17 34
25 35
4 35
32 35
17 36
13 36
20 36
21 37
6 37
11 37
2 38
26 38
18 38
26 39
14 39
2 39
36 40
17 40
2 40
3 41
17 41
28 41
7 42
3 42
33 42
27 43
20 43
19 43
15 44
2 44
4 44
36 45
0 45
38 45
3 46
17 46
28 46
15 47
45 47
36 47
11 48
33 48
35 48
13 49
2 49
40 49
27 50
34 50
40 50
18 51
2 51
19 51
13 52
29 52
26 52
18 53
6 53
17 53
8 54
21 54
18 54
2 55
40 55
27 55
25 56
8 56
53 56
15 57
55 57
18 57
20 58
19 58
43 58
45 59
20 59
37 59
2 60
33 60
17 60
46 61
49 61
7 61
50 62
46 62
15 62
3 63
0 63
36 63
62 64
3 64
25 64
12 65
18 65
17 65
35 66
53 66
52 66
46 67
37 67
18 67
62 68
67 68
52 68
40 69
9 69
36 69
47 70
26 70
49 70
53 71
0 71
39 71
40 72
10 72
22 72
3 73
54 73
34 73
64 74
18 74
11 74
55 75
18 75
36 75
70 76
48 76
50 76
22 77
9 77
12 77
23 78
18 78
11 78
40 79
67 79
69 79
56 80
52 80
9 80
23 81
71 81
57 81
12 82
9 82
5 82
24 83
27 83
44 83
2 84
45 84
63 84
29 85
51 85
27 85
18 86
28 86
34 86
68 87
72 87
64 87
3 88
17 88
13 88
1 89
71 89
16 89
25 90
45 90
34 90
7 91
47 91
11 91
88 92
3 92
62 92
91 93
51 93
35 93
10 94
0 94
72 94
5 95
12 95
70 95
34 96
73 96
22 96
3 97
60 97
7 97
48 98
71 98
2 98
9 99
40 99
55 99
1 0
2 0
2 1
3 0
3 1
3 2
4 1
4 3
4 0
5 2
5 3
5 0
6 0
6 1
6 2
7 6
7 1
7 3
8 1
8 2
8 4
9 8
9 3
9 4
10 6
10 7
10 5
11 10
11 6
11 9
12 3
12 8
12 11
13 2
13 7
13 3
14 6
14 9
14 3
15 14
15 4
15 2
16 1
16 3
16 13
17 5
17 2
17 3
18 11
18 7
18 3
19 10
19 6
19 18
20 6
20 3
20 5
21 1
21 7
21 17
22 9
22 1
22 12
23 1
23 4
23 0
24 18
24 21
24 2
25 3
25 5
25 23
26 9
26 17
26 14
27 26
27 25
27 12
28 16
28 3
28 0
29 15
29 0
29 3
30 1
30 28
30 11
31 27
31 16
31 0
32 25
32 1
32 3
33 24
33 11
33 9
34 3
34 20
34 17
35 25
35 4
35 32
36 17
36 13
36 20
37 21
37 6
37 11
38 2
38 26
38 18
39 26
39 14
39 2
40 36
40 17
40 2
41 3
41 17
41 28
42 7
42 3
42 33
43 27
43 20
43 19
44 15
44 2
44 4
45 36
45 0
45 38
46 3
46 17
46 28
47 15
47 45
47 36
48 11
48 33
48 35
49 13
49 2
49 40
50 27
50 34
50 40
51 18
51 2
51 19
52 13
52 29
52 26
53 18
53 6
53 17
54 8
54 21
54 18
55 2
55 40
55 27
56 25
56 8
56 53
57 15
57 55
57 18
58 20
58 19
58 43
59 45
59 20
59 37
60 2
60 33
60 17
61 46
61 49
61 7
62 50
62 46
62 15
63 3
63 0
63 36
64 62
64 3
64 25
65 12
65 18
65 17
66 35
66 53
66 52
67 46
67 37
67 18
68 62
68 67
68 52
69 40
69 9
69 36
70 47
70 26
70 49
71 53
71 0
71 39
72 40
72 10
72 22
73 3
73 54
73 34
74 64
74 18
74 11
75 55
75 18
75 36
76 70
76 48
76 50
77 22
77 9
77 12
78 23
78 18
78 11
79 40
79 67
79 69
80 56
80 52
80 9
81 23
81 71
81 57
82 12
82 9
82 5
83 24
83 27
83 44
84 2
84 45
84 63
85 29
85 51
85 27
86 18
86 28
86 34
87 68
87 72
87 64
88 3
88 17
88 13
89 1
89 71
89 16
90 25
90 45
90 34
91 7
91 47
91 11
92 88
92 3
92 62
93 91
93 51
93 35
94 10
94 0
94 72
95 5
95 12
95 70
96 34
96 73
96 22
97 3
97 60
97 7
98 48
98 71
98 2
99 9
99 40
99 55
1 1 1 1 1 1 0 1 1 1 1 1 1 0 0 0 1 1 1 1 1 1 1 1 1 1 0 0 1 1 1 1 0 0 0 0 0 1 1 0 1 0 0 0 0 1 0 1 1 1 0 1 0 0 0 1 0 0 0 0 1 1 0 0 1 1 1 1 0 1 1 0 0 0 1 0 1 1 0 0 1 0 0 0 0 0 1 1 1 1 1 1 0 1 1 1 1 0 0 0
1 0 1 0 0 0 0 0 0 1 1 1 1 1 0 1 1 0 0 0 0 1 0 0 0 0 1 1 1 0 0 0 0 1 1 1 0 1 1 0 1 0 0 1 1 1 0 1 1 0 0 0 1 0 1 1 0 1 1 1 0 0 0 1 0 0 0 1 1 0 1 0 1 0 1 0 1 0 1 1 1 1 1 1 0 1 0 0 0 1 0 0 1 0 1 1 0 1 0 0
1 1 0 0 0 1 0 0 1 1 1 0 1 0 1 0 0 1 0 1 1 0 1 1 1 1 0 1 1 0 0 0 1 1 1 1 0 0 0 0 0 0 1 1 1 1 0 0 1 0 0 1 0 0 1 1 0 0 0 0 0 1 0 1 0 1 0 1 0 1 0 1 0 1 1 1 1 0 0 1 0 1 1 0 1 1 1 1 1 1 1 1 0 0 1 0 0 1 1 1
1 0 0 0 0 0 1 0 1 1 1 1 1 1 0 1 1 0 1 0 0 0 1 1 1 1 0 0 0 1 0 1 1 1 1 1 0 0 1 1 0 1 0 0 1 1 1 0 1 1 1 0 1 1 0 1 1 0 1 1 1 0 1 0 1 1 1 1 1 1 1 0 1 0 0 1 0 0 0 1 1 1 1 1 1 0 0 1 1 0 1 1 1 1 1 1 0 1 0 0
0 1 0 1 1 0 1 0 0 1 0 1 1 1 0 0 1 1 0 0 0 1 0 0 1 1 1 1 1 0 1 1 1 1 1 0 0 0 1 0 1 0 0 1 0 1 0 1 1 0 0 0 1 0 1 0 1 1 1 1 1 0 0 0 1 0 1 0 1 1 0 1 0 0 0 1 0 1 0 0 1 1 0 1 0 1 0 0 1 1 1 0 0 1 1 1 1 1 0 0