100 394 5
0 1
0 2
1 2
0 3
1 3
3 4
1 4
1 5
4 5
0 6
3 6
1 7
4 7
0 8
3 8
7 9
0 9
7 10
3 10
0 11
4 11
0 12
7 12
7 13
3 13
4 14
7 14
6 15
3 15
0 16
12 16
0 17
10 17
8 18
5 18
7 19
4 19
0 20
19 20
19 21
9 21
20 22
9 22
7 23
0 23
22 24
12 24
5 25
0 25
0 26
3 26
0 27
7 27
5 28
27 28
14 29
11 29
5 30
0 30
1 31
0 31
1 32
2 32
18 33
12 33
20 34
18 34
29 35
23 35
0 36
1 36
24 37
12 37
3 38
23 38
4 39
20 39
1 40
5 40
29 41
0 41
4 42
28 42
21 43
38 43
25 44
20 44
3 45
5 45
3 46
16 46
42 47
7 47
3 48
10 48
47 49
37 49
1 50
17 50
23 51
49 51
3 52
22 52
20 53
37 53
19 54
4 54
0 55
45 55
0 56
18 56
32 57
40 57
38 58
22 58
38 59
7 59
7 60
42 60
4 61
19 61
13 62
39 62
34 63
48 63
7 64
21 64
37 65
52 65
59 66
46 66
19 67
5 67
49 68
58 68
6 69
23 69
49 70
0 70
0 71
12 71
38 72
3 72
22 73
52 73
48 74
59 74
28 75
10 75
38 76
23 76
0 77
20 77
11 78
3 78
38 79
41 79
7 80
18 80
49 81
0 81
7 82
16 82
41 83
32 83
14 84
48 84
19 85
31 85
80 86
16 86
13 87
1 87
37 88
3 88
85 89
19 89
87 90
58 90
37 91
3 91
42 92
23 92
52 93
62 93
11 94
12 94
86 95
0 95
87 96
65 96
1 97
58 97
18 98
1 98
5 99
7 99
1 0
2 0
2 1
3 0
3 1
4 3
4 1
5 1
5 4
6 0
6 3
7 1
7 4
8 0
8 3
9 7
9 0
10 7
10 3
11 0
11 4
12 0
12 7
13 7
13 3
14 4
14 7
15 6
15 3
16 0
16 12
17 0
17 10
18 8
18 5
19 7
19 4
20 0
20 19
21 19
21 9
22 20
22 9
23 7
23 0
24 22
24 12
25 5
25 0
26 0
26 3
27 0
27 7
28 5
28 27
29 14
29 11
30 5
30 0
31 1
31 0
32 1
32 2
33 18
33 12
34 20
34 18
35 29
35 23
36 0
36 1
37 24
37 12
38 3
38 23
39 4
39 20
40 1
40 5
41 29
41 0
42 4
42 28
43 21
43 38
44 25
44 20
45 3
45 5
46 3
46 16
47 42
47 7
48 3
48 10
49 47
49 37
50 1
50 17
51 23
51 49
52 3
52 22
53 20
53 37
54 19
54 4
55 0
55 45
56 0
56 18
57 32
57 40
58 38
58 22
59 38
59 7
60 7
60 42
61 4
61 19
62 13
62 39
63 34
63 48
64 7
64 21
65 37
65 52
66 59
66 46
67 19
67 5
68 49
68 58
69 6
69 23
70 49
70 0
71 0
71 12
72 38
72 3
73 22
73 52
74 48
74 59
75 28
75 10
76 38
76 23
77 0
77 20
78 11
78 3
79 38
79 41
80 7
80 18
81 49
81 0
82 7
82 16
83 41
83 32
84 14
84 48
85 19
85 31
86 80
86 16
87 13
87 1
88 37
88 3
89 85
89 19
90 87
90 58
91 37
91 3
92 42
92 23
93 52
93 62
94 11
94 12
95 86
95 0
96 87
96 65
97 1
97 58
98 18
98 1
99 5
99 7
1 0 0 0 0 1 0 0 0 1 0 0 1 1 1 1 1 1 1 0 0 1 1 0 1 0 0 0 0 1 1 0 1 1 1 1 1 0 1 0 0 1 0 1 0 1 0 0 0 0 1 1 0 1 1 1 0 0 0 0 0 0 1 0 0 1 1 1 1 1 0 0 1 1 0 0 1 1 0 0 0 1 1 0 1 0 0 0 1 0 1 0 1 0 0 1 0 0 0 1
1 0 0 0 1 0 1 0 1 0 1 1 1 1 1 1 1 1 1 0 1 0 1 1 0 0 1 1 1 0 0 1 0 0 0 1 0 1 0 0 1 0 1 0 1 1 0 1 1 1 0 0 0 1 0 1 1 1 1 0 0 1 1 1 1 0 1 0 0 0 0 1 1 1 1 0 1 0 0 0 0 0 0 1 0 1 1 1 0 0 0 1 0 0 0 0 0 0 0 1
1 0 0 0 0 0 1 1 0 0 0 1 1 0 1 0 1 0 0 0 0 0 0 1 1 0 1 0 1 0 1 0 1 0 0 0 0 0 1 0 1 0 0 1 1 0 0 1 1 1 1 0 1 1 0 1 0 1 0 0 0 0 0 1 1 0 1 0 1 0 0 1 0 1 1 0 0 1 1 1 0 1 0 0 1 1 1 1 0 0 1 0 1 0 0 0 0 0 0 0
1 0 1 0 0 0 0 1 1 0 1 0 0 1 1 0 1 1 1 0 1 1 0 1 1 1 0 1 1 0 1 0 1 0 0 0 0 1 1 1 0 1 0 1 1 1 0 0 0 0 0 0 0 0 0 1 1 1 1 0 0 1 1 1 1 1 1 1 0 1 0 1 0 0 0 0 0 0 1 1 1 1 1 1 0 1 0 0 0 1 1 1 0 0 0 0 0 0 0 1
0 1 0 1 1 1 0 0 0 1 0 0 0 1 1 0 0 1 1 1 0 1 0 0 0 0 1 1 1 0 1 0 1 1 0 0 0 0 1 0 0 1 0 1 0 0 1 0 1 1 1 1 1 0 1 1 1 1 1 0 1 0 0 1 0 1 0 1 0 1 0 1 0 0 1 1 0 1 1 1 0 0 0 1 1 1 0 1 1 1 0 1 1 1 1 0 1 1 0 0