250 1980 5
0 1
0 2
1 2
0 3
1 3
2 3
0 4
1 4
2 4
3 4
2 5
1 5
3 5
4 5
1 6
0 6
4 6
2 6
6 7
5 7
2 7
3 7
3 8
6 8
5 8
4 8
5 9
1 9
2 9
0 9
6 10
7 10
5 10
2 10
7 11
0 11
10 11
5 11
0 12
4 12
9 12
7 12
5 13
3 13
1 13
9 13
3 14
6 14
0 14
7 14
7 15
3 15
8 15
5 15
2 16
5 16
3 16
6 16
4 17
7 17
5 17
3 17
0 18
4 18
6 18
2 18
1 19
4 19
15 19
3 19
3 20
7 20
18 20
1 20
2 21
7 21
3 21
4 21
19 22
6 22
7 22
4 22
6 23
8 23
16 23
9 23
6 24
0 24
4 24
7 24
7 25
13 25
17 25
19 25
12 26
25 26
1 26
18 26
4 27
6 27
12 27
11 27
16 28
13 28
25 28
11 28
3 29
20 29
6 29
13 29
27 30
7 30
9 30
8 30
30 31
4 31
2 31
22 31
13 32
17 32
3 32
9 32
1 33
19 33
29 33
32 33
5 34
1 34
4 34
11 34
0 35
7 35
17 35
2 35
5 36
27 36
20 36
7 36
12 37
29 37
18 37
33 37
2 38
22 38
11 38
28 38
36 39
11 39
1 39
32 39
6 40
25 40
19 40
0 40
34 41
8 41
5 41
2 41
5 42
14 42
3 42
1 42
5 43
30 43
4 43
9 43
28 44
38 44
15 44
35 44
9 45
41 45
0 45
34 45
4 46
40 46
23 46
42 46
1 47
8 47
5 47
38 47
43 48
13 48
35 48
2 48
6 49
38 49
23 49
32 49
21 50
0 50
1 50
15 50
2 51
12 51
39 51
5 51
51 52
3 52
16 52
20 52
1 53
17 53
27 53
32 53
6 54
14 54
3 54
31 54
2 55
51 55
48 55
24 55
5 56
37 56
0 56
34 56
9 57
4 57
2 57
48 57
36 58
23 58
43 58
56 58
36 59
57 59
58 59
52 59
5 60
21 60
7 60
6 60
4 61
31 61
59 61
48 61
56 62
48 62
13 62
54 62
50 63
1 63
10 63
5 63
33 64
43 64
24 64
52 64
48 65
53 65
17 65
55 65
17 66
6 66
44 66
41 66
5 67
42 67
66 67
11 67
34 68
9 68
60 68
5 68
46 69
29 69
9 69
48 69
30 70
45 70
62 70
41 70
26 71
29 71
51 71
24 71
63 72
68 72
3 72
62 72
6 73
31 73
52 73
5 73
0 74
8 74
34 74
36 74
10 75
5 75
71 75
1 75
2 76
25 76
39 76
41 76
47 77
6 77
48 77
18 77
30 78
60 78
3 78
55 78
21 79
56 79
62 79
24 79
67 80
21 80
47 80
18 80
11 81
51 81
57 81
3 81
77 82
30 82
28 82
7 82
4 83
63 83
45 83
69 83
30 84
25 84
10 84
51 84
28 85
0 85
78 85
41 85
42 86
53 86
85 86
12 86
39 87
15 87
84 87
1 87
26 88
48 88
5 88
70 88
46 89
68 89
8 89
26 89
82 90
79 90
9 90
25 90
2 91
5 91
60 91
50 91
77 92
21 92
22 92
12 92
68 93
7 93
72 93
29 93
23 94
43 94
18 94
67 94
6 95
25 95
34 95
11 95
56 96
1 96
7 96
28 96
2 97
0 97
46 97
60 97
69 98
14 98
78 98
83 98
68 99
27 99
10 99
51 99
48 100
60 100
7 100
11 100
1 101
58 101
13 101
61 101
32 102
5 102
2 102
1 102
61 103
2 103
32 103
39 103
44 104
95 104
0 104
57 104
4 105
70 105
2 105
57 105
76 106
81 106
8 106
105 106
6 107
104 107
1 107
23 107
0 108
56 108
6 108
27 108
48 109
87 109
98 109
38 109
38 110
59 110
91 110
60 110
46 111
107 111
7 111
87 111
7 112
73 112
6 112
91 112
7 113
0 113
24 113
48 113
34 114
57 114
59 114
78 114
11 115
110 115
3 115
100 115
78 116
3 116
6 116
109 116
11 117
55 117
43 117
21 117
88 118
59 118
60 118
20 118
105 119
28 119
79 119
20 119
10 120
0 120
56 120
103 120
4 121
90 121
117 121
3 121
1 122
20 122
71 122
98 122
6 123
10 123
114 123
76 123
17 124
76 124
98 124
1 124
17 125
3 125
67 125
28 125
124 126
93 126
24 126
33 126
6 127
83 127
98 127
42 127
5 128
60 128
3 128
29 128
60 129
65 129
16 129
14 129
0 130
12 130
69 130
22 130
93 131
77 131
101 131
13 131
3 132
114 132
63 132
48 132
99 133
0 133
33 133
30 133
4 134
48 134
117 134
121 134
4 135
35 135
76 135
29 135
21 136
104 136
54 136
47 136
36 137
69 137
129 137
68 137
85 138
7 138
63 138
36 138
52 139
33 139
130 139
133 139
128 140
6 140
26 140
92 140
116 141
106 141
47 141
91 141
78 142
43 142
11 142
91 142
38 143
51 143
119 143
59 143
48 144
26 144
1 144
116 144
67 145
33 145
5 145
113 145
62 146
60 146
85 146
6 146
26 147
136 147
7 147
0 147
53 148
9 148
32 148
48 148
145 149
39 149
0 149
141 149
19 150
10 150
59 150
102 150
20 151
124 151
126 151
6 151
31 152
93 152
11 152
47 152
4 153
103 153
7 153
48 153
5 154
65 154
60 154
2 154
110 155
6 155
1 155
10 155
31 156
25 156
86 156
19 156
98 157
150 157
2 157
5 157
104 158
57 158
77 158
37 158
146 159
45 159
96 159
0 159
23 160
51 160
9 160
29 160
140 161
7 161
61 161
6 161
110 162
4 162
152 162
161 162
67 163
73 163
91 163
0 163
95 164
61 164
100 164
113 164
13 165
5 165
9 165
55 165
0 166
87 166
46 166
10 166
64 167
144 167
14 167
0 167
122 168
133 168
77 168
4 168
26 169
50 169
0 169
56 169
88 170
55 170
62 170
0 170
124 171
5 171
3 171
13 171
116 172
63 172
1 172
4 172
114 173
58 173
90 173
98 173
90 174
22 174
62 174
126 174
108 175
48 175
102 175
158 175
21 176
5 176
153 176
91 176
97 177
124 177
8 177
13 177
146 178
141 178
36 178
9 178
85 179
163 179
41 179
29 179
53 180
116 180
90 180
41 180
54 181
178 181
77 181
42 181
124 182
52 182
20 182
68 182
104 183
31 183
50 183
25 183
60 184
12 184
17 184
176 184
144 185
143 185
7 185
11 185
153 186
49 186
38 186
145 186
28 187
9 187
7 187
30 187
15 188
8 188
13 188
177 188
11 189
17 189
176 189
103 189
76 190
172 190
0 190
20 190
6 191
83 191
64 191
21 191
185 192
90 192
2 192
51 192
152 193
81 193
104 193
32 193
192 194
119 194
133 194
101 194
16 195
1 195
27 195
34 195
135 196
33 196
10 196
178 196
42 197
36 197
95 197
67 197
89 198
11 198
151 198
107 198
136 199
78 199
56 199
38 199
104 200
23 200
58 200
115 200
177 201
30 201
148 201
82 201
77 202
24 202
11 202
17 202
77 203
7 203
135 203
33 203
152 204
9 204
60 204
118 204
152 205
51 205
5 205
10 205
172 206
60 206
22 206
4 206
197 207
168 207
139 207
6 207
89 208
52 208
59 208
177 208
154 209
129 209
208 209
46 209
134 210
208 210
145 210
18 210
146 211
48 211
27 211
42 211
6 212
153 212
24 212
51 212
6 213
68 213
26 213
34 213
116 214
45 214
20 214
59 214
21 215
61 215
12 215
7 215
192 216
147 216
30 216
14 216
28 217
150 217
38 217
51 217
51 218
1 218
154 218
61 218
46 219
127 219
52 219
85 219
14 220
124 220
110 220
0 220
75 221
7 221
51 221
93 221
32 222
0 222
117 222
14 222
17 223
89 223
219 223
45 223
127 224
147 224
28 224
210 224
145 225
69 225
77 225
55 225
33 226
69 226
133 226
82 226
116 227
98 227
0 227
136 227
32 228
118 228
109 228
6 228
222 229
88 229
73 229
224 229
173 230
199 230
89 230
2 230
59 231
16 231
78 231
186 231
151 232
3 232
140 232
173 232
162 233
131 233
193 233
32 233
206 234
91 234
21 234
64 234
5 235
41 235
4 235
97 235
8 236
134 236
113 236
104 236
88 237
132 237
203 237
38 237
30 238
230 238
64 238
42 238
39 239
100 239
111 239
82 239
7 240
100 240
88 240
60 240
140 241
177 241
138 241
124 241
0 242
220 242
3 242
156 242
201 243
47 243
12 243
233 243
41 244
225 244
50 244
32 244
134 245
163 245
24 245
55 245
48 246
139 246
8 246
63 246
156 247
35 247
145 247
204 247
177 248
16 248
79 248
28 248
92 249
85 249
205 249
2 249
1 0
2 0
2 1
3 0
3 1
3 2
4 0
4 1
4 2
4 3
5 2
5 1
5 3
5 4
6 1
6 0
6 4
6 2
7 6
7 5
7 2
7 3
8 3
8 6
8 5
8 4
9 5
9 1
9 2
9 0
10 6
10 7
10 5
10 2
11 7
11 0
11 10
11 5
12 0
12 4
12 9
12 7
13 5
13 3
13 1
13 9
14 3
14 6
14 0
14 7
15 7
15 3
15 8
15 5
16 2
16 5
16 3
16 6
17 4
17 7
17 5
17 3
18 0
18 4
18 6
18 2
19 1
19 4
19 15
19 3
20 3
20 7
20 18
20 1
21 2
21 7
21 3
21 4
22 19
22 6
22 7
22 4
23 6
23 8
23 16
23 9
24 6
24 0
24 4
24 7
25 7
25 13
25 17
25 19
26 12
26 25
26 1
26 18
27 4
27 6
27 12
27 11
28 16
28 13
28 25
28 11
29 3
29 20
29 6
29 13
30 27
30 7
30 9
30 8
31 30
31 4
31 2
31 22
32 13
32 17
32 3
32 9
33 1
33 19
33 29
33 32
34 5
34 1
34 4
34 11
35 0
35 7
35 17
35 2
36 5
36 27
36 20
36 7
37 12
37 29
37 18
37 33
38 2
38 22
38 11
38 28
39 36
39 11
39 1
39 32
40 6
40 25
40 19
40 0
41 34
41 8
41 5
41 2
42 5
42 14
42 3
42 1
43 5
43 30
43 4
43 9
44 28
44 38
44 15
44 35
45 9
45 41
45 0
45 34
46 4
46 40
46 23
46 42
47 1
47 8
47 5
47 38
48 43
48 13
48 35
48 2
49 6
49 38
49 23
49 32
50 21
50 0
50 1
50 15
51 2
51 12
51 39
51 5
52 51
52 3
52 16
52 20
53 1
53 17
53 27
53 32
54 6
54 14
54 3
54 31
55 2
55 51
55 48
55 24
56 5
56 37
56 0
56 34
57 9
57 4
57 2
57 48
58 36
58 23
58 43
58 56
59 36
59 57
59 58
59 52
60 5
60 21
60 7
60 6
61 4
61 31
61 59
61 48
62 56
62 48
62 13
62 54
63 50
63 1
63 10
63 5
64 33
64 43
64 24
64 52
65 48
65 53
65 17
65 55
66 17
66 6
66 44
66 41
67 5
67 42
67 66
67 11
68 34
68 9
68 60
68 5
69 46
69 29
69 9
69 48
70 30
70 45
70 62
70 41
71 26
71 29
71 51
71 24
72 63
72 68
72 3
72 62
73 6
73 31
73 52
73 5
74 0
74 8
74 34
74 36
75 10
75 5
75 71
75 1
76 2
76 25
76 39
76 41
77 47
77 6
77 48
77 18
78 30
78 60
78 3
78 55
79 21
79 56
79 62
79 24
80 67
80 21
80 47
80 18
81 11
81 51
81 57
81 3
82 77
82 30
82 28
82 7
83 4
83 63
83 45
83 69
84 30
84 25
84 10
84 51
85 28
85 0
85 78
85 41
86 42
86 53
86 85
86 12
87 39
87 15
87 84
87 1
88 26
88 48
88 5
88 70
89 46
89 68
89 8
89 26
90 82
90 79
90 9
90 25
91 2
91 5
91 60
91 50
92 77
92 21
92 22
92 12
93 68
93 7
93 72
93 29
94 23
94 43
94 18
94 67
95 6
95 25
95 34
95 11
96 56
96 1
96 7
96 28
97 2
97 0
97 46
97 60
98 69
98 14
98 78
98 83
99 68
99 27
99 10
99 51
100 48
100 60
100 7
100 11
101 1
101 58
101 13
101 61
102 32
102 5
102 2
102 1
103 61
103 2
103 32
103 39
104 44
104 95
104 0
104 57
105 4
105 70
105 2
105 57
106 76
106 81
106 8
106 105
107 6
107 104
107 1
107 23
108 0
108 56
108 6
108 27
109 48
109 87
109 98
109 38
110 38
110 59
110 91
110 60
111 46
111 107
111 7
111 87
112 7
112 73
112 6
112 91
113 7
113 0
113 24
113 48
114 34
114 57
114 59
114 78
115 11
115 110
115 3
115 100
116 78
116 3
116 6
116 109
117 11
117 55
117 43
117 21
118 88
118 59
118 60
118 20
119 105
119 28
119 79
119 20
120 10
120 0
120 56
120 103
121 4
121 90
121 117
121 3
122 1
122 20
122 71
122 98
123 6
123 10
123 114
123 76
124 17
124 76
124 98
124 1
125 17
125 3
125 67
125 28
126 124
126 93
126 24
126 33
127 6
127 83
127 98
127 42
128 5
128 60
128 3
128 29
129 60
129 65
129 16
129 14
130 0
130 12
130 69
130 22
131 93
131 77
131 101
131 13
132 3
132 114
132 63
132 48
133 99
133 0
133 33
133 30
134 4
134 48
134 117
134 121
135 4
135 35
135 76
135 29
136 21
136 104
136 54
136 47
137 36
137 69
137 129
137 68
138 85
138 7
138 63
138 36
139 52
139 33
139 130
139 133
140 128
140 6
140 26
140 92
141 116
141 106
141 47
141 91
142 78
142 43
142 11
142 91
143 38
143 51
143 119
143 59
144 48
144 26
144 1
144 116
145 67
145 33
145 5
145 113
146 62
146 60
146 85
146 6
147 26
147 136
147 7
147 0
148 53
148 9
148 32
148 48
149 145
149 39
149 0
149 141
150 19
150 10
150 59
150 102
151 20
151 124
151 126
151 6
152 31
152 93
152 11
152 47
153 4
153 103
153 7
153 48
154 5
154 65
154 60
154 2
155 110
155 6
155 1
155 10
156 31
156 25
156 86
156 19
157 98
157 150
157 2
157 5
158 104
158 57
158 77
158 37
159 146
159 45
159 96
159 0
160 23
160 51
160 9
160 29
161 140
161 7
161 61
161 6
162 110
162 4
162 152
162 161
163 67
163 73
163 91
163 0
164 95
164 61
164 100
164 113
165 13
165 5
165 9
165 55
166 0
166 87
166 46
166 10
167 64
167 144
167 14
167 0
168 122
168 133
168 77
168 4
169 26
169 50
169 0
169 56
170 88
170 55
170 62
170 0
171 124
171 5
171 3
171 13
172 116
172 63
172 1
172 4
173 114
173 58
173 90
173 98
174 90
174 22
174 62
174 126
175 108
175 48
175 102
175 158
176 21
176 5
176 153
176 91
177 97
177 124
177 8
177 13
178 146
178 141
178 36
178 9
179 85
179 163
179 41
179 29
180 53
180 116
180 90
180 41
181 54
181 178
181 77
181 42
182 124
182 52
182 20
182 68
183 104
183 31
183 50
183 25
184 60
184 12
184 17
184 176
185 144
185 143
185 7
185 11
186 153
186 49
186 38
186 145
187 28
187 9
187 7
187 30
188 15
188 8
188 13
188 177
189 11
189 17
189 176
189 103
190 76
190 172
190 0
190 20
191 6
191 83
191 64
191 21
192 185
192 90
192 2
192 51
193 152
193 81
193 104
193 32
194 192
194 119
194 133
194 101
195 16
195 1
195 27
195 34
196 135
196 33
196 10
196 178
197 42
197 36
197 95
197 67
198 89
198 11
198 151
198 107
199 136
199 78
199 56
199 38
200 104
200 23
200 58
200 115
201 177
201 30
201 148
201 82
202 77
202 24
202 11
202 17
203 77
203 7
203 135
203 33
204 152
204 9
204 60
204 118
205 152
205 51
205 5
205 10
206 172
206 60
206 22
206 4
207 197
207 168
207 139
207 6
208 89
208 52
208 59
208 177
209 154
209 129
209 208
209 46
210 134
210 208
210 145
210 18
211 146
211 48
211 27
211 42
212 6
212 153
212 24
212 51
213 6
213 68
213 26
213 34
214 116
214 45
214 20
214 59
215 21
215 61
215 12
215 7
216 192
216 147
216 30
216 14
217 28
217 150
217 38
217 51
218 51
218 1
218 154
218 61
219 46
219 127
219 52
219 85
220 14
220 124
220 110
220 0
221 75
221 7
221 51
221 93
222 32
222 0
222 117
222 14
223 17
223 89
223 219
223 45
224 127
224 147
224 28
224 210
225 145
225 69
225 77
225 55
226 33
226 69
226 133
226 82
227 116
227 98
227 0
227 136
228 32
228 118
228 109
228 6
229 222
229 88
229 73
229 224
230 173
230 199
230 89
230 2
231 59
231 16
231 78
231 186
232 151
232 3
232 140
232 173
233 162
233 131
233 193
233 32
234 206
234 91
234 21
234 64
235 5
235 41
235 4
235 97
236 8
236 134
236 113
236 104
237 88
237 132
237 203
237 38
238 30
238 230
238 64
238 42
239 39
239 100
239 111
239 82
240 7
240 100
240 88
240 60
241 140
241 177
241 138
241 124
242 0
242 220
242 3
242 156
243 201
243 47
243 12
243 233
244 41
244 225
244 50
244 32
245 134
245 163
245 24
245 55
246 48
246 139
246 8
246 63
247 156
247 35
247 145
247 204
248 177
248 16
248 79
248 28
249 92
249 85
249 205
249 2
0 1 0 0 1 1 0 1 1 0 1 0 1 1 1 0 1 1 0 0 0 1 1 0 1 0 1 1 1 0 1 1 0 0 0 1 1 1 0 0 0 1 0 1 1 0 0 1 1 0 0 1 0 0 1 0 0 0 1 0 1 0 1 1 0 1 1 1 0 1 0 1 0 0 0 1 0 1 1 0 1 0 1 1 0 1 1 0 1 0 0 1 1 0 1 0 0 0 0 1 1 0 1 1 1 0 1 0 0 0 0 1 1 1 0 1 1 1 0 0 1 0 0 0 0 0 0 1 0 1 1 1 0 1 1 1 1 0 0 1 0 0 0 1 0 0 1 0 1 1 0 0 1 1 1 1 0 1 1 1 0 0 0 1 0 1 1 1 0 0 0 1 0 1 1 0 0 1 1 0 1 1 1 0 0 1 1 1 1 0 0 1 1 0 0 0 1 0 0 1 0 0 1 0 0 1 1 0 0 1 0 1 1 1 0 1 0 0 0 1 0 0 1 1 0 0 1 1 1 1 1 1 1 0 1 0 1 0 0 1 1 1 0 1 0 1 0 0 0 1
1 0 1 1 1 1 1 0 1 0 0 1 0 0 1 1 1 0 0 1 0 0 0 1 1 0 0 0 1 0 0 1 1 0 0 0 0 1 0 0 0 1 1 1 0 0 0 0 0 0 1 1 0 1 0 1 1 1 1 1 1 0 1 1 1 1 0 0 0 1 1 1 0 0 1 1 1 1 0 0 1 0 0 0 0 1 0 1 0 0 0 1 0 0 0 0 1 1 0 1 0 0 0 0 1 1 1 1 1 1 1 1 1 1 0 1 1 0 1 0 0 0 1 1 1 1 0 1 0 0 0 1 1 1 1 0 0 0 1 0 1 0 0 0 1 0 0 1 0 0 0 0 0 1 1 0 0 0 0 0 0 1 1 0 0 1 0 0 0 1 0 1 0 1 1 1 1 0 1 1 0 1 1 0 0 1 0 1 0 0 0 1 1 0 1 1 0 0 0 0 1 0 0 1 0 1 1 1 0 1 1 1 0 0 0 1 1 0 1 0 0 0 0 0 0 0 0 1 1 0 0 1 1 1 0 1 0 0 1 0 0 1 0 0 0 0 0 0 0 1
0 0 0 1 0 0 1 1 0 0 0 0 0 1 1 0 1 0 0 0 1 1 1 1 0 1 0 1 0 1 0 1 1 1 0 0 0 1 1 0 1 0 1 0 1 0 0 0 1 0 1 1 1 0 1 1 1 0 0 0 0 1 1 1 0 1 1 0 0 1 0 0 1 0 0 1 0 1 0 0 1 0 0 1 1 1 0 0 1 1 1 0 1 0 0 0 1 0 1 1 1 1 0 0 0 0 1 0 0 1 0 1 0 1 1 1 0 1 1 0 0 0 0 1 0 0 1 1 0 1 1 1 0 0 0 1 1 1 1 1 1 1 1 1 1 1 0 0 0 0 1 0 1 1 1 1 1 0 1 0 0 1 0 0 1 0 1 1 1 0 1 1 0 0 0 0 1 0 1 0 0 0 1 1 1 1 1 0 0 0 1 1 1 1 1 1 0 0 1 0 1 1 1 0 0 1 0 0 0 1 0 0 0 0 0 1 1 0 0 1 0 1 0 0 1 1 0 1 0 0 1 1 0 0 0 0 1 1 0 0 1 1 1 0 1 0 1 0 0 0
0 1 1 0 1 1 0 1 1 1 1 0 0 0 0 0 1 1 0 1 0 0 0 1 1 0 1 0 1 0 0 0 0 0 0 1 1 1 1 1 0 0 1 0 1 1 1 1 0 0 0 1 1 0 1 0 1 0 1 0 0 1 1 0 0 0 0 1 0 1 0 1 1 0 0 0 1 0 1 1 1 1 1 0 0 0 0 0 0 1 1 0 0 0 1 0 1 0 0 1 1 0 1 1 1 1 1 0 0 0 1 0 1 0 1 1 1 0 0 1 0 1 0 0 0 1 0 0 1 0 1 0 0 1 0 0 0 1 1 1 0 0 1 1 1 1 1 0 1 0 1 1 0 1 0 0 0 0 1 0 1 0 1 1 0 0 0 1 0 1 1 0 0 0 0 0 1 0 0 0 0 0 0 0 1 0 1 0 0 1 0 1 1 1 1 0 0 0 0 1 1 1 0 0 0 0 1 0 0 1 0 0 0 0 1 0 0 0 0 0 0 0 0 1 1 1 0 1 1 0 1 1 0 0 1 0 0 0 0 0 1 1 1 1 0 0 1 0 1 0
1 0 1 1 0 0 1 1 1 1 0 0 1 0 1 1 0 1 1 1 1 1 1 1 1 1 0 0 1 1 0 0 1 1 0 0 1 1 1 1 0 0 0 1 0 1 0 1 1 1 0 1 0 0 0 0 0 0 1 0 0 1 1 1 1 0 0 1 1 0 0 1 1 1 1 0 0 0 0 1 1 0 1 1 0 1 0 0 1 1 1 1 0 0 0 1 1 0 0 1 1 0 1 0 0 0 0 1 1 1 0 0 0 0 0 1 1 1 0 0 0 0 1 1 1 1 0 1 1 1 0 1 1 1 0 1 0 1 0 0 1 1 1 0 0 0 1 0 0 0 1 1 0 0 1 0 0 1 1 1 0 0 0 0 0 1 1 1 1 1 0 0 1 0 0 0 1 1 1 0 0 1 1 0 1 0 0 1 1 1 1 1 0 0 0 1 1 1 0 1 1 1 0 0 0 1 1 0 1 0 1 1 0 0 0 1 0 1 1 0 1 0 1 0 1 1 0 1 1 1 0 0 1 0 0 0 0 1 0 1 0 0 1 0 1 1 1 1 1 0