100 394 5
0 1
0 2
1 2
1 3
2 3
3 4
2 4
2 5
1 5
1 6
2 6
1 7
2 7
5 8
1 8
2 9
3 9
2 10
3 10
0 11
2 11
11 12
3 12
12 13
10 13
2 14
1 14
0 15
5 15
7 16
2 16
4 17
7 17
8 18
2 18
2 19
10 19
4 20
18 20
12 21
3 21
2 22
16 22
4 23
5 23
2 24
17 24
3 25
22 25
2 26
7 26
22 27
1 27
1 28
10 28
0 29
3 29
22 30
26 30
19 31
17 31
10 32
26 32
0 33
2 33
22 34
5 34
14 35
11 35
24 36
35 36
33 37
34 37
7 38
35 38
20 39
3 39
1 40
0 40
12 41
1 41
33 42
24 42
21 43
16 43
28 44
25 44
19 45
30 45
1 46
30 46
1 47
38 47
47 48
17 48
19 49
2 49
21 50
0 50
47 51
24 51
34 52
45 52
35 53
17 53
45 54
44 54
26 55
12 55
24 56
16 56
7 57
53 57
0 58
25 58
24 59
10 59
4 60
57 60
23 61
20 61
26 62
2 62
47 63
33 63
45 64
19 64
30 65
45 65
1 66
2 66
33 67
29 67
33 68
2 68
0 69
20 69
55 70
43 70
39 71
28 71
2 72
31 72
51 73
21 73
54 74
31 74
68 75
2 75
4 76
26 76
31 77
4 77
46 78
29 78
61 79
18 79
2 80
62 80
65 81
25 81
18 82
31 82
33 83
3 83
16 84
47 84
12 85
57 85
14 86
28 86
3 87
73 87
4 88
86 88
34 89
28 89
16 90
4 90
2 91
17 91
23 92
54 92
58 93
78 93
67 94
14 94
63 95
72 95
86 96
2 96
85 97
2 97
1 98
39 98
39 99
17 99
1 0
2 0
2 1
3 1
3 2
4 3
4 2
5 2
5 1
6 1
6 2
7 1
7 2
8 5
8 1
9 2
9 3
10 2
10 3
11 0
11 2
12 11
12 3
13 12
13 10
14 2
14 1
15 0
15 5
16 7
16 2
17 4
17 7
18 8
18 2
19 2
19 10
20 4
20 18
21 12
21 3
22 2
22 16
23 4
23 5
24 2
24 17
25 3
25 22
26 2
26 7
27 22
27 1
28 1
28 10
29 0
29 3
30 22
30 26
31 19
31 17
32 10
32 26
33 0
33 2
34 22
34 5
35 14
35 11
36 24
36 35
37 33
37 34
38 7
38 35
39 20
39 3
40 1
40 0
41 12
41 1
42 33
42 24
43 21
43 16
44 28
44 25
45 19
45 30
46 1
46 30
47 1
47 38
48 47
48 17
49 19
49 2
50 21
50 0
51 47
51 24
52 34
52 45
53 35
53 17
54 45
54 44
55 26
55 12
56 24
56 16
57 7
57 53
58 0
58 25
59 24
59 10
60 4
60 57
61 23
61 20
62 26
62 2
63 47
63 33
64 45
64 19
65 30
65 45
66 1
66 2
67 33
67 29
68 33
68 2
69 0
69 20
70 55
70 43
71 39
71 28
72 2
72 31
73 51
73 21
74 54
74 31
75 68
75 2
76 4
76 26
77 31
77 4
78 46
78 29
79 61
79 18
80 2
80 62
81 65
81 25
82 18
82 31
83 33
83 3
84 16
84 47
85 12
85 57
86 14
86 28
87 3
87 73
88 4
88 86
89 34
89 28
90 16
90 4
91 2
91 17
92 23
92 54
93 58
93 78
94 67
94 14
95 63
95 72
96 86
96 2
97 85
97 2
98 1
98 39
99 39
99 17
1 1 0 1 1 1 0 0 0 0 0 0 0 1 1 0 0 1 0 1 1 1 1 1 1 0 0 0 1 0 0 0 0 1 0 0 0 1 1 1 1 0 1 1 1 1 1 0 0 1 1 1 1 0 0 1 1 1 0 0 0 0 1 1 0 0 0 0 1 1 1 1 1 1 1 1 1 0 1 1 0 1 0 1 1 0 0 1 0 1 0 0 0 1 1 1 1 1 0 1
0 0 1 0 0 0 0 1 0 1 0 0 0 1 1 1 0 0 1 1 0 1 0 0 1 1 0 0 1 0 1 0 1 1 1 1 0 1 0 0 0 1 0 0 0 1 1 0 0 1 1 0 1 0 0 0 1 1 0 1 0 1 1 1 1 0 0 1 1 1 1 0 0 0 1 1 1 0 1 1 0 1 0 0 1 0 1 1 0 1 1 1 0 0 0 0 1 1 0 0
0 1 1 1 0 0 0 1 0 1 0 0 0 1 1 1 0 1 0 0 0 0 1 0 1 1 1 1 1 1 0 1 1 0 1 1 1 0 0 0 1 1 0 0 0 1 1 1 0 0 1 0 1 1 0 0 1 1 0 0 1 0 0 1 0 0 1 0 1 1 0 0 1 0 0 0 0 0 0 0 0 0 1 1 0 1 1 0 1 1 1 0 1 0 0 1 1 1 1 0
1 1 0 1 0 1 1 1 1 1 1 1 1 0 1 1 0 1 0 1 1 1 0 1 0 1 1 0 0 0 1 1 0 1 1 0 0 1 1 0 1 0 1 0 0 0 1 0 0 0 1 1 1 0 1 0 1 0 1 0 0 0 1 1 1 1 0 1 1 1 0 1 1 1 1 1 0 1 1 1 0 1 1 0 1 0 1 1 0 0 0 1 0 1 0 1 0 0 1 0
1 0 0 1 0 0 0 1 1 1 1 1 1 0 1 1 1 1 1 0 1 1 1 0 0 0 1 1 1 1 0 0 0 1 1 1 1 0 1 0 1 0 1 0 1 0 1 0 1 1 1 1 0 1 0 0 1 0 1 0 1 0 0 1 1 1 0 0 0 1 0 0 1 0 1 1 1 0 0 1 1 1 1 1 0 0 0 0 1 0 1 1 0 1 1 1 1 1 0 1