100 588 5
0 1
0 2
1 2
0 3
1 3
2 3
2 4
1 4
0 4
0 5
1 5
3 5
5 6
2 6
0 6
3 7
5 7
6 7
5 8
3 8
6 8
2 9
8 9
7 9
8 10
9 10
6 10
2 11
5 11
0 11
0 12
8 12
3 12
6 13
2 13
3 13
5 14
11 14
1 14
7 15
14 15
8 15
3 16
8 16
12 16
2 17
3 17
13 17
11 18
5 18
16 18
8 19
18 19
2 19
14 20
18 20
5 20
6 21
3 21
18 21
3 22
2 22
6 22
5 23
4 23
11 23
22 24
6 24
8 24
8 25
3 25
14 25
19 26
22 26
7 26
0 27
3 27
12 27
22 28
5 28
8 28
20 29
5 29
8 29
0 30
8 30
2 30
16 31
25 31
4 31
5 32
4 32
3 32
8 33
29 33
5 33
9 34
20 34
16 34
5 35
31 35
18 35
5 36
27 36
16 36
31 37
21 37
27 37
22 38
2 38
11 38
3 39
6 39
30 39
16 40
9 40
8 40
28 41
24 41
0 41
8 42
41 42
7 42
32 43
20 43
31 43
5 44
3 44
6 44
8 45
20 45
28 45
5 46
0 46
25 46
18 47
2 47
24 47
27 48
3 48
42 48
44 49
29 49
18 49
2 50
36 50
6 50
40 51
2 51
41 51
6 52
24 52
5 52
13 53
9 53
4 53
5 54
31 54
22 54
45 55
30 55
3 55
24 56
2 56
17 56
13 57
8 57
2 57
42 58
54 58
47 58
8 59
41 59
2 59
42 60
37 60
2 60
39 61
51 61
36 61
37 62
34 62
19 62
28 63
31 63
43 63
36 64
30 64
62 64
4 65
48 65
56 65
57 66
2 66
24 66
63 67
35 67
5 67
45 68
57 68
3 68
42 69
55 69
39 69
8 70
22 70
5 70
5 71
48 71
6 71
22 72
60 72
21 72
39 73
5 73
30 73
57 74
8 74
29 74
17 75
64 75
56 75
27 76
59 76
15 76
16 77
49 77
5 77
30 78
5 78
2 78
13 79
25 79
3 79
51 80
20 80
48 80
4 81
3 81
68 81
25 82
72 82
62 82
21 83
28 83
72 83
57 84
5 84
33 84
0 85
13 85
26 85
43 86
5 86
53 86
9 87
27 87
64 87
48 88
86 88
63 88
74 89
4 89
49 89
75 90
8 90
66 90
18 91
75 91
17 91
6 92
56 92
2 92
17 93
8 93
36 93
0 94
31 94
26 94
14 95
0 95
25 95
79 96
5 96
9 96
24 97
27 97
61 97
83 98
30 98
75 98
53 99
33 99
3 99
1 0
2 0
2 1
3 0
3 1
3 2
4 2
4 1
4 0
5 0
5 1
5 3
6 5
6 2
6 0
7 3
7 5
7 6
8 5
8 3
8 6
9 2
9 8
9 7
10 8
10 9
10 6
11 2
11 5
11 0
12 0
12 8
12 3
13 6
13 2
13 3
14 5
14 11
14 1
15 7
15 14
15 8
16 3
16 8
16 12
17 2
17 3
17 13
18 11
18 5
18 16
19 8
19 18
19 2
20 14
20 18
20 5
21 6
21 3
21 18
22 3
22 2
22 6
23 5
23 4
23 11
24 22
24 6
24 8
25 8
25 3
25 14
26 19
26 22
26 7
27 0
27 3
27 12
28 22
28 5
28 8
29 20
29 5
29 8
30 0
30 8
30 2
31 16
31 25
31 4
32 5
32 4
32 3
33 8
33 29
33 5
34 9
34 20
34 16
35 5
35 31
35 18
36 5
36 27
36 16
37 31
37 21
37 27
38 22
38 2
38 11
39 3
39 6
39 30
40 16
40 9
40 8
41 28
41 24
41 0
42 8
42 41
42 7
43 32
43 20
43 31
44 5
44 3
44 6
45 8
45 20
45 28
46 5
46 0
46 25
47 18
47 2
47 24
48 27
48 3
48 42
49 44
49 29
49 18
50 2
50 36
50 6
51 40
51 2
51 41
52 6
52 24
52 5
53 13
53 9
53 4
54 5
54 31
54 22
55 45
55 30
55 3
56 24
56 2
56 17
57 13
57 8
57 2
58 42
58 54
58 47
59 8
59 41
59 2
60 42
60 37
60 2
61 39
61 51
61 36
62 37
62 34
62 19
63 28
63 31
63 43
64 36
64 30
64 62
65 4
65 48
65 56
66 57
66 2
66 24
67 63
67 35
67 5
68 45
68 57
68 3
69 42
69 55
69 39
70 8
70 22
70 5
71 5
71 48
71 6
72 22
72 60
72 21
73 39
73 5
73 30
74 57
74 8
74 29
75 17
75 64
75 56
76 27
76 59
76 15
77 16
77 49
77 5
78 30
78 5
78 2
79 13
79 25
79 3
80 51
80 20
80 48
81 4
81 3
81 68
82 25
82 72
82 62
83 21
83 28
83 72
84 57
84 5
84 33
85 0
85 13
85 26
86 43
86 5
86 53
87 9
87 27
87 64
88 48
88 86
88 63
89 74
89 4
89 49
90 75
90 8
90 66
91 18
91 75
91 17
92 6
92 56
92 2
93 17
93 8
93 36
94 0
94 31
94 26
95 14
95 0
95 25
96 79
96 5
96 9
97 24
97 27
97 61
98 83
98 30
98 75
99 53
99 33
99 3
0 1 0 0 1 1 1 0 1 0 1 1 1 1 1 0 1 0 0 0 1 1 1 0 0 1 0 0 1 0 0 0 0 1 0 0 0 1 1 0 1 1 0 1 1 0 1 0 1 1 1 1 0 0 0 1 1 1 0 0 0 1 0 1 1 1 1 0 1 0 1 1 0 1 1 0 0 0 0 0 0 1 1 1 0 0 0 1 0 1 0 0 0 0 0 1 1 1 0 1
1 1 1 0 1 0 0 0 0 0 1 1 0 0 0 1 1 0 0 0 0 0 1 1 0 1 0 0 0 1 1 1 1 1 1 0 0 1 1 1 0 0 1 1 1 1 1 0 0 1 0 1 1 0 1 1 1 1 0 0 1 0 1 0 0 1 0 1 1 0 0 0 0 1 0 0 1 0 0 0 1 1 1 1 1 0 0 0 0 0 1 0 1 0 1 1 1 1 0 0
1 0 0 0 0 1 0 1 0 1 1 1 0 1 0 1 1 0 1 0 1 1 1 1 0 0 0 1 0 0 1 0 1 0 1 0 0 1 1 1 0 1 0 1 0 0 0 1 1 0 1 1 1 1 1 0 1 0 1 0 0 0 1 1 0 0 1 0 1 0 0 0 1 0 1 0 1 1 0 1 1 0 1 1 0 0 0 0 1 0 0 1 1 0 0 1 0 1 1 0
1 1 1 0 1 0 1 1 0 0 0 1 0 1 1 0 0 1 1 0 1 1 1 1 0 1 0 1 0 1 1 1 0 1 1 1 0 1 1 1 1 1 0 0 0 1 1 1 0 0 1 0 0 1 0 0 1 0 0 1 0 1 1 0 0 1 1 0 1 1 0 0 0 1 0 1 0 0 0 1 1 1 1 0 0 1 1 1 1 0 0 0 1 0 1 0 1 1 0 0
0 1 1 1 1 1 0 1 0 1 0 0 1 0 0 0 0 1 1 0 1 0 1 0 0 1 0 1 0 0 0 1 1 0 1 0 0 1 0 0 1 1 0 1 0 1 1 1 1 0 1 1 1 0 1 1 1 0 1 1 0 1 1 0 0 0 0 1 0 0 0 0 0 1 0 0 1 0 1 0 1 1 0 0 1 1 1 0 1 0 0 1 1 0 0 0 1 0 1 0