50 380 5
0 1
0 2
1 2
0 3
1 3
2 3
0 4
1 4
2 4
3 4
2 5
1 5
0 5
4 5
3 6
5 6
1 6
4 6
0 7
2 7
1 7
5 7
4 8
5 8
2 8
7 8
5 9
2 9
4 9
6 9
6 10
4 10
5 10
9 10
4 11
0 11
9 11
10 11
4 12
2 12
11 12
5 12
2 13
4 13
1 13
0 13
6 14
1 14
5 14
7 14
12 15
2 15
0 15
1 15
7 16
8 16
0 16
11 16
5 17
6 17
0 17
13 17
4 18
8 18
5 18
13 18
18 19
15 19
0 19
14 19
18 20
11 20
19 20
7 20
15 21
6 21
12 21
5 21
13 22
9 22
20 22
11 22
21 23
10 23
2 23
5 23
0 24
21 24
18 24
16 24
16 25
3 25
2 25
13 25
14 26
2 26
7 26
4 26
10 27
16 27
26 27
22 27
7 28
23 28
9 28
26 28
5 29
18 29
24 29
28 29
4 30
18 30
6 30
16 30
17 31
9 31
2 31
12 31
4 32
2 32
0 32
13 32
11 33
4 33
17 33
12 33
5 34
18 34
1 34
4 34
16 35
0 35
12 35
18 35
32 36
19 36
29 36
4 36
5 37
2 37
0 37
4 37
26 38
18 38
24 38
32 38
12 39
11 39
0 39
9 39
18 40
15 40
24 40
3 40
5 41
38 41
3 41
24 41
18 42
5 42
19 42
0 42
8 43
1 43
38 43
42 43
16 44
13 44
22 44
5 44
20 45
31 45
4 45
41 45
15 46
5 46
26 46
17 46
1 47
4 47
3 47
23 47
6 48
32 48
1 48
12 48
6 49
15 49
8 49
11 49
1 0
2 0
2 1
3 0
3 1
3 2
4 0
4 1
4 2
4 3
5 2
5 1
5 0
5 4
6 3
6 5
6 1
6 4
7 0
7 2
7 1
7 5
8 4
8 5
8 2
8 7
9 5
9 2
9 4
9 6
10 6
10 4
10 5
10 9
11 4
11 0
11 9
11 10
12 4
12 2
12 11
12 5
13 2
13 4
13 1
13 0
14 6
14 1
14 5
14 7
15 12
15 2
15 0
15 1
16 7
16 8
16 0
16 11
17 5
17 6
17 0
17 13
18 4
18 8
18 5
18 13
19 18
19 15
19 0
19 14
20 18
20 11
20 19
20 7
21 15
21 6
21 12
21 5
22 13
22 9
22 20
22 11
23 21
23 10
23 2
23 5
24 0
24 21
24 18
24 16
25 16
25 3
25 2
25 13
26 14
26 2
26 7
26 4
27 10
27 16
27 26
27 22
28 7
28 23
28 9
28 26
29 5
29 18
29 24
29 28
30 4
30 18
30 6
30 16
31 17
31 9
31 2
31 12
32 4
32 2
32 0
32 13
33 11
33 4
33 17
33 12
34 5
34 18
34 1
34 4
35 16
35 0
35 12
35 18
36 32
36 19
36 29
36 4
37 5
37 2
37 0
37 4
38 26
38 18
38 24
38 32
39 12
39 11
39 0
39 9
40 18
40 15
40 24
40 3
41 5
41 38
41 3
41 24
42 18
42 5
42 19
42 0
43 8
43 1
43 38
43 42
44 16
44 13
44 22
44 5
45 20
45 31
45 4
45 41
46 15
46 5
46 26
46 17
47 1
47 4
47 3
47 23
48 6
48 32
48 1
48 12
49 6
49 15
49 8
49 11
0 1 1 1 0 0 1 0 0 1 0 1 1 1 1 0 0 0 1 0 1 1 1 1 0 0 1 0 0 0 0 1 1 0 0 1 1 1 0 0 1 1 0 0 1 0 1 0 0 0
0 1 0 0 0 0 1 0 0 1 0 0 0 1 1 1 1 1 0 0 1 1 1 1 0 0 1 0 1 0 1 1 0 0 0 1 0 0 0 0 1 0 0 0 1 0 0 0 1 1
1 1 0 1 0 1 0 0 1 1 1 0 0 1 1 1 1 1 1 1 0 0 0 1 1 0 0 1 1 0 1 1 0 0 1 1 0 0 1 1 1 1 1 1 1 1 1 1 1 0
1 0 1 1 1 1 0 0 1 0 0 1 1 0 0 0 1 1 1 0 1 0 1 0 1 1 1 0 0 0 1 1 0 0 0 0 0 0 0 0 1 0 0 1 0 1 0 0 1 0
1 0 1 0 0 0 0 1 0 0 0 1 1 1 1 0 1 1 1 1 1 0 0 0 0 1 1 1 0 1 0 0 1 1 0 1 1 1 1 1 1 1 1 0 0 1 1 0 0 1