100 780 5
0 1
0 2
1 2
0 3
1 3
2 3
0 4
1 4
2 4
3 4
4 5
3 5
0 5
1 5
5 6
1 6
3 6
2 6
1 7
2 7
6 7
3 7
7 8
3 8
4 8
6 8
3 9
2 9
8 9
6 9
3 10
4 10
2 10
0 10
2 11
7 11
3 11
4 11
11 12
2 12
3 12
4 12
7 13
8 13
2 13
6 13
10 14
8 14
5 14
3 14
0 15
4 15
8 15
6 15
2 16
7 16
1 16
15 16
2 17
12 17
3 17
7 17
12 18
8 18
11 18
6 18
11 19
13 19
1 19
7 19
0 20
6 20
11 20
3 20
3 21
9 21
4 21
13 21
9 22
3 22
4 22
6 22
18 23
2 23
8 23
12 23
6 24
11 24
4 24
9 24
6 25
2 25
17 25
5 25
3 26
15 26
8 26
12 26
3 27
16 27
13 27
12 27
22 28
17 28
10 28
6 28
6 29
1 29
16 29
27 29
4 30
12 30
20 30
15 30
1 31
6 31
19 31
16 31
29 32
8 32
27 32
24 32
16 33
28 33
32 33
0 33
19 34
13 34
14 34
3 34
12 35
6 35
13 35
15 35
18 36
8 36
2 36
9 36
29 37
9 37
12 37
5 37
0 38
24 38
28 38
9 38
22 39
24 39
21 39
8 39
28 40
4 40
7 40
1 40
1 41
28 41
32 41
4 41
30 42
16 42
22 42
15 42
9 43
16 43
10 43
7 43
2 44
20 44
22 44
13 44
42 45
27 45
30 45
18 45
7 46
39 46
41 46
6 46
2 47
29 47
24 47
11 47
11 48
6 48
8 48
19 48
43 49
2 49
45 49
27 49
7 50
41 50
14 50
0 50
1 51
33 51
36 51
2 51
49 52
40 52
19 52
8 52
44 53
4 53
8 53
40 53
2 54
51 54
34 54
4 54
19 55
2 55
27 55
29 55
1 56
38 56
4 56
24 56
1 57
15 57
6 57
46 57
2 58
7 58
48 58
54 58
43 59
12 59
1 59
9 59
4 60
9 60
37 60
47 60
47 61
29 61
41 61
5 61
11 62
5 62
22 62
36 62
47 63
48 63
12 63
31 63
57 64
22 64
14 64
11 64
64 65
59 65
58 65
2 65
22 66
3 66
16 66
2 66
47 67
45 67
22 67
58 67
58 68
3 68
16 68
62 68
13 69
14 69
5 69
45 69
30 70
1 70
19 70
55 70
3 71
28 71
34 71
62 71
11 72
4 72
10 72
3 72
9 73
72 73
22 73
36 73
2 74
54 74
0 74
7 74
73 75
5 75
41 75
0 75
54 76
39 76
51 76
7 76
0 77
11 77
21 77
16 77
3 78
19 78
57 78
7 78
19 79
73 79
70 79
9 79
70 80
34 80
64 80
9 80
19 81
2 81
61 81
63 81
54 82
1 82
10 82
16 82
29 83
35 83
53 83
4 83
39 84
75 84
27 84
11 84
2 85
79 85
75 85
81 85
55 86
4 86
79 86
52 86
14 87
59 87
12 87
4 87
62 88
12 88
33 88
14 88
28 89
55 89
2 89
27 89
11 90
22 90
36 90
19 90
6 91
2 91
43 91
64 91
11 92
47 92
28 92
27 92
75 93
54 93
11 93
24 93
26 94
82 94
6 94
9 94
7 95
72 95
52 95
53 95
36 96
11 96
64 96
79 96
46 97
71 97
10 97
27 97
22 98
38 98
56 98
28 98
12 99
82 99
63 99
35 99
1 0
2 0
2 1
3 0
3 1
3 2
4 0
4 1
4 2
4 3
5 4
5 3
5 0
5 1
6 5
6 1
6 3
6 2
7 1
7 2
7 6
7 3
8 7
8 3
8 4
8 6
9 3
9 2
9 8
9 6
10 3
10 4
10 2
10 0
11 2
11 7
11 3
11 4
12 11
12 2
12 3
12 4
13 7
13 8
13 2
13 6
14 10
14 8
14 5
14 3
15 0
15 4
15 8
15 6
16 2
16 7
16 1
16 15
17 2
17 12
17 3
17 7
18 12
18 8
18 11
18 6
19 11
19 13
19 1
19 7
20 0
20 6
20 11
20 3
21 3
21 9
21 4
21 13
22 9
22 3
22 4
22 6
23 18
23 2
23 8
23 12
24 6
24 11
24 4
24 9
25 6
25 2
25 17
25 5
26 3
26 15
26 8
26 12
27 3
27 16
27 13
27 12
28 22
28 17
28 10
28 6
29 6
29 1
29 16
29 27
30 4
30 12
30 20
30 15
31 1
31 6
31 19
31 16
32 29
32 8
32 27
32 24
33 16
33 28
33 32
33 0
34 19
34 13
34 14
34 3
35 12
35 6
35 13
35 15
36 18
36 8
36 2
36 9
37 29
37 9
37 12
37 5
38 0
38 24
38 28
38 9
39 22
39 24
39 21
39 8
40 28
40 4
40 7
40 1
41 1
41 28
41 32
41 4
42 30
42 16
42 22
42 15
43 9
43 16
43 10
43 7
44 2
44 20
44 22
44 13
45 42
45 27
45 30
45 18
46 7
46 39
46 41
46 6
47 2
47 29
47 24
47 11
48 11
48 6
48 8
48 19
49 43
49 2
49 45
49 27
50 7
50 41
50 14
50 0
51 1
51 33
51 36
51 2
52 49
52 40
52 19
52 8
53 44
53 4
53 8
53 40
54 2
54 51
54 34
54 4
55 19
55 2
55 27
55 29
56 1
56 38
56 4
56 24
57 1
57 15
57 6
57 46
58 2
58 7
58 48
58 54
59 43
59 12
59 1
59 9
60 4
60 9
60 37
60 47
61 47
61 29
61 41
61 5
62 11
62 5
62 22
62 36
63 47
63 48
63 12
63 31
64 57
64 22
64 14
64 11
65 64
65 59
65 58
65 2
66 22
66 3
66 16
66 2
67 47
67 45
67 22
67 58
68 58
68 3
68 16
68 62
69 13
69 14
69 5
69 45
70 30
70 1
70 19
70 55
71 3
71 28
71 34
71 62
72 11
72 4
72 10
72 3
73 9
73 72
73 22
73 36
74 2
74 54
74 0
74 7
75 73
75 5
75 41
75 0
76 54
76 39
76 51
76 7
77 0
77 11
77 21
77 16
78 3
78 19
78 57
78 7
79 19
79 73
79 70
79 9
80 70
80 34
80 64
80 9
81 19
81 2
81 61
81 63
82 54
82 1
82 10
82 16
83 29
83 35
83 53
83 4
84 39
84 75
84 27
84 11
85 2
85 79
85 75
85 81
86 55
86 4
86 79
86 52
87 14
87 59
87 12
87 4
88 62
88 12
88 33
88 14
89 28
89 55
89 2
89 27
90 11
90 22
90 36
90 19
91 6
91 2
91 43
91 64
92 11
92 47
92 28
92 27
93 75
93 54
93 11
93 24
94 26
94 82
94 6
94 9
95 7
95 72
95 52
95 53
96 36
96 11
96 64
96 79
97 46
97 71
97 10
97 27
98 22
98 38
98 56
98 28
99 12
99 82
99 63
99 35
1 1 1 0 0 0 1 0 1 1 0 0 1 0 0 0 1 0 1 0 1 1 1 0 1 0 0 0 0 0 0 1 1 1 1 1 0 1 0 0 1 0 0 1 1 1 1 0 1 0 0 1 0 1 1 0 1 0 0 1 0 0 0 1 1 0 1 0 0 1 1 0 0 1 1 1 1 0 1 0 1 1 1 1 0 0 0 1 1 0 1 1 0 1 1 1 0 0 1 0
1 1 1 1 1 0 0 0 0 0 1 0 0 0 1 1 1 0 1 0 1 1 1 0 1 0 1 1 1 0 0 1 0 1 0 1 1 1 1 1 0 0 1 0 1 1 1 0 1 1 1 0 0 0 1 1 1 0 1 0 1 0 1 1 0 1 0 0 0 1 0 0 0 1 0 1 0 1 1 1 0 0 0 1 1 1 1 0 0 1 0 1 0 1 0 0 0 1 0 0
0 1 0 0 1 0 0 0 1 1 0 1 0 1 1 1 1 0 0 0 1 0 0 0 1 0 0 1 1 0 1 0 0 0 1 1 0 0 0 0 0 1 0 0 1 1 0 0 1 0 1 0 1 1 0 1 1 0 1 1 0 0 0 1 1 1 1 1 1 0 0 1 1 0 0 0 0 1 1 0 0 0 0 1 1 0 0 1 1 0 1 1 0 0 0 1 1 0 0 0
0 0 1 0 0 0 1 0 0 1 0 0 1 1 0 0 0 0 0 0 0 0 1 1 0 0 1 1 0 0 1 0 1 1 1 1 1 0 0 0 1 0 1 0 1 0 1 1 1 0 1 0 0 0 0 1 0 0 0 0 1 1 1 1 0 1 1 0 0 1 1 1 0 0 1 1 1 1 1 0 0 0 1 1 1 1 0 1 0 0 0 1 1 1 1 0 0 0 1 0
1 1 1 1 0 0 1 1 0 0 0 0 1 0 0 0 1 0 1 0 0 0 0 1 0 0 1 1 1 0 0 1 1 1 1 0 0 1 0 0 1 0 1 1 1 0 0 0 0 1 0 0 1 0 1 0 1 0 1 1 0 1 1 0 0 1 0 0 1 1 0 0 0 1 1 0 1 0 1 0 0 1 0 1 1 0 1 1 0 1 1 1 0 1 1 0 0 0 1 1