50 380 5
0 1
0 2
1 2
0 3
1 3
2 3
0 4
1 4
2 4
3 4
2 5
3 5
4 5
0 5
2 6
0 6
3 6
4 6
1 7
4 7
0 7
3 7
0 8
7 8
1 8
6 8
3 9
0 9
5 9
4 9
6 10
7 10
0 10
1 10
0 11
8 11
4 11
7 11
1 12
9 12
7 12
6 12
1 13
7 13
5 13
0 13
6 14
4 14
3 14
8 14
7 15
14 15
1 15
4 15
7 16
0 16
4 16
3 16
15 17
10 17
13 17
2 17
15 18
3 18
2 18
8 18
0 19
7 19
4 19
3 19
5 20
4 20
0 20
17 20
0 21
9 21
17 21
1 21
18 22
2 22
4 22
17 22
1 23
4 23
15 23
0 23
14 24
5 24
0 24
19 24
0 25
22 25
1 25
21 25
12 26
4 26
9 26
24 26
16 27
8 27
12 27
2 27
1 28
6 28
17 28
5 28
4 29
23 29
7 29
8 29
5 30
0 30
6 30
29 30
23 31
0 31
30 31
22 31
7 32
9 32
10 32
31 32
5 33
27 33
29 33
15 33
5 34
3 34
31 34
23 34
6 35
15 35
5 35
10 35
7 36
15 36
5 36
17 36
4 37
15 37
31 37
35 37
1 38
28 38
20 38
27 38
13 39
0 39
17 39
20 39
6 40
12 40
15 40
36 40
14 41
15 41
39 41
40 41
14 42
33 42
34 42
7 42
15 43
14 43
7 43
17 43
35 44
0 44
14 44
11 44
1 45
7 45
44 45
0 45
42 46
10 46
3 46
28 46
13 47
23 47
33 47
9 47
42 48
8 48
14 48
34 48
46 49
39 49
3 49
2 49
1 0
2 0
2 1
3 0
3 1
3 2
4 0
4 1
4 2
4 3
5 2
5 3
5 4
5 0
6 2
6 0
6 3
6 4
7 1
7 4
7 0
7 3
8 0
8 7
8 1
8 6
9 3
9 0
9 5
9 4
10 6
10 7
10 0
10 1
11 0
11 8
11 4
11 7
12 1
12 9
12 7
12 6
13 1
13 7
13 5
13 0
14 6
14 4
14 3
14 8
15 7
15 14
15 1
15 4
16 7
16 0
16 4
16 3
17 15
17 10
17 13
17 2
18 15
18 3
18 2
18 8
19 0
19 7
19 4
19 3
20 5
20 4
20 0
20 17
21 0
21 9
21 17
21 1
22 18
22 2
22 4
22 17
23 1
23 4
23 15
23 0
24 14
24 5
24 0
24 19
25 0
25 22
25 1
25 21
26 12
26 4
26 9
26 24
27 16
27 8
27 12
27 2
28 1
28 6
28 17
28 5
29 4
29 23
29 7
29 8
30 5
30 0
30 6
30 29
31 23
31 0
31 30
31 22
32 7
32 9
32 10
32 31
33 5
33 27
33 29
33 15
34 5
34 3
34 31
34 23
35 6
35 15
35 5
35 10
36 7
36 15
36 5
36 17
37 4
37 15
37 31
37 35
38 1
38 28
38 20
38 27
39 13
39 0
39 17
39 20
40 6
40 12
40 15
40 36
41 14
41 15
41 39
41 40
42 14
42 33
42 34
42 7
43 15
43 14
43 7
43 17
44 35
44 0
44 14
44 11
45 1
45 7
45 44
45 0
46 42
46 10
46 3
46 28
47 13
47 23
47 33
47 9
48 42
48 8
48 14
48 34
49 46
49 39
49 3
49 2
0 0 0 0 0 0 0 0 0 1 0 1 1 1 1 0 0 1 0 1 1 0 1 1 1 1 1 0 0 0 1 0 0 0 1 0 1 1 0 0 0 0 1 0 1 1 1 1 0 1
0 0 0 1 0 1 1 1 1 1 0 0 1 0 0 0 0 1 0 1 0 0 0 1 0 1 0 0 1 1 0 0 0 0 0 0 1 0 1 1 1 0 0 1 0 0 0 0 0 1
0 0 1 0 0 1 0 0 1 1 0 0 0 1 0 1 0 0 1 0 0 0 1 0 1 0 1 0 1 1 1 1 1 0 0 0 1 0 1 0 0 1 0 1 0 1 1 0 0 0
0 1 0 1 1 0 1 0 1 1 0 1 0 1 0 1 0 1 0 0 0 0 1 1 1 1 0 0 1 0 1 1 1 0 1 0 1 1 1 0 1 1 0 1 0 0 1 1 1 0
0 1 0 0 0 1 1 0 1 1 0 1 1 1 1 0 1 0 0 1 0 1 1 1 1 0 1 1 0 1 1 0 0 0 0 1 1 0 1 1 1 1 0 0 1 0 0 1 0 0