250 1488 5
0 1
0 2
1 2
0 3
1 3
2 3
0 4
2 4
3 4
2 5
3 5
0 5
0 6
3 6
2 6
6 7
4 7
0 7
6 8
0 8
5 8
3 9
2 9
8 9
9 10
1 10
4 10
6 11
4 11
7 11
8 12
1 12
3 12
0 13
8 13
4 13
1 14
3 14
12 14
2 15
3 15
6 15
6 16
3 16
1 16
2 17
9 17
7 17
8 18
14 18
12 18
6 19
1 19
8 19
3 20
9 20
2 20
8 21
1 21
2 21
8 22
6 22
4 22
17 23
12 23
4 23
4 24
14 24
9 24
12 25
10 25
22 25
4 26
15 26
9 26
10 27
1 27
2 27
14 28
13 28
3 28
8 29
9 29
26 29
28 30
25 30
22 30
13 31
26 31
25 31
23 32
29 32
12 32
1 33
26 33
8 33
1 34
9 34
2 34
8 35
12 35
14 35
9 36
27 36
34 36
19 37
27 37
11 37
12 38
25 38
13 38
27 39
12 39
13 39
13 40
20 40
22 40
29 41
12 41
2 41
22 42
0 42
7 42
4 43
22 43
25 43
39 44
31 44
4 44
7 45
4 45
37 45
13 46
8 46
12 46
19 47
21 47
8 47
1 48
3 48
5 48
15 49
40 49
11 49
45 50
9 50
40 50
22 51
3 51
12 51
12 52
25 52
36 52
9 53
3 53
50 53
18 54
48 54
22 54
50 55
9 55
25 55
21 56
0 56
31 56
40 57
45 57
36 57
0 58
4 58
3 58
56 59
3 59
8 59
21 60
32 60
12 60
0 61
45 61
3 61
27 62
40 62
4 62
2 63
48 63
20 63
3 64
12 64
56 64
27 65
59 65
26 65
34 66
44 66
27 66
22 67
11 67
36 67
14 68
4 68
1 68
20 69
13 69
6 69
34 70
27 70
18 70
16 71
51 71
54 71
27 72
30 72
41 72
2 73
5 73
25 73
15 74
3 74
8 74
2 75
4 75
27 75
70 76
68 76
66 76
44 77
25 77
2 77
53 78
47 78
64 78
40 79
1 79
6 79
70 80
36 80
3 80
3 81
11 81
79 81
25 82
26 82
69 82
20 83
69 83
64 83
11 84
47 84
27 84
70 85
48 85
59 85
13 86
5 86
47 86
44 87
27 87
70 87
1 88
0 88
35 88
83 89
52 89
4 89
31 90
4 90
34 90
47 91
62 91
27 91
25 92
53 92
8 92
32 93
28 93
21 93
36 94
7 94
13 94
93 95
20 95
30 95
0 96
12 96
54 96
52 97
8 97
9 97
47 98
79 98
39 98
9 99
57 99
42 99
60 100
74 100
27 100
47 101
25 101
9 101
31 102
5 102
27 102
7 103
70 103
63 103
8 104
42 104
77 104
22 105
26 105
27 105
25 106
3 106
101 106
20 107
27 107
0 107
12 108
34 108
14 108
11 109
62 109
8 109
48 110
29 110
37 110
33 111
20 111
54 111
2 112
20 112
101 112
57 113
24 113
40 113
0 114
105 114
64 114
12 115
100 115
63 115
108 116
97 116
59 116
52 117
77 117
83 117
47 118
3 118
84 118
28 119
20 119
9 119
4 120
27 120
93 120
22 121
102 121
54 121
57 122
34 122
114 122
108 123
91 123
45 123
39 124
35 124
12 124
18 125
27 125
44 125
120 126
97 126
13 126
2 127
68 127
8 127
48 128
42 128
43 128
64 129
30 129
8 129
7 130
39 130
58 130
30 131
81 131
3 131
27 132
4 132
58 132
35 133
3 133
12 133
9 134
4 134
13 134
108 135
70 135
18 135
26 136
15 136
6 136
83 137
8 137
22 137
9 138
12 138
133 138
44 139
7 139
104 139
96 140
1 140
27 140
79 141
24 141
104 141
84 142
5 142
20 142
137 143
95 143
14 143
108 144
66 144
19 144
22 145
8 145
110 145
66 146
4 146
21 146
0 147
75 147
8 147
8 148
146 148
7 148
3 149
129 149
85 149
36 150
13 150
17 150
110 151
79 151
5 151
129 152
73 152
26 152
27 153
148 153
84 153
13 154
73 154
8 154
131 155
39 155
20 155
110 156
112 156
9 156
38 157
156 157
146 157
29 158
112 158
22 158
64 159
139 159
152 159
51 160
35 160
64 160
3 161
58 161
65 161
57 162
108 162
39 162
157 163
27 163
45 163
19 164
52 164
4 164
19 165
62 165
1 165
120 166
114 166
10 166
164 167
64 167
120 167
34 168
11 168
19 168
9 169
12 169
3 169
83 170
12 170
23 170
6 171
15 171
132 171
96 172
139 172
21 172
143 173
80 173
132 173
74 174
12 174
151 174
104 175
157 175
167 175
56 176
120 176
139 176
171 177
83 177
38 177
147 178
70 178
44 178
117 179
25 179
11 179
25 180
124 180
1 180
5 181
132 181
169 181
85 182
3 182
63 182
27 183
181 183
81 183
2 184
57 184
108 184
19 185
154 185
17 185
0 186
173 186
117 186
130 187
44 187
0 187
22 188
1 188
5 188
73 189
7 189
167 189
188 190
151 190
9 190
122 191
48 191
179 191
145 192
122 192
176 192
0 193
100 193
20 193
185 194
8 194
27 194
114 195
146 195
156 195
46 196
11 196
66 196
158 197
83 197
114 197
46 198
176 198
16 198
82 199
143 199
22 199
195 200
48 200
156 200
117 201
42 201
25 201
72 202
3 202
9 202
21 203
70 203
87 203
20 204
17 204
42 204
8 205
27 205
57 205
79 206
156 206
17 206
145 207
8 207
86 207
158 208
79 208
157 208
75 209
69 209
116 209
6 210
178 210
34 210
4 211
14 211
50 211
132 212
164 212
48 212
20 213
36 213
35 213
77 214
39 214
25 214
22 215
175 215
159 215
3 216
138 216
61 216
19 217
84 217
11 217
162 218
74 218
13 218
5 219
32 219
131 219
1 220
108 220
19 220
36 221
44 221
209 221
156 222
169 222
11 222
154 223
58 223
77 223
79 224
150 224
105 224
207 225
209 225
95 225
56 226
39 226
151 226
3 227
202 227
131 227
35 228
115 228
124 228
142 229
154 229
222 229
58 230
131 230
45 230
51 231
199 231
117 231
32 232
82 232
145 232
45 233
13 233
169 233
11 234
197 234
79 234
25 235
89 235
8 235
22 236
225 236
114 236
66 237
38 237
158 237
77 238
45 238
134 238
235 239
9 239
97 239
181 240
22 240
79 240
78 241
103 241
4 241
101 242
149 242
114 242
97 243
112 243
210 243
12 244
25 244
155 244
42 245
13 245
57 245
156 246
63 246
22 246
70 247
143 247
25 247
224 248
141 248
181 248
60 249
78 249
40 249
1 0
2 0
2 1
3 0
3 1
3 2
4 0
4 2
4 3
5 2
5 3
5 0
6 0
6 3
6 2
7 6
7 4
7 0
8 6
8 0
8 5
9 3
9 2
9 8
10 9
10 1
10 4
11 6
11 4
11 7
12 8
12 1
12 3
13 0
13 8
13 4
14 1
14 3
14 12
15 2
15 3
15 6
16 6
16 3
16 1
17 2
17 9
17 7
18 8
18 14
18 12
19 6
19 1
19 8
20 3
20 9
20 2
21 8
21 1
21 2
22 8
22 6
22 4
23 17
23 12
23 4
24 4
24 14
24 9
25 12
25 10
25 22
26 4
26 15
26 9
27 10
27 1
27 2
28 14
28 13
28 3
29 8
29 9
29 26
30 28
30 25
30 22
31 13
31 26
31 25
32 23
32 29
32 12
33 1
33 26
33 8
34 1
34 9
34 2
35 8
35 12
35 14
36 9
36 27
36 34
37 19
37 27
37 11
38 12
38 25
38 13
39 27
39 12
39 13
40 13
40 20
40 22
41 29
41 12
41 2
42 22
42 0
42 7
43 4
43 22
43 25
44 39
44 31
44 4
45 7
45 4
45 37
46 13
46 8
46 12
47 19
47 21
47 8
48 1
48 3
48 5
49 15
49 40
49 11
50 45
50 9
50 40
51 22
51 3
51 12
52 12
52 25
52 36
53 9
53 3
53 50
54 18
54 48
54 22
55 50
55 9
55 25
56 21
56 0
56 31
57 40
57 45
57 36
58 0
58 4
58 3
59 56
59 3
59 8
60 21
60 32
60 12
61 0
61 45
61 3
62 27
62 40
62 4
63 2
63 48
63 20
64 3
64 12
64 56
65 27
65 59
65 26
66 34
66 44
66 27
67 22
67 11
67 36
68 14
68 4
68 1
69 20
69 13
69 6
70 34
70 27
70 18
71 16
71 51
71 54
72 27
72 30
72 41
73 2
73 5
73 25
74 15
74 3
74 8
75 2
75 4
75 27
76 70
76 68
76 66
77 44
77 25
77 2
78 53
78 47
78 64
79 40
79 1
79 6
80 70
80 36
80 3
81 3
81 11
81 79
82 25
82 26
82 69
83 20
83 69
83 64
84 11
84 47
84 27
85 70
85 48
85 59
86 13
86 5
86 47
87 44
87 27
87 70
88 1
88 0
88 35
89 83
89 52
89 4
90 31
90 4
90 34
91 47
91 62
91 27
92 25
92 53
92 8
93 32
93 28
93 21
94 36
94 7
94 13
95 93
95 20
95 30
96 0
96 12
96 54
97 52
97 8
97 9
98 47
98 79
98 39
99 9
99 57
99 42
100 60
100 74
100 27
101 47
101 25
101 9
102 31
102 5
102 27
103 7
103 70
103 63
104 8
104 42
104 77
105 22
105 26
105 27
106 25
106 3
106 101
107 20
107 27
107 0
108 12
108 34
108 14
109 11
109 62
109 8
110 48
110 29
110 37
111 33
111 20
111 54
112 2
112 20
112 101
113 57
113 24
113 40
114 0
114 105
114 64
115 12
115 100
115 63
116 108
116 97
116 59
117 52
117 77
117 83
118 47
118 3
118 84
119 28
119 20
119 9
120 4
120 27
120 93
121 22
121 102
121 54
122 57
122 34
122 114
123 108
123 91
123 45
124 39
124 35
124 12
125 18
125 27
125 44
126 120
126 97
126 13
127 2
127 68
127 8
128 48
128 42
128 43
129 64
129 30
129 8
130 7
130 39
130 58
131 30
131 81
131 3
132 27
132 4
132 58
133 35
133 3
133 12
134 9
134 4
134 13
135 108
135 70
135 18
136 26
136 15
136 6
137 83
137 8
137 22
138 9
138 12
138 133
139 44
139 7
139 104
140 96
140 1
140 27
141 79
141 24
141 104
142 84
142 5
142 20
143 137
143 95
143 14
144 108
144 66
144 19
145 22
145 8
145 110
146 66
146 4
146 21
147 0
147 75
147 8
148 8
148 146
148 7
149 3
149 129
149 85
150 36
150 13
150 17
151 110
151 79
151 5
152 129
152 73
152 26
153 27
153 148
153 84
154 13
154 73
154 8
155 131
155 39
155 20
156 110
156 112
156 9
157 38
157 156
157 146
158 29
158 112
158 22
159 64
159 139
159 152
160 51
160 35
160 64
161 3
161 58
161 65
162 57
162 108
162 39
163 157
163 27
163 45
164 19
164 52
164 4
165 19
165 62
165 1
166 120
166 114
166 10
167 164
167 64
167 120
168 34
168 11
168 19
169 9
169 12
169 3
170 83
170 12
170 23
171 6
171 15
171 132
172 96
172 139
172 21
173 143
173 80
173 132
174 74
174 12
174 151
175 104
175 157
175 167
176 56
176 120
176 139
177 171
177 83
177 38
178 147
178 70
178 44
179 117
179 25
179 11
180 25
180 124
180 1
181 5
181 132
181 169
182 85
182 3
182 63
183 27
183 181
183 81
184 2
184 57
184 108
185 19
185 154
185 17
186 0
186 173
186 117
187 130
187 44
187 0
188 22
188 1
188 5
189 73
189 7
189 167
190 188
190 151
190 9
191 122
191 48
191 179
192 145
192 122
192 176
193 0
193 100
193 20
194 185
194 8
194 27
195 114
195 146
195 156
196 46
196 11
196 66
197 158
197 83
197 114
198 46
198 176
198 16
199 82
199 143
199 22
200 195
200 48
200 156
201 117
201 42
201 25
202 72
202 3
202 9
203 21
203 70
203 87
204 20
204 17
204 42
205 8
205 27
205 57
206 79
206 156
206 17
207 145
207 8
207 86
208 158
208 79
208 157
209 75
209 69
209 116
210 6
210 178
210 34
211 4
211 14
211 50
212 132
212 164
212 48
213 20
213 36
213 35
214 77
214 39
214 25
215 22
215 175
215 159
216 3
216 138
216 61
217 19
217 84
217 11
218 162
218 74
218 13
219 5
219 32
219 131
220 1
220 108
220 19
221 36
221 44
221 209
222 156
222 169
222 11
223 154
223 58
223 77
224 79
224 150
224 105
225 207
225 209
225 95
226 56
226 39
226 151
227 3
227 202
227 131
228 35
228 115
228 124
229 142
229 154
229 222
230 58
230 131
230 45
231 51
231 199
231 117
232 32
232 82
232 145
233 45
233 13
233 169
234 11
234 197
234 79
235 25
235 89
235 8
236 22
236 225
236 114
237 66
237 38
237 158
238 77
238 45
238 134
239 235
239 9
239 97
240 181
240 22
240 79
241 78
241 103
241 4
242 101
242 149
242 114
243 97
243 112
243 210
244 12
244 25
244 155
245 42
245 13
245 57
246 156
246 63
246 22
247 70
247 143
247 25
248 224
248 141
248 181
249 60
249 78
249 40
0 0 1 0 1 1 0 1 0 0 0 1 0 1 0 0 1 0 1 0 1 1 0 1 0 0 0 1 1 1 1 1 1 1 0 0 0 0 0 1 0 1 1 1 1 0 0 1 0 1 0 0 0 1 0 1 0 0 0 0 1 0 0 1 0 1 1 0 0 1 0 0 1 0 0 0 0 1 1 1 1 1 0 1 1 1 1 0 1 1 1 0 1 1 0 0 1 1 1 0 1 0 1 1 1 0 1 1 0 1 1 1 0 0 1 1 1 1 1 1 1 0 0 1 1 0 0 0 0 0 1 0 1 0 0 0 0 0 1 0 0 1 0 1 1 0 1 1 0 1 0 0 0 0 1 0 1 0 0 1 1 1 0 1 1 0 1 0 0 0 1 1 1 0 0 1 1 1 0 0 0 0 0 0 0 0 0 0 1 0 1 1 1 1 0 1 0 0 1 0 1 1 1 0 0 0 0 0 0 1 0 0 1 0 1 1 1 1 1 0 1 0 0 0 0 0 0 1 1 1 0 0 1 0 0 0 0 0 0 0 1 1 0 1 0 1 1 0 0 0
0 0 1 1 0 0 1 1 1 1 1 0 1 1 1 1 0 1 0 0 1 0 1 1 0 1 0 0 0 0 1 0 0 0 0 1 1 0 0 1 1 0 1 0 1 0 1 0 1 1 0 1 1 0 0 1 1 1 0 1 0 1 1 0 1 0 1 0 1 0 1 0 0 1 0 1 0 1 1 1 0 0 1 1 1 1 0 1 0 0 1 0 0 1 1 1 1 1 0 0 1 1 0 1 1 0 1 1 0 1 0 0 1 0 0 0 0 1 1 0 1 1 1 0 1 1 0 1 1 0 1 0 0 0 0 0 0 0 0 1 0 0 1 1 0 1 0 0 1 1 0 0 1 0 1 1 0 1 1 0 1 1 0 0 1 0 0 1 0 1 1 0 1 0 1 0 1 0 1 1 0 1 0 1 0 0 1 0 1 1 1 0 0 0 1 1 1 1 0 1 1 0 0 1 0 1 1 1 0 0 0 0 1 1 1 1 1 0 0 1 1 1 1 0 1 0 0 1 0 0 0 0 1 1 1 1 0 1 0 0 0 1 1 0 0 1 1 0 0 0
0 1 1 0 1 1 0 1 1 1 0 1 0 1 0 1 1 1 1 0 1 0 1 0 1 1 1 1 1 0 1 0 0 1 0 0 0 0 0 1 1 1 1 1 0 0 1 0 1 0 0 1 1 1 0 1 1 1 1 1 0 1 0 0 0 1 0 0 1 0 0 0 0 1 0 1 1 1 1 0 1 1 0 0 0 1 0 1 0 0 0 1 1 0 1 0 1 1 1 1 1 1 1 1 0 1 1 0 1 1 0 1 0 1 0 0 0 0 0 0 1 0 0 1 0 1 0 1 1 1 1 1 1 0 0 1 0 0 0 1 0 0 0 1 1 0 1 0 0 1 0 1 0 0 0 1 1 0 0 1 0 0 0 0 0 0 0 1 1 1 0 0 1 1 0 1 1 0 0 0 0 0 1 0 0 0 0 0 1 1 1 1 0 1 1 1 1 1 1 1 0 1 1 0 1 1 1 1 1 1 1 1 1 0 0 1 1 0 0 1 0 0 0 1 0 0 1 0 0 1 1 1 0 0 0 0 1 1 1 1 0 1 1 0 1 0 0 0 1 0
0 1 0 0 0 0 1 1 0 0 0 1 1 1 0 1 1 1 0 0 0 0 0 0 0 0 0 1 0 0 1 0 0 0 0 0 1 1 0 1 1 0 0 1 1 1 1 1 1 0 0 1 0 1 1 1 1 1 1 1 1 1 0 0 1 0 1 0 1 0 0 1 1 0 1 0 1 1 1 1 0 0 1 1 0 0 1 0 1 1 0 1 0 0 0 1 0 0 1 0 0 1 1 0 0 0 0 1 1 1 1 1 1 1 0 0 0 1 1 0 0 1 0 1 0 1 1 1 1 1 0 1 0 0 0 0 1 0 1 1 1 0 0 0 1 1 1 0 1 1 1 1 0 1 1 1 1 0 1 1 0 1 1 0 1 1 1 0 1 1 1 1 1 1 0 0 1 0 0 1 1 1 1 1 1 1 0 0 0 1 0 1 0 1 1 1 0 1 1 1 1 0 1 1 1 1 1 0 1 0 1 0 0 1 0 0 1 1 0 1 1 1 1 0 1 0 0 0 1 1 1 1 0 0 1 1 1 1 0 1 0 1 1 1 1 0 1 0 1 0
0 0 1 0 0 0 1 1 1 0 1 1 1 1 0 0 1 1 1 0 0 1 1 1 0 1 1 1 0 1 0 0 1 1 1 1 0 0 0 1 1 1 0 1 0 1 0 0 0 0 1 0 1 0 1 1 0 1 1 0 1 0 1 0 1 0 1 1 1 0 0 1 1 0 0 1 0 1 1 1 0 1 0 1 0 1 0 0 1 1 0 1 0 0 0 1 1 0 1 0 1 1 0 1 0 0 1 0 0 0 0 1 0 1 1 0 1 1 1 0 0 0 0 1 0 0 1 0 1 0 1 1 0 1 1 0 0 1 1 1 0 0 1 0 1 0 0 0 1 0 0 1 1 0 1 1 1 1 1 0 1 0 1 0 1 0 1 1 1 0 0 0 1 0 0 0 0 1 1 0 1 0 0 0 1 1 0 1 0 0 1 0 1 1 0 1 0 0 1 1 1 0 1 1 1 0 0 1 1 0 0 0 0 1 0 1 1 0 1 1 0 0 1 0 0 0 0 0 1 1 1 1 1 1 0 0 0 1 0 0 1 1 0 0 1 0 0 1 0 1