100 780 5
0 1
0 2
1 2
0 3
1 3
2 3
0 4
1 4
2 4
3 4
3 5
4 5
1 5
0 5
1 6
3 6
4 6
0 6
3 7
0 7
5 7
6 7
3 8
1 8
4 8
0 8
4 9
7 9
0 9
3 9
6 10
0 10
7 10
2 10
0 11
1 11
5 11
7 11
7 12
4 12
5 12
2 12
5 13
8 13
9 13
7 13
4 14
6 14
7 14
0 14
0 15
12 15
1 15
10 15
4 16
7 16
9 16
1 16
1 17
3 17
16 17
0 17
0 18
2 18
6 18
7 18
3 19
15 19
4 19
7 19
18 20
4 20
1 20
2 20
1 21
19 21
6 21
17 21
17 22
4 22
1 22
7 22
15 23
17 23
3 23
1 23
3 24
22 24
5 24
16 24
18 25
9 25
4 25
14 25
4 26
6 26
24 26
23 26
3 27
25 27
0 27
17 27
22 28
7 28
3 28
6 28
2 29
11 29
21 29
1 29
4 30
6 30
3 30
10 30
24 31
6 31
17 31
21 31
2 32
27 32
9 32
22 32
9 33
2 33
8 33
6 33
18 34
31 34
28 34
7 34
7 35
17 35
31 35
28 35
34 36
17 36
6 36
10 36
22 37
1 37
11 37
13 37
3 38
29 38
17 38
32 38
1 39
38 39
4 39
11 39
3 40
36 40
1 40
19 40
7 41
5 41
0 41
17 41
37 42
0 42
7 42
8 42
21 43
32 43
6 43
19 43
0 44
2 44
8 44
5 44
33 45
31 45
6 45
13 45
13 46
12 46
31 46
14 46
29 47
2 47
17 47
18 47
44 48
9 48
8 48
7 48
41 49
36 49
18 49
48 49
1 50
41 50
3 50
31 50
10 51
8 51
32 51
43 51
17 52
42 52
25 52
37 52
17 53
11 53
6 53
4 53
5 54
11 54
0 54
34 54
49 55
37 55
18 55
6 55
4 56
0 56
14 56
46 56
7 57
46 57
11 57
33 57
4 58
12 58
9 58
11 58
30 59
42 59
41 59
19 59
49 60
16 60
42 60
21 60
1 61
39 61
6 61
16 61
11 62
37 62
22 62
56 62
29 63
10 63
5 63
17 63
17 64
48 64
2 64
41 64
4 65
2 65
11 65
5 65
15 66
4 66
3 66
18 66
17 67
46 67
25 67
48 67
5 68
3 68
4 68
11 68
39 69
21 69
8 69
7 69
61 70
12 70
28 70
45 70
5 71
68 71
8 71
15 71
1 72
12 72
66 72
68 72
22 73
0 73
32 73
53 73
7 74
43 74
68 74
36 74
48 75
43 75
2 75
22 75
9 76
36 76
8 76
23 76
5 77
7 77
4 77
35 77
11 78
4 78
0 78
65 78
20 79
2 79
17 79
7 79
61 80
57 80
7 80
75 80
17 81
74 81
68 81
61 81
8 82
29 82
24 82
25 82
81 83
15 83
16 83
10 83
68 84
6 84
65 84
42 84
72 85
25 85
21 85
4 85
64 86
6 86
12 86
20 86
3 87
0 87
41 87
75 87
47 88
56 88
50 88
8 88
19 89
30 89
57 89
43 89
54 90
80 90
6 90
43 90
73 91
88 91
19 91
24 91
19 92
9 92
38 92
25 92
5 93
43 93
0 93
6 93
64 94
4 94
39 94
9 94
11 95
53 95
17 95
50 95
52 96
85 96
29 96
6 96
3 97
71 97
0 97
2 97
3 98
0 98
20 98
45 98
43 99
11 99
27 99
36 99
1 0
2 0
2 1
3 0
3 1
3 2
4 0
4 1
4 2
4 3
5 3
5 4
5 1
5 0
6 1
6 3
6 4
6 0
7 3
7 0
7 5
7 6
8 3
8 1
8 4
8 0
9 4
9 7
9 0
9 3
10 6
10 0
10 7
10 2
11 0
11 1
11 5
11 7
12 7
12 4
12 5
12 2
13 5
13 8
13 9
13 7
14 4
14 6
14 7
14 0
15 0
15 12
15 1
15 10
16 4
16 7
16 9
16 1
17 1
17 3
17 16
17 0
18 0
18 2
18 6
18 7
19 3
19 15
19 4
19 7
20 18
20 4
20 1
20 2
21 1
21 19
21 6
21 17
22 17
22 4
22 1
22 7
23 15
23 17
23 3
23 1
24 3
24 22
24 5
24 16
25 18
25 9
25 4
25 14
26 4
26 6
26 24
26 23
27 3
27 25
27 0
27 17
28 22
28 7
28 3
28 6
29 2
29 11
29 21
29 1
30 4
30 6
30 3
30 10
31 24
31 6
31 17
31 21
32 2
32 27
32 9
32 22
33 9
33 2
33 8
33 6
34 18
34 31
34 28
34 7
35 7
35 17
35 31
35 28
36 34
36 17
36 6
36 10
37 22
37 1
37 11
37 13
38 3
38 29
38 17
38 32
39 1
39 38
39 4
39 11
40 3
40 36
40 1
40 19
41 7
41 5
41 0
41 17
42 37
42 0
42 7
42 8
43 21
43 32
43 6
43 19
44 0
44 2
44 8
44 5
45 33
45 31
45 6
45 13
46 13
46 12
46 31
46 14
47 29
47 2
47 17
47 18
48 44
48 9
48 8
48 7
49 41
49 36
49 18
49 48
50 1
50 41
50 3
50 31
51 10
51 8
51 32
51 43
52 17
52 42
52 25
52 37
53 17
53 11
53 6
53 4
54 5
54 11
54 0
54 34
55 49
55 37
55 18
55 6
56 4
56 0
56 14
56 46
57 7
57 46
57 11
57 33
58 4
58 12
58 9
58 11
59 30
59 42
59 41
59 19
60 49
60 16
60 42
60 21
61 1
61 39
61 6
61 16
62 11
62 37
62 22
62 56
63 29
63 10
63 5
63 17
64 17
64 48
64 2
64 41
65 4
65 2
65 11
65 5
66 15
66 4
66 3
66 18
67 17
67 46
67 25
67 48
68 5
68 3
68 4
68 11
69 39
69 21
69 8
69 7
70 61
70 12
70 28
70 45
71 5
71 68
71 8
71 15
72 1
72 12
72 66
72 68
73 22
73 0
73 32
73 53
74 7
74 43
74 68
74 36
75 48
75 43
75 2
75 22
76 9
76 36
76 8
76 23
77 5
77 7
77 4
77 35
78 11
78 4
78 0
78 65
79 20
79 2
79 17
79 7
80 61
80 57
80 7
80 75
81 17
81 74
81 68
81 61
82 8
82 29
82 24
82 25
83 81
83 15
83 16
83 10
84 68
84 6
84 65
84 42
85 72
85 25
85 21
85 4
86 64
86 6
86 12
86 20
87 3
87 0
87 41
87 75
88 47
88 56
88 50
88 8
89 19
89 30
89 57
89 43
90 54
90 80
90 6
90 43
91 73
91 88
91 19
91 24
92 19
92 9
92 38
92 25
93 5
93 43
93 0
93 6
94 64
94 4
94 39
94 9
95 11
95 53
95 17
95 50
96 52
96 85
96 29
96 6
97 3
97 71
97 0
97 2
98 3
98 0
98 20
98 45
99 43
99 11
99 27
99 36
0 0 0 0 1 1 1 1 1 1 1 1 0 1 1 0 0 0 1 0 1 1 1 1 1 0 0 0 1 0 0 0 1 0 0 1 0 1 1 0 0 0 0 0 0 1 0 1 0 1 0 1 0 0 0 1 1 0 1 0 1 1 1 1 1 0 1 0 1 1 0 1 0 0 0 1 0 1 0 1 0 1 0 1 0 1 0 0 1 0 1 0 1 1 1 1 0 1 0 1
1 0 0 1 1 0 0 0 1 0 0 0 0 0 0 0 0 1 1 1 0 1 1 0 0 0 1 0 0 0 0 1 0 0 0 1 0 1 1 0 1 1 1 1 1 1 0 1 0 1 0 0 0 0 1 1 0 1 1 0 1 1 0 0 1 0 0 1 0 0 1 1 0 1 1 0 0 1 0 0 1 0 1 0 0 1 0 1 0 1 1 0 0 0 1 0 1 1 0 0
1 1 0 0 0 0 0 0 1 0 0 1 1 1 0 0 0 0 0 1 0 1 0 1 1 0 1 0 1 0 1 1 1 1 0 0 0 0 1 1 0 1 1 0 1 0 1 1 0 1 0 1 1 0 0 1 0 1 0 1 1 0 1 0 1 0 1 1 1 1 1 0 0 0 0 0 0 0 1 1 1 1 1 0 1 1 0 1 1 1 1 0 0 1 1 1 1 1 0 1
1 1 1 0 0 1 0 0 1 0 0 1 1 1 0 0 1 1 1 0 1 1 0 1 1 0 1 0 0 1 0 1 1 0 1 1 0 0 1 1 0 1 1 0 1 1 0 1 0 0 1 1 0 1 1 1 1 0 1 0 0 0 0 0 0 1 1 0 1 1 0 0 0 0 0 0 0 1 0 1 0 1 0 0 0 1 0 1 1 1 1 0 1 1 1 0 1 0 1 1
1 0 1 0 0 0 1 1 0 0 0 1 0 0 0 1 1 1 0 0 1 1 0 0 0 0 0 1 0 0 0 0 1 0 1 1 1 1 0 1 1 0 1 1 1 1 0 1 1 1 1 0 1 0 0 1 0 1 0 1 0 0 1 0 1 0 0 0 0 0 0 1 1 1 1 1 1 0 1 0 1 1 1 0 0 0 1 1 1 0 0 0 1 0 1 0 1 1 1 0