50 288 5
0 1
0 2
1 2
0 3
1 3
2 3
3 4
0 4
2 4
3 5
1 5
4 5
3 6
1 6
0 6
1 7
5 7
3 7
1 8
3 8
4 8
2 9
1 9
3 9
4 10
6 10
5 10
10 11
7 11
3 11
5 12
4 12
1 12
7 13
0 13
11 13
7 14
11 14
3 14
14 15
2 15
0 15
1 16
9 16
3 16
7 17
14 17
4 17
2 18
5 18
8 18
11 19
4 19
5 19
19 20
5 20
4 20
11 21
10 21
7 21
14 22
5 22
21 22
7 23
1 23
18 23
18 24
1 24
8 24
4 25
2 25
10 25
5 26
8 26
25 26
8 27
6 27
1 27
1 28
24 28
4 28
7 29
8 29
11 29
4 30
25 30
28 30
30 31
21 31
28 31
0 32
4 32
3 32
31 33
9 33
7 33
9 34
2 34
10 34
18 35
32 35
15 35
18 36
11 36
10 36
21 37
24 37
5 37
14 38
11 38
18 38
7 39
3 39
1 39
36 40
27 40
24 40
28 41
36 41
32 41
15 42
37 42
4 42
0 43
9 43
12 43
4 44
17 44
26 44
19 45
24 45
18 45
2 46
7 46
32 46
41 47
42 47
17 47
32 48
43 48
15 48
5 49
21 49
13 49
1 0
2 0
2 1
3 0
3 1
3 2
4 3
4 0
4 2
5 3
5 1
5 4
6 3
6 1
6 0
7 1
7 5
7 3
8 1
8 3
8 4
9 2
9 1
9 3
10 4
10 6
10 5
11 10
11 7
11 3
12 5
12 4
12 1
13 7
13 0
13 11
14 7
14 11
14 3
15 14
15 2
15 0
16 1
16 9
16 3
17 7
17 14
17 4
18 2
18 5
18 8
19 11
19 4
19 5
20 19
20 5
20 4
21 11
21 10
21 7
22 14
22 5
22 21
23 7
23 1
23 18
24 18
24 1
24 8
25 4
25 2
25 10
26 5
26 8
26 25
27 8
27 6
27 1
28 1
28 24
28 4
29 7
29 8
29 11
30 4
30 25
30 28
31 30
31 21
31 28
32 0
32 4
32 3
33 31
33 9
33 7
34 9
34 2
34 10
35 18
35 32
35 15
36 18
36 11
36 10
37 21
37 24
37 5
38 14
38 11
38 18
39 7
39 3
39 1
40 36
40 27
40 24
41 28
41 36
41 32
42 15
42 37
42 4
43 0
43 9
43 12
44 4
44 17
44 26
45 19
45 24
45 18
46 2
46 7
46 32
47 41
47 42
47 17
48 32
48 43
48 15
49 5
49 21
49 13
0 1 0 0 1 0 0 1 0 0 0 1 0 1 1 1 0 0 0 0 1 0 1 1 1 0 0 0 0 0 1 0 0 1 1 0 1 0 1 1 0 1 1 0 0 0 1 1 0 0
1 0 1 1 1 0 1 0 0 0 0 0 1 0 1 1 0 0 1 0 1 0 1 0 0 0 0 0 1 0 1 0 1 1 1 0 1 1 0 1 1 0 1 1 1 1 1 1 1 1
1 1 0 1 1 1 1 1 0 0 1 0 0 0 1 1 1 1 0 0 0 0 0 1 0 1 1 1 1 1 0 1 1 0 0 1 0 0 1 0 1 1 0 0 0 0 0 1 1 0
1 1 1 1 1 0 0 0 1 1 0 1 0 1 0 0 1 0 1 1 1 0 0 0 1 0 1 1 1 1 1 0 1 0 0 0 0 0 0 1 0 0 1 1 0 1 1 1 1 1
0 0 0 1 1 0 0 0 0 0 0 0 1 1 1 0 1 1 1 0 1 1 0 0 1 1 1 0 0 1 0 1 1 0 0 0 1 0 0 0 0 0 0 1 0 1 0 0 0 0