250 1488 5
0 1
0 2
1 2
0 3
1 3
2 3
2 4
3 4
0 4
4 5
0 5
3 5
5 6
3 6
4 6
0 7
2 7
4 7
4 8
0 8
3 8
6 9
1 9
0 9
1 10
2 10
8 10
1 11
3 11
8 11
4 12
7 12
6 12
3 13
10 13
6 13
10 14
9 14
2 14
0 15
10 15
9 15
2 16
6 16
14 16
3 17
7 17
10 17
2 18
4 18
0 18
2 19
9 19
8 19
5 20
4 20
1 20
3 21
7 21
14 21
10 22
11 22
0 22
18 23
10 23
3 23
10 24
21 24
14 24
5 25
6 25
2 25
10 26
16 26
8 26
1 27
0 27
16 27
4 28
10 28
18 28
19 29
13 29
8 29
0 30
7 30
11 30
14 31
17 31
24 31
19 32
30 32
5 32
7 33
17 33
2 33
31 34
26 34
7 34
3 35
20 35
25 35
10 36
15 36
25 36
0 37
18 37
5 37
13 38
1 38
34 38
28 39
33 39
31 39
7 40
38 40
26 40
11 41
40 41
1 41
4 42
3 42
2 42
22 43
6 43
30 43
18 44
16 44
30 44
29 45
38 45
0 45
38 46
22 46
14 46
0 47
27 47
6 47
18 48
1 48
28 48
38 49
0 49
47 49
33 50
0 50
34 50
4 51
3 51
23 51
3 52
21 52
12 52
36 53
7 53
46 53
0 54
2 54
34 54
9 55
3 55
33 55
0 56
50 56
13 56
36 57
0 57
8 57
3 58
13 58
0 58
12 59
25 59
47 59
1 60
8 60
58 60
4 61
19 61
10 61
3 62
25 62
2 62
38 63
1 63
50 63
7 64
36 64
22 64
35 65
2 65
14 65
14 66
33 66
64 66
2 67
37 67
42 67
34 68
6 68
13 68
8 69
54 69
14 69
0 70
3 70
1 70
3 71
58 71
26 71
10 72
22 72
15 72
47 73
34 73
27 73
0 74
4 74
64 74
3 75
8 75
23 75
54 76
16 76
72 76
19 77
34 77
30 77
59 78
8 78
4 78
3 79
51 79
0 79
71 80
54 80
3 80
74 81
18 81
10 81
33 82
80 82
9 82
38 83
7 83
8 83
2 84
18 84
67 84
65 85
10 85
14 85
30 86
2 86
0 86
12 87
29 87
36 87
46 88
35 88
77 88
38 89
8 89
71 89
1 90
42 90
22 90
8 91
30 91
13 91
11 92
37 92
41 92
0 93
50 93
52 93
3 94
41 94
57 94
57 95
22 95
62 95
7 96
9 96
40 96
30 97
25 97
58 97
18 98
60 98
59 98
5 99
57 99
30 99
52 100
2 100
15 100
44 101
40 101
8 101
10 102
6 102
75 102
36 103
62 103
9 103
25 104
54 104
7 104
64 105
3 105
4 105
15 106
34 106
64 106
16 107
8 107
4 107
2 108
1 108
69 108
107 109
9 109
75 109
11 110
1 110
19 110
4 111
73 111
7 111
59 112
3 112
21 112
14 113
25 113
39 113
84 114
100 114
42 114
47 115
20 115
13 115
8 116
112 116
11 116
65 117
37 117
59 117
105 118
107 118
50 118
30 119
18 119
37 119
55 120
72 120
30 120
16 121
33 121
25 121
1 122
59 122
42 122
14 123
4 123
36 123
14 124
20 124
75 124
3 125
29 125
7 125
8 126
106 126
113 126
11 127
113 127
20 127
127 128
113 128
24 128
52 129
3 129
18 129
114 130
33 130
16 130
1 131
36 131
0 131
13 132
106 132
25 132
8 133
9 133
58 133
0 134
100 134
18 134
36 135
68 135
56 135
33 136
4 136
94 136
59 137
62 137
25 137
96 138
58 138
5 138
123 139
28 139
62 139
72 140
4 140
18 140
0 141
52 141
37 141
56 142
59 142
47 142
30 143
69 143
68 143
134 144
8 144
71 144
113 145
143 145
101 145
74 146
4 146
133 146
122 147
11 147
106 147
16 148
94 148
59 148
3 149
81 149
89 149
26 150
30 150
73 150
3 151
73 151
36 151
0 152
103 152
4 152
51 153
46 153
26 153
8 154
146 154
5 154
36 155
65 155
98 155
43 156
55 156
39 156
2 157
1 157
140 157
151 158
58 158
146 158
66 159
55 159
108 159
0 160
8 160
119 160
157 161
108 161
27 161
45 162
76 162
11 162
129 163
43 163
3 163
75 164
22 164
30 164
25 165
8 165
43 165
2 166
5 166
25 166
94 167
2 167
166 167
22 168
7 168
126 168
36 169
2 169
10 169
160 170
13 170
118 170
8 171
117 171
69 171
119 172
98 172
131 172
18 173
158 173
26 173
3 174
66 174
139 174
47 175
13 175
3 175
7 176
168 176
24 176
63 177
18 177
130 177
14 178
130 178
89 178
103 179
14 179
98 179
77 180
134 180
65 180
56 181
177 181
10 181
68 182
51 182
37 182
40 183
14 183
29 183
26 184
169 184
3 184
8 185
14 185
67 185
8 186
58 186
116 186
2 187
61 187
42 187
37 188
67 188
7 188
37 189
30 189
26 189
5 190
3 190
99 190
124 191
14 191
51 191
44 192
169 192
5 192
3 193
59 193
178 193
55 194
18 194
51 194
16 195
101 195
13 195
60 196
1 196
64 196
3 197
69 197
155 197
5 198
66 198
169 198
135 199
44 199
51 199
24 200
3 200
18 200
14 201
18 201
158 201
94 202
160 202
8 202
2 203
124 203
77 203
57 204
30 204
164 204
185 205
7 205
143 205
107 206
4 206
72 206
67 207
46 207
86 207
36 208
13 208
18 208
185 209
103 209
9 209
30 210
151 210
2 210
71 211
210 211
38 211
167 212
96 212
3 212
192 213
82 213
59 213
29 214
2 214
47 214
3 215
85 215
67 215
134 216
113 216
135 216
7 217
3 217
57 217
138 218
14 218
65 218
113 219
18 219
130 219
0 220
213 220
212 220
57 221
205 221
199 221
4 222
7 222
3 222
181 223
3 223
130 223
2 224
202 224
147 224
33 225
3 225
160 225
97 226
0 226
36 226
14 227
210 227
98 227
55 228
17 228
3 228
206 229
30 229
54 229
65 230
72 230
22 230
28 231
8 231
15 231
60 232
5 232
164 232
187 233
225 233
5 233
64 234
84 234
9 234
71 235
58 235
34 235
140 236
51 236
8 236
69 237
8 237
17 237
129 238
59 238
76 238
67 239
115 239
198 239
198 240
9 240
25 240
4 241
70 241
126 241
109 242
134 242
215 242
3 243
39 243
25 243
188 244
157 244
113 244
91 245
40 245
14 245
135 246
141 246
219 246
136 247
111 247
203 247
38 248
45 248
113 248
247 249
0 249
145 249
1 0
2 0
2 1
3 0
3 1
3 2
4 2
4 3
4 0
5 4
5 0
5 3
6 5
6 3
6 4
7 0
7 2
7 4
8 4
8 0
8 3
9 6
9 1
9 0
10 1
10 2
10 8
11 1
11 3
11 8
12 4
12 7
12 6
13 3
13 10
13 6
14 10
14 9
14 2
15 0
15 10
15 9
16 2
16 6
16 14
17 3
17 7
17 10
18 2
18 4
18 0
19 2
19 9
19 8
20 5
20 4
20 1
21 3
21 7
21 14
22 10
22 11
22 0
23 18
23 10
23 3
24 10
24 21
24 14
25 5
25 6
25 2
26 10
26 16
26 8
27 1
27 0
27 16
28 4
28 10
28 18
29 19
29 13
29 8
30 0
30 7
30 11
31 14
31 17
31 24
32 19
32 30
32 5
33 7
33 17
33 2
34 31
34 26
34 7
35 3
35 20
35 25
36 10
36 15
36 25
37 0
37 18
37 5
38 13
38 1
38 34
39 28
39 33
39 31
40 7
40 38
40 26
41 11
41 40
41 1
42 4
42 3
42 2
43 22
43 6
43 30
44 18
44 16
44 30
45 29
45 38
45 0
46 38
46 22
46 14
47 0
47 27
47 6
48 18
48 1
48 28
49 38
49 0
49 47
50 33
50 0
50 34
51 4
51 3
51 23
52 3
52 21
52 12
53 36
53 7
53 46
54 0
54 2
54 34
55 9
55 3
55 33
56 0
56 50
56 13
57 36
57 0
57 8
58 3
58 13
58 0
59 12
59 25
59 47
60 1
60 8
60 58
61 4
61 19
61 10
62 3
62 25
62 2
63 38
63 1
63 50
64 7
64 36
64 22
65 35
65 2
65 14
66 14
66 33
66 64
67 2
67 37
67 42
68 34
68 6
68 13
69 8
69 54
69 14
70 0
70 3
70 1
71 3
71 58
71 26
72 10
72 22
72 15
73 47
73 34
73 27
74 0
74 4
74 64
75 3
75 8
75 23
76 54
76 16
76 72
77 19
77 34
77 30
78 59
78 8
78 4
79 3
79 51
79 0
80 71
80 54
80 3
81 74
81 18
81 10
82 33
82 80
82 9
83 38
83 7
83 8
84 2
84 18
84 67
85 65
85 10
85 14
86 30
86 2
86 0
87 12
87 29
87 36
88 46
88 35
88 77
89 38
89 8
89 71
90 1
90 42
90 22
91 8
91 30
91 13
92 11
92 37
92 41
93 0
93 50
93 52
94 3
94 41
94 57
95 57
95 22
95 62
96 7
96 9
96 40
97 30
97 25
97 58
98 18
98 60
98 59
99 5
99 57
99 30
100 52
100 2
100 15
101 44
101 40
101 8
102 10
102 6
102 75
103 36
103 62
103 9
104 25
104 54
104 7
105 64
105 3
105 4
106 15
106 34
106 64
107 16
107 8
107 4
108 2
108 1
108 69
109 107
109 9
109 75
110 11
110 1
110 19
111 4
111 73
111 7
112 59
112 3
112 21
113 14
113 25
113 39
114 84
114 100
114 42
115 47
115 20
115 13
116 8
116 112
116 11
117 65
117 37
117 59
118 105
118 107
118 50
119 30
119 18
119 37
120 55
120 72
120 30
121 16
121 33
121 25
122 1
122 59
122 42
123 14
123 4
123 36
124 14
124 20
124 75
125 3
125 29
125 7
126 8
126 106
126 113
127 11
127 113
127 20
128 127
128 113
128 24
129 52
129 3
129 18
130 114
130 33
130 16
131 1
131 36
131 0
132 13
132 106
132 25
133 8
133 9
133 58
134 0
134 100
134 18
135 36
135 68
135 56
136 33
136 4
136 94
137 59
137 62
137 25
138 96
138 58
138 5
139 123
139 28
139 62
140 72
140 4
140 18
141 0
141 52
141 37
142 56
142 59
142 47
143 30
143 69
143 68
144 134
144 8
144 71
145 113
145 143
145 101
146 74
146 4
146 133
147 122
147 11
147 106
148 16
148 94
148 59
149 3
149 81
149 89
150 26
150 30
150 73
151 3
151 73
151 36
152 0
152 103
152 4
153 51
153 46
153 26
154 8
154 146
154 5
155 36
155 65
155 98
156 43
156 55
156 39
157 2
157 1
157 140
158 151
158 58
158 146
159 66
159 55
159 108
160 0
160 8
160 119
161 157
161 108
161 27
162 45
162 76
162 11
163 129
163 43
163 3
164 75
164 22
164 30
165 25
165 8
165 43
166 2
166 5
166 25
167 94
167 2
167 166
168 22
168 7
168 126
169 36
169 2
169 10
170 160
170 13
170 118
171 8
171 117
171 69
172 119
172 98
172 131
173 18
173 158
173 26
174 3
174 66
174 139
175 47
175 13
175 3
176 7
176 168
176 24
177 63
177 18
177 130
178 14
178 130
178 89
179 103
179 14
179 98
180 77
180 134
180 65
181 56
181 177
181 10
182 68
182 51
182 37
183 40
183 14
183 29
184 26
184 169
184 3
185 8
185 14
185 67
186 8
186 58
186 116
187 2
187 61
187 42
188 37
188 67
188 7
189 37
189 30
189 26
190 5
190 3
190 99
191 124
191 14
191 51
192 44
192 169
192 5
193 3
193 59
193 178
194 55
194 18
194 51
195 16
195 101
195 13
196 60
196 1
196 64
197 3
197 69
197 155
198 5
198 66
198 169
199 135
199 44
199 51
200 24
200 3
200 18
201 14
201 18
201 158
202 94
202 160
202 8
203 2
203 124
203 77
204 57
204 30
204 164
205 185
205 7
205 143
206 107
206 4
206 72
207 67
207 46
207 86
208 36
208 13
208 18
209 185
209 103
209 9
210 30
210 151
210 2
211 71
211 210
211 38
212 167
212 96
212 3
213 192
213 82
213 59
214 29
214 2
214 47
215 3
215 85
215 67
216 134
216 113
216 135
217 7
217 3
217 57
218 138
218 14
218 65
219 113
219 18
219 130
220 0
220 213
220 212
221 57
221 205
221 199
222 4
222 7
222 3
223 181
223 3
223 130
224 2
224 202
224 147
225 33
225 3
225 160
226 97
226 0
226 36
227 14
227 210
227 98
228 55
228 17
228 3
229 206
229 30
229 54
230 65
230 72
230 22
231 28
231 8
231 15
232 60
232 5
232 164
233 187
233 225
233 5
234 64
234 84
234 9
235 71
235 58
235 34
236 140
236 51
236 8
237 69
237 8
237 17
238 129
238 59
238 76
239 67
239 115
239 198
240 198
240 9
240 25
241 4
241 70
241 126
242 109
242 134
242 215
243 3
243 39
243 25
244 188
244 157
244 113
245 91
245 40
245 14
246 135
246 141
246 219
247 136
247 111
247 203
248 38
248 45
248 113
249 247
249 0
249 145
0 0 1 1 0 0 1 0 1 0 0 0 1 1 1 1 0 1 0 1 1 1 1 1 1 1 0 0 1 1 1 1 0 0 0 1 1 0 0 1 0 1 0 1 1 1 1 0 1 0 1 1 0 1 1 0 1 0 0 1 1 0 1 0 0 0 0 0 1 0 1 1 0 0 0 1 1 0 1 1 1 0 1 0 1 1 0 0 1 0 0 0 0 1 0 0 0 1 1 0 1 0 0 0 0 0 1 0 1 1 1 1 1 1 0 0 1 1 1 0 1 1 0 1 1 1 0 0 0 0 0 1 1 0 0 1 0 0 0 1 1 1 0 0 1 1 1 1 1 1 0 0 0 0 0 0 1 1 1 0 1 0 1 1 1 0 1 1 1 1 1 1 1 1 1 1 1 1 0 0 0 1 0 1 0 0 0 0 0 1 0 0 0 0 1 1 0 0 0 1 1 1 1 0 0 1 0 1 0 1 1 0 0 1 1 0 0 1 1 1 0 1 1 0 1 1 1 0 0 1 0 0 1 1 1 0 0 1 1 0 1 1 1 0 0 1 0 0 1 1
1 1 0 0 0 1 1 1 1 1 1 0 1 0 1 0 1 0 0 1 1 0 0 1 0 0 1 0 1 0 1 1 1 1 0 1 1 1 0 0 1 1 0 0 1 0 1 1 0 0 1 1 0 0 0 0 1 1 0 0 0 1 0 1 0 0 1 1 0 1 0 1 0 0 1 1 1 1 1 0 0 1 1 0 0 1 0 1 0 0 0 0 0 0 1 1 0 1 0 1 0 1 0 0 1 0 0 1 1 0 0 0 0 0 0 0 1 0 1 0 0 0 1 1 0 0 0 0 1 0 1 0 1 0 0 0 0 0 1 0 0 0 1 0 0 1 1 1 0 1 1 0 1 0 0 1 1 1 0 0 1 1 0 1 0 0 1 0 1 0 1 1 1 0 1 1 0 0 1 0 0 1 0 1 0 1 0 0 0 0 1 1 0 0 1 1 1 0 1 1 1 0 1 0 1 1 0 1 0 0 0 1 0 1 0 0 1 1 1 0 0 1 0 1 0 1 1 1 0 1 1 1 1 1 0 0 0 0 1 0 1 0 1 0 1 1 1 1 1 0
1 0 0 1 1 1 1 0 1 0 1 1 1 1 0 1 0 1 0 1 1 1 1 0 0 0 1 1 0 1 1 1 0 0 1 1 0 1 1 1 0 1 1 1 1 1 1 1 1 1 1 1 1 0 1 0 0 1 0 0 1 1 0 0 0 1 1 0 1 1 1 0 0 1 0 1 0 1 0 0 1 0 1 1 0 0 1 0 1 1 0 0 1 0 1 0 1 1 1 0 1 0 0 0 0 0 1 0 0 1 0 1 1 1 0 1 1 1 0 0 0 0 0 1 1 0 0 1 1 1 0 1 0 0 1 0 0 1 0 0 1 1 0 1 0 1 0 1 0 0 0 0 0 0 0 0 0 1 0 0 0 1 0 1 0 0 0 0 1 0 0 0 0 0 0 0 1 1 1 0 1 0 0 0 1 0 1 0 1 1 0 0 0 0 1 1 0 0 0 1 0 0 0 1 0 0 0 0 0 1 0 1 0 0 1 0 1 0 1 0 0 1 1 1 1 1 1 1 1 0 1 0 1 0 1 1 0 1 0 0 1 1 0 1 0 1 1 0 0 1
1 1 0 1 1 1 0 1 0 0 0 0 0 0 0 0 0 1 0 1 0 1 0 1 0 0 0 0 0 0 1 1 1 0 1 0 0 1 1 1 0 0 1 0 0 0 0 0 0 1 1 0 1 0 0 0 0 0 0 0 0 0 0 0 0 1 1 0 1 0 1 0 0 0 0 1 0 0 0 1 0 0 1 0 0 0 0 0 1 1 0 0 0 0 0 1 1 1 0 1 1 1 1 1 1 0 0 1 0 1 1 1 1 0 1 1 0 0 0 0 1 1 0 1 1 0 1 0 1 1 1 0 0 1 1 1 0 0 0 0 1 1 1 1 0 0 1 0 0 1 1 1 0 0 0 0 0 1 0 1 1 1 1 1 0 1 0 1 0 1 0 1 1 1 1 1 0 1 1 0 1 0 0 0 1 0 0 0 1 0 0 1 1 0 1 0 0 1 0 1 1 1 0 0 1 0 1 1 0 0 0 1 1 0 0 0 1 1 0 0 1 1 0 1 0 1 1 0 1 0 1 0 0 0 1 0 0 1 1 1 1 0 0 1 1 1 0 0 1 1
0 0 1 1 1 0 0 1 0 1 1 1 0 1 0 0 0 1 1 0 0 0 0 0 0 0 1 1 0 0 0 0 1 1 1 0 1 0 1 0 0 0 0 0 0 0 0 0 1 1 0 1 0 1 0 1 1 1 1 0 1 0 0 0 1 1 1 1 1 0 0 1 0 0 0 1 1 0 0 0 1 0 0 1 1 1 0 0 0 1 1 0 0 0 0 1 1 0 0 0 1 0 0 0 1 0 0 1 1 1 1 0 0 1 1 1 1 1 0 1 1 1 1 1 0 0 0 1 0 0 0 0 1 1 1 1 0 1 0 0 1 0 1 1 1 0 0 0 0 0 1 0 0 0 1 1 1 1 1 0 1 0 1 1 1 1 1 0 1 1 1 0 0 1 0 0 0 1 1 1 1 1 1 1 1 1 0 0 1 0 1 0 0 0 0 1 0 1 0 0 1 0 0 1 1 1 1 0 1 0 0 1 0 0 0 1 0 1 1 1 1 1 0 0 1 0 1 0 0 1 0 1 1 1 0 1 0 1 0 1 1 1 0 0 0 1 1 0 1 0