100 390 5
0 1
0 2
1 2
0 3
1 3
2 3
0 4
1 4
2 4
3 4
2 5
3 5
1 5
4 5
3 6
5 6
2 6
4 6
2 7
1 7
6 7
4 7
4 8
5 8
6 8
2 8
6 9
3 9
8 9
5 9
9 10
2 10
7 10
3 10
5 11
1 11
9 11
0 11
3 12
1 12
4 12
0 12
10 13
11 13
2 13
4 13
5 14
7 14
3 14
9 14
6 15
12 15
3 15
9 15
0 16
10 16
8 16
2 16
2 17
3 17
9 17
6 17
5 18
8 18
14 18
3 18
2 19
14 19
4 19
9 19
19 20
5 20
6 20
4 20
18 21
9 21
1 21
7 21
2 22
19 22
0 22
7 22
2 23
15 23
14 23
11 23
14 24
7 24
4 24
3 24
24 25
11 25
4 25
16 25
4 26
11 26
23 26
20 26
6 27
1 27
23 27
3 27
27 28
5 28
2 28
1 28
7 29
4 29
22 29
8 29
4 30
6 30
19 30
1 30
4 31
21 31
2 31
9 31
9 32
2 32
10 32
21 32
32 33
9 33
20 33
23 33
16 34
9 34
8 34
3 34
20 35
33 35
19 35
6 35
20 36
31 36
4 36
14 36
9 37
32 37
27 37
2 37
1 38
23 38
31 38
5 38
25 39
9 39
0 39
1 39
27 40
19 40
35 40
2 40
34 41
7 41
14 41
39 41
41 42
31 42
18 42
10 42
10 43
0 43
3 43
15 43
7 44
31 44
14 44
1 44
8 45
27 45
40 45
24 45
37 46
24 46
10 46
6 46
18 47
4 47
10 47
14 47
0 48
45 48
47 48
7 48
34 49
9 49
31 49
1 49
35 50
49 50
46 50
31 50
10 51
14 51
4 51
6 51
19 52
16 52
35 52
2 52
47 53
15 53
1 53
52 53
5 54
0 54
29 54
35 54
11 55
20 55
0 55
9 55
37 56
7 56
1 56
42 56
28 57
16 57
43 57
6 57
18 58
3 58
17 58
39 58
1 59
23 59
14 59
53 59
2 60
6 60
24 60
9 60
0 61
7 61
39 61
10 61
43 62
8 62
32 62
44 62
0 63
14 63
2 63
20 63
45 64
3 64
21 64
11 64
23 65
2 65
43 65
64 65
8 66
14 66
6 66
34 66
10 67
36 67
2 67
0 67
4 68
50 68
25 68
20 68
31 69
41 69
32 69
15 69
7 70
9 70
2 70
31 70
23 71
1 71
30 71
27 71
30 72
1 72
2 72
19 72
17 73
5 73
64 73
18 73
3 74
21 74
9 74
1 74
30 75
0 75
21 75
27 75
14 76
4 76
33 76
20 76
7 77
74 77
60 77
32 77
3 78
14 78
57 78
5 78
65 79
44 79
17 79
20 79
33 80
1 80
52 80
3 80
6 81
3 81
9 81
18 81
40 82
36 82
4 82
5 82
49 83
5 83
51 83
6 83
0 84
65 84
29 84
45 84
1 85
41 85
59 85
70 85
31 86
28 86
20 86
27 86
9 87
25 87
53 87
24 87
51 88
2 88
8 88
50 88
51 89
53 89
60 89
81 89
19 90
14 90
60 90
6 90
84 91
3 91
10 91
5 91
7 92
23 92
84 92
54 92
20 93
10 93
5 93
69 93
32 94
81 94
10 94
13 94
19 95
55 95
7 95
6 95
4 96
83 96
2 96
45 96
2 97
67 97
6 97
82 97
1 98
6 98
2 98
27 98
37 99
5 99
84 99
9 99
1 0 1 1 1 0 1 1 0 1 0 0 1 0 1 0 1 0 0 1 0 0 1 1 0 1 0 0 0 1 0 0 0 1 1 0 0 1 0 1 0 1 0 1 1 0 1 1 1 1 0 0 1 1 1 0 1 0 0 1 0 1 0 0 1 0 0 0 1 1 0 0 0 1 0 1 0 1 0 1 0 1 0 1 1 1 1 1 0 1 0 0 0 1 1 0 0 1 1 0
1 1 1 0 0 0 1 0 1 1 0 1 0 1 1 1 0 1 1 1 0 0 0 1 1 0 0 1 0 0 1 1 0 0 0 1 1 1 1 1 1 0 1 1 1 1 1 1 1 0 0 0 0 1 1 0 0 0 0 0 0 0 1 0 0 1 0 1 1 1 1 1 0 1 1 0 1 0 0 0 0 0 1 1 1 1 0 0 1 1 0 0 0 1 1 0 1 0 0 0
1 1 0 1 1 0 0 1 0 1 1 1 0 0 0 1 1 0 0 0 1 0 1 0 1 0 1 1 1 1 1 1 1 0 0 1 1 1 1 1 1 1 1 1 0 0 1 1 1 1 0 0 0 0 1 0 0 1 1 0 1 1 0 0 1 1 1 1 1 0 1 1 0 0 1 0 0 1 0 1 0 0 0 1 1 1 1 0 0 1 1 0 1 0 0 1 1 0 0 1
1 0 1 1 0 0 1 0 0 1 0 1 0 0 0 1 0 1 0 1 1 1 1 0 0 1 0 0 0 0 0 1 1 1 0 1 0 1 0 1 1 1 1 0 1 0 0 1 0 0 1 1 0 1 0 0 1 1 0 1 0 0 1 0 0 1 0 0 1 1 0 0 1 1 0 0 0 0 0 0 1 0 1 1 0 0 0 0 1 0 1 0 0 1 1 0 1 0 1 0
0 1 1 1 0 1 0 0 0 0 1 0 0 1 1 1 0 0 0 1 1 0 0 0 0 1 1 1 1 1 0 0 0 0 1 0 0 0 1 1 1 0 1 0 1 0 1 0 0 1 0 1 1 1 1 0 1 1 1 1 1 0 0 1 0 0 1 1 1 1 1 0 0 1 0 0 1 1 1 0 0 0 1 1 0 1 0 1 1 1 0 0 0 0 0 0 1 1 0 0