250 498 5
0 1
0 2
0 3
3 4
3 5
3 6
3 7
1 8
1 9
8 10
3 11
2 12
5 13
3 14
6 15
12 16
2 17
1 18
3 19
3 20
2 21
15 22
19 23
5 24
19 25
19 26
18 27
0 28
3 29
13 30
10 31
3 32
29 33
28 34
11 35
19 36
1 37
11 38
22 39
3 40
33 41
27 42
34 43
16 44
19 45
30 46
30 47
26 48
11 49
46 50
49 51
46 52
18 53
38 54
44 55
38 56
41 57
0 58
45 59
3 60
19 61
9 62
54 63
8 64
18 65
1 66
59 67
13 68
1 69
19 70
50 71
32 72
3 73
16 74
4 75
30 76
10 77
19 78
13 79
19 80
25 81
31 82
46 83
12 84
40 85
5 86
3 87
3 88
63 89
12 90
10 91
1 92
14 93
0 94
4 95
0 96
46 97
1 98
12 99
99 100
63 101
2 102
0 103
83 104
18 105
38 106
7 107
3 108
13 109
4 110
12 111
37 112
56 113
10 114
24 115
9 116
73 117
3 118
3 119
88 120
59 121
25 122
12 123
118 124
89 125
94 126
116 127
41 128
89 129
82 130
72 131
69 132
5 133
126 134
3 135
102 136
19 137
31 138
74 139
3 140
64 141
15 142
10 143
92 144
137 145
59 146
47 147
2 148
3 149
86 150
119 151
83 152
113 153
56 154
82 155
147 156
82 157
89 158
114 159
88 160
109 161
58 162
137 163
52 164
17 165
115 166
3 167
17 168
29 169
154 170
150 171
117 172
66 173
154 174
148 175
1 176
18 177
136 178
2 179
179 180
146 181
25 182
16 183
100 184
19 185
10 186
65 187
180 188
117 189
13 190
63 191
10 192
88 193
111 194
59 195
121 196
117 197
112 198
7 199
69 200
51 201
30 202
3 203
145 204
10 205
9 206
43 207
160 208
104 209
12 210
29 211
38 212
138 213
1 214
154 215
77 216
3 217
180 218
109 219
5 220
83 221
177 222
33 223
84 224
19 225
134 226
88 227
165 228
214 229
173 230
28 231
64 232
26 233
59 234
19 235
13 236
48 237
210 238
115 239
88 240
88 241
109 242
165 243
109 244
94 245
168 246
177 247
95 248
45 249
1 0
2 0
3 0
4 3
5 3
6 3
7 3
8 1
9 1
10 8
11 3
12 2
13 5
14 3
15 6
16 12
17 2
18 1
19 3
20 3
21 2
22 15
23 19
24 5
25 19
26 19
27 18
28 0
29 3
30 13
31 10
32 3
33 29
34 28
35 11
36 19
37 1
38 11
39 22
40 3
41 33
42 27
43 34
44 16
45 19
46 30
47 30
48 26
49 11
50 46
51 49
52 46
53 18
54 38
55 44
56 38
57 41
58 0
59 45
60 3
61 19
62 9
63 54
64 8
65 18
66 1
67 59
68 13
69 1
70 19
71 50
72 32
73 3
74 16
75 4
76 30
77 10
78 19
79 13
80 19
81 25
82 31
83 46
84 12
85 40
86 5
87 3
88 3
89 63
90 12
91 10
92 1
93 14
94 0
95 4
96 0
97 46
98 1
99 12
100 99
101 63
102 2
103 0
104 83
105 18
106 38
107 7
108 3
109 13
110 4
111 12
112 37
113 56
114 10
115 24
116 9
117 73
118 3
119 3
120 88
121 59
122 25
123 12
124 118
125 89
126 94
127 116
128 41
129 89
130 82
131 72
132 69
133 5
134 126
135 3
136 102
137 19
138 31
139 74
140 3
141 64
142 15
143 10
144 92
145 137
146 59
147 47
148 2
149 3
150 86
151 119
152 83
153 113
154 56
155 82
156 147
157 82
158 89
159 114
160 88
161 109
162 58
163 137
164 52
165 17
166 115
167 3
168 17
169 29
170 154
171 150
172 117
173 66
174 154
175 148
176 1
177 18
178 136
179 2
180 179
181 146
182 25
183 16
184 100
185 19
186 10
187 65
188 180
189 117
190 13
191 63
192 10
193 88
194 111
195 59
196 121
197 117
198 112
199 7
200 69
201 51
202 30
203 3
204 145
205 10
206 9
207 43
208 160
209 104
210 12
211 29
212 38
213 138
214 1
215 154
216 77
217 3
218 180
219 109
220 5
221 83
222 177
223 33
224 84
225 19
226 134
227 88
228 165
229 214
230 173
231 28
232 64
233 26
234 59
235 19
236 13
237 48
238 210
239 115
240 88
241 88
242 109
243 165
244 109
245 94
246 168
247 177
248 95
249 45
1 1 0 1 1 1 1 1 0 0 0 0 1 0 0 1 0 0 1 1 0 0 0 0 1 0 1 1 0 1 1 1 0 0 1 0 0 1 0 0 1 0 1 0 1 0 1 0 1 1 0 0 0 1 0 1 0 1 1 0 0 1 0 1 0 0 0 0 0 0 0 1 0 1 1 0 1 0 1 1 0 1 0 0 0 1 0 0 1 1 1 0 0 1 0 1 0 1 1 1 0 1 1 0 1 1 0 0 1 1 0 0 1 0 1 1 0 0 1 1 1 0 1 1 0 0 0 1 1 1 1 1 1 0 1 1 0 0 1 1 0 1 1 0 0 1 1 1 0 0 0 0 1 0 1 0 0 1 1 0 1 0 1 0 1 1 1 0 1 0 1 0 1 0 1 1 1 1 0 1 0 1 1 0 1 0 1 0 0 1 0 1 1 1 0 1 0 1 0 1 0 0 1 1 1 0 1 1 1 1 1 1 1 1 1 1 0 1 1 1 1 0 0 1 1 0 1 0 1 1 0 0 0 0 0 0 0 0 0 1 1 0 0 1 0 1 0 1 0 0
1 0 1 1 0 0 1 0 0 0 0 0 0 0 0 1 1 0 1 1 0 1 0 0 0 0 1 0 0 0 0 1 1 0 0 1 1 1 1 0 1 1 0 0 0 0 0 1 0 0 1 1 0 0 0 1 0 0 0 0 1 1 1 1 0 0 1 1 0 0 0 1 1 1 0 1 1 0 1 0 0 0 1 1 1 0 0 1 1 1 1 0 1 1 1 0 0 1 1 1 0 1 1 1 1 0 0 0 0 1 0 1 1 1 0 1 1 1 1 0 0 0 0 0 0 1 0 0 1 1 1 0 1 0 1 0 0 0 1 0 1 1 0 0 0 0 1 0 0 0 0 1 1 1 1 0 0 1 1 1 1 0 0 1 1 1 0 1 0 0 0 0 1 0 0 0 0 0 0 1 0 1 0 1 1 0 0 0 1 0 1 1 0 0 0 0 1 0 0 0 0 1 1 0 0 0 0 1 0 1 0 0 1 1 0 0 1 1 0 0 0 0 0 0 0 1 0 1 1 0 1 0 1 0 0 0 0 1 1 0 0 1 0 1 1 0 0 1 1 0
0 1 0 1 0 1 1 0 1 1 1 0 1 0 0 0 1 1 0 0 1 0 1 1 1 0 0 1 1 1 0 0 1 0 1 0 1 0 1 0 1 0 1 0 0 1 0 1 0 0 0 0 0 1 0 0 0 0 1 0 0 0 1 1 0 0 0 0 0 0 1 0 1 1 0 1 0 0 1 1 1 0 0 0 0 0 1 0 1 0 0 0 0 0 1 0 0 1 0 0 0 0 0 1 1 0 0 1 1 1 1 1 0 1 0 1 1 1 1 1 1 0 1 1 1 1 0 1 1 1 1 0 0 0 0 1 0 0 0 0 1 0 1 0 0 1 1 1 1 1 1 1 1 1 0 1 0 1 0 1 1 0 0 0 0 1 1 0 0 1 1 0 1 0 0 1 0 0 0 0 1 0 0 0 0 0 1 1 1 1 1 1 0 0 1 0 0 1 1 0 1 0 1 1 0 0 1 0 0 0 0 0 0 1 0 0 1 0 0 0 0 0 1 0 0 0 0 0 1 1 1 0 0 0 0 1 1 1 1 0 1 0 0 0 0 1 0 1 0 1
0 1 1 1 0 0 0 0 1 0 0 1 1 1 0 0 1 1 1 1 1 1 0 1 0 0 0 0 0 0 1 1 1 0 1 1 1 1 0 1 1 0 1 1 0 1 1 1 1 0 1 0 1 0 1 0 1 0 1 1 1 1 0 1 0 1 1 1 1 0 0 1 0 0 0 0 0 0 0 0 1 1 0 1 1 0 1 0 0 1 1 0 1 1 1 1 0 0 1 1 1 0 0 0 1 0 0 1 0 0 1 1 1 0 0 0 1 0 0 1 0 1 1 0 1 0 0 0 0 1 1 1 1 1 1 1 1 0 1 0 1 1 0 0 0 0 1 1 1 1 1 1 1 1 1 0 1 0 1 0 0 1 0 1 1 0 1 1 1 0 0 1 1 0 1 1 0 0 1 0 0 0 1 0 1 1 1 1 0 0 0 1 1 0 0 0 0 1 1 1 1 0 1 1 1 1 0 1 0 1 1 0 0 1 0 0 1 1 0 0 0 1 0 1 1 1 0 1 1 0 0 0 1 0 0 0 1 0 0 1 1 0 0 0 1 0 0 0 0 1
0 0 1 0 1 1 0 0 1 0 0 1 1 0 0 1 0 0 1 1 1 1 0 1 1 0 1 1 0 1 1 1 1 1 0 0 1 0 1 0 1 1 1 0 0 1 0 0 0 1 1 1 0 0 1 0 0 0 0 0 0 1 0 1 1 0 1 0 1 1 0 1 1 1 0 1 0 0 1 1 0 1 1 0 0 0 1 1 1 0 1 0 1 0 0 0 1 1 1 0 1 0 1 1 1 1 0 1 1 0 0 1 1 1 0 1 1 0 0 0 1 1 1 1 1 1 1 0 1 1 0 0 1 1 0 1 0 1 1 0 0 1 0 0 1 1 0 1 0 1 0 0 1 0 0 0 1 1 1 0 0 1 0 0 1 1 1 1 0 0 1 0 1 1 1 1 1 0 1 0 1 0 1 0 0 1 0 0 1 1 1 0 1 0 0 1 1 0 1 0 0 1 1 1 0 1 0 1 0 1 1 1 1 1 1 1 1 1 0 0 1 1 1 1 0 0 1 1 1 1 0 0 1 0 1 0 0 0 1 0 1 1 1 1 1 1 1 1 0 1