100 780 5
0 1
0 2
1 2
0 3
1 3
2 3
0 4
1 4
2 4
3 4
2 5
1 5
0 5
4 5
5 6
3 6
0 6
2 6
6 7
2 7
1 7
5 7
5 8
1 8
0 8
3 8
4 9
6 9
1 9
2 9
8 10
5 10
4 10
2 10
3 11
1 11
0 11
4 11
10 12
8 12
6 12
0 12
1 13
3 13
4 13
0 13
12 14
9 14
1 14
2 14
4 15
1 15
6 15
7 15
1 16
4 16
0 16
11 16
1 17
13 17
15 17
14 17
1 18
6 18
2 18
4 18
3 19
0 19
10 19
7 19
4 20
8 20
18 20
11 20
19 21
1 21
5 21
11 21
1 22
15 22
8 22
12 22
5 23
10 23
22 23
0 23
1 24
0 24
20 24
10 24
3 25
1 25
9 25
0 25
0 26
12 26
1 26
17 26
5 27
4 27
22 27
6 27
17 28
15 28
6 28
1 28
4 29
5 29
1 29
24 29
28 30
11 30
9 30
6 30
9 31
29 31
13 31
0 31
24 32
29 32
31 32
4 32
1 33
29 33
7 33
13 33
20 34
29 34
1 34
6 34
23 35
14 35
29 35
6 35
17 36
15 36
7 36
4 36
2 37
3 37
15 37
0 37
0 38
34 38
14 38
28 38
4 39
5 39
25 39
27 39
39 40
24 40
26 40
0 40
24 41
2 41
30 41
4 41
4 42
8 42
38 42
30 42
21 43
6 43
22 43
4 43
1 44
10 44
7 44
14 44
0 45
10 45
4 45
36 45
44 46
11 46
25 46
5 46
29 47
16 47
12 47
0 47
17 48
43 48
34 48
24 48
6 49
16 49
1 49
42 49
29 50
1 50
19 50
41 50
31 51
46 51
0 51
2 51
4 52
21 52
31 52
24 52
39 53
31 53
16 53
2 53
18 54
23 54
52 54
6 54
4 55
40 55
0 55
6 55
15 56
41 56
48 56
21 56
51 57
41 57
20 57
17 57
18 58
24 58
53 58
0 58
44 59
4 59
1 59
10 59
26 60
56 60
1 60
6 60
24 61
29 61
30 61
4 61
25 62
28 62
44 62
29 62
27 63
0 63
5 63
21 63
4 64
29 64
1 64
0 64
1 65
13 65
0 65
10 65
5 66
0 66
17 66
9 66
0 67
8 67
4 67
23 67
57 68
24 68
39 68
6 68
22 69
7 69
43 69
13 69
2 70
1 70
12 70
59 70
69 71
1 71
16 71
29 71
0 72
4 72
7 72
16 72
5 73
4 73
34 73
11 73
67 74
40 74
69 74
0 74
28 75
0 75
4 75
31 75
9 76
39 76
10 76
65 76
2 77
14 77
18 77
17 77
4 78
0 78
45 78
1 78
54 79
28 79
45 79
71 79
4 80
37 80
11 80
29 80
15 81
22 81
29 81
26 81
35 82
79 82
58 82
1 82
25 83
54 83
23 83
17 83
56 84
33 84
6 84
25 84
15 85
62 85
0 85
5 85
72 86
37 86
22 86
58 86
25 87
43 87
0 87
61 87
39 88
43 88
18 88
4 88
39 89
28 89
55 89
0 89
68 90
21 90
62 90
57 90
81 91
32 91
24 91
22 91
68 92
3 92
84 92
56 92
50 93
2 93
34 93
56 93
57 94
10 94
6 94
4 94
38 95
94 95
40 95
49 95
91 96
6 96
32 96
60 96
6 97
38 97
12 97
52 97
69 98
71 98
66 98
68 98
1 99
23 99
28 99
73 99
1 0
2 0
2 1
3 0
3 1
3 2
4 0
4 1
4 2
4 3
5 2
5 1
5 0
5 4
6 5
6 3
6 0
6 2
7 6
7 2
7 1
7 5
8 5
8 1
8 0
8 3
9 4
9 6
9 1
9 2
10 8
10 5
10 4
10 2
11 3
11 1
11 0
11 4
12 10
12 8
12 6
12 0
13 1
13 3
13 4
13 0
14 12
14 9
14 1
14 2
15 4
15 1
15 6
15 7
16 1
16 4
16 0
16 11
17 1
17 13
17 15
17 14
18 1
18 6
18 2
18 4
19 3
19 0
19 10
19 7
20 4
20 8
20 18
20 11
21 19
21 1
21 5
21 11
22 1
22 15
22 8
22 12
23 5
23 10
23 22
23 0
24 1
24 0
24 20
24 10
25 3
25 1
25 9
25 0
26 0
26 12
26 1
26 17
27 5
27 4
27 22
27 6
28 17
28 15
28 6
28 1
29 4
29 5
29 1
29 24
30 28
30 11
30 9
30 6
31 9
31 29
31 13
31 0
32 24
32 29
32 31
32 4
33 1
33 29
33 7
33 13
34 20
34 29
34 1
34 6
35 23
35 14
35 29
35 6
36 17
36 15
36 7
36 4
37 2
37 3
37 15
37 0
38 0
38 34
38 14
38 28
39 4
39 5
39 25
39 27
40 39
40 24
40 26
40 0
41 24
41 2
41 30
41 4
42 4
42 8
42 38
42 30
43 21
43 6
43 22
43 4
44 1
44 10
44 7
44 14
45 0
45 10
45 4
45 36
46 44
46 11
46 25
46 5
47 29
47 16
47 12
47 0
48 17
48 43
48 34
48 24
49 6
49 16
49 1
49 42
50 29
50 1
50 19
50 41
51 31
51 46
51 0
51 2
52 4
52 21
52 31
52 24
53 39
53 31
53 16
53 2
54 18
54 23
54 52
54 6
55 4
55 40
55 0
55 6
56 15
56 41
56 48
56 21
57 51
57 41
57 20
57 17
58 18
58 24
58 53
58 0
59 44
59 4
59 1
59 10
60 26
60 56
60 1
60 6
61 24
61 29
61 30
61 4
62 25
62 28
62 44
62 29
63 27
63 0
63 5
63 21
64 4
64 29
64 1
64 0
65 1
65 13
65 0
65 10
66 5
66 0
66 17
66 9
67 0
67 8
67 4
67 23
68 57
68 24
68 39
68 6
69 22
69 7
69 43
69 13
70 2
70 1
70 12
70 59
71 69
71 1
71 16
71 29
72 0
72 4
72 7
72 16
73 5
73 4
73 34
73 11
74 67
74 40
74 69
74 0
75 28
75 0
75 4
75 31
76 9
76 39
76 10
76 65
77 2
77 14
77 18
77 17
78 4
78 0
78 45
78 1
79 54
79 28
79 45
79 71
80 4
80 37
80 11
80 29
81 15
81 22
81 29
81 26
82 35
82 79
82 58
82 1
83 25
83 54
83 23
83 17
84 56
84 33
84 6
84 25
85 15
85 62
85 0
85 5
86 72
86 37
86 22
86 58
87 25
87 43
87 0
87 61
88 39
88 43
88 18
88 4
89 39
89 28
89 55
89 0
90 68
90 21
90 62
90 57
91 81
91 32
91 24
91 22
92 68
92 3
92 84
92 56
93 50
93 2
93 34
93 56
94 57
94 10
94 6
94 4
95 38
95 94
95 40
95 49
96 91
96 6
96 32
96 60
97 6
97 38
97 12
97 52
98 69
98 71
98 66
98 68
99 1
99 23
99 28
99 73
1 1 1 1 0 1 0 0 1 1 1 1 1 1 1 1 1 1 1 1 0 1 0 1 0 0 1 1 0 1 0 1 1 0 1 1 0 0 1 1 1 1 1 1 0 1 0 0 0 0 0 1 0 1 0 1 1 0 0 0 1 0 0 1 0 1 1 1 1 1 0 0 0 1 0 1 1 0 0 0 1 1 0 1 1 1 1 0 1 1 0 1 0 0 1 1 1 0 0 0
1 1 1 1 0 1 0 1 1 1 0 1 1 1 1 0 0 0 0 0 1 0 0 0 1 1 1 1 0 0 1 1 0 0 0 0 0 0 1 1 0 0 1 1 0 1 1 1 0 1 1 0 0 1 1 1 0 1 1 1 1 1 1 0 1 0 1 0 1 0 0 1 0 1 0 1 1 0 1 0 1 0 1 1 0 1 0 1 0 0 1 0 1 1 0 1 1 1 0 0
0 0 0 1 1 1 1 0 1 1 0 0 1 1 0 1 0 1 1 0 0 1 0 1 0 1 1 0 1 1 1 0 0 1 1 1 1 1 1 0 1 1 1 0 0 1 0 1 0 1 1 1 0 1 1 1 0 1 0 0 1 1 1 0 1 1 0 1 0 0 1 0 0 1 1 0 1 1 1 0 0 1 0 1 1 1 1 1 1 0 1 1 1 0 0 0 0 1 0 1
0 0 1 0 1 0 0 0 0 1 0 0 1 1 1 1 1 1 1 1 0 0 0 1 1 0 0 0 1 0 1 1 1 1 0 1 0 1 1 0 1 1 0 0 0 0 1 1 0 1 1 0 0 1 1 1 0 1 1 1 0 0 0 1 1 1 1 0 1 0 1 0 0 1 1 0 0 1 1 1 1 0 0 0 1 1 0 0 0 1 0 0 0 0 1 1 0 0 1 0
0 0 0 0 0 1 1 1 0 0 1 1 1 0 1 0 0 0 1 0 0 0 0 1 0 0 0 1 1 0 0 1 1 0 0 0 0 0 0 0 0 0 1 1 1 0 1 0 0 0 0 0 1 0 0 0 1 0 1 0 0 0 1 1 0 0 1 0 1 1 0 1 1 0 0 0 0 0 0 0 1 1 1 0 1 1 1 1 1 1 0 0 1 0 1 1 0 1 0 0