100 780 5
0 1
0 2
1 2
0 3
1 3
2 3
0 4
1 4
2 4
3 4
1 5
0 5
4 5
2 5
1 6
2 6
0 6
3 6
0 7
1 7
2 7
4 7
3 8
5 8
0 8
7 8
0 9
1 9
3 9
2 9
4 10
9 10
1 10
0 10
7 11
0 11
2 11
9 11
7 12
3 12
1 12
8 12
3 13
8 13
2 13
4 13
0 14
3 14
2 14
9 14
1 15
0 15
11 15
3 15
12 16
14 16
9 16
8 16
1 17
16 17
3 17
2 17
1 18
12 18
6 18
16 18
13 19
16 19
14 19
6 19
6 20
2 20
14 20
12 20
6 21
14 21
1 21
16 21
4 22
11 22
3 22
8 22
2 23
17 23
1 23
5 23
20 24
18 24
2 24
6 24
1 25
0 25
20 25
4 25
19 26
4 26
2 26
16 26
11 27
25 27
26 27
2 27
14 28
1 28
9 28
12 28
2 29
21 29
8 29
6 29
2 30
14 30
27 30
22 30
28 31
14 31
21 31
3 31
29 32
11 32
18 32
9 32
12 33
6 33
3 33
9 33
8 34
3 34
2 34
20 34
4 35
27 35
6 35
3 35
13 36
3 36
4 36
12 36
0 37
13 37
34 37
3 37
1 38
0 38
8 38
6 38
20 39
3 39
14 39
16 39
16 40
28 40
25 40
0 40
22 41
40 41
23 41
2 41
19 42
1 42
9 42
24 42
20 43
2 43
26 43
1 43
31 44
39 44
29 44
15 44
16 45
30 45
18 45
23 45
42 46
4 46
27 46
16 46
0 47
31 47
19 47
25 47
18 48
14 48
26 48
35 48
1 49
9 49
16 49
6 49
12 50
26 50
19 50
15 50
49 51
1 51
10 51
16 51
32 52
23 52
6 52
8 52
29 53
0 53
23 53
18 53
47 54
6 54
33 54
11 54
31 55
3 55
2 55
35 55
16 56
2 56
24 56
3 56
10 57
45 57
50 57
41 57
19 58
18 58
10 58
20 58
41 59
38 59
3 59
29 59
16 60
29 60
12 60
59 60
29 61
34 61
1 61
48 61
59 62
41 62
12 62
43 62
25 63
59 63
16 63
54 63
19 64
42 64
16 64
6 64
6 65
22 65
32 65
31 65
59 66
12 66
36 66
2 66
6 67
47 67
50 67
11 67
16 68
26 68
0 68
35 68
14 69
34 69
12 69
2 69
16 70
24 70
9 70
23 70
6 71
16 71
48 71
12 71
22 72
9 72
39 72
48 72
29 73
31 73
5 73
56 73
62 74
70 74
4 74
1 74
16 75
2 75
11 75
33 75
1 76
19 76
25 76
6 76
24 77
38 77
71 77
40 77
8 78
3 78
57 78
48 78
2 79
44 79
25 79
32 79
0 80
70 80
10 80
49 80
8 81
9 81
30 81
1 81
81 82
19 82
58 82
15 82
10 83
23 83
1 83
16 83
27 84
24 84
49 84
18 84
50 85
19 85
20 85
72 85
6 86
23 86
25 86
16 86
12 87
0 87
25 87
51 87
44 88
35 88
9 88
13 88
4 89
50 89
71 89
20 89
3 90
19 90
16 90
31 90
13 91
1 91
70 91
20 91
67 92
47 92
19 92
73 92
4 93
36 93
59 93
48 93
91 94
73 94
83 94
15 94
9 95
7 95
27 95
58 95
4 96
76 96
23 96
87 96
70 97
4 97
21 97
53 97
3 98
1 98
14 98
26 98
56 99
50 99
6 99
83 99
1 0
2 0
2 1
3 0
3 1
3 2
4 0
4 1
4 2
4 3
5 1
5 0
5 4
5 2
6 1
6 2
6 0
6 3
7 0
7 1
7 2
7 4
8 3
8 5
8 0
8 7
9 0
9 1
9 3
9 2
10 4
10 9
10 1
10 0
11 7
11 0
11 2
11 9
12 7
12 3
12 1
12 8
13 3
13 8
13 2
13 4
14 0
14 3
14 2
14 9
15 1
15 0
15 11
15 3
16 12
16 14
16 9
16 8
17 1
17 16
17 3
17 2
18 1
18 12
18 6
18 16
19 13
19 16
19 14
19 6
20 6
20 2
20 14
20 12
21 6
21 14
21 1
21 16
22 4
22 11
22 3
22 8
23 2
23 17
23 1
23 5
24 20
24 18
24 2
24 6
25 1
25 0
25 20
25 4
26 19
26 4
26 2
26 16
27 11
27 25
27 26
27 2
28 14
28 1
28 9
28 12
29 2
29 21
29 8
29 6
30 2
30 14
30 27
30 22
31 28
31 14
31 21
31 3
32 29
32 11
32 18
32 9
33 12
33 6
33 3
33 9
34 8
34 3
34 2
34 20
35 4
35 27
35 6
35 3
36 13
36 3
36 4
36 12
37 0
37 13
37 34
37 3
38 1
38 0
38 8
38 6
39 20
39 3
39 14
39 16
40 16
40 28
40 25
40 0
41 22
41 40
41 23
41 2
42 19
42 1
42 9
42 24
43 20
43 2
43 26
43 1
44 31
44 39
44 29
44 15
45 16
45 30
45 18
45 23
46 42
46 4
46 27
46 16
47 0
47 31
47 19
47 25
48 18
48 14
48 26
48 35
49 1
49 9
49 16
49 6
50 12
50 26
50 19
50 15
51 49
51 1
51 10
51 16
52 32
52 23
52 6
52 8
53 29
53 0
53 23
53 18
54 47
54 6
54 33
54 11
55 31
55 3
55 2
55 35
56 16
56 2
56 24
56 3
57 10
57 45
57 50
57 41
58 19
58 18
58 10
58 20
59 41
59 38
59 3
59 29
60 16
60 29
60 12
60 59
61 29
61 34
61 1
61 48
62 59
62 41
62 12
62 43
63 25
63 59
63 16
63 54
64 19
64 42
64 16
64 6
65 6
65 22
65 32
65 31
66 59
66 12
66 36
66 2
67 6
67 47
67 50
67 11
68 16
68 26
68 0
68 35
69 14
69 34
69 12
69 2
70 16
70 24
70 9
70 23
71 6
71 16
71 48
71 12
72 22
72 9
72 39
72 48
73 29
73 31
73 5
73 56
74 62
74 70
74 4
74 1
75 16
75 2
75 11
75 33
76 1
76 19
76 25
76 6
77 24
77 38
77 71
77 40
78 8
78 3
78 57
78 48
79 2
79 44
79 25
79 32
80 0
80 70
80 10
80 49
81 8
81 9
81 30
81 1
82 81
82 19
82 58
82 15
83 10
83 23
83 1
83 16
84 27
84 24
84 49
84 18
85 50
85 19
85 20
85 72
86 6
86 23
86 25
86 16
87 12
87 0
87 25
87 51
88 44
88 35
88 9
88 13
89 4
89 50
89 71
89 20
90 3
90 19
90 16
90 31
91 13
91 1
91 70
91 20
92 67
92 47
92 19
92 73
93 4
93 36
93 59
93 48
94 91
94 73
94 83
94 15
95 9
95 7
95 27
95 58
96 4
96 76
96 23
96 87
97 70
97 4
97 21
97 53
98 3
98 1
98 14
98 26
99 56
99 50
99 6
99 83
0 0 1 0 0 1 1 0 1 0 0 1 1 1 1 1 0 0 1 0 0 0 0 1 1 0 1 1 0 1 1 0 0 0 0 0 1 0 0 1 1 0 0 1 0 1 0 1 1 0 0 1 0 1 0 0 1 1 1 1 1 0 1 1 0 1 0 1 0 1 0 1 1 1 1 0 0 0 1 0 1 0 1 0 0 0 0 1 0 1 0 0 0 1 0 1 1 0 1 1
0 1 0 0 0 1 0 1 0 1 0 1 0 1 0 0 0 1 1 1 0 1 0 1 0 0 0 1 1 0 0 1 0 0 0 0 1 1 0 0 1 0 0 0 1 1 1 1 1 0 1 1 0 0 0 1 1 1 1 0 0 0 1 1 1 1 0 1 0 1 1 0 1 0 1 1 1 1 0 1 0 1 0 0 0 1 0 1 1 0 0 0 1 1 1 1 0 0 0 1
1 0 0 0 0 0 1 1 1 0 1 1 0 1 1 0 0 1 1 1 0 0 0 0 0 0 0 1 1 1 0 1 1 1 1 1 0 0 1 1 0 1 0 0 1 0 0 0 0 1 0 0 1 1 0 1 0 0 0 0 0 0 0 1 0 1 0 1 0 1 0 1 1 0 1 0 0 1 0 1 0 0 0 0 1 1 1 1 0 1 0 0 1 1 1 0 1 1 1 1
1 0 1 0 1 0 0 0 0 1 0 0 1 0 1 0 0 1 1 0 1 0 1 0 1 0 1 1 1 0 0 1 0 0 0 1 0 0 0 0 1 1 0 0 1 0 1 1 0 1 0 0 0 0 1 0 0 0 1 0 0 0 1 0 1 1 1 1 0 0 1 1 1 1 0 0 0 1 0 0 0 1 1 0 0 1 0 1 0 0 1 1 0 1 0 1 0 1 1 0
1 1 0 1 0 0 1 1 1 0 1 0 0 1 0 1 1 1 1 1 0 0 1 1 1 1 0 1 0 0 0 1 0 0 1 1 1 0 0 1 0 1 1 0 1 0 0 0 1 1 0 1 1 0 0 0 0 1 0 0 1 0 1 0 0 0 1 1 1 0 0 0 1 0 0 0 0 1 0 1 0 1 0 0 0 1 1 1 0 1 1 1 1 0 0 1 1 0 0 1