100 780 5
0 1
0 2
1 2
0 3
1 3
2 3
0 4
1 4
2 4
3 4
1 5
3 5
0 5
2 5
1 6
0 6
3 6
5 6
3 7
0 7
2 7
1 7
4 8
2 8
3 8
1 8
3 9
0 9
7 9
4 9
4 10
3 10
8 10
7 10
0 11
1 11
8 11
7 11
0 12
5 12
7 12
1 12
7 13
1 13
3 13
11 13
11 14
1 14
3 14
2 14
11 15
12 15
4 15
6 15
2 16
3 16
0 16
5 16
10 17
5 17
8 17
16 17
7 18
8 18
15 18
16 18
3 19
1 19
18 19
7 19
16 20
7 20
15 20
0 20
0 21
11 21
3 21
5 21
18 22
2 22
19 22
15 22
8 23
3 23
16 23
2 23
0 24
18 24
1 24
11 24
17 25
9 25
0 25
13 25
2 26
1 26
16 26
7 26
1 27
7 27
16 27
11 27
24 28
0 28
16 28
5 28
15 29
0 29
28 29
3 29
3 30
25 30
2 30
5 30
14 31
8 31
0 31
19 31
0 32
4 32
16 32
15 32
3 33
6 33
16 33
1 33
33 34
32 34
8 34
22 34
25 35
6 35
3 35
10 35
8 36
16 36
15 36
25 36
13 37
28 37
12 37
3 37
11 38
20 38
22 38
0 38
29 39
9 39
16 39
7 39
36 40
0 40
24 40
1 40
0 41
14 41
11 41
12 41
0 42
2 42
25 42
11 42
4 43
5 43
7 43
9 43
3 44
32 44
8 44
9 44
30 45
15 45
29 45
0 45
2 46
3 46
1 46
31 46
6 47
19 47
5 47
11 47
8 48
1 48
0 48
46 48
0 49
15 49
32 49
3 49
36 50
47 50
18 50
22 50
31 51
28 51
4 51
5 51
1 52
37 52
3 52
5 52
14 53
32 53
25 53
18 53
18 54
42 54
8 54
0 54
15 55
49 55
5 55
3 55
15 56
21 56
29 56
49 56
10 57
15 57
22 57
6 57
32 58
25 58
29 58
45 58
21 59
45 59
49 59
2 59
15 60
0 60
5 60
43 60
21 61
14 61
1 61
3 61
7 62
0 62
54 62
47 62
33 63
35 63
48 63
0 63
5 64
4 64
13 64
33 64
2 65
56 65
4 65
15 65
30 66
15 66
37 66
46 66
56 67
46 67
36 67
34 67
7 68
10 68
22 68
27 68
48 69
22 69
8 69
59 69
5 70
8 70
62 70
66 70
48 71
5 71
3 71
16 71
30 72
3 72
5 72
66 72
14 73
24 73
68 73
37 73
36 74
32 74
33 74
9 74
5 75
24 75
15 75
0 75
30 76
62 76
3 76
11 76
39 77
21 77
15 77
18 77
1 78
45 78
60 78
15 78
43 79
11 79
55 79
15 79
62 80
54 80
46 80
39 80
47 81
5 81
18 81
42 81
62 82
46 82
2 82
1 82
15 83
0 83
5 83
3 83
29 84
5 84
53 84
30 84
16 85
29 85
9 85
27 85
47 86
2 86
18 86
16 86
35 87
79 87
7 87
22 87
47 88
9 88
25 88
37 88
2 89
69 89
45 89
65 89
14 90
15 90
13 90
32 90
1 91
5 91
29 91
2 91
88 92
35 92
64 92
49 92
3 93
24 93
32 93
21 93
32 94
18 94
2 94
20 94
7 95
40 95
5 95
91 95
62 96
25 96
67 96
83 96
87 97
43 97
0 97
45 97
5 98
14 98
22 98
72 98
9 99
93 99
37 99
29 99
1 0
2 0
2 1
3 0
3 1
3 2
4 0
4 1
4 2
4 3
5 1
5 3
5 0
5 2
6 1
6 0
6 3
6 5
7 3
7 0
7 2
7 1
8 4
8 2
8 3
8 1
9 3
9 0
9 7
9 4
10 4
10 3
10 8
10 7
11 0
11 1
11 8
11 7
12 0
12 5
12 7
12 1
13 7
13 1
13 3
13 11
14 11
14 1
14 3
14 2
15 11
15 12
15 4
15 6
16 2
16 3
16 0
16 5
17 10
17 5
17 8
17 16
18 7
18 8
18 15
18 16
19 3
19 1
19 18
19 7
20 16
20 7
20 15
20 0
21 0
21 11
21 3
21 5
22 18
22 2
22 19
22 15
23 8
23 3
23 16
23 2
24 0
24 18
24 1
24 11
25 17
25 9
25 0
25 13
26 2
26 1
26 16
26 7
27 1
27 7
27 16
27 11
28 24
28 0
28 16
28 5
29 15
29 0
29 28
29 3
30 3
30 25
30 2
30 5
31 14
31 8
31 0
31 19
32 0
32 4
32 16
32 15
33 3
33 6
33 16
33 1
34 33
34 32
34 8
34 22
35 25
35 6
35 3
35 10
36 8
36 16
36 15
36 25
37 13
37 28
37 12
37 3
38 11
38 20
38 22
38 0
39 29
39 9
39 16
39 7
40 36
40 0
40 24
40 1
41 0
41 14
41 11
41 12
42 0
42 2
42 25
42 11
43 4
43 5
43 7
43 9
44 3
44 32
44 8
44 9
45 30
45 15
45 29
45 0
46 2
46 3
46 1
46 31
47 6
47 19
47 5
47 11
48 8
48 1
48 0
48 46
49 0
49 15
49 32
49 3
50 36
50 47
50 18
50 22
51 31
51 28
51 4
51 5
52 1
52 37
52 3
52 5
53 14
53 32
53 25
53 18
54 18
54 42
54 8
54 0
55 15
55 49
55 5
55 3
56 15
56 21
56 29
56 49
57 10
57 15
57 22
57 6
58 32
58 25
58 29
58 45
59 21
59 45
59 49
59 2
60 15
60 0
60 5
60 43
61 21
61 14
61 1
61 3
62 7
62 0
62 54
62 47
63 33
63 35
63 48
63 0
64 5
64 4
64 13
64 33
65 2
65 56
65 4
65 15
66 30
66 15
66 37
66 46
67 56
67 46
67 36
67 34
68 7
68 10
68 22
68 27
69 48
69 22
69 8
69 59
70 5
70 8
70 62
70 66
71 48
71 5
71 3
71 16
72 30
72 3
72 5
72 66
73 14
73 24
73 68
73 37
74 36
74 32
74 33
74 9
75 5
75 24
75 15
75 0
76 30
76 62
76 3
76 11
77 39
77 21
77 15
77 18
78 1
78 45
78 60
78 15
79 43
79 11
79 55
79 15
80 62
80 54
80 46
80 39
81 47
81 5
81 18
81 42
82 62
82 46
82 2
82 1
83 15
83 0
83 5
83 3
84 29
84 5
84 53
84 30
85 16
85 29
85 9
85 27
86 47
86 2
86 18
86 16
87 35
87 79
87 7
87 22
88 47
88 9
88 25
88 37
89 2
89 69
89 45
89 65
90 14
90 15
90 13
90 32
91 1
91 5
91 29
91 2
92 88
92 35
92 64
92 49
93 3
93 24
93 32
93 21
94 32
94 18
94 2
94 20
95 7
95 40
95 5
95 91
96 62
96 25
96 67
96 83
97 87
97 43
97 0
97 45
98 5
98 14
98 22
98 72
99 9
99 93
99 37
99 29
1 1 0 1 0 0 0 1 1 1 0 0 1 1 1 1 1 0 1 1 0 0 1 0 0 1 1 0 1 1 0 0 0 1 0 1 0 1 0 1 0 0 0 0 0 1 1 1 0 0 1 0 1 1 0 0 1 0 1 0 1 0 1 0 0 0 1 1 0 1 0 0 1 1 0 1 0 1 0 0 1 1 1 1 1 0 0 1 0 0 0 1 1 0 0 0 0 0 0 0
1 1 0 1 0 0 1 0 1 1 1 0 1 0 1 0 0 0 1 0 0 1 1 0 1 1 0 1 0 1 1 1 0 1 1 1 0 1 0 1 1 0 1 0 0 0 0 0 1 0 0 0 0 0 1 1 0 1 0 1 1 0 1 0 0 1 0 1 0 1 0 0 0 1 0 1 0 0 0 0 0 0 0 1 1 0 1 0 0 0 1 1 0 1 1 1 1 0 1 1
0 0 0 1 1 0 1 0 0 1 0 1 0 1 1 0 1 1 1 0 1 0 1 1 0 1 1 0 0 0 1 0 1 0 0 1 0 1 0 1 1 1 0 0 0 0 1 1 1 0 0 1 0 1 0 0 0 0 0 0 0 0 1 1 1 1 0 1 0 0 0 1 0 0 1 0 0 0 1 0 1 1 1 1 0 1 1 0 1 0 1 1 0 0 1 0 1 0 1 1
1 0 0 1 1 0 1 1 1 0 1 1 0 0 0 1 1 1 0 0 1 0 0 0 1 1 0 1 0 1 1 1 0 1 1 0 1 1 0 0 0 1 1 1 1 1 0 0 1 1 1 0 0 0 1 0 0 0 0 1 0 0 0 1 0 0 1 1 1 1 1 1 0 1 0 1 1 0 0 1 1 1 1 1 1 0 0 0 0 0 1 1 0 0 0 1 1 1 0 0
1 1 1 1 1 1 1 1 0 1 1 1 0 0 0 0 0 0 0 0 0 1 1 0 0 1 0 1 1 1 1 0 1 1 0 0 1 0 1 0 1 0 0 1 0 1 1 0 1 1 1 0 1 1 1 0 0 1 1 0 1 1 1 1 1 0 0 0 1 0 0 0 0 1 0 1 0 1 1 1 1 0 1 0 1 1 0 1 0 0 0 1 1 1 1 0 0 0 0 0