100 394 5
0 1
0 2
1 2
0 3
1 3
3 4
1 4
2 5
3 5
4 6
1 6
0 7
6 7
6 8
0 8
1 9
5 9
4 10
8 10
4 11
7 11
4 12
7 12
10 13
1 13
9 14
0 14
6 15
2 15
4 16
5 16
6 17
3 17
0 18
15 18
8 19
17 19
2 20
0 20
7 21
10 21
0 22
3 22
22 23
0 23
1 24
16 24
19 25
7 25
24 26
18 26
15 27
1 27
1 28
4 28
20 29
1 29
0 30
2 30
2 31
30 31
3 32
14 32
20 33
17 33
16 34
31 34
20 35
33 35
10 36
30 36
15 37
6 37
27 38
33 38
4 39
17 39
19 40
37 40
1 41
26 41
7 42
3 42
12 43
20 43
6 44
25 44
16 45
43 45
2 46
1 46
0 47
1 47
42 48
7 48
15 49
2 49
25 50
15 50
42 51
0 51
17 52
32 52
1 53
8 53
20 54
22 54
7 55
37 55
26 56
20 56
9 57
2 57
33 58
0 58
45 59
21 59
1 60
51 60
10 61
21 61
45 62
36 62
31 63
30 63
15 64
54 64
57 65
64 65
3 66
0 66
55 67
12 67
7 68
20 68
40 69
3 69
30 70
42 70
1 71
30 71
53 72
5 72
26 73
37 73
21 74
33 74
17 75
39 75
0 76
57 76
21 77
27 77
57 78
36 78
66 79
4 79
21 80
40 80
0 81
40 81
30 82
65 82
34 83
61 83
64 84
38 84
0 85
42 85
40 86
71 86
57 87
0 87
49 88
82 88
37 89
6 89
5 90
52 90
23 91
54 91
3 92
11 92
79 93
33 93
88 94
22 94
3 95
6 95
4 96
3 96
3 97
33 97
88 98
52 98
2 99
28 99
1 0
2 0
2 1
3 0
3 1
4 3
4 1
5 2
5 3
6 4
6 1
7 0
7 6
8 6
8 0
9 1
9 5
10 4
10 8
11 4
11 7
12 4
12 7
13 10
13 1
14 9
14 0
15 6
15 2
16 4
16 5
17 6
17 3
18 0
18 15
19 8
19 17
20 2
20 0
21 7
21 10
22 0
22 3
23 22
23 0
24 1
24 16
25 19
25 7
26 24
26 18
27 15
27 1
28 1
28 4
29 20
29 1
30 0
30 2
31 2
31 30
32 3
32 14
33 20
33 17
34 16
34 31
35 20
35 33
36 10
36 30
37 15
37 6
38 27
38 33
39 4
39 17
40 19
40 37
41 1
41 26
42 7
42 3
43 12
43 20
44 6
44 25
45 16
45 43
46 2
46 1
47 0
47 1
48 42
48 7
49 15
49 2
50 25
50 15
51 42
51 0
52 17
52 32
53 1
53 8
54 20
54 22
55 7
55 37
56 26
56 20
57 9
57 2
58 33
58 0
59 45
59 21
60 1
60 51
61 10
61 21
62 45
62 36
63 31
63 30
64 15
64 54
65 57
65 64
66 3
66 0
67 55
67 12
68 7
68 20
69 40
69 3
70 30
70 42
71 1
71 30
72 53
72 5
73 26
73 37
74 21
74 33
75 17
75 39
76 0
76 57
77 21
77 27
78 57
78 36
79 66
79 4
80 21
80 40
81 0
81 40
82 30
82 65
83 34
83 61
84 64
84 38
85 0
85 42
86 40
86 71
87 57
87 0
88 49
88 82
89 37
89 6
90 5
90 52
91 23
91 54
92 3
92 11
93 79
93 33
94 88
94 22
95 3
95 6
96 4
96 3
97 3
97 33
98 88
98 52
99 2
99 28
0 1 0 1 0 1 1 1 0 1 1 1 1 0 0 0 1 1 0 0 0 1 0 1 1 1 1 0 0 1 0 0 1 1 1 0 0 1 0 0 1 1 0 1 0 0 1 1 0 0 1 1 0 0 0 0 0 0 1 1 1 0 0 1 0 0 1 1 1 1 0 0 1 1 0 1 0 0 0 0 1 1 1 1 0 1 0 0 1 1 0 0 1 0 1 0 1 0 1 0
1 1 0 0 1 0 1 0 1 0 1 1 0 1 0 1 1 1 0 0 0 1 1 0 1 1 1 0 0 0 0 1 1 0 1 1 0 1 1 1 1 0 0 1 1 0 0 1 1 0 1 1 0 1 1 0 1 0 0 1 1 0 1 1 1 0 1 0 1 1 1 1 1 0 1 1 1 1 0 1 0 0 0 0 1 1 0 1 1 1 0 1 0 1 0 1 1 0 0 0
0 0 1 0 0 1 1 1 0 1 0 1 0 0 0 1 1 1 0 1 0 1 1 1 0 0 0 0 0 1 1 1 0 0 0 0 0 1 0 0 0 1 1 0 0 0 1 0 0 0 0 1 0 0 1 1 1 1 0 0 1 1 0 1 1 1 1 1 1 1 0 0 0 0 1 0 0 0 0 0 1 1 0 1 1 1 1 0 1 1 1 1 0 1 0 1 0 0 1 0
0 1 0 0 0 1 1 0 0 1 1 0 0 1 0 1 1 0 0 1 0 0 1 0 1 1 1 0 0 1 1 0 0 1 1 1 1 1 0 0 1 1 0 0 0 0 1 0 0 0 0 1 0 0 0 1 0 0 1 1 0 1 0 0 1 0 0 1 0 0 1 1 1 1 0 0 1 0 0 0 1 0 0 0 1 0 1 1 0 0 0 1 1 1 0 1 1 0 0 0
0 1 1 1 0 1 0 0 1 0 0 1 0 0 1 0 0 1 1 0 0 1 0 1 0 1 0 1 1 1 1 0 1 1 0 0 1 0 0 1 0 1 1 0 1 1 1 0 0 0 1 0 0 1 0 1 1 0 1 0 0 1 0 1 0 1 0 0 0 1 1 0 0 0 1 0 0 1 1 1 1 0 1 1 0 1 0 1 1 1 0 0 1 0 0 1 0 0 1 1