100 390 5
0 1
0 2
1 2
0 3
1 3
2 3
0 4
1 4
2 4
3 4
3 5
4 5
2 5
1 5
4 6
5 6
1 6
3 6
4 7
2 7
3 7
0 7
3 8
4 8
6 8
0 8
0 9
2 9
3 9
4 9
2 10
4 10
9 10
3 10
5 11
7 11
8 11
4 11
4 12
2 12
9 12
3 12
1 13
11 13
5 13
7 13
7 14
3 14
4 14
5 14
4 15
1 15
9 15
8 15
4 16
13 16
10 16
9 16
8 17
5 17
10 17
3 17
8 18
9 18
2 18
5 18
11 19
10 19
5 19
2 19
8 20
3 20
7 20
14 20
5 21
2 21
18 21
9 21
4 22
19 22
18 22
7 22
22 23
10 23
4 23
5 23
9 24
11 24
4 24
1 24
0 25
13 25
23 25
4 25
5 26
17 26
4 26
7 26
0 27
3 27
14 27
1 27
2 28
0 28
21 28
13 28
5 29
10 29
8 29
21 29
19 30
11 30
5 30
8 30
17 31
7 31
20 31
29 31
19 32
3 32
5 32
14 32
13 33
21 33
29 33
30 33
2 34
9 34
11 34
10 34
34 35
4 35
8 35
2 35
11 36
5 36
7 36
2 36
1 37
19 37
16 37
7 37
26 38
14 38
7 38
29 38
14 39
30 39
2 39
3 39
11 40
0 40
25 40
6 40
9 41
2 41
14 41
3 41
9 42
0 42
7 42
5 42
12 43
13 43
15 43
38 43
26 44
3 44
5 44
2 44
4 45
5 45
24 45
14 45
29 46
11 46
1 46
13 46
13 47
30 47
7 47
5 47
17 48
7 48
11 48
4 48
23 49
5 49
47 49
46 49
43 50
32 50
4 50
9 50
11 51
2 51
25 51
23 51
2 52
4 52
43 52
19 52
3 53
7 53
29 53
50 53
14 54
44 54
53 54
4 54
37 55
8 55
19 55
6 55
31 56
18 56
28 56
0 56
45 57
31 57
5 57
10 57
31 58
17 58
2 58
32 58
25 59
43 59
17 59
14 59
35 60
24 60
13 60
34 60
44 61
16 61
53 61
23 61
25 62
2 62
58 62
30 62
61 63
30 63
4 63
55 63
6 64
9 64
3 64
61 64
29 65
7 65
30 65
8 65
21 66
11 66
7 66
14 66
0 67
62 67
4 67
1 67
13 68
19 68
43 68
38 68
30 69
19 69
60 69
39 69
2 70
5 70
44 70
23 70
0 71
5 71
2 71
52 71
71 72
11 72
23 72
42 72
43 73
21 73
57 73
9 73
1 74
9 74
26 74
20 74
54 75
12 75
21 75
16 75
68 76
30 76
11 76
28 76
9 77
27 77
57 77
16 77
9 78
42 78
3 78
13 78
3 79
63 79
5 79
16 79
52 80
37 80
13 80
64 80
7 81
57 81
23 81
2 81
13 82
54 82
8 82
30 82
40 83
15 83
31 83
0 83
23 84
37 84
17 84
20 84
10 85
9 85
4 85
60 85
37 86
6 86
31 86
8 86
21 87
20 87
31 87
3 87
31 88
38 88
8 88
30 88
65 89
54 89
62 89
76 89
13 90
2 90
4 90
27 90
58 91
43 91
18 91
90 91
38 92
0 92
44 92
9 92
9 93
8 93
12 93
45 93
34 94
30 94
25 94
16 94
10 95
12 95
50 95
1 95
7 96
19 96
54 96
32 96
16 97
67 97
9 97
28 97
31 98
2 98
16 98
66 98
41 99
68 99
4 99
49 99
1 1 0 1 1 0 0 0 0 1 0 0 1 0 1 0 0 0 0 0 1 0 1 0 0 0 1 1 0 1 0 0 0 0 0 1 1 0 1 1 0 1 0 0 1 1 0 1 1 1 0 1 0 1 1 0 0 1 1 1 0 0 0 1 0 0 0 0 0 1 1 0 0 1 1 0 0 0 0 0 0 1 0 0 0 1 0 1 1 0 1 1 1 1 0 1 0 0 1 1
1 0 0 0 0 1 1 1 0 0 0 0 0 0 0 1 0 0 1 1 0 1 0 0 0 0 0 0 0 1 1 1 1 1 1 0 0 0 0 1 1 0 0 0 0 0 0 1 1 0 0 1 0 1 0 1 1 1 0 1 1 1 1 1 0 1 1 1 1 0 0 1 1 1 0 1 1 1 1 0 1 0 1 1 0 0 0 1 1 0 0 1 1 0 0 1 0 1 0 0
1 1 1 0 1 0 0 1 0 0 0 0 0 0 1 1 0 1 1 1 1 0 0 0 0 0 1 0 1 0 0 1 1 1 1 1 0 0 0 0 0 0 0 0 1 1 1 0 1 0 1 1 1 1 0 1 0 1 0 0 1 1 1 0 0 1 0 0 1 0 1 0 1 1 0 0 1 0 1 0 0 1 0 0 0 0 1 0 0 0 1 0 1 0 1 0 1 1 0 1
0 0 0 1 1 1 1 1 0 0 1 0 0 0 1 1 0 0 1 1 1 0 1 0 1 1 0 0 1 0 0 1 1 1 1 0 1 0 0 0 1 0 0 0 0 1 1 1 0 1 0 1 0 0 0 0 0 0 1 0 1 1 0 0 1 1 1 1 1 0 0 1 1 0 0 0 0 0 0 0 1 1 0 0 1 1 0 0 1 1 0 0 0 1 0 1 1 1 0 1
0 0 0 1 1 1 1 1 0 1 0 0 1 1 0 0 0 1 1 1 0 0 0 1 0 1 0 0 0 0 0 0 1 0 1 0 1 1 1 0 1 0 1 1 1 1 1 1 0 1 1 0 1 1 1 0 1 0 1 0 1 1 0 0 0 1 0 0 0 1 0 0 0 0 0 0 0 0 0 1 1 1 1 1 1 0 0 1 1 0 1 0 0 0 1 0 0 0 0 0