250 498 5
0 1
0 2
0 3
0 4
0 5
2 6
2 7
4 8
5 9
1 10
10 11
3 12
2 13
4 14
9 15
0 16
7 17
2 18
7 19
5 20
11 21
4 22
12 23
7 24
5 25
24 26
10 27
24 28
3 29
12 30
11 31
24 32
22 33
7 34
0 35
29 36
4 37
6 38
0 39
17 40
2 41
41 42
15 43
0 44
40 45
34 46
23 47
9 48
17 49
3 50
0 51
8 52
20 53
27 54
12 55
30 56
9 57
13 58
14 59
7 60
9 61
61 62
12 63
21 64
27 65
11 66
64 67
67 68
0 69
0 70
20 71
64 72
60 73
5 74
23 75
14 76
70 77
69 78
52 79
21 80
6 81
77 82
35 83
14 84
7 85
7 86
25 87
8 88
15 89
42 90
42 91
60 92
55 93
4 94
80 95
19 96
42 97
2 98
50 99
96 100
6 101
27 102
18 103
70 104
18 105
94 106
29 107
29 108
34 109
48 110
6 111
35 112
98 113
45 114
49 115
95 116
5 117
84 118
45 119
7 120
109 121
49 122
115 123
23 124
33 125
24 126
46 127
77 128
67 129
0 130
18 131
80 132
0 133
45 134
27 135
125 136
62 137
0 138
96 139
23 140
62 141
22 142
123 143
36 144
48 145
5 146
96 147
105 148
40 149
21 150
4 151
94 152
5 153
22 154
134 155
140 156
7 157
49 158
7 159
121 160
115 161
133 162
4 163
52 164
142 165
24 166
37 167
149 168
80 169
115 170
103 171
29 172
45 173
52 174
0 175
60 176
129 177
19 178
6 179
35 180
51 181
108 182
43 183
49 184
0 185
121 186
168 187
2 188
2 189
42 190
111 191
64 192
168 193
6 194
3 195
121 196
6 197
56 198
160 199
0 200
76 201
57 202
7 203
187 204
24 205
198 206
109 207
51 208
2 209
130 210
193 211
23 212
3 213
49 214
14 215
139 216
6 217
98 218
130 219
38 220
99 221
68 222
97 223
136 224
183 225
4 226
188 227
7 228
196 229
4 230
12 231
80 232
193 233
65 234
18 235
59 236
159 237
20 238
224 239
185 240
109 241
89 242
48 243
193 244
152 245
4 246
78 247
50 248
97 249
1 0
2 0
3 0
4 0
5 0
6 2
7 2
8 4
9 5
10 1
11 10
12 3
13 2
14 4
15 9
16 0
17 7
18 2
19 7
20 5
21 11
22 4
23 12
24 7
25 5
26 24
27 10
28 24
29 3
30 12
31 11
32 24
33 22
34 7
35 0
36 29
37 4
38 6
39 0
40 17
41 2
42 41
43 15
44 0
45 40
46 34
47 23
48 9
49 17
50 3
51 0
52 8
53 20
54 27
55 12
56 30
57 9
58 13
59 14
60 7
61 9
62 61
63 12
64 21
65 27
66 11
67 64
68 67
69 0
70 0
71 20
72 64
73 60
74 5
75 23
76 14
77 70
78 69
79 52
80 21
81 6
82 77
83 35
84 14
85 7
86 7
87 25
88 8
89 15
90 42
91 42
92 60
93 55
94 4
95 80
96 19
97 42
98 2
99 50
100 96
101 6
102 27
103 18
104 70
105 18
106 94
107 29
108 29
109 34
110 48
111 6
112 35
113 98
114 45
115 49
116 95
117 5
118 84
119 45
120 7
121 109
122 49
123 115
124 23
125 33
126 24
127 46
128 77
129 67
130 0
131 18
132 80
133 0
134 45
135 27
136 125
137 62
138 0
139 96
140 23
141 62
142 22
143 123
144 36
145 48
146 5
147 96
148 105
149 40
150 21
151 4
152 94
153 5
154 22
155 134
156 140
157 7
158 49
159 7
160 121
161 115
162 133
163 4
164 52
165 142
166 24
167 37
168 149
169 80
170 115
171 103
172 29
173 45
174 52
175 0
176 60
177 129
178 19
179 6
180 35
181 51
182 108
183 43
184 49
185 0
186 121
187 168
188 2
189 2
190 42
191 111
192 64
193 168
194 6
195 3
196 121
197 6
198 56
199 160
200 0
201 76
202 57
203 7
204 187
205 24
206 198
207 109
208 51
209 2
210 130
211 193
212 23
213 3
214 49
215 14
216 139
217 6
218 98
219 130
220 38
221 99
222 68
223 97
224 136
225 183
226 4
227 188
228 7
229 196
230 4
231 12
232 80
233 193
234 65
235 18
236 59
237 159
238 20
239 224
240 185
241 109
242 89
243 48
244 193
245 152
246 4
247 78
248 50
249 97
0 1 0 1 1 0 1 1 1 0 1 1 0 0 1 0 0 1 1 1 1 1 1 1 0 1 0 1 0 0 0 0 0 1 0 1 1 1 1 0 0 1 1 1 0 0 0 1 0 1 1 0 1 1 1 0 0 0 0 0 1 0 0 0 1 0 0 0 1 1 0 1 1 0 1 0 1 1 1 0 1 1 0 1 0 0 0 1 0 1 1 0 0 0 0 1 0 0 1 0 1 1 1 0 1 1 0 0 0 0 1 1 1 0 0 0 0 0 0 0 0 0 0 0 1 0 1 0 0 1 1 1 0 1 0 1 0 1 0 1 1 1 0 1 1 1 1 0 0 0 1 1 0 1 0 0 1 1 0 0 1 1 0 0 0 1 0 0 0 1 1 0 0 1 1 1 0 0 1 0 0 1 1 0 1 1 1 0 0 0 0 1 1 1 1 1 0 1 0 1 1 1 0 1 1 0 0 1 1 0 0 0 0 0 1 0 0 0 1 0 0 1 1 1 0 1 1 0 1 1 1 0 1 1 0 1 1 1 1 1 0 1 0 1 1 0 1 0 1 0
1 0 1 0 1 1 0 0 0 1 1 1 1 0 0 1 1 1 0 0 1 1 1 0 0 0 1 0 0 0 1 1 1 0 0 0 0 1 0 1 1 1 0 0 1 1 0 0 0 0 1 1 0 1 0 0 1 0 0 1 1 1 0 1 0 0 1 1 1 1 1 1 1 1 1 0 1 1 0 0 1 1 1 0 0 1 0 1 1 1 0 1 0 0 1 0 1 0 1 1 1 1 0 0 0 1 0 0 1 1 0 1 1 0 0 0 1 1 1 1 1 0 0 0 1 0 0 1 1 0 0 0 0 0 1 1 0 0 0 1 1 1 1 1 0 1 0 0 1 1 1 0 0 0 0 0 1 0 1 0 0 1 1 1 0 1 0 0 0 1 0 1 1 0 1 0 0 1 0 1 0 0 0 0 1 0 1 0 1 0 0 0 1 0 0 1 0 1 1 0 1 0 0 0 0 1 1 0 1 0 1 1 1 0 0 1 0 1 0 1 0 1 0 1 0 1 1 0 1 1 1 0 0 0 0 1 0 0 1 0 0 0 0 0 1 0 1 1 0 0
1 0 1 0 0 1 0 0 0 1 1 1 1 1 1 1 1 0 0 0 1 1 0 0 1 0 1 0 1 0 0 1 1 1 0 1 1 0 0 1 1 1 1 1 1 1 0 0 1 0 1 1 0 1 0 0 0 0 0 0 1 1 1 0 1 0 0 0 1 1 0 1 0 0 0 1 0 0 0 1 1 1 1 0 1 1 1 0 1 0 0 1 0 1 0 1 0 0 0 0 0 1 0 1 0 0 0 0 0 1 0 0 1 0 0 0 1 0 0 0 0 0 0 0 0 1 1 1 1 1 0 0 1 1 1 0 1 0 0 0 0 1 1 1 1 1 1 0 0 0 0 1 1 0 1 1 0 0 1 0 0 1 1 1 1 1 0 0 0 1 1 1 0 1 0 1 1 1 0 0 0 1 1 1 1 1 1 1 1 1 0 0 0 1 1 0 0 0 1 1 0 1 1 0 0 1 0 0 1 0 0 0 0 0 0 1 1 0 1 1 1 0 1 0 1 0 0 0 1 1 1 1 1 1 1 1 1 0 0 1 0 1 1 0 0 0 0 0 1 0
1 0 1 1 1 1 0 1 1 0 0 1 1 0 1 0 1 1 0 0 0 0 1 1 0 1 0 1 1 0 0 0 0 1 1 1 0 0 0 1 1 1 1 1 1 0 0 0 0 0 1 0 1 0 0 1 1 1 1 1 0 1 1 0 1 0 0 0 1 0 0 0 1 1 0 1 1 0 0 0 0 1 1 0 1 0 0 0 0 0 0 0 0 0 1 0 0 0 1 1 0 1 1 0 1 1 0 1 0 0 1 1 1 1 1 0 1 1 1 1 0 1 1 1 1 1 0 0 0 1 1 1 0 0 1 1 0 0 0 0 0 0 0 1 0 0 0 1 0 0 1 1 1 0 1 1 0 1 0 1 0 0 0 0 0 0 0 1 1 1 0 0 0 0 1 1 1 1 0 1 1 0 0 1 1 0 0 1 0 0 1 0 0 0 1 0 1 0 1 1 0 1 1 0 0 0 0 0 1 1 1 1 1 0 1 1 0 1 0 0 0 0 0 0 0 0 1 1 0 1 0 1 1 1 0 0 1 0 0 1 0 1 0 1 0 1 1 0 1 0
1 1 0 0 0 1 0 0 1 1 1 1 0 1 0 1 0 1 0 0 0 1 0 0 1 0 0 1 1 1 0 0 1 1 0 0 0 1 0 0 1 1 0 1 0 1 1 1 1 1 0 0 1 1 1 0 1 1 1 1 0 1 1 1 1 0 0 0 1 0 0 0 0 1 1 1 1 0 0 1 0 1 1 0 0 1 0 1 0 1 0 0 1 1 0 0 1 1 0 1 0 1 0 1 0 0 0 0 1 0 1 0 1 1 0 0 0 0 0 0 1 0 1 1 0 1 0 1 0 0 0 1 0 1 0 1 0 0 0 0 1 0 0 0 0 1 1 1 1 1 1 1 0 1 1 1 1 0 0 1 1 0 0 0 1 1 1 0 1 1 1 1 0 0 1 1 1 0 1 1 0 0 0 1 1 0 0 1 0 1 1 1 0 1 1 1 1 1 1 0 1 0 0 0 1 0 1 1 1 0 1 0 1 0 0 0 1 1 0 0 0 1 1 1 1 0 0 0 0 1 1 1 0 1 0 1 0 0 1 1 1 1 0 0 0 0 0 1 0 0