100 780 5
0 1
0 2
1 2
0 3
1 3
2 3
0 4
1 4
2 4
3 4
2 5
1 5
4 5
3 5
0 6
2 6
4 6
3 6
1 7
5 7
0 7
2 7
6 8
1 8
4 8
0 8
1 9
5 9
0 9
8 9
8 10
4 10
1 10
3 10
1 11
4 11
10 11
8 11
3 12
1 12
11 12
6 12
3 13
10 13
8 13
5 13
6 14
0 14
10 14
9 14
13 15
0 15
9 15
7 15
0 16
10 16
15 16
1 16
0 17
11 17
5 17
4 17
10 18
17 18
8 18
11 18
8 19
4 19
3 19
6 19
8 20
2 20
13 20
14 20
15 21
4 21
5 21
3 21
11 22
8 22
10 22
0 22
15 23
8 23
21 23
0 23
23 24
1 24
15 24
17 24
4 25
21 25
0 25
5 25
11 26
3 26
15 26
1 26
2 27
7 27
26 27
0 27
6 28
26 28
7 28
0 28
15 29
24 29
21 29
0 29
14 30
6 30
10 30
8 30
3 31
1 31
19 31
7 31
1 32
21 32
7 32
13 32
1 33
3 33
15 33
0 33
15 34
16 34
13 34
11 34
3 35
1 35
17 35
8 35
29 36
27 36
8 36
6 36
7 37
1 37
0 37
27 37
1 38
4 38
34 38
0 38
26 39
15 39
22 39
24 39
3 40
24 40
8 40
1 40
10 41
36 41
20 41
26 41
4 42
1 42
2 42
35 42
29 43
3 43
4 43
24 43
28 44
1 44
17 44
27 44
16 45
19 45
4 45
3 45
16 46
20 46
8 46
37 46
5 47
11 47
0 47
15 47
43 48
44 48
1 48
46 48
11 49
8 49
45 49
43 49
48 50
11 50
43 50
37 50
46 51
16 51
3 51
26 51
0 52
38 52
37 52
1 52
6 53
10 53
17 53
50 53
2 54
8 54
16 54
1 54
0 55
46 55
30 55
21 55
44 56
53 56
7 56
29 56
2 57
29 57
52 57
20 57
14 58
55 58
52 58
48 58
31 59
11 59
28 59
0 59
6 60
35 60
2 60
52 60
11 61
8 61
7 61
0 61
36 62
9 62
4 62
13 62
4 63
62 63
53 63
49 63
27 64
15 64
21 64
54 64
8 65
10 65
28 65
34 65
13 66
55 66
20 66
0 66
6 67
27 67
1 67
9 67
16 68
55 68
28 68
1 68
49 69
44 69
24 69
16 69
47 70
62 70
58 70
25 70
36 71
64 71
19 71
32 71
1 72
59 72
13 72
29 72
40 73
8 73
16 73
41 73
55 74
23 74
0 74
42 74
64 75
63 75
53 75
62 75
18 76
50 76
8 76
55 76
0 77
53 77
73 77
1 77
5 78
68 78
58 78
10 78
8 79
43 79
6 79
40 79
59 80
0 80
53 80
34 80
7 81
47 81
29 81
61 81
2 82
46 82
5 82
30 82
1 83
6 83
66 83
68 83
20 84
24 84
28 84
72 84
3 85
8 85
4 85
22 85
6 86
3 86
21 86
1 86
28 87
47 87
81 87
58 87
11 88
18 88
42 88
13 88
68 89
7 89
88 89
67 89
79 90
6 90
80 90
29 90
45 91
3 91
6 91
76 91
0 92
7 92
33 92
63 92
6 93
54 93
3 93
9 93
11 94
90 94
85 94
87 94
6 95
43 95
2 95
34 95
28 96
68 96
0 96
63 96
6 97
42 97
14 97
61 97
1 98
12 98
32 98
89 98
81 99
84 99
68 99
11 99
1 0
2 0
2 1
3 0
3 1
3 2
4 0
4 1
4 2
4 3
5 2
5 1
5 4
5 3
6 0
6 2
6 4
6 3
7 1
7 5
7 0
7 2
8 6
8 1
8 4
8 0
9 1
9 5
9 0
9 8
10 8
10 4
10 1
10 3
11 1
11 4
11 10
11 8
12 3
12 1
12 11
12 6
13 3
13 10
13 8
13 5
14 6
14 0
14 10
14 9
15 13
15 0
15 9
15 7
16 0
16 10
16 15
16 1
17 0
17 11
17 5
17 4
18 10
18 17
18 8
18 11
19 8
19 4
19 3
19 6
20 8
20 2
20 13
20 14
21 15
21 4
21 5
21 3
22 11
22 8
22 10
22 0
23 15
23 8
23 21
23 0
24 23
24 1
24 15
24 17
25 4
25 21
25 0
25 5
26 11
26 3
26 15
26 1
27 2
27 7
27 26
27 0
28 6
28 26
28 7
28 0
29 15
29 24
29 21
29 0
30 14
30 6
30 10
30 8
31 3
31 1
31 19
31 7
32 1
32 21
32 7
32 13
33 1
33 3
33 15
33 0
34 15
34 16
34 13
34 11
35 3
35 1
35 17
35 8
36 29
36 27
36 8
36 6
37 7
37 1
37 0
37 27
38 1
38 4
38 34
38 0
39 26
39 15
39 22
39 24
40 3
40 24
40 8
40 1
41 10
41 36
41 20
41 26
42 4
42 1
42 2
42 35
43 29
43 3
43 4
43 24
44 28
44 1
44 17
44 27
45 16
45 19
45 4
45 3
46 16
46 20
46 8
46 37
47 5
47 11
47 0
47 15
48 43
48 44
48 1
48 46
49 11
49 8
49 45
49 43
50 48
50 11
50 43
50 37
51 46
51 16
51 3
51 26
52 0
52 38
52 37
52 1
53 6
53 10
53 17
53 50
54 2
54 8
54 16
54 1
55 0
55 46
55 30
55 21
56 44
56 53
56 7
56 29
57 2
57 29
57 52
57 20
58 14
58 55
58 52
58 48
59 31
59 11
59 28
59 0
60 6
60 35
60 2
60 52
61 11
61 8
61 7
61 0
62 36
62 9
62 4
62 13
63 4
63 62
63 53
63 49
64 27
64 15
64 21
64 54
65 8
65 10
65 28
65 34
66 13
66 55
66 20
66 0
67 6
67 27
67 1
67 9
68 16
68 55
68 28
68 1
69 49
69 44
69 24
69 16
70 47
70 62
70 58
70 25
71 36
71 64
71 19
71 32
72 1
72 59
72 13
72 29
73 40
73 8
73 16
73 41
74 55
74 23
74 0
74 42
75 64
75 63
75 53
75 62
76 18
76 50
76 8
76 55
77 0
77 53
77 73
77 1
78 5
78 68
78 58
78 10
79 8
79 43
79 6
79 40
80 59
80 0
80 53
80 34
81 7
81 47
81 29
81 61
82 2
82 46
82 5
82 30
83 1
83 6
83 66
83 68
84 20
84 24
84 28
84 72
85 3
85 8
85 4
85 22
86 6
86 3
86 21
86 1
87 28
87 47
87 81
87 58
88 11
88 18
88 42
88 13
89 68
89 7
89 88
89 67
90 79
90 6
90 80
90 29
91 45
91 3
91 6
91 76
92 0
92 7
92 33
92 63
93 6
93 54
93 3
93 9
94 11
94 90
94 85
94 87
95 6
95 43
95 2
95 34
96 28
96 68
96 0
96 63
97 6
97 42
97 14
97 61
98 1
98 12
98 32
98 89
99 81
99 84
99 68
99 11
0 0 1 1 0 1 0 1 0 1 0 1 0 0 0 0 1 0 0 0 0 0 0 0 0 1 0 0 0 0 0 1 0 1 0 1 1 0 1 1 1 0 0 1 0 0 0 0 0 1 0 0 1 1 0 1 0 1 1 1 1 0 1 0 1 0 1 0 1 1 1 1 0 0 0 0 1 0 0 1 1 0 1 1 1 1 1 1 0 1 0 1 0 1 0 1 1 0 0 0
1 1 1 1 0 1 0 0 0 0 0 0 1 0 1 1 0 1 1 0 1 0 0 0 1 1 1 0 0 1 0 0 0 0 1 1 1 1 1 0 1 0 1 1 0 0 0 1 0 1 0 0 0 0 0 1 0 1 1 0 1 1 1 1 1 1 0 1 1 1 0 0 1 0 0 0 0 0 0 1 1 0 1 0 0 1 0 1 0 1 1 1 1 0 0 0 0 0 0 1
1 1 1 0 1 0 1 1 1 1 0 0 1 1 0 1 0 1 1 0 0 0 0 1 0 1 0 1 0 0 0 1 0 1 1 1 0 1 0 1 0 0 1 1 0 1 0 0 0 0 0 0 0 1 0 0 0 0 0 0 1 1 0 0 0 1 1 1 1 1 0 0 1 1 0 0 0 1 1 0 1 1 1 1 0 1 0 0 1 0 1 0 1 1 0 0 1 1 0 1
0 0 0 0 1 0 0 0 1 1 0 1 1 1 1 1 0 0 0 1 1 1 0 1 0 1 0 1 0 0 1 0 0 1 0 1 0 0 0 0 0 1 1 1 1 1 0 1 0 0 0 1 1 1 1 0 1 1 0 1 1 1 0 0 1 1 0 1 1 1 0 0 0 0 1 0 0 0 0 0 1 0 0 0 0 1 0 0 1 0 1 1 1 0 0 1 0 0 0 1
0 1 0 0 1 1 0 1 0 1 1 1 0 1 1 0 0 1 0 0 0 1 0 1 1 0 1 1 1 1 0 0 1 0 1 0 1 0 0 1 1 0 0 1 1 0 0 1 0 0 0 0 0 1 0 1 0 1 0 1 0 1 1 0 1 0 0 0 1 1 0 0 0 1 0 0 0 0 0 1 1 0 1 0 0 1 0 1 1 0 1 1 1 1 1 1 0 0 1 0