100 390 5
0 1
0 2
1 2
0 3
1 3
2 3
0 4
1 4
2 4
3 4
1 5
4 5
2 5
3 5
2 6
1 6
0 6
3 6
3 7
5 7
1 7
0 7
3 8
6 8
0 8
1 8
0 9
3 9
2 9
4 9
7 10
2 10
1 10
6 10
8 11
10 11
5 11
7 11
1 12
5 12
7 12
8 12
8 13
0 13
1 13
6 13
9 14
6 14
1 14
7 14
6 15
1 15
10 15
11 15
9 16
13 16
2 16
4 16
3 17
1 17
7 17
9 17
6 18
3 18
4 18
7 18
4 19
12 19
13 19
8 19
9 20
6 20
5 20
8 20
5 21
6 21
2 21
11 21
12 22
7 22
14 22
2 22
0 23
10 23
5 23
2 23
6 24
8 24
19 24
15 24
8 25
17 25
15 25
23 25
4 26
2 26
19 26
10 26
21 27
26 27
4 27
7 27
5 28
27 28
0 28
15 28
15 29
16 29
3 29
5 29
1 30
10 30
4 30
17 30
23 31
24 31
6 31
22 31
1 32
31 32
24 32
2 32
9 33
1 33
7 33
5 33
6 34
1 34
27 34
3 34
15 35
2 35
24 35
10 35
9 36
6 36
24 36
26 36
30 37
4 37
31 37
14 37
9 38
7 38
30 38
3 38
4 39
20 39
3 39
21 39
19 40
12 40
8 40
31 40
23 41
2 41
10 41
29 41
17 42
2 42
7 42
3 42
23 43
34 43
22 43
4 43
40 44
2 44
24 44
29 44
3 45
1 45
31 45
4 45
4 46
20 46
1 46
26 46
12 47
35 47
23 47
10 47
30 48
7 48
2 48
29 48
11 49
0 49
34 49
20 49
2 50
46 50
5 50
9 50
31 51
4 51
15 51
9 51
51 52
49 52
6 52
19 52
48 53
46 53
7 53
31 53
7 54
29 54
8 54
19 54
26 55
8 55
0 55
27 55
1 56
21 56
31 56
14 56
30 57
31 57
9 57
19 57
3 58
29 58
7 58
4 58
2 59
35 59
3 59
41 59
56 60
23 60
11 60
9 60
0 61
3 61
26 61
10 61
51 62
29 62
2 62
23 62
39 63
12 63
3 63
10 63
8 64
30 64
57 64
1 64
24 65
32 65
45 65
6 65
8 66
10 66
3 66
29 66
3 67
59 67
9 67
64 67
65 68
23 68
55 68
9 68
11 69
46 69
27 69
29 69
56 70
33 70
9 70
8 70
23 71
15 71
49 71
70 71
23 72
17 72
49 72
40 72
27 73
1 73
26 73
2 73
30 74
59 74
1 74
4 74
35 75
56 75
11 75
22 75
67 76
30 76
56 76
66 76
1 77
31 77
4 77
46 77
3 78
54 78
19 78
26 78
20 79
72 79
7 79
3 79
34 80
70 80
40 80
49 80
71 81
22 81
10 81
52 81
33 82
66 82
46 82
1 82
7 83
4 83
53 83
19 83
9 84
73 84
15 84
0 84
77 85
16 85
9 85
27 85
73 86
47 86
19 86
1 86
0 87
31 87
49 87
77 87
1 88
54 88
84 88
24 88
34 89
62 89
76 89
65 89
50 90
15 90
58 90
11 90
6 91
9 91
27 91
28 91
1 92
25 92
42 92
12 92
17 93
10 93
6 93
86 93
75 94
9 94
70 94
29 94
0 95
7 95
74 95
14 95
75 96
4 96
60 96
74 96
30 97
69 97
8 97
26 97
49 98
16 98
66 98
2 98
3 99
64 99
54 99
57 99
1 1 1 0 1 1 0 1 1 0 1 0 0 1 0 1 0 1 1 0 0 1 1 1 1 0 0 1 1 0 0 0 0 0 0 0 1 0 1 0 1 0 0 1 1 0 1 1 1 1 0 0 1 0 1 1 0 1 0 1 0 0 0 1 0 0 0 0 0 0 0 0 0 0 0 1 1 0 1 1 0 1 0 0 1 0 1 1 0 1 0 0 1 1 1 0 0 0 1 1
1 0 0 0 1 0 1 0 0 0 1 0 1 0 0 1 1 1 0 1 1 1 0 0 0 0 1 0 0 1 1 1 1 0 0 1 0 1 1 0 1 1 1 1 1 0 0 0 0 0 1 1 1 1 1 1 1 0 1 1 1 1 1 0 1 1 1 0 0 1 0 1 1 1 0 1 1 0 0 0 1 0 0 0 1 0 1 1 1 1 1 0 1 1 0 1 0 0 0 0
1 0 1 1 0 0 1 0 1 0 0 0 1 0 1 1 0 1 1 0 0 0 1 1 0 1 0 1 1 1 1 0 1 1 0 0 0 1 1 0 1 0 1 0 0 1 0 1 0 1 0 0 1 0 1 0 0 1 1 0 1 0 1 1 1 0 1 0 1 1 0 1 0 0 1 0 0 0 1 0 0 0 1 1 1 0 0 0 0 1 1 1 0 1 0 0 1 1 0 1
0 1 1 0 1 0 0 0 1 0 0 0 0 0 0 0 1 1 0 0 1 1 1 0 0 1 0 1 1 0 1 1 0 0 0 1 0 1 1 0 1 1 0 1 0 1 0 1 1 1 0 1 0 0 0 0 1 0 1 1 1 0 1 1 0 0 1 0 1 0 1 0 1 1 0 0 1 0 0 1 1 0 1 1 1 0 0 1 0 1 1 0 1 0 0 1 1 1 1 0
1 1 1 1 0 1 1 0 0 1 0 0 0 0 1 0 1 0 0 0 0 1 1 1 1 0 0 0 1 0 1 0 1 1 0 1 0 0 0 1 1 0 0 0 0 0 0 0 0 1 1 0 1 0 1 1 1 1 0 1 1 0 1 1 0 1 0 0 1 1 0 1 1 1 1 0 1 0 0 1 1 0 1 1 1 1 1 1 1 1 0 1 1 0 1 0 0 0 0 0