100 390 5
0 0 1 0 1 1 1 1 0 0 0 1 1 1 1 0 0 1 1 0 1 1 1 0 1 1 1 0 0 0 0 1 1 0 0 0 0 0 1 0 1 0 1 0 1 1 1 0 1 1 0 1 1 0 1 1 0 1 1 1 1 0 0 1 1 1 1 1 1 0 1 1 1 0 1 0 0 1 1 0 0 1 0 1 0 1 0 1 1 1 1 0 0 1 0 1 0 1 0 1
1 1 0 1 1 0 0 0 0 0 1 1 0 0 1 0 1 0 1 1 0 0 1 0 1 1 0 1 1 1 0 0 0 0 1 1 1 0 1 0 0 0 1 0 1 0 0 0 1 1 1 0 0 0 0 1 1 0 1 1 0 1 0 0 1 0 1 0 0 0 0 0 1 1 1 1 0 1 0 0 1 1 0 0 0 1 0 0 0 0 1 1 0 1 1 1 0 0 0 0
1 0 1 1 1 0 0 0 1 0 1 1 1 1 0 1 1 1 0 0 1 1 0 0 0 0 1 1 1 1 1 0 1 1 0 0 1 1 0 0 0 0 0 0 0 1 0 1 1 0 1 1 0 1 1 0 1 0 1 0 0 1 1 1 1 1 0 1 0 1 0 1 0 1 0 1 0 1 1 1 0 1 1 1 0 1 1 1 0 0 1 0 1 1 1 1 1 1 1 1
1 0 0 1 0 1 0 1 0 0 1 0 1 0 1 0 1 1 0 1 1 1 1 1 1 1 0 1 1 0 1 1 0 1 0 0 0 0 0 0 0 1 0 0 0 1 0 1 0 1 1 1 1 1 1 1 1 1 0 0 1 1 0 1 1 1 0 1 1 1 1 1 0 1 1 0 1 1 0 1 0 1 0 1 1 1 1 1 0 0 1 0 0 0 0 0 1 1 0 1
1 0 1 0 1 1 0 1 1 1 0 1 1 0 1 1 0 0 0 1 1 0 0 1 1 0 0 1 1 1 1 0 0 0 0 1 0 1 1 1 1 0 1 0 0 1 0 0 0 0 1 0 0 0 0 0 0 1 0 0 0 1 1 0 1 0 1 0 0 1 1 1 1 1 0 0 1 0 1 0 0 1 0 0 1 0 0 0 0 1 0 1 0 1 0 0 1 0 1 0
0 1
0 2
1 2
0 3
1 3
2 3
0 4
1 4
2 4
3 4
1 5
0 5
2 5
4 5
3 6
0 6
4 6
5 6
2 7
4 7
5 7
6 7
3 8
0 8
1 8
6 8
2 9
8 9
1 9
5 9
7 10
4 10
2 10
8 10
1 11
9 11
8 11
4 11
5 12
9 12
1 12
3 12
3 13
10 13
2 13
0 13
1 14
8 14
13 14
6 14
6 15
3 15
11 15
0 15
4 16
7 16
12 16
11 16
12 17
16 17
0 17
3 17
2 18
4 18
5 18
7 18
16 19
1 19
5 19
12 19
4 20
12 20
11 20
7 20
20 21
3 21
4 21
1 21
8 22
11 22
16 22
9 22
11 23
12 23
7 23
18 23
11 24
20 24
5 24
10 24
1 25
24 25
5 25
11 25
13 26
20 26
24 26
5 26
7 27
1 27
3 27
21 27
4 28
9 28
25 28
22 28
5 29
0 29
24 29
27 29
7 30
13 30
10 30
2 30
4 31
7 31
12 31
17 31
11 32
21 32
0 32
31 32
13 33
11 33
12 33
4 33
15 34
12 34
7 34
8 34
0 35
34 35
9 35
20 35
33 36
19 36
5 36
13 36
11 37
15 37
21 37
10 37
22 38
3 38
23 38
33 38
30 39
11 39
26 39
15 39
5 40
21 40
17 40
20 40
19 41
20 41
40 41
1 41
2 42
34 42
21 42
1 42
32 43
25 43
17 43
9 43
25 44
24 44
1 44
36 44
21 45
30 45
8 45
1 45
30 46
23 46
15 46
40 46
38 47
5 47
20 47
10 47
24 48
10 48
6 48
2 48
33 49
2 49
25 49
32 49
11 50
22 50
41 50
1 50
25 51
5 51
35 51
15 51
24 52
34 52
51 52
50 52
7 53
37 53
0 53
13 53
14 54
20 54
45 54
34 54
41 55
32 55
30 55
17 55
2 56
27 56
0 56
25 56
11 57
36 57
51 57
33 57
40 58
0 58
21 58
46 58
15 59
20 59
21 59
11 59
11 60
12 60
9 60
5 60
20 61
13 61
1 61
44 61
9 62
34 62
5 62
0 62
28 63
58 63
0 63
20 63
16 64
0 64
36 64
14 64
11 65
21 65
34 65
45 65
17 66
21 66
5 66
1 66
10 67
2 67
1 67
13 67
4 68
25 68
11 68
67 68
1 69
10 69
8 69
9 69
10 70
14 70
21 70
0 70
64 71
2 71
62 71
7 71
21 72
9 72
4 72
23 72
13 73
1 73
12 73
70 73
1 74
16 74
58 74
11 74
21 75
32 75
11 75
51 75
17 76
33 76
57 76
41 76
6 77
16 77
21 77
32 77
60 78
3 78
0 78
57 78
47 79
5 79
17 79
1 79
78 80
48 80
5 80
12 80
64 81
5 81
73 81
22 81
16 82
1 82
5 82
74 82
9 83
8 83
52 83
20 83
1 84
3 84
2 84
12 84
25 85
79 85
8 85
2 85
83 86
4 86
75 86
25 86
49 87
11 87
9 87
8 87
9 88
13 88
71 88
35 88
3 89
83 89
50 89
4 89
52 90
21 90
3 90
34 90
7 91
11 91
10 91
53 91
47 92
86 92
32 92
34 92
45 93
90 93
33 93
3 93
90 94
9 94
82 94
30 94
28 95
76 95
2 95
23 95
21 96
22 96
2 96
83 96
87 97
66 97
64 97
82 97
58 98
47 98
49 98
4 98
44 99
88 99
94 99
11 99