50 288 5
0 1
0 2
1 2
0 3
1 3
2 3
2 4
1 4
0 4
2 5
0 5
4 5
2 6
4 6
0 6
2 7
0 7
3 7
3 8
5 8
4 8
6 9
4 9
0 9
1 10
7 10
2 10
4 11
8 11
0 11
4 12
5 12
3 12
5 13
11 13
0 13
7 14
0 14
10 14
2 15
0 15
8 15
13 16
3 16
4 16
9 17
2 17
15 17
8 18
0 18
16 18
3 19
2 19
17 19
7 20
14 20
5 20
0 21
14 21
6 21
0 22
16 22
5 22
11 23
3 23
4 23
2 24
11 24
13 24
23 25
11 25
13 25
23 26
12 26
11 26
9 27
11 27
10 27
2 28
7 28
10 28
14 29
1 29
25 29
14 30
28 30
1 30
4 31
6 31
0 31
2 32
18 32
23 32
0 33
5 33
20 33
23 34
22 34
4 34
9 35
11 35
17 35
18 36
9 36
24 36
2 37
27 37
13 37
20 38
0 38
29 38
0 39
8 39
16 39
37 40
10 40
2 40
6 41
11 41
32 41
33 42
19 42
8 42
2 43
7 43
19 43
16 44
5 44
4 44
21 45
28 45
39 45
13 46
12 46
35 46
34 47
43 47
4 47
13 48
20 48
1 48
13 49
31 49
0 49
1 0
2 0
2 1
3 0
3 1
3 2
4 2
4 1
4 0
5 2
5 0
5 4
6 2
6 4
6 0
7 2
7 0
7 3
8 3
8 5
8 4
9 6
9 4
9 0
10 1
10 7
10 2
11 4
11 8
11 0
12 4
12 5
12 3
13 5
13 11
13 0
14 7
14 0
14 10
15 2
15 0
15 8
16 13
16 3
16 4
17 9
17 2
17 15
18 8
18 0
18 16
19 3
19 2
19 17
20 7
20 14
20 5
21 0
21 14
21 6
22 0
22 16
22 5
23 11
23 3
23 4
24 2
24 11
24 13
25 23
25 11
25 13
26 23
26 12
26 11
27 9
27 11
27 10
28 2
28 7
28 10
29 14
29 1
29 25
30 14
30 28
30 1
31 4
31 6
31 0
32 2
32 18
32 23
33 0
33 5
33 20
34 23
34 22
34 4
35 9
35 11
35 17
36 18
36 9
36 24
37 2
37 27
37 13
38 20
38 0
38 29
39 0
39 8
39 16
40 37
40 10
40 2
41 6
41 11
41 32
42 33
42 19
42 8
43 2
43 7
43 19
44 16
44 5
44 4
45 21
45 28
45 39
46 13
46 12
46 35
47 34
47 43
47 4
48 13
48 20
48 1
49 13
49 31
49 0
0 0 0 1 1 1 1 0 0 1 1 1 1 0 1 0 1 1 1 0 0 0 1 1 0 0 1 1 0 0 1 1 0 1 0 0 1 1 1 0 0 0 1 0 1 0 0 0 0 1
1 0 0 1 0 1 1 1 1 1 1 1 1 1 1 1 1 1 0 1 1 0 0 1 1 0 1 0 0 0 1 0 0 1 1 1 1 1 0 1 0 0 0 1 1 1 0 1 1 0
0 0 0 1 1 1 0 0 1 1 1 1 1 1 1 1 1 1 0 1 0 1 1 0 0 0 1 0 0 0 1 0 1 1 1 0 0 0 0 1 0 1 1 1 0 0 1 0 1 1
0 1 1 0 1 0 1 0 0 0 0 0 1 1 0 0 1 0 1 0 0 1 0 1 0 0 0 1 0 0 0 1 0 1 1 0 1 1 1 0 1 0 1 1 1 1 0 0 0 1
1 1 1 1 0 0 1 1 1 1 0 1 1 1 0 1 0 1 0 0 0 0 1 1 1 0 0 1 1 0 0 1 0 0 0 0 0 0 1 1 0 0 0 0 1 0 0 1 0 1