100 394 5
0 1
0 2
1 2
2 3
0 3
3 4
1 4
4 5
2 5
1 6
3 6
0 7
3 7
0 8
1 8
7 9
0 9
2 10
0 10
10 11
8 11
8 12
0 12
9 13
1 13
5 14
8 14
8 15
11 15
14 16
8 16
8 17
15 17
10 18
15 18
15 19
7 19
10 20
19 20
12 21
9 21
20 22
11 22
10 23
8 23
15 24
1 24
2 25
19 25
3 26
4 26
1 27
12 27
0 28
25 28
19 29
18 29
28 30
19 30
9 31
0 31
3 32
15 32
24 33
32 33
30 34
0 34
15 35
34 35
15 36
0 36
19 37
13 37
19 38
17 38
36 39
29 39
15 40
13 40
11 41
24 41
16 42
0 42
17 43
32 43
0 44
42 44
19 45
14 45
43 46
20 46
4 47
27 47
21 48
8 48
16 49
26 49
4 50
19 50
28 51
27 51
8 52
5 52
1 53
52 53
2 54
14 54
20 55
5 55
13 56
30 56
2 57
52 57
0 58
1 58
28 59
9 59
55 60
15 60
1 61
7 61
24 62
39 62
21 63
48 63
54 64
14 64
4 65
44 65
37 66
7 66
39 67
42 67
20 68
7 68
1 69
37 69
37 70
48 70
18 71
40 71
5 72
1 72
5 73
37 73
6 74
27 74
20 75
1 75
4 76
54 76
27 77
4 77
15 78
40 78
24 79
0 79
34 80
39 80
10 81
67 81
29 82
67 82
11 83
24 83
15 84
9 84
1 85
4 85
17 86
2 86
10 87
3 87
48 88
68 88
15 89
27 89
10 90
15 90
30 91
89 91
30 92
8 92
25 93
27 93
2 94
33 94
1 95
39 95
3 96
17 96
0 97
19 97
55 98
89 98
15 99
83 99
1 0
2 0
2 1
3 2
3 0
4 3
4 1
5 4
5 2
6 1
6 3
7 0
7 3
8 0
8 1
9 7
9 0
10 2
10 0
11 10
11 8
12 8
12 0
13 9
13 1
14 5
14 8
15 8
15 11
16 14
16 8
17 8
17 15
18 10
18 15
19 15
19 7
20 10
20 19
21 12
21 9
22 20
22 11
23 10
23 8
24 15
24 1
25 2
25 19
26 3
26 4
27 1
27 12
28 0
28 25
29 19
29 18
30 28
30 19
31 9
31 0
32 3
32 15
33 24
33 32
34 30
34 0
35 15
35 34
36 15
36 0
37 19
37 13
38 19
38 17
39 36
39 29
40 15
40 13
41 11
41 24
42 16
42 0
43 17
43 32
44 0
44 42
45 19
45 14
46 43
46 20
47 4
47 27
48 21
48 8
49 16
49 26
50 4
50 19
51 28
51 27
52 8
52 5
53 1
53 52
54 2
54 14
55 20
55 5
56 13
56 30
57 2
57 52
58 0
58 1
59 28
59 9
60 55
60 15
61 1
61 7
62 24
62 39
63 21
63 48
64 54
64 14
65 4
65 44
66 37
66 7
67 39
67 42
68 20
68 7
69 1
69 37
70 37
70 48
71 18
71 40
72 5
72 1
73 5
73 37
74 6
74 27
75 20
75 1
76 4
76 54
77 27
77 4
78 15
78 40
79 24
79 0
80 34
80 39
81 10
81 67
82 29
82 67
83 11
83 24
84 15
84 9
85 1
85 4
86 17
86 2
87 10
87 3
88 48
88 68
89 15
89 27
90 10
90 15
91 30
91 89
92 30
92 8
93 25
93 27
94 2
94 33
95 1
95 39
96 3
96 17
97 0
97 19
98 55
98 89
99 15
99 83
0 0 1 1 1 0 0 1 1 1 0 0 0 0 0 0 1 1 0 0 0 0 0 1 0 0 1 1 1 1 1 1 1 0 1 0 0 1 0 0 1 0 1 0 1 0 1 1 0 1 0 1 0 0 0 0 1 1 0 0 0 0 0 1 0 0 0 0 0 1 0 0 1 0 1 0 0 1 0 1 0 0 1 0 0 1 1 1 0 1 0 0 0 0 0 1 0 0 1 1
0 0 0 1 0 0 0 0 1 0 0 0 0 1 0 1 0 1 0 1 0 1 0 1 1 0 0 0 1 0 0 1 0 0 0 0 0 1 0 0 0 0 0 0 1 0 1 1 0 0 0 0 1 1 0 0 1 1 1 0 1 1 1 0 1 0 1 0 0 0 0 1 0 1 1 0 1 1 0 0 1 0 1 0 1 1 0 1 1 0 0 1 1 1 0 0 1 1 1 0
1 1 0 0 1 0 1 1 0 1 1 0 0 1 1 0 0 1 1 1 1 1 1 1 0 1 1 1 1 1 0 1 1 1 1 0 1 0 1 0 1 1 1 1 0 0 0 1 0 0 0 1 0 1 0 1 0 1 1 1 1 1 1 1 1 1 0 1 0 0 0 0 1 0 0 0 0 1 0 1 1 0 0 1 1 1 1 0 0 1 0 1 0 0 1 0 1 1 1 1
1 0 1 1 1 1 0 0 0 0 1 1 1 1 0 0 1 1 0 1 1 0 0 0 0 1 1 1 1 1 1 0 1 0 0 1 0 1 0 1 1 1 1 0 1 1 0 0 1 1 0 0 0 1 1 1 0 0 1 1 1 1 0 0 0 1 0 1 0 0 1 1 0 1 1 1 1 0 1 0 1 1 1 0 1 1 0 1 1 1 0 1 0 0 0 1 1 0 0 1
1 1 1 0 1 0 0 0 1 1 0 0 0 0 0 1 0 1 1 1 0 0 0 0 1 1 0 1 1 0 1 0 0 1 1 0 0 0 1 1 0 1 0 1 0 1 1 1 0 1 1 1 1 1 1 1 0 0 1 1 1 1 1 1 1 1 0 1 1 1 0 0 1 1 1 1 0 0 1 0 1 1 0 1 0 0 1 1 1 1 0 1 0 0 1 1 1 1 0 1