50 194 5
0 1
0 2
1 2
0 3
1 3
2 4
1 4
2 5
4 5
1 6
0 6
1 7
4 7
3 8
5 8
2 9
3 9
4 10
1 10
1 11
3 11
0 12
1 12
7 13
12 13
12 14
13 14
5 15
1 15
11 16
0 16
4 17
11 17
3 18
10 18
7 19
10 19
13 20
18 20
18 21
13 21
16 22
2 22
14 23
19 23
6 24
19 24
16 25
18 25
1 26
11 26
5 27
17 27
20 28
13 28
11 29
23 29
13 30
20 30
5 31
28 31
1 32
10 32
10 33
30 33
12 34
10 34
0 35
14 35
1 36
5 36
30 37
2 37
25 38
12 38
28 39
5 39
23 40
6 40
20 41
38 41
5 42
7 42
18 43
1 43
37 44
43 44
1 45
29 45
15 46
5 46
18 47
13 47
28 48
13 48
15 49
20 49
1 0
2 0
2 1
3 0
3 1
4 2
4 1
5 2
5 4
6 1
6 0
7 1
7 4
8 3
8 5
9 2
9 3
10 4
10 1
11 1
11 3
12 0
12 1
13 7
13 12
14 12
14 13
15 5
15 1
16 11
16 0
17 4
17 11
18 3
18 10
19 7
19 10
20 13
20 18
21 18
21 13
22 16
22 2
23 14
23 19
24 6
24 19
25 16
25 18
26 1
26 11
27 5
27 17
28 20
28 13
29 11
29 23
30 13
30 20
31 5
31 28
32 1
32 10
33 10
33 30
34 12
34 10
35 0
35 14
36 1
36 5
37 30
37 2
38 25
38 12
39 28
39 5
40 23
40 6
41 20
41 38
42 5
42 7
43 18
43 1
44 37
44 43
45 1
45 29
46 15
46 5
47 18
47 13
48 28
48 13
49 15
49 20
0 0 0 0 0 0 1 1 0 1 1 1 0 1 0 0 0 0 1 1 1 0 1 1 1 0 1 0 1 0 0 0 0 1 0 1 0 1 0 1 1 0 1 1 0 0 0 1 0 1
0 0 1 1 0 0 0 0 1 1 0 0 1 1 0 0 1 1 0 0 1 0 0 1 1 0 1 0 0 1 0 1 1 1 0 1 0 1 0 1 0 1 1 0 0 1 0 1 0 1
1 0 1 1 1 0 1 1 1 1 1 0 0 1 1 0 0 1 1 1 0 0 0 1 0 0 0 1 0 1 0 1 1 0 1 1 1 0 0 0 0 0 0 1 0 1 1 0 1 0
0 0 1 1 0 0 1 0 1 0 1 0 0 0 1 1 1 0 0 1 0 0 0 1 1 1 0 0 0 0 1 1 0 1 1 1 0 0 0 0 1 0 1 1 1 1 0 1 0 1
1 0 0 1 0 1 0 1 0 1 1 1 0 1 1 1 0 1 0 0 0 1 0 1 0 0 0 0 1 0 1 0 0 1 0 0 0 1 0 1 0 1 1 0 1 1 0 1 0 0