100 780 5
0 1
0 2
1 2
0 3
1 3
2 3
0 4
1 4
2 4
3 4
1 5
3 5
4 5
2 5
3 6
4 6
5 6
1 6
3 7
2 7
1 7
6 7
1 8
0 8
3 8
6 8
1 9
0 9
2 9
3 9
4 10
9 10
3 10
2 10
8 11
4 11
0 11
2 11
2 12
10 12
9 12
1 12
8 13
3 13
6 13
2 13
12 14
6 14
1 14
5 14
1 15
3 15
4 15
10 15
11 16
7 16
13 16
12 16
3 17
1 17
6 17
14 17
12 18
4 18
14 18
7 18
6 19
7 19
11 19
4 19
8 20
7 20
14 20
10 20
13 21
8 21
3 21
9 21
13 22
4 22
17 22
0 22
13 23
9 23
14 23
16 23
9 24
3 24
2 24
13 24
1 25
20 25
13 25
15 25
8 26
17 26
21 26
4 26
4 27
13 27
2 27
10 27
1 28
15 28
25 28
19 28
8 29
28 29
7 29
6 29
3 30
9 30
12 30
15 30
12 31
7 31
6 31
1 31
29 32
12 32
17 32
5 32
29 33
23 33
13 33
14 33
10 34
3 34
2 34
24 34
15 35
27 35
2 35
6 35
25 36
12 36
15 36
18 36
29 37
9 37
34 37
3 37
15 38
32 38
2 38
25 38
15 39
6 39
4 39
16 39
16 40
30 40
19 40
9 40
4 41
6 41
30 41
27 41
16 42
37 42
13 42
6 42
25 43
28 43
42 43
33 43
31 44
39 44
25 44
1 44
22 45
10 45
24 45
16 45
16 46
1 46
25 46
14 46
29 47
9 47
21 47
0 47
37 48
23 48
40 48
27 48
9 49
6 49
43 49
24 49
28 50
3 50
29 50
14 50
2 51
3 51
25 51
0 51
8 52
25 52
47 52
12 52
14 53
51 53
8 53
29 53
45 54
16 54
51 54
29 54
15 55
16 55
13 55
26 55
16 56
24 56
53 56
2 56
29 57
51 57
35 57
15 57
40 58
16 58
0 58
57 58
39 59
10 59
29 59
57 59
13 60
56 60
36 60
6 60
47 61
6 61
16 61
3 61
8 62
2 62
17 62
1 62
16 63
58 63
34 63
9 63
63 64
13 64
16 64
53 64
21 65
61 65
13 65
33 65
29 66
40 66
24 66
4 66
34 67
2 67
16 67
42 67
18 68
45 68
29 68
15 68
64 69
17 69
29 69
6 69
39 70
53 70
59 70
17 70
66 71
16 71
14 71
31 71
3 72
27 72
40 72
14 72
57 73
13 73
10 73
14 73
15 74
18 74
14 74
56 74
25 75
12 75
37 75
53 75
13 76
8 76
29 76
14 76
36 77
18 77
5 77
56 77
43 78
20 78
25 78
9 78
50 79
32 79
57 79
53 79
27 80
13 80
61 80
6 80
25 81
53 81
8 81
27 81
38 82
27 82
28 82
23 82
7 83
52 83
75 83
77 83
65 84
70 84
61 84
2 84
64 85
17 85
15 85
3 85
2 86
12 86
21 86
40 86
2 87
86 87
7 87
46 87
40 88
15 88
45 88
83 88
42 89
7 89
61 89
16 89
47 90
34 90
35 90
10 90
74 91
10 91
52 91
88 91
82 92
74 92
54 92
34 92
24 93
54 93
75 93
9 93
89 94
14 94
2 94
1 94
10 95
40 95
3 95
12 95
4 96
28 96
44 96
0 96
48 97
71 97
49 97
17 97
12 98
82 98
66 98
14 98
27 99
31 99
62 99
12 99
1 0
2 0
2 1
3 0
3 1
3 2
4 0
4 1
4 2
4 3
5 1
5 3
5 4
5 2
6 3
6 4
6 5
6 1
7 3
7 2
7 1
7 6
8 1
8 0
8 3
8 6
9 1
9 0
9 2
9 3
10 4
10 9
10 3
10 2
11 8
11 4
11 0
11 2
12 2
12 10
12 9
12 1
13 8
13 3
13 6
13 2
14 12
14 6
14 1
14 5
15 1
15 3
15 4
15 10
16 11
16 7
16 13
16 12
17 3
17 1
17 6
17 14
18 12
18 4
18 14
18 7
19 6
19 7
19 11
19 4
20 8
20 7
20 14
20 10
21 13
21 8
21 3
21 9
22 13
22 4
22 17
22 0
23 13
23 9
23 14
23 16
24 9
24 3
24 2
24 13
25 1
25 20
25 13
25 15
26 8
26 17
26 21
26 4
27 4
27 13
27 2
27 10
28 1
28 15
28 25
28 19
29 8
29 28
29 7
29 6
30 3
30 9
30 12
30 15
31 12
31 7
31 6
31 1
32 29
32 12
32 17
32 5
33 29
33 23
33 13
33 14
34 10
34 3
34 2
34 24
35 15
35 27
35 2
35 6
36 25
36 12
36 15
36 18
37 29
37 9
37 34
37 3
38 15
38 32
38 2
38 25
39 15
39 6
39 4
39 16
40 16
40 30
40 19
40 9
41 4
41 6
41 30
41 27
42 16
42 37
42 13
42 6
43 25
43 28
43 42
43 33
44 31
44 39
44 25
44 1
45 22
45 10
45 24
45 16
46 16
46 1
46 25
46 14
47 29
47 9
47 21
47 0
48 37
48 23
48 40
48 27
49 9
49 6
49 43
49 24
50 28
50 3
50 29
50 14
51 2
51 3
51 25
51 0
52 8
52 25
52 47
52 12
53 14
53 51
53 8
53 29
54 45
54 16
54 51
54 29
55 15
55 16
55 13
55 26
56 16
56 24
56 53
56 2
57 29
57 51
57 35
57 15
58 40
58 16
58 0
58 57
59 39
59 10
59 29
59 57
60 13
60 56
60 36
60 6
61 47
61 6
61 16
61 3
62 8
62 2
62 17
62 1
63 16
63 58
63 34
63 9
64 63
64 13
64 16
64 53
65 21
65 61
65 13
65 33
66 29
66 40
66 24
66 4
67 34
67 2
67 16
67 42
68 18
68 45
68 29
68 15
69 64
69 17
69 29
69 6
70 39
70 53
70 59
70 17
71 66
71 16
71 14
71 31
72 3
72 27
72 40
72 14
73 57
73 13
73 10
73 14
74 15
74 18
74 14
74 56
75 25
75 12
75 37
75 53
76 13
76 8
76 29
76 14
77 36
77 18
77 5
77 56
78 43
78 20
78 25
78 9
79 50
79 32
79 57
79 53
80 27
80 13
80 61
80 6
81 25
81 53
81 8
81 27
82 38
82 27
82 28
82 23
83 7
83 52
83 75
83 77
84 65
84 70
84 61
84 2
85 64
85 17
85 15
85 3
86 2
86 12
86 21
86 40
87 2
87 86
87 7
87 46
88 40
88 15
88 45
88 83
89 42
89 7
89 61
89 16
90 47
90 34
90 35
90 10
91 74
91 10
91 52
91 88
92 82
92 74
92 54
92 34
93 24
93 54
93 75
93 9
94 89
94 14
94 2
94 1
95 10
95 40
95 3
95 12
96 4
96 28
96 44
96 0
97 48
97 71
97 49
97 17
98 12
98 82
98 66
98 14
99 27
99 31
99 62
99 12
1 1 0 1 1 1 1 0 0 0 0 0 1 1 0 1 0 0 0 1 1 0 1 1 1 1 1 1 0 1 1 1 1 0 1 1 1 1 1 0 0 0 1 1 0 1 1 0 0 0 0 1 1 0 0 0 1 0 0 1 1 0 1 1 1 1 0 0 0 1 0 1 1 0 0 1 0 1 1 0 0 0 1 1 0 1 0 0 1 0 1 0 0 0 0 0 1 0 1 0
0 1 1 1 0 1 1 1 0 0 1 0 0 0 1 1 1 1 0 0 1 0 0 1 0 1 1 0 0 0 0 0 1 1 0 0 1 0 0 0 1 0 1 1 1 0 1 0 0 0 1 1 1 0 0 0 0 1 0 1 0 1 1 0 1 0 0 0 0 0 1 0 0 1 0 0 1 0 1 0 0 0 0 1 1 1 0 0 0 0 0 1 1 0 1 1 1 1 0 1
0 1 0 0 1 1 0 1 0 0 0 0 0 1 0 0 1 1 1 1 1 0 1 1 0 1 0 1 1 1 0 0 0 1 1 0 0 0 1 1 1 1 1 1 0 1 1 1 1 1 0 0 0 0 1 0 0 1 0 1 0 0 1 1 1 1 1 0 1 1 0 0 1 0 1 1 0 1 1 0 1 1 1 1 0 0 1 0 0 1 0 1 0 0 0 0 1 1 1 0
0 0 0 1 0 0 1 0 1 1 1 0 1 0 0 1 0 0 1 1 1 0 0 1 0 1 1 0 1 0 1 1 1 0 1 0 0 1 0 0 1 0 1 0 1 1 1 1 1 1 1 0 1 0 0 0 1 0 1 0 1 1 1 1 1 1 0 0 1 0 1 0 1 1 1 0 1 1 0 0 1 1 0 1 1 1 1 1 0 1 1 0 0 1 0 0 1 0 1 1
0 1 1 0 0 1 1 1 1 0 1 1 1 0 1 1 1 0 0 1 0 1 0 0 0 0 0 1 1 0 0 1 1 1 0 0 0 0 1 0 1 1 0 0 1 1 0 0 1 0 1 1 1 1 1 1 1 1 0 0 0 0 0 0 0 0 1 1 0 0 0 1 0 0 0 1 0 0 1 0 1 0 0 1 1 0 1 1 0 1 0 0 0 1 0 0 1 0 1 1