100 394 5
0 1
0 2
1 2
1 3
2 3
2 4
1 4
4 5
2 5
2 6
4 6
2 7
1 7
6 8
0 8
1 9
2 9
3 10
2 10
4 11
3 11
6 12
3 12
0 13
9 13
8 14
13 14
9 15
5 15
7 16
0 16
7 17
10 17
4 18
9 18
0 19
13 19
0 20
11 20
16 21
2 21
15 22
16 22
14 23
2 23
0 24
2 24
1 25
3 25
3 26
8 26
1 27
17 27
13 28
16 28
25 29
3 29
16 30
3 30
0 31
7 31
25 32
4 32
16 33
31 33
24 34
16 34
0 35
1 35
18 36
33 36
9 37
0 37
2 38
13 38
18 39
3 39
28 40
22 40
23 41
14 41
29 42
2 42
2 43
15 43
17 44
3 44
6 45
19 45
16 46
31 46
2 47
4 47
6 48
8 48
16 49
1 49
16 50
2 50
43 51
45 51
48 52
8 52
35 53
16 53
37 54
53 54
28 55
0 55
0 56
42 56
35 57
1 57
21 58
28 58
58 59
9 59
22 60
56 60
12 61
9 61
16 62
5 62
16 63
20 63
18 64
9 64
17 65
27 65
16 66
14 66
6 67
55 67
5 68
59 68
1 69
38 69
38 70
55 70
46 71
44 71
2 72
0 72
12 73
16 73
1 74
26 74
33 75
21 75
4 76
35 76
48 77
27 77
60 78
56 78
21 79
66 79
16 80
3 80
4 81
0 81
57 82
21 82
8 83
6 83
38 84
72 84
46 85
48 85
0 86
50 86
6 87
35 87
4 88
44 88
29 89
14 89
37 90
14 90
31 91
0 91
77 92
9 92
33 93
1 93
2 94
81 94
26 95
38 95
12 96
73 96
2 97
68 97
15 98
21 98
28 99
22 99
1 0
2 0
2 1
3 1
3 2
4 2
4 1
5 4
5 2
6 2
6 4
7 2
7 1
8 6
8 0
9 1
9 2
10 3
10 2
11 4
11 3
12 6
12 3
13 0
13 9
14 8
14 13
15 9
15 5
16 7
16 0
17 7
17 10
18 4
18 9
19 0
19 13
20 0
20 11
21 16
21 2
22 15
22 16
23 14
23 2
24 0
24 2
25 1
25 3
26 3
26 8
27 1
27 17
28 13
28 16
29 25
29 3
30 16
30 3
31 0
31 7
32 25
32 4
33 16
33 31
34 24
34 16
35 0
35 1
36 18
36 33
37 9
37 0
38 2
38 13
39 18
39 3
40 28
40 22
41 23
41 14
42 29
42 2
43 2
43 15
44 17
44 3
45 6
45 19
46 16
46 31
47 2
47 4
48 6
48 8
49 16
49 1
50 16
50 2
51 43
51 45
52 48
52 8
53 35
53 16
54 37
54 53
55 28
55 0
56 0
56 42
57 35
57 1
58 21
58 28
59 58
59 9
60 22
60 56
61 12
61 9
62 16
62 5
63 16
63 20
64 18
64 9
65 17
65 27
66 16
66 14
67 6
67 55
68 5
68 59
69 1
69 38
70 38
70 55
71 46
71 44
72 2
72 0
73 12
73 16
74 1
74 26
75 33
75 21
76 4
76 35
77 48
77 27
78 60
78 56
79 21
79 66
80 16
80 3
81 4
81 0
82 57
82 21
83 8
83 6
84 38
84 72
85 46
85 48
86 0
86 50
87 6
87 35
88 4
88 44
89 29
89 14
90 37
90 14
91 31
91 0
92 77
92 9
93 33
93 1
94 2
94 81
95 26
95 38
96 12
96 73
97 2
97 68
98 15
98 21
99 28
99 22
0 0 0 0 1 1 0 0 0 0 0 1 0 0 0 0 0 1 0 1 0 0 0 0 0 1 1 0 1 0 0 1 1 1 0 0 0 0 1 1 1 1 0 1 1 1 1 0 1 0 1 0 1 1 1 1 1 1 1 1 1 0 0 1 0 0 1 1 1 1 1 0 1 0 1 0 1 1 0 0 1 0 1 1 1 1 1 1 0 0 1 0 0 1 1 1 1 1 0 1
0 1 0 1 0 1 1 1 1 0 1 0 1 1 0 1 0 1 0 1 0 1 1 0 0 0 0 0 1 0 0 1 0 1 0 1 0 1 0 0 0 0 1 0 1 1 1 1 0 1 0 1 1 0 1 0 1 1 1 1 1 1 0 0 0 0 0 1 0 1 1 0 1 1 1 1 1 1 0 1 0 1 1 0 1 0 0 0 0 0 1 0 0 1 0 0 1 0 0 0
1 0 0 1 1 1 0 1 1 1 1 1 1 1 1 0 1 1 0 0 0 1 0 0 0 1 1 1 1 1 0 0 0 0 0 0 1 1 1 1 0 0 1 1 0 0 1 1 1 1 0 1 0 0 0 0 1 1 0 1 1 0 0 1 1 0 0 0 1 1 1 0 0 1 1 1 0 1 1 1 1 1 1 1 0 1 0 1 1 0 0 1 0 1 1 0 0 1 0 1
0 0 1 1 0 0 1 0 0 1 1 0 0 0 1 0 1 1 0 0 1 0 0 0 1 0 1 0 0 1 1 0 1 0 1 0 0 0 0 0 1 0 0 1 0 1 1 1 1 0 1 0 0 1 0 0 0 0 0 1 0 0 1 1 1 0 1 0 0 0 0 1 0 0 0 1 1 0 1 1 0 1 1 1 1 0 0 0 1 1 0 0 1 0 0 0 1 1 1 0
0 0 0 0 0 1 1 0 0 0 0 1 1 0 1 1 1 1 1 1 1 0 0 1 0 1 1 1 0 1 1 0 0 0 1 0 1 0 1 1 1 0 1 0 1 0 0 0 1 1 0 1 0 1 0 1 1 0 0 0 1 1 1 0 0 0 1 0 0 0 1 0 0 0 0 1 0 1 1 0 0 0 0 1 1 1 1 0 1 1 0 0 1 0 0 1 0 0 0 0