250 1980 5
0 1
0 2
1 2
0 3
1 3
2 3
0 4
1 4
2 4
3 4
4 5
2 5
3 5
0 5
0 6
3 6
5 6
4 6
4 7
6 7
3 7
2 7
4 8
2 8
7 8
6 8
3 9
8 9
6 9
4 9
9 10
4 10
3 10
7 10
8 11
6 11
2 11
0 11
6 12
4 12
10 12
1 12
9 13
10 13
6 13
2 13
6 14
7 14
4 14
2 14
2 15
12 15
9 15
7 15
15 16
10 16
9 16
3 16
15 17
7 17
11 17
6 17
7 18
3 18
16 18
4 18
9 19
14 19
4 19
10 19
16 20
7 20
4 20
10 20
4 21
15 21
9 21
12 21
18 22
9 22
13 22
12 22
1 23
18 23
9 23
4 23
17 24
11 24
2 24
1 24
4 25
9 25
7 25
10 25
1 26
8 26
10 26
21 26
16 27
25 27
0 27
7 27
4 28
16 28
7 28
6 28
4 29
10 29
3 29
23 29
2 30
12 30
6 30
17 30
3 31
29 31
20 31
17 31
16 32
24 32
4 32
25 32
1 33
15 33
25 33
19 33
24 34
25 34
26 34
6 34
6 35
12 35
30 35
17 35
28 36
12 36
7 36
4 36
16 37
13 37
4 37
0 37
11 38
5 38
0 38
15 38
9 39
11 39
23 39
34 39
14 40
10 40
7 40
2 40
6 41
24 41
2 41
21 41
6 42
1 42
0 42
35 42
4 43
29 43
11 43
8 43
10 44
34 44
25 44
13 44
25 45
36 45
4 45
16 45
3 46
5 46
6 46
9 46
40 47
1 47
26 47
42 47
36 48
34 48
10 48
11 48
27 49
5 49
33 49
7 49
7 50
46 50
31 50
16 50
50 51
1 51
28 51
5 51
4 52
50 52
13 52
37 52
22 53
39 53
4 53
9 53
18 54
15 54
11 54
30 54
3 55
40 55
4 55
49 55
26 56
16 56
36 56
52 56
51 57
3 57
53 57
27 57
25 58
35 58
34 58
30 58
6 59
12 59
18 59
26 59
4 60
22 60
7 60
25 60
60 61
33 61
57 61
23 61
18 62
26 62
2 62
55 62
7 63
6 63
10 63
29 63
43 64
7 64
1 64
26 64
24 65
4 65
3 65
40 65
2 66
33 66
9 66
18 66
12 67
10 67
28 67
7 67
42 68
66 68
33 68
11 68
16 69
18 69
46 69
63 69
7 70
24 70
31 70
6 70
24 71
34 71
35 71
43 71
15 72
6 72
33 72
36 72
70 73
5 73
62 73
7 73
59 74
3 74
2 74
39 74
17 75
60 75
7 75
58 75
44 76
21 76
13 76
4 76
15 77
18 77
14 77
7 77
6 78
7 78
51 78
11 78
16 79
61 79
9 79
67 79
3 80
7 80
32 80
17 80
46 81
50 81
55 81
35 81
48 82
10 82
67 82
5 82
3 83
36 83
31 83
71 83
34 84
7 84
71 84
26 84
63 85
1 85
37 85
67 85
46 86
28 86
36 86
18 86
26 87
0 87
50 87
63 87
59 88
43 88
10 88
37 88
54 89
12 89
62 89
86 89
6 90
75 90
81 90
11 90
36 91
11 91
12 91
46 91
22 92
78 92
26 92
71 92
7 93
6 93
56 93
53 93
6 94
11 94
30 94
35 94
5 95
61 95
15 95
20 95
25 96
65 96
48 96
3 96
8 97
91 97
24 97
4 97
55 98
7 98
52 98
5 98
3 99
85 99
51 99
62 99
84 100
18 100
29 100
3 100
78 101
27 101
61 101
34 101
29 102
3 102
6 102
0 102
9 103
13 103
59 103
7 103
15 104
4 104
48 104
7 104
81 105
97 105
28 105
9 105
94 106
80 106
39 106
67 106
9 107
55 107
62 107
4 107
100 108
31 108
6 108
7 108
71 109
27 109
64 109
82 109
72 110
58 110
4 110
41 110
5 111
16 111
84 111
31 111
103 112
7 112
31 112
6 112
52 113
95 113
58 113
71 113
73 114
80 114
34 114
36 114
13 115
91 115
35 115
67 115
82 116
14 116
60 116
38 116
32 117
68 117
2 117
15 117
50 118
37 118
0 118
25 118
41 119
96 119
115 119
73 119
81 120
28 120
30 120
21 120
59 121
13 121
28 121
18 121
46 122
38 122
54 122
87 122
70 123
20 123
16 123
28 123
40 124
10 124
38 124
2 124
114 125
0 125
9 125
11 125
84 126
124 126
68 126
28 126
73 127
7 127
45 127
71 127
20 128
113 128
22 128
64 128
104 129
60 129
52 129
30 129
13 130
70 130
46 130
85 130
88 131
63 131
7 131
18 131
22 132
19 132
3 132
1 132
112 133
48 133
67 133
92 133
105 134
88 134
10 134
6 134
21 135
110 135
33 135
51 135
8 136
32 136
18 136
7 136
59 137
32 137
75 137
28 137
129 138
119 138
29 138
91 138
2 139
18 139
1 139
103 139
16 140
135 140
3 140
49 140
78 141
139 141
109 141
81 141
111 142
42 142
25 142
38 142
6 143
137 143
123 143
56 143
7 144
89 144
50 144
24 144
43 145
36 145
10 145
6 145
136 146
46 146
25 146
7 146
120 147
6 147
146 147
24 147
32 148
22 148
36 148
43 148
46 149
33 149
122 149
10 149
18 150
26 150
121 150
28 150
6 151
41 151
21 151
23 151
69 152
39 152
119 152
14 152
33 153
32 153
41 153
67 153
1 154
6 154
78 154
71 154
54 155
4 155
130 155
71 155
92 156
28 156
40 156
99 156
22 157
57 157
97 157
113 157
25 158
118 158
121 158
27 158
61 159
2 159
121 159
143 159
5 160
75 160
33 160
51 160
11 161
160 161
142 161
32 161
31 162
18 162
10 162
90 162
55 163
41 163
156 163
99 163
40 164
2 164
24 164
21 164
49 165
125 165
4 165
95 165
82 166
11 166
35 166
15 166
12 167
74 167
26 167
40 167
62 168
5 168
115 168
0 168
75 169
4 169
25 169
168 169
27 170
107 170
6 170
29 170
4 171
0 171
3 171
48 171
90 172
86 172
95 172
103 172
10 173
5 173
170 173
137 173
26 174
71 174
67 174
4 174
81 175
97 175
10 175
121 175
123 176
156 176
157 176
79 176
43 177
7 177
36 177
117 177
76 178
57 178
62 178
32 178
28 179
160 179
82 179
65 179
10 180
75 180
66 180
34 180
40 181
14 181
156 181
12 181
9 182
0 182
110 182
43 182
35 183
7 183
106 183
10 183
11 184
138 184
6 184
25 184
74 185
170 185
27 185
173 185
33 186
129 186
6 186
115 186
34 187
108 187
152 187
163 187
55 188
47 188
18 188
32 188
133 189
10 189
6 189
93 189
137 190
100 190
119 190
110 190
0 191
9 191
4 191
66 191
157 192
179 192
54 192
86 192
5 193
73 193
12 193
52 193
92 194
20 194
191 194
160 194
40 195
10 195
23 195
2 195
113 196
33 196
6 196
164 196
3 197
174 197
9 197
119 197
24 198
163 198
165 198
81 198
27 199
177 199
66 199
28 199
160 200
3 200
177 200
6 200
44 201
199 201
114 201
25 201
84 202
1 202
135 202
192 202
140 203
80 203
170 203
109 203
203 204
35 204
37 204
42 204
7 205
84 205
85 205
71 205
4 206
192 206
0 206
20 206
95 207
70 207
79 207
32 207
139 208
161 208
183 208
28 208
46 209
152 209
26 209
38 209
7 210
21 210
70 210
37 210
195 211
34 211
200 211
37 211
100 212
193 212
61 212
120 212
26 213
18 213
27 213
3 213
21 214
166 214
97 214
119 214
161 215
181 215
25 215
7 215
107 216
9 216
0 216
157 216
55 217
61 217
170 217
144 217
183 218
27 218
39 218
26 218
36 219
4 219
204 219
26 219
20 220
32 220
54 220
10 220
26 221
129 221
88 221
13 221
0 222
3 222
86 222
20 222
10 223
65 223
192 223
22 223
60 224
32 224
211 224
89 224
34 225
2 225
0 225
9 225
7 226
148 226
18 226
173 226
79 227
107 227
110 227
193 227
226 228
28 228
123 228
105 228
97 229
224 229
223 229
104 229
187 230
189 230
126 230
87 230
227 231
168 231
13 231
89 231
6 232
33 232
187 232
62 232
98 233
218 233
0 233
139 233
94 234
10 234
123 234
117 234
1 235
26 235
154 235
6 235
11 236
3 236
98 236
94 236
9 237
110 237
5 237
4 237
32 238
166 238
204 238
210 238
174 239
124 239
62 239
130 239
19 240
68 240
233 240
88 240
136 241
61 241
40 241
210 241
166 242
154 242
26 242
6 242
206 243
119 243
30 243
36 243
4 244
192 244
167 244
60 244
139 245
142 245
119 245
8 245
1 246
92 246
7 246
4 246
37 247
67 247
212 247
176 247
99 248
156 248
54 248
89 248
1 249
62 249
21 249
92 249
1 0
2 0
2 1
3 0
3 1
3 2
4 0
4 1
4 2
4 3
5 4
5 2
5 3
5 0
6 0
6 3
6 5
6 4
7 4
7 6
7 3
7 2
8 4
8 2
8 7
8 6
9 3
9 8
9 6
9 4
10 9
10 4
10 3
10 7
11 8
11 6
11 2
11 0
12 6
12 4
12 10
12 1
13 9
13 10
13 6
13 2
14 6
14 7
14 4
14 2
15 2
15 12
15 9
15 7
16 15
16 10
16 9
16 3
17 15
17 7
17 11
17 6
18 7
18 3
18 16
18 4
19 9
19 14
19 4
19 10
20 16
20 7
20 4
20 10
21 4
21 15
21 9
21 12
22 18
22 9
22 13
22 12
23 1
23 18
23 9
23 4
24 17
24 11
24 2
24 1
25 4
25 9
25 7
25 10
26 1
26 8
26 10
26 21
27 16
27 25
27 0
27 7
28 4
28 16
28 7
28 6
29 4
29 10
29 3
29 23
30 2
30 12
30 6
30 17
31 3
31 29
31 20
31 17
32 16
32 24
32 4
32 25
33 1
33 15
33 25
33 19
34 24
34 25
34 26
34 6
35 6
35 12
35 30
35 17
36 28
36 12
36 7
36 4
37 16
37 13
37 4
37 0
38 11
38 5
38 0
38 15
39 9
39 11
39 23
39 34
40 14
40 10
40 7
40 2
41 6
41 24
41 2
41 21
42 6
42 1
42 0
42 35
43 4
43 29
43 11
43 8
44 10
44 34
44 25
44 13
45 25
45 36
45 4
45 16
46 3
46 5
46 6
46 9
47 40
47 1
47 26
47 42
48 36
48 34
48 10
48 11
49 27
49 5
49 33
49 7
50 7
50 46
50 31
50 16
51 50
51 1
51 28
51 5
52 4
52 50
52 13
52 37
53 22
53 39
53 4
53 9
54 18
54 15
54 11
54 30
55 3
55 40
55 4
55 49
56 26
56 16
56 36
56 52
57 51
57 3
57 53
57 27
58 25
58 35
58 34
58 30
59 6
59 12
59 18
59 26
60 4
60 22
60 7
60 25
61 60
61 33
61 57
61 23
62 18
62 26
62 2
62 55
63 7
63 6
63 10
63 29
64 43
64 7
64 1
64 26
65 24
65 4
65 3
65 40
66 2
66 33
66 9
66 18
67 12
67 10
67 28
67 7
68 42
68 66
68 33
68 11
69 16
69 18
69 46
69 63
70 7
70 24
70 31
70 6
71 24
71 34
71 35
71 43
72 15
72 6
72 33
72 36
73 70
73 5
73 62
73 7
74 59
74 3
74 2
74 39
75 17
75 60
75 7
75 58
76 44
76 21
76 13
76 4
77 15
77 18
77 14
77 7
78 6
78 7
78 51
78 11
79 16
79 61
79 9
79 67
80 3
80 7
80 32
80 17
81 46
81 50
81 55
81 35
82 48
82 10
82 67
82 5
83 3
83 36
83 31
83 71
84 34
84 7
84 71
84 26
85 63
85 1
85 37
85 67
86 46
86 28
86 36
86 18
87 26
87 0
87 50
87 63
88 59
88 43
88 10
88 37
89 54
89 12
89 62
89 86
90 6
90 75
90 81
90 11
91 36
91 11
91 12
91 46
92 22
92 78
92 26
92 71
93 7
93 6
93 56
93 53
94 6
94 11
94 30
94 35
95 5
95 61
95 15
95 20
96 25
96 65
96 48
96 3
97 8
97 91
97 24
97 4
98 55
98 7
98 52
98 5
99 3
99 85
99 51
99 62
100 84
100 18
100 29
100 3
101 78
101 27
101 61
101 34
102 29
102 3
102 6
102 0
103 9
103 13
103 59
103 7
104 15
104 4
104 48
104 7
105 81
105 97
105 28
105 9
106 94
106 80
106 39
106 67
107 9
107 55
107 62
107 4
108 100
108 31
108 6
108 7
109 71
109 27
109 64
109 82
110 72
110 58
110 4
110 41
111 5
111 16
111 84
111 31
112 103
112 7
112 31
112 6
113 52
113 95
113 58
113 71
114 73
114 80
114 34
114 36
115 13
115 91
115 35
115 67
116 82
116 14
116 60
116 38
117 32
117 68
117 2
117 15
118 50
118 37
118 0
118 25
119 41
119 96
119 115
119 73
120 81
120 28
120 30
120 21
121 59
121 13
121 28
121 18
122 46
122 38
122 54
122 87
123 70
123 20
123 16
123 28
124 40
124 10
124 38
124 2
125 114
125 0
125 9
125 11
126 84
126 124
126 68
126 28
127 73
127 7
127 45
127 71
128 20
128 113
128 22
128 64
129 104
129 60
129 52
129 30
130 13
130 70
130 46
130 85
131 88
131 63
131 7
131 18
132 22
132 19
132 3
132 1
133 112
133 48
133 67
133 92
134 105
134 88
134 10
134 6
135 21
135 110
135 33
135 51
136 8
136 32
136 18
136 7
137 59
137 32
137 75
137 28
138 129
138 119
138 29
138 91
139 2
139 18
139 1
139 103
140 16
140 135
140 3
140 49
141 78
141 139
141 109
141 81
142 111
142 42
142 25
142 38
143 6
143 137
143 123
143 56
144 7
144 89
144 50
144 24
145 43
145 36
145 10
145 6
146 136
146 46
146 25
146 7
147 120
147 6
147 146
147 24
148 32
148 22
148 36
148 43
149 46
149 33
149 122
149 10
150 18
150 26
150 121
150 28
151 6
151 41
151 21
151 23
152 69
152 39
152 119
152 14
153 33
153 32
153 41
153 67
154 1
154 6
154 78
154 71
155 54
155 4
155 130
155 71
156 92
156 28
156 40
156 99
157 22
157 57
157 97
157 113
158 25
158 118
158 121
158 27
159 61
159 2
159 121
159 143
160 5
160 75
160 33
160 51
161 11
161 160
161 142
161 32
162 31
162 18
162 10
162 90
163 55
163 41
163 156
163 99
164 40
164 2
164 24
164 21
165 49
165 125
165 4
165 95
166 82
166 11
166 35
166 15
167 12
167 74
167 26
167 40
168 62
168 5
168 115
168 0
169 75
169 4
169 25
169 168
170 27
170 107
170 6
170 29
171 4
171 0
171 3
171 48
172 90
172 86
172 95
172 103
173 10
173 5
173 170
173 137
174 26
174 71
174 67
174 4
175 81
175 97
175 10
175 121
176 123
176 156
176 157
176 79
177 43
177 7
177 36
177 117
178 76
178 57
178 62
178 32
179 28
179 160
179 82
179 65
180 10
180 75
180 66
180 34
181 40
181 14
181 156
181 12
182 9
182 0
182 110
182 43
183 35
183 7
183 106
183 10
184 11
184 138
184 6
184 25
185 74
185 170
185 27
185 173
186 33
186 129
186 6
186 115
187 34
187 108
187 152
187 163
188 55
188 47
188 18
188 32
189 133
189 10
189 6
189 93
190 137
190 100
190 119
190 110
191 0
191 9
191 4
191 66
192 157
192 179
192 54
192 86
193 5
193 73
193 12
193 52
194 92
194 20
194 191
194 160
195 40
195 10
195 23
195 2
196 113
196 33
196 6
196 164
197 3
197 174
197 9
197 119
198 24
198 163
198 165
198 81
199 27
199 177
199 66
199 28
200 160
200 3
200 177
200 6
201 44
201 199
201 114
201 25
202 84
202 1
202 135
202 192
203 140
203 80
203 170
203 109
204 203
204 35
204 37
204 42
205 7
205 84
205 85
205 71
206 4
206 192
206 0
206 20
207 95
207 70
207 79
207 32
208 139
208 161
208 183
208 28
209 46
209 152
209 26
209 38
210 7
210 21
210 70
210 37
211 195
211 34
211 200
211 37
212 100
212 193
212 61
212 120
213 26
213 18
213 27
213 3
214 21
214 166
214 97
214 119
215 161
215 181
215 25
215 7
216 107
216 9
216 0
216 157
217 55
217 61
217 170
217 144
218 183
218 27
218 39
218 26
219 36
219 4
219 204
219 26
220 20
220 32
220 54
220 10
221 26
221 129
221 88
221 13
222 0
222 3
222 86
222 20
223 10
223 65
223 192
223 22
224 60
224 32
224 211
224 89
225 34
225 2
225 0
225 9
226 7
226 148
226 18
226 173
227 79
227 107
227 110
227 193
228 226
228 28
228 123
228 105
229 97
229 224
229 223
229 104
230 187
230 189
230 126
230 87
231 227
231 168
231 13
231 89
232 6
232 33
232 187
232 62
233 98
233 218
233 0
233 139
234 94
234 10
234 123
234 117
235 1
235 26
235 154
235 6
236 11
236 3
236 98
236 94
237 9
237 110
237 5
237 4
238 32
238 166
238 204
238 210
239 174
239 124
239 62
239 130
240 19
240 68
240 233
240 88
241 136
241 61
241 40
241 210
242 166
242 154
242 26
242 6
243 206
243 119
243 30
243 36
244 4
244 192
244 167
244 60
245 139
245 142
245 119
245 8
246 1
246 92
246 7
246 4
247 37
247 67
247 212
247 176
248 99
248 156
248 54
248 89
249 1
249 62
249 21
249 92
0 0 0 0 0 0 1 1 1 1 1 1 1 1 0 0 0 1 1 0 0 0 0 1 0 1 1 1 1 0 1 0 1 1 1 1 1 1 1 0 1 1 0 0 1 0 0 1 0 0 1 0 0 0 0 1 0 0 0 0 0 1 0 1 0 1 1 0 0 1 0 0 1 1 0 0 1 0 0 1 0 0 1 0 1 0 0 0 0 0 1 0 0 0 1 1 0 0 1 1 0 1 1 1 0 0 0 1 0 0 0 1 1 0 0 0 0 1 0 1 0 1 1 0 1 0 1 1 1 1 1 0 1 1 0 0 1 0 1 1 1 1 0 0 1 0 0 0 1 0 0 1 0 1 0 1 1 1 0 1 0 0 0 0 0 0 1 0 1 1 0 0 0 0 0 0 1 1 1 1 1 1 1 0 1 0 0 0 1 1 0 1 1 0 0 1 0 1 0 1 1 0 1 1 0 1 0 1 1 1 0 0 0 0 0 0 0 1 0 0 1 1 0 1 0 0 1 0 0 0 1 0 1 0 1 1 0 0 1 1 0 1 0 1 1 0 0 0 0 0
0 0 1 1 1 0 1 1 0 1 1 0 0 1 1 1 0 1 0 0 1 0 0 1 1 1 1 1 0 0 0 1 0 1 0 0 0 1 0 1 1 1 1 1 0 1 0 0 1 1 1 1 0 1 1 0 0 1 0 1 1 0 1 0 1 0 0 1 1 0 0 0 0 0 0 1 1 1 1 1 0 1 0 1 1 1 0 1 1 0 1 1 1 0 0 1 0 0 0 1 0 0 0 0 0 1 0 1 1 0 1 1 0 1 0 0 1 1 0 0 1 0 0 1 1 0 0 1 1 1 1 0 1 1 0 0 0 1 0 0 0 1 0 0 1 0 0 1 1 0 0 1 0 1 0 1 0 1 0 1 0 1 0 1 0 1 1 1 1 0 1 1 0 1 0 0 0 0 1 1 1 1 0 1 0 1 1 0 0 0 1 0 1 1 0 0 0 0 1 1 1 1 0 1 0 1 0 1 0 0 0 1 0 1 1 1 0 0 0 1 1 1 1 0 0 1 1 0 0 0 1 0 0 1 0 1 1 0 1 1 0 1 0 0 0 1 1 1 1 0
1 0 1 0 0 0 1 0 1 0 1 1 1 1 0 0 1 0 0 0 0 0 1 1 1 1 0 1 1 0 1 1 0 1 0 1 1 0 0 0 0 1 1 0 1 0 1 0 1 1 1 1 0 0 0 1 1 1 1 1 0 0 0 0 0 0 0 1 1 0 1 1 0 1 0 1 0 1 0 1 1 1 1 0 1 1 1 1 0 0 1 0 1 0 1 0 1 1 1 0 0 1 1 0 0 0 0 0 1 0 1 1 1 0 0 1 1 0 0 0 0 0 1 1 1 1 1 1 0 1 0 0 0 0 1 0 1 0 0 0 1 0 0 0 0 0 0 1 0 0 1 1 0 1 1 1 1 0 0 0 1 1 0 0 0 1 0 1 0 1 1 1 1 1 0 0 0 1 1 0 0 0 1 0 0 1 1 0 0 0 1 1 1 0 0 1 0 1 0 1 1 0 1 0 1 0 0 0 0 1 0 0 0 0 0 1 0 0 1 1 1 0 0 1 0 1 1 1 1 1 1 0 1 1 1 1 0 0 0 1 1 1 0 0 1 1 0 0 0 1
1 1 1 1 1 0 1 0 0 1 1 0 1 1 0 1 1 0 1 1 0 0 1 0 1 0 1 0 0 1 1 1 0 1 1 1 1 0 0 1 1 1 1 1 0 0 1 0 1 1 1 1 0 1 1 1 1 1 0 0 1 1 1 1 1 1 1 0 0 0 0 0 1 1 0 0 1 1 0 0 0 0 1 1 1 1 0 1 1 0 1 0 1 0 0 0 1 0 0 0 0 1 1 0 0 1 0 1 1 0 0 1 0 1 0 0 1 1 1 0 0 1 1 0 0 0 1 1 0 0 0 1 0 0 0 0 0 0 0 0 0 0 0 1 0 0 0 1 1 1 1 0 1 1 1 1 1 0 1 0 0 0 1 1 1 1 1 0 1 0 1 1 1 1 0 1 0 0 0 0 1 1 1 1 0 1 0 1 1 1 1 0 1 0 0 0 1 1 1 1 1 1 0 0 1 1 1 0 0 0 1 1 1 1 1 1 0 0 1 1 1 1 0 1 1 1 0 0 1 0 1 1 1 0 0 1 0 1 1 0 1 0 1 0 1 0 0 0 0 0
0 0 1 1 1 0 0 1 0 0 0 0 1 0 1 0 0 0 1 1 1 1 1 1 1 0 1 0 0 0 1 0 1 1 1 0 1 0 1 0 1 0 0 0 0 1 0 0 1 0 0 0 0 0 0 1 1 1 0 1 0 1 1 0 0 1 1 1 1 1 0 1 1 0 0 1 1 0 1 1 1 1 1 0 1 1 0 1 1 1 0 1 1 1 1 1 1 0 1 0 0 1 1 1 1 1 0 1 1 1 0 1 1 0 0 0 1 1 0 0 0 0 1 1 0 1 1 0 0 1 0 0 0 1 0 1 1 1 1 0 0 1 1 1 0 0 1 0 0 0 0 0 1 0 1 1 0 0 0 0 0 1 0 0 1 1 0 1 1 1 1 0 1 0 1 0 0 0 1 0 0 0 0 0 0 1 1 0 1 0 0 0 0 1 0 0 1 1 0 0 0 1 1 1 0 1 0 1 0 1 1 0 0 1 0 0 0 0 1 0 1 1 0 0 1 1 0 0 0 0 0 0 1 1 0 1 1 1 0 1 0 0 0 0 1 1 1 1 1 0