100 390 5
0 1
0 2
1 2
0 3
1 3
2 3
0 4
1 4
2 4
3 4
4 5
2 5
0 5
1 5
3 6
2 6
4 6
1 6
1 7
3 7
5 7
2 7
7 8
6 8
3 8
5 8
4 9
7 9
5 9
0 9
5 10
1 10
0 10
3 10
8 11
6 11
5 11
2 11
3 12
0 12
7 12
5 12
9 13
10 13
5 13
8 13
0 14
4 14
8 14
6 14
1 15
10 15
2 15
6 15
9 16
6 16
1 16
5 16
1 17
5 17
0 17
4 17
11 18
2 18
13 18
6 18
7 19
17 19
9 19
14 19
2 20
10 20
7 20
5 20
8 21
14 21
4 21
0 21
1 22
16 22
3 22
5 22
20 23
4 23
9 23
8 23
3 24
0 24
1 24
4 24
10 25
17 25
14 25
4 25
5 26
18 26
6 26
3 26
3 27
9 27
5 27
8 27
24 28
17 28
0 28
13 28
0 29
2 29
24 29
17 29
4 30
6 30
5 30
1 30
17 31
0 31
5 31
19 31
9 32
29 32
8 32
19 32
4 33
12 33
24 33
21 33
14 34
6 34
12 34
1 34
23 35
17 35
8 35
4 35
4 36
5 36
19 36
9 36
14 37
10 37
9 37
25 37
19 38
12 38
16 38
37 38
37 39
9 39
11 39
21 39
22 40
8 40
18 40
35 40
8 41
14 41
9 41
15 41
36 42
18 42
21 42
5 42
3 43
21 43
0 43
34 43
8 44
9 44
39 44
13 44
18 45
6 45
10 45
17 45
4 46
26 46
19 46
43 46
4 47
35 47
5 47
26 47
21 48
23 48
43 48
46 48
34 49
30 49
48 49
20 49
36 50
35 50
2 50
19 50
27 51
22 51
15 51
14 51
39 52
50 52
5 52
4 52
47 53
10 53
19 53
52 53
3 54
0 54
2 54
10 54
39 55
27 55
28 55
37 55
13 56
15 56
24 56
1 56
29 57
20 57
15 57
46 57
36 58
14 58
37 58
0 58
5 59
24 59
2 59
9 59
4 60
52 60
15 60
6 60
9 61
8 61
33 61
2 61
19 62
9 62
16 62
52 62
36 63
51 63
9 63
54 63
19 64
54 64
58 64
2 64
62 65
16 65
0 65
4 65
60 66
26 66
0 66
44 66
11 67
1 67
58 67
34 67
20 68
1 68
10 68
58 68
64 69
24 69
2 69
67 69
17 70
53 70
36 70
13 70
61 71
37 71
13 71
16 71
48 72
16 72
24 72
13 72
41 73
45 73
47 73
14 73
12 74
23 74
14 74
24 74
49 75
10 75
2 75
5 75
34 76
1 76
47 76
4 76
3 77
4 77
35 77
21 77
13 78
9 78
77 78
34 78
21 79
3 79
76 79
34 79
0 80
8 80
62 80
5 80
10 81
51 81
1 81
33 81
32 82
18 82
1 82
63 82
6 83
45 83
1 83
55 83
2 84
13 84
61 84
32 84
41 85
4 85
3 85
24 85
64 86
18 86
13 86
0 86
35 87
61 87
8 87
43 87
16 88
4 88
7 88
1 88
2 89
9 89
7 89
73 89
58 90
5 90
79 90
46 90
6 91
63 91
39 91
16 91
74 92
2 92
15 92
4 92
21 93
63 93
9 93
19 93
0 94
61 94
32 94
36 94
8 95
0 95
30 95
5 95
28 96
23 96
68 96
10 96
31 97
70 97
62 97
80 97
23 98
43 98
15 98
81 98
62 99
34 99
17 99
10 99
0 0 1 0 0 0 0 0 0 1 1 0 0 1 1 1 1 0 1 0 0 1 1 0 0 0 1 1 0 1 0 0 0 1 0 0 0 0 1 0 1 0 1 0 0 0 0 0 0 1 1 1 0 1 0 1 1 0 1 0 1 1 1 0 1 1 0 0 0 0 0 1 1 0 1 0 1 0 1 1 0 0 1 0 1 1 0 0 1 0 0 0 1 0 0 1 0 1 0 1
1 0 0 0 0 1 0 1 0 0 0 1 1 1 1 0 1 0 0 0 1 0 1 1 0 0 1 1 1 1 1 0 0 1 1 0 0 0 1 1 1 1 1 0 0 1 0 1 1 1 0 0 1 0 1 0 1 0 0 0 1 0 0 0 1 0 1 1 0 0 1 1 1 0 0 0 1 0 0 1 1 0 0 0 1 0 1 0 1 0 0 0 1 0 1 0 0 1 0 1
0 0 0 1 1 1 1 1 0 0 0 1 0 0 1 0 0 0 1 1 1 1 1 0 1 1 1 1 0 1 1 1 0 0 0 1 0 0 1 0 1 1 0 0 1 0 0 1 0 0 1 1 1 0 0 0 1 1 0 0 0 0 0 0 1 1 1 0 0 1 1 1 0 1 0 1 1 0 0 0 0 0 1 1 0 0 0 1 1 0 0 0 1 1 0 1 1 1 1 0
1 1 1 0 1 1 0 1 1 0 1 0 1 0 0 0 1 1 1 0 0 0 0 0 1 0 1 0 0 0 0 1 0 1 0 0 1 0 0 0 0 1 0 1 0 1 1 0 1 1 1 0 0 1 1 1 0 0 0 0 0 0 0 1 0 0 1 0 1 0 1 1 1 1 1 1 1 0 1 0 0 1 0 1 1 1 0 1 1 1 1 0 0 1 1 1 0 0 0 1
0 0 0 0 0 1 0 1 1 0 0 0 0 1 1 1 1 0 1 1 0 0 0 0 1 1 0 0 1 0 1 0 0 0 1 0 0 1 1 0 1 1 1 1 0 1 1 1 1 0 1 0 0 1 0 1 0 0 1 1 0 1 0 1 1 1 0 0 1 0 0 0 1 1 1 1 1 0 1 0 0 1 1 1 0 0 1 0 1 0 0 1 0 0 1 1 1 0 0 0