50 194 5
0 1
0 2
1 2
1 3
0 3
0 4
1 4
0 5
1 5
0 6
1 6
5 7
4 7
5 8
4 8
2 9
1 9
4 10
9 10
9 11
8 11
5 12
7 12
0 13
1 13
5 14
9 14
1 15
10 15
15 16
0 16
9 17
8 17
0 18
4 18
6 19
5 19
17 20
0 20
3 21
0 21
18 22
3 22
8 23
10 23
14 24
1 24
7 25
14 25
15 26
10 26
1 27
6 27
7 28
21 28
0 29
22 29
0 30
14 30
1 31
23 31
5 32
21 32
30 33
9 33
9 34
24 34
17 35
0 35
4 36
28 36
4 37
15 37
20 38
22 38
0 39
6 39
4 40
31 40
18 41
23 41
19 42
18 42
37 43
23 43
17 44
5 44
9 45
7 45
8 46
0 46
8 47
30 47
23 48
1 48
43 49
2 49
1 0
2 0
2 1
3 1
3 0
4 0
4 1
5 0
5 1
6 0
6 1
7 5
7 4
8 5
8 4
9 2
9 1
10 4
10 9
11 9
11 8
12 5
12 7
13 0
13 1
14 5
14 9
15 1
15 10
16 15
16 0
17 9
17 8
18 0
18 4
19 6
19 5
20 17
20 0
21 3
21 0
22 18
22 3
23 8
23 10
24 14
24 1
25 7
25 14
26 15
26 10
27 1
27 6
28 7
28 21
29 0
29 22
30 0
30 14
31 1
31 23
32 5
32 21
33 30
33 9
34 9
34 24
35 17
35 0
36 4
36 28
37 4
37 15
38 20
38 22
39 0
39 6
40 4
40 31
41 18
41 23
42 19
42 18
43 37
43 23
44 17
44 5
45 9
45 7
46 8
46 0
47 8
47 30
48 23
48 1
49 43
49 2
0 0 1 0 0 0 1 1 1 1 1 0 1 0 1 1 0 0 0 1 0 0 0 0 0 1 1 1 0 1 1 1 0 0 1 1 0 1 1 0 0 1 1 1 0 1 0 0 0 1
0 0 1 1 0 1 0 0 0 0 0 0 0 0 0 0 0 1 0 0 1 0 0 0 1 1 1 0 0 1 0 0 0 0 0 0 1 1 0 0 1 0 0 0 0 1 1 0 1 1
1 0 1 1 1 0 0 1 1 0 0 0 1 0 1 1 1 0 0 1 1 0 1 1 0 0 1 0 0 0 0 1 1 0 1 0 0 0 0 0 0 1 1 1 0 0 0 1 1 0
0 1 1 0 1 0 1 0 1 1 1 0 1 0 1 1 0 0 0 1 0 1 1 1 0 0 0 1 0 0 1 0 0 1 0 0 0 0 1 0 0 0 1 0 0 0 1 1 0 1
0 0 0 0 1 0 0 0 1 0 0 0 1 1 0 0 0 0 1 1 0 0 1 0 0 0 0 0 1 0 1 0 1 0 1 0 1 0 1 1 1 0 0 0 1 1 1 1 0 1