100 390 5
0 1
0 2
1 2
0 3
1 3
2 3
0 4
1 4
2 4
3 4
2 5
4 5
1 5
0 5
3 6
2 6
4 6
1 6
5 7
4 7
0 7
3 7
2 8
0 8
5 8
1 8
1 9
0 9
7 9
8 9
1 10
4 10
5 10
7 10
4 11
6 11
9 11
0 11
7 12
6 12
4 12
5 12
5 13
8 13
1 13
10 13
4 14
13 14
9 14
6 14
6 15
0 15
3 15
14 15
1 16
5 16
15 16
14 16
5 17
14 17
4 17
7 17
1 18
10 18
2 18
13 18
14 19
0 19
15 19
8 19
16 20
1 20
18 20
7 20
1 21
15 21
8 21
7 21
8 22
1 22
15 22
5 22
7 23
15 23
14 23
9 23
0 24
15 24
13 24
1 24
8 25
5 25
17 25
11 25
8 26
17 26
1 26
5 26
7 27
6 27
4 27
5 27
24 28
7 28
9 28
23 28
14 29
27 29
25 29
26 29
6 30
7 30
25 30
5 30
27 31
28 31
9 31
5 31
23 32
20 32
0 32
9 32
0 33
4 33
20 33
11 33
15 34
5 34
1 34
0 34
5 35
11 35
33 35
4 35
6 36
1 36
20 36
23 36
11 37
5 37
30 37
6 37
24 38
20 38
5 38
0 38
27 39
35 39
8 39
2 39
7 40
0 40
38 40
26 40
8 41
15 41
4 41
10 41
4 42
9 42
7 42
15 42
12 43
28 43
1 43
4 43
30 44
4 44
26 44
10 44
8 45
43 45
9 45
2 45
36 46
12 46
13 46
37 46
15 47
6 47
12 47
5 47
44 48
33 48
43 48
15 48
46 49
2 49
14 49
24 49
46 50
0 50
14 50
4 50
4 51
30 51
2 51
6 51
1 52
36 52
15 52
26 52
19 53
3 53
27 53
25 53
4 54
23 54
29 54
41 54
40 55
6 55
8 55
7 55
3 56
41 56
19 56
7 56
5 57
20 57
40 57
7 57
36 58
14 58
4 58
40 58
36 59
0 59
39 59
20 59
11 60
22 60
53 60
15 60
30 61
5 61
29 61
1 61
19 62
39 62
3 62
10 62
29 63
42 63
1 63
50 63
2 64
39 64
1 64
7 64
20 65
63 65
55 65
19 65
2 66
9 66
55 66
43 66
52 67
0 67
15 67
33 67
1 68
3 68
27 68
19 68
20 69
43 69
45 69
68 69
4 70
1 70
22 70
6 70
0 71
16 71
15 71
22 71
68 72
60 72
22 72
16 72
15 73
33 73
2 73
3 73
40 74
13 74
43 74
20 74
68 75
18 75
22 75
15 75
33 76
0 76
5 76
14 76
25 77
7 77
21 77
6 77
27 78
38 78
7 78
26 78
47 79
7 79
21 79
3 79
65 80
30 80
8 80
60 80
12 81
0 81
30 81
6 81
4 82
8 82
2 82
3 82
47 83
0 83
55 83
1 83
10 84
29 84
14 84
41 84
13 85
16 85
39 85
3 85
13 86
8 86
16 86
5 86
18 87
13 87
11 87
10 87
18 88
9 88
60 88
20 88
0 89
24 89
12 89
13 89
13 90
22 90
87 90
68 90
17 91
74 91
4 91
24 91
1 92
3 92
19 92
5 92
82 93
5 93
20 93
4 93
16 94
7 94
26 94
8 94
8 95
5 95
52 95
13 95
60 96
4 96
88 96
13 96
68 97
37 97
22 97
78 97
67 98
15 98
9 98
1 98
7 99
5 99
4 99
6 99
0 1 0 0 0 1 0 1 0 0 0 1 0 1 0 0 0 1 0 1 1 1 1 0 1 0 0 0 0 0 0 0 1 0 1 0 1 1 0 1 0 0 0 0 0 1 0 1 1 1 1 1 0 0 1 1 0 0 0 0 0 1 0 1 1 0 1 0 1 1 0 1 0 0 0 0 1 0 0 1 0 1 1 1 1 0 1 0 0 1 1 0 0 0 0 1 0 0 0 1
1 1 0 0 0 0 1 1 0 0 1 0 1 1 1 1 1 0 1 1 1 1 1 0 0 1 0 0 1 0 0 0 1 0 0 1 0 0 1 0 1 0 1 1 0 1 1 1 1 0 1 0 1 1 1 0 1 1 1 0 0 1 1 0 1 0 1 0 1 0 0 1 1 0 1 1 0 1 0 0 1 0 1 0 0 0 0 0 1 0 0 0 1 1 0 0 0 0 1 0
0 0 0 1 0 0 1 1 1 0 0 1 0 0 0 0 1 0 0 1 0 1 1 1 1 1 0 0 0 1 0 1 0 0 0 0 0 1 1 1 1 0 0 0 0 0 1 0 1 0 1 1 1 1 1 1 1 1 1 0 1 0 0 1 1 0 0 0 0 1 0 0 0 0 1 0 0 1 1 0 0 1 0 0 1 1 0 0 1 0 1 1 0 1 0 1 0 1 1 1
1 1 0 0 1 0 1 1 0 1 1 1 0 1 0 0 1 0 0 0 0 0 0 0 0 1 1 1 0 0 1 0 0 1 0 1 0 1 0 1 1 1 0 0 1 1 1 0 0 0 0 1 1 0 1 1 1 1 1 0 1 0 0 0 1 0 0 1 0 1 1 0 1 1 1 1 1 1 0 1 0 1 0 1 0 0 1 0 0 0 0 1 0 1 0 1 1 0 1 0
1 0 0 1 0 1 0 0 1 1 1 1 1 0 1 0 0 1 1 1 0 0 0 1 0 1 0 1 1 0 1 0 0 1 0 1 1 1 1 0 0 1 0 1 1 0 0 0 1 0 1 0 0 1 0 1 0 1 0 0 1 0 1 1 0 1 0 1 0 0 1 0 1 1 0 0 1 1 1 1 0 0 0 1 0 0 1 0 0 1 0 0 0 1 0 1 0 0 0 1