100 390 5
0 1
0 2
1 2
0 3
1 3
2 3
0 4
1 4
2 4
3 4
2 5
3 5
0 5
4 5
5 6
1 6
0 6
4 6
1 7
4 7
6 7
2 7
1 8
5 8
4 8
0 8
0 9
7 9
4 9
2 9
4 10
5 10
9 10
0 10
9 11
7 11
2 11
6 11
7 12
11 12
1 12
6 12
12 13
3 13
0 13
9 13
8 14
0 14
9 14
5 14
11 15
3 15
4 15
14 15
9 16
5 16
6 16
4 16
11 17
13 17
0 17
7 17
9 18
2 18
14 18
12 18
4 19
2 19
8 19
9 19
15 20
18 20
13 20
5 20
12 21
5 21
4 21
8 21
14 22
9 22
13 22
5 22
11 23
19 23
13 23
2 23
13 24
4 24
19 24
12 24
10 25
23 25
9 25
5 25
4 26
5 26
8 26
11 26
12 27
17 27
5 27
1 27
2 28
5 28
14 28
18 28
9 29
11 29
12 29
14 29
27 30
4 30
24 30
23 30
22 31
29 31
3 31
4 31
1 32
4 32
11 32
2 32
19 33
14 33
3 33
2 33
2 34
13 34
10 34
21 34
29 35
28 35
24 35
11 35
16 36
11 36
7 36
0 36
12 37
13 37
4 37
29 37
30 38
23 38
28 38
11 38
11 39
19 39
4 39
7 39
29 40
25 40
14 40
35 40
9 41
32 41
12 41
22 41
18 42
5 42
1 42
36 42
29 43
40 43
23 43
2 43
27 44
42 44
1 44
2 44
13 45
0 45
19 45
4 45
7 46
31 46
16 46
14 46
37 47
5 47
24 47
4 47
0 48
7 48
11 48
31 48
29 49
12 49
30 49
2 49
11 50
13 50
8 50
7 50
32 51
6 51
2 51
14 51
18 52
13 52
27 52
19 52
34 53
3 53
1 53
14 53
11 54
7 54
6 54
24 54
12 55
28 55
10 55
50 55
42 56
15 56
37 56
5 56
16 57
4 57
14 57
38 57
9 58
4 58
3 58
21 58
19 59
40 59
21 59
10 59
26 60
35 60
18 60
4 60
8 61
17 61
3 61
13 61
8 62
33 62
25 62
21 62
53 63
42 63
0 63
60 63
6 64
57 64
11 64
2 64
61 65
26 65
35 65
4 65
33 66
13 66
8 66
2 66
16 67
39 67
8 67
2 67
2 68
17 68
25 68
11 68
39 69
14 69
50 69
35 69
5 70
4 70
19 70
26 70
2 71
27 71
21 71
11 71
6 72
7 72
22 72
56 72
14 73
2 73
40 73
62 73
13 74
26 74
6 74
21 74
19 75
14 75
13 75
43 75
45 76
50 76
21 76
1 76
26 77
23 77
60 77
9 77
6 78
0 78
9 78
52 78
18 79
7 79
37 79
52 79
2 80
35 80
46 80
47 80
28 81
66 81
80 81
13 81
14 82
11 82
2 82
15 82
39 83
16 83
76 83
78 83
13 84
53 84
8 84
16 84
34 85
75 85
40 85
0 85
28 86
22 86
44 86
4 86
4 87
66 87
0 87
12 87
32 88
76 88
18 88
8 88
11 89
62 89
1 89
24 89
16 90
38 90
8 90
13 90
62 91
13 91
38 91
60 91
1 92
13 92
89 92
2 92
31 93
0 93
69 93
14 93
6 94
5 94
9 94
4 94
8 95
34 95
28 95
11 95
78 96
81 96
8 96
43 96
55 97
96 97
21 97
4 97
71 98
12 98
75 98
55 98
16 99
31 99
6 99
13 99
1 0 0 1 1 0 0 0 1 0 1 1 0 1 0 1 0 0 0 1 1 1 0 1 1 0 0 1 1 0 1 0 1 1 0 0 1 1 0 0 1 1 0 1 0 1 1 0 1 1 1 0 1 0 1 0 0 1 1 0 1 1 0 1 1 0 1 0 0 0 1 0 0 1 1 0 0 1 0 0 1 1 0 1 1 1 1 0 1 1 1 0 1 1 0 0 1 1 0 0
1 1 1 0 1 1 1 0 1 0 1 1 1 0 1 0 1 1 1 0 0 1 0 0 1 0 1 1 1 0 1 0 0 1 1 0 1 1 1 0 1 1 1 1 0 1 1 0 1 0 0 0 1 1 0 0 0 0 1 1 1 1 0 1 0 1 0 0 0 1 0 1 0 0 1 1 0 1 0 0 0 1 0 1 1 1 1 0 1 0 0 0 0 0 0 1 1 0 1 1
0 1 1 0 0 1 0 0 0 1 1 1 1 0 1 1 1 0 0 1 0 0 0 0 1 1 0 0 1 0 1 1 1 0 1 1 0 1 1 0 1 1 0 0 1 0 1 1 1 1 1 0 0 1 1 0 0 0 1 1 0 0 1 1 1 1 1 1 1 1 0 0 1 1 1 1 1 1 0 0 0 0 0 1 0 0 1 0 1 1 1 1 1 1 1 0 1 0 1 0
0 0 0 0 0 0 1 1 1 1 1 1 1 0 0 0 1 1 1 1 0 1 0 1 0 0 0 0 0 0 1 0 0 0 1 0 1 1 0 1 0 0 1 0 0 0 0 1 0 0 1 0 0 0 0 0 0 1 0 0 1 0 0 1 0 1 1 1 1 0 0 1 1 1 1 1 1 1 1 1 0 1 1 1 0 0 1 0 1 1 1 1 1 0 1 1 0 1 0 1
1 0 0 1 1 0 0 0 0 0 0 0 0 1 1 0 1 0 0 1 1 1 0 0 0 1 0 0 0 1 1 1 0 1 1 1 1 0 0 0 1 0 1 1 1 1 0 1 0 1 0 0 0 1 0 1 0 1 1 1 1 0 0 0 0 0 0 1 1 1 1 1 1 0 0 0 0 0 1 1 0 0 0 1 0 0 0 1 0 0 0 1 0 0 0 1 0 1 1 0