100 780 5
0 1
0 2
1 2
0 3
1 3
2 3
0 4
1 4
2 4
3 4
0 5
3 5
1 5
2 5
3 6
4 6
1 6
0 6
0 7
3 7
1 7
6 7
0 8
1 8
7 8
5 8
8 9
7 9
6 9
2 9
0 10
1 10
6 10
5 10
7 11
10 11
3 11
2 11
5 12
0 12
2 12
8 12
8 13
11 13
5 13
12 13
1 14
2 14
7 14
8 14
4 15
2 15
10 15
13 15
0 16
1 16
3 16
4 16
1 17
2 17
14 17
0 17
1 18
0 18
7 18
3 18
8 19
6 19
3 19
2 19
2 20
5 20
0 20
14 20
17 21
10 21
7 21
2 21
2 22
0 22
3 22
21 22
13 23
2 23
20 23
16 23
11 24
10 24
3 24
21 24
8 25
19 25
21 25
14 25
5 26
4 26
19 26
12 26
21 27
10 27
18 27
11 27
19 28
2 28
3 28
10 28
24 29
1 29
0 29
9 29
10 30
4 30
1 30
7 30
8 31
1 31
21 31
3 31
15 32
4 32
3 32
0 32
9 33
10 33
2 33
1 33
28 34
8 34
19 34
21 34
10 35
0 35
20 35
3 35
3 36
12 36
5 36
1 36
5 37
24 37
7 37
28 37
22 38
29 38
34 38
25 38
31 39
13 39
28 39
2 39
2 40
10 40
17 40
3 40
34 41
36 41
24 41
37 41
10 42
27 42
9 42
19 42
36 43
12 43
3 43
11 43
26 44
14 44
16 44
15 44
23 45
2 45
27 45
18 45
22 46
13 46
4 46
36 46
43 47
28 47
11 47
44 47
8 48
19 48
0 48
18 48
27 49
3 49
13 49
0 49
8 50
32 50
35 50
18 50
5 51
2 51
44 51
11 51
31 52
3 52
8 52
1 52
5 53
23 53
4 53
25 53
41 54
47 54
53 54
10 54
2 55
5 55
53 55
17 55
2 56
53 56
25 56
24 56
26 57
4 57
29 57
10 57
56 58
28 58
19 58
24 58
27 59
32 59
3 59
19 59
7 60
6 60
8 60
5 60
43 61
25 61
59 61
19 61
11 62
36 62
44 62
48 62
55 63
8 63
23 63
33 63
48 64
17 64
5 64
28 64
27 65
54 65
51 65
3 65
21 66
14 66
51 66
12 66
49 67
48 67
14 67
23 67
24 68
26 68
19 68
54 68
36 69
5 69
13 69
2 69
50 70
2 70
15 70
41 70
2 71
20 71
37 71
0 71
23 72
47 72
31 72
29 72
28 73
5 73
68 73
52 73
38 74
2 74
56 74
0 74
71 75
21 75
19 75
38 75
37 76
71 76
34 76
14 76
8 77
29 77
45 77
28 77
10 78
34 78
7 78
36 78
41 79
8 79
62 79
33 79
5 80
73 80
40 80
10 80
51 81
43 81
19 81
18 81
40 82
46 82
74 82
48 82
29 83
53 83
38 83
64 83
14 84
77 84
61 84
64 84
38 85
10 85
55 85
70 85
17 86
2 86
82 86
5 86
62 87
74 87
46 87
12 87
65 88
19 88
28 88
72 88
33 89
4 89
0 89
21 89
26 90
45 90
10 90
4 90
81 91
90 91
5 91
34 91
2 92
29 92
58 92
36 92
40 93
71 93
10 93
61 93
90 94
11 94
68 94
20 94
10 95
42 95
39 95
23 95
2 96
72 96
26 96
1 96
46 97
52 97
51 97
56 97
71 98
19 98
17 98
6 98
15 99
40 99
54 99
24 99
1 0
2 0
2 1
3 0
3 1
3 2
4 0
4 1
4 2
4 3
5 0
5 3
5 1
5 2
6 3
6 4
6 1
6 0
7 0
7 3
7 1
7 6
8 0
8 1
8 7
8 5
9 8
9 7
9 6
9 2
10 0
10 1
10 6
10 5
11 7
11 10
11 3
11 2
12 5
12 0
12 2
12 8
13 8
13 11
13 5
13 12
14 1
14 2
14 7
14 8
15 4
15 2
15 10
15 13
16 0
16 1
16 3
16 4
17 1
17 2
17 14
17 0
18 1
18 0
18 7
18 3
19 8
19 6
19 3
19 2
20 2
20 5
20 0
20 14
21 17
21 10
21 7
21 2
22 2
22 0
22 3
22 21
23 13
23 2
23 20
23 16
24 11
24 10
24 3
24 21
25 8
25 19
25 21
25 14
26 5
26 4
26 19
26 12
27 21
27 10
27 18
27 11
28 19
28 2
28 3
28 10
29 24
29 1
29 0
29 9
30 10
30 4
30 1
30 7
31 8
31 1
31 21
31 3
32 15
32 4
32 3
32 0
33 9
33 10
33 2
33 1
34 28
34 8
34 19
34 21
35 10
35 0
35 20
35 3
36 3
36 12
36 5
36 1
37 5
37 24
37 7
37 28
38 22
38 29
38 34
38 25
39 31
39 13
39 28
39 2
40 2
40 10
40 17
40 3
41 34
41 36
41 24
41 37
42 10
42 27
42 9
42 19
43 36
43 12
43 3
43 11
44 26
44 14
44 16
44 15
45 23
45 2
45 27
45 18
46 22
46 13
46 4
46 36
47 43
47 28
47 11
47 44
48 8
48 19
48 0
48 18
49 27
49 3
49 13
49 0
50 8
50 32
50 35
50 18
51 5
51 2
51 44
51 11
52 31
52 3
52 8
52 1
53 5
53 23
53 4
53 25
54 41
54 47
54 53
54 10
55 2
55 5
55 53
55 17
56 2
56 53
56 25
56 24
57 26
57 4
57 29
57 10
58 56
58 28
58 19
58 24
59 27
59 32
59 3
59 19
60 7
60 6
60 8
60 5
61 43
61 25
61 59
61 19
62 11
62 36
62 44
62 48
63 55
63 8
63 23
63 33
64 48
64 17
64 5
64 28
65 27
65 54
65 51
65 3
66 21
66 14
66 51
66 12
67 49
67 48
67 14
67 23
68 24
68 26
68 19
68 54
69 36
69 5
69 13
69 2
70 50
70 2
70 15
70 41
71 2
71 20
71 37
71 0
72 23
72 47
72 31
72 29
73 28
73 5
73 68
73 52
74 38
74 2
74 56
74 0
75 71
75 21
75 19
75 38
76 37
76 71
76 34
76 14
77 8
77 29
77 45
77 28
78 10
78 34
78 7
78 36
79 41
79 8
79 62
79 33
80 5
80 73
80 40
80 10
81 51
81 43
81 19
81 18
82 40
82 46
82 74
82 48
83 29
83 53
83 38
83 64
84 14
84 77
84 61
84 64
85 38
85 10
85 55
85 70
86 17
86 2
86 82
86 5
87 62
87 74
87 46
87 12
88 65
88 19
88 28
88 72
89 33
89 4
89 0
89 21
90 26
90 45
90 10
90 4
91 81
91 90
91 5
91 34
92 2
92 29
92 58
92 36
93 40
93 71
93 10
93 61
94 90
94 11
94 68
94 20
95 10
95 42
95 39
95 23
96 2
96 72
96 26
96 1
97 46
97 52
97 51
97 56
98 71
98 19
98 17
98 6
99 15
99 40
99 54
99 24
1 1 1 0 1 1 1 1 0 1 0 1 1 1 0 0 0 0 0 1 0 1 1 0 0 0 1 1 0 1 0 0 1 1 0 1 0 1 0 1 1 0 0 1 0 0 0 1 1 1 1 0 1 1 0 0 0 1 0 0 1 0 0 1 0 0 0 0 1 0 0 1 0 1 0 1 0 1 0 0 1 1 1 1 1 1 1 0 1 1 0 0 0 0 1 0 0 1 0 1
0 1 1 1 0 1 1 0 0 0 0 1 1 0 1 1 0 1 1 0 1 0 1 0 1 1 1 0 1 1 1 0 1 1 1 0 1 0 0 1 0 1 0 0 1 1 0 0 1 0 1 0 0 1 0 1 1 1 1 1 1 1 1 1 0 1 1 0 1 1 1 1 1 0 1 0 0 0 0 0 1 1 1 1 0 1 1 0 1 0 1 1 0 1 0 0 1 0 0 1
1 0 0 0 0 1 1 1 0 1 1 1 1 1 0 1 0 1 1 1 0 1 1 1 1 0 1 0 1 0 0 0 1 0 1 1 1 1 1 1 1 0 0 1 1 1 0 0 1 0 0 0 0 1 0 1 1 0 1 0 1 1 1 0 0 1 0 0 1 1 0 0 1 1 0 1 1 0 1 1 0 1 1 1 0 0 1 1 1 0 1 0 1 1 1 1 1 0 1 0
1 1 1 0 0 0 0 1 1 1 0 1 1 0 0 1 0 0 0 1 0 0 0 0 1 1 1 1 1 1 1 1 0 0 1 0 1 1 0 0 1 1 1 1 0 1 0 0 1 1 0 1 0 1 0 0 0 1 0 1 0 1 0 1 1 1 0 0 1 1 1 0 1 1 1 0 0 0 1 1 0 1 1 0 0 1 1 0 1 1 0 0 0 1 1 1 1 1 0 1
0 0 0 1 0 0 1 1 0 0 1 0 0 1 1 1 1 0 0 0 0 1 0 1 0 0 1 1 0 1 0 0 0 1 1 0 1 0 0 0 1 1 1 0 0 0 1 0 1 0 1 1 1 0 0 1 1 0 0 0 1 1 0 1 1 1 1 1 0 1 1 0 0 0 0 1 0 1 1 0 0 0 1 0 0 1 0 1 0 0 0 0 1 0 1 1 0 1 1 1