100 394 5
0 1
0 2
1 2
0 3
2 3
1 4
3 4
1 5
2 5
5 6
4 6
6 7
3 7
2 8
3 8
1 9
3 9
6 10
1 10
0 11
9 11
7 12
0 12
3 13
5 13
7 14
5 14
5 15
9 15
5 16
15 16
3 17
11 17
5 18
14 18
6 19
3 19
5 20
2 20
3 21
0 21
5 22
14 22
2 23
14 23
6 24
1 24
5 25
21 25
14 26
1 26
14 27
0 27
2 28
3 28
0 29
3 29
14 30
9 30
21 31
5 31
28 32
21 32
21 33
11 33
5 34
17 34
2 35
14 35
8 36
3 36
14 37
17 37
6 38
32 38
1 39
21 39
27 40
9 40
1 41
0 41
27 42
20 42
0 43
5 43
14 44
22 44
3 45
17 45
43 46
40 46
2 47
36 47
26 48
3 48
21 49
2 49
6 50
38 50
9 51
14 51
4 52
26 52
28 53
11 53
36 54
1 54
18 55
1 55
33 56
19 56
35 57
11 57
4 58
28 58
53 59
2 59
6 60
0 60
6 61
32 61
12 62
2 62
50 63
40 63
60 64
31 64
32 65
33 65
32 66
3 66
21 67
61 67
23 68
10 68
32 69
39 69
46 70
32 70
27 71
48 71
3 72
27 72
53 73
21 73
42 74
6 74
29 75
2 75
64 76
72 76
3 77
40 77
17 78
30 78
6 79
2 79
33 80
14 80
43 81
21 81
17 82
4 82
48 83
58 83
71 84
63 84
44 85
0 85
1 86
20 86
70 87
54 87
85 88
73 88
9 89
37 89
0 90
1 90
1 91
55 91
74 92
52 92
17 93
47 93
90 94
32 94
2 95
27 95
24 96
0 96
9 97
95 97
59 98
3 98
2 99
68 99
1 0
2 0
2 1
3 0
3 2
4 1
4 3
5 1
5 2
6 5
6 4
7 6
7 3
8 2
8 3
9 1
9 3
10 6
10 1
11 0
11 9
12 7
12 0
13 3
13 5
14 7
14 5
15 5
15 9
16 5
16 15
17 3
17 11
18 5
18 14
19 6
19 3
20 5
20 2
21 3
21 0
22 5
22 14
23 2
23 14
24 6
24 1
25 5
25 21
26 14
26 1
27 14
27 0
28 2
28 3
29 0
29 3
30 14
30 9
31 21
31 5
32 28
32 21
33 21
33 11
34 5
34 17
35 2
35 14
36 8
36 3
37 14
37 17
38 6
38 32
39 1
39 21
40 27
40 9
41 1
41 0
42 27
42 20
43 0
43 5
44 14
44 22
45 3
45 17
46 43
46 40
47 2
47 36
48 26
48 3
49 21
49 2
50 6
50 38
51 9
51 14
52 4
52 26
53 28
53 11
54 36
54 1
55 18
55 1
56 33
56 19
57 35
57 11
58 4
58 28
59 53
59 2
60 6
60 0
61 6
61 32
62 12
62 2
63 50
63 40
64 60
64 31
65 32
65 33
66 32
66 3
67 21
67 61
68 23
68 10
69 32
69 39
70 46
70 32
71 27
71 48
72 3
72 27
73 53
73 21
74 42
74 6
75 29
75 2
76 64
76 72
77 3
77 40
78 17
78 30
79 6
79 2
80 33
80 14
81 43
81 21
82 17
82 4
83 48
83 58
84 71
84 63
85 44
85 0
86 1
86 20
87 70
87 54
88 85
88 73
89 9
89 37
90 0
90 1
91 1
91 55
92 74
92 52
93 17
93 47
94 90
94 32
95 2
95 27
96 24
96 0
97 9
97 95
98 59
98 3
99 2
99 68
1 1 0 1 0 1 1 1 1 0 0 0 1 0 0 1 0 0 1 1 1 1 1 1 1 1 0 1 0 1 0 0 1 1 0 0 0 1 0 0 0 1 0 1 0 1 1 1 0 0 1 0 1 1 1 1 1 1 0 1 1 0 0 0 0 0 1 1 0 0 1 1 1 1 1 0 0 0 1 0 1 0 1 1 0 0 0 1 0 0 0 0 1 0 0 1 0 1 0 1
1 0 0 1 1 1 1 1 0 1 1 0 1 1 0 0 0 0 0 1 1 1 1 1 1 0 0 0 1 1 0 0 0 1 1 1 1 0 1 0 0 0 1 0 0 1 0 0 0 1 1 1 0 0 1 0 0 0 0 0 0 0 1 1 1 1 0 1 1 1 0 1 1 1 0 0 1 0 0 1 0 1 1 0 0 1 0 1 1 1 1 1 1 1 0 1 1 1 0 0
1 0 1 0 0 1 1 0 0 1 1 0 1 0 1 1 1 0 1 0 1 0 0 1 1 0 0 0 1 0 1 1 1 0 0 1 0 0 0 0 1 0 0 0 0 0 1 1 0 1 1 0 1 1 1 1 1 0 0 0 0 1 1 0 1 1 1 0 0 0 0 0 0 0 0 0 1 0 0 1 0 0 1 1 1 1 0 1 0 1 0 0 0 0 0 0 0 0 0 0
0 1 0 1 1 1 0 1 1 0 0 0 0 1 0 0 0 0 1 1 1 1 1 0 0 1 1 0 0 1 1 0 0 0 1 1 0 1 0 0 0 0 1 0 1 1 0 0 0 0 0 1 0 1 1 1 1 1 1 1 0 0 0 1 0 0 0 1 1 0 1 0 1 1 1 1 1 0 0 0 1 1 1 1 0 0 1 1 0 0 0 1 0 0 0 1 1 1 1 1
1 1 0 1 0 1 1 0 0 1 0 1 0 1 1 1 0 1 1 0 0 0 1 1 1 0 1 0 1 1 1 0 1 0 1 0 1 0 0 1 0 1 1 1 1 1 0 1 0 0 1 1 1 1 0 0 0 0 0 0 0 0 1 1 1 1 1 1 0 0 0 0 1 0 0 1 1 1 1 0 1 0 0 1 1 1 0 1 1 0 1 0 0 0 0 1 0 0 0 1