50 288 5
0 1
0 2
1 2
0 3
1 3
2 3
0 4
2 4
3 4
1 5
2 5
0 5
5 6
1 6
4 6
0 7
6 7
3 7
3 8
2 8
6 8
4 9
3 9
5 9
6 10
2 10
1 10
2 11
8 11
3 11
4 12
0 12
5 12
10 13
5 13
6 13
4 14
0 14
10 14
2 15
8 15
5 15
5 16
6 16
1 16
15 17
2 17
11 17
9 18
4 18
2 18
2 19
6 19
5 19
10 20
11 20
18 20
14 21
6 21
10 21
11 22
2 22
7 22
0 23
9 23
11 23
13 24
0 24
4 24
9 25
2 25
23 25
2 26
10 26
0 26
5 27
15 27
6 27
4 28
20 28
13 28
23 29
16 29
10 29
20 30
13 30
14 30
6 31
30 31
10 31
6 32
10 32
18 32
16 33
10 33
1 33
4 34
7 34
0 34
24 35
25 35
26 35
3 36
1 36
6 36
36 37
10 37
33 37
10 38
36 38
19 38
16 39
10 39
36 39
5 40
0 40
22 40
2 41
29 41
34 41
26 42
23 42
5 42
19 43
23 43
26 43
0 44
7 44
18 44
36 45
10 45
37 45
10 46
29 46
5 46
25 47
5 47
30 47
24 48
27 48
26 48
3 49
1 49
20 49
1 0
2 0
2 1
3 0
3 1
3 2
4 0
4 2
4 3
5 1
5 2
5 0
6 5
6 1
6 4
7 0
7 6
7 3
8 3
8 2
8 6
9 4
9 3
9 5
10 6
10 2
10 1
11 2
11 8
11 3
12 4
12 0
12 5
13 10
13 5
13 6
14 4
14 0
14 10
15 2
15 8
15 5
16 5
16 6
16 1
17 15
17 2
17 11
18 9
18 4
18 2
19 2
19 6
19 5
20 10
20 11
20 18
21 14
21 6
21 10
22 11
22 2
22 7
23 0
23 9
23 11
24 13
24 0
24 4
25 9
25 2
25 23
26 2
26 10
26 0
27 5
27 15
27 6
28 4
28 20
28 13
29 23
29 16
29 10
30 20
30 13
30 14
31 6
31 30
31 10
32 6
32 10
32 18
33 16
33 10
33 1
34 4
34 7
34 0
35 24
35 25
35 26
36 3
36 1
36 6
37 36
37 10
37 33
38 10
38 36
38 19
39 16
39 10
39 36
40 5
40 0
40 22
41 2
41 29
41 34
42 26
42 23
42 5
43 19
43 23
43 26
44 0
44 7
44 18
45 36
45 10
45 37
46 10
46 29
46 5
47 25
47 5
47 30
48 24
48 27
48 26
49 3
49 1
49 20
0 1 0 1 0 0 0 0 0 0 0 0 0 0 1 1 0 0 1 1 1 1 1 0 0 0 1 0 1 1 1 1 1 1 0 1 0 0 0 1 0 1 1 1 1 0 0 1 1 1
0 0 0 1 1 0 0 0 1 1 1 0 1 1 1 1 0 1 1 0 0 1 1 0 1 1 0 0 1 1 1 0 1 1 1 0 0 0 0 1 0 1 0 0 0 1 1 0 1 0
0 1 1 1 1 1 0 0 1 1 1 1 0 0 0 1 1 0 1 1 0 0 0 1 0 1 0 1 0 1 0 1 0 1 0 0 0 0 0 0 1 0 0 0 0 1 1 0 0 1
0 0 1 1 1 0 1 1 0 1 0 1 1 0 0 0 0 0 1 1 0 0 1 0 0 1 1 1 0 0 0 0 1 0 1 1 1 0 1 0 1 1 0 0 0 0 0 1 0 0
1 0 1 1 1 0 1 0 1 1 0 1 0 1 1 0 0 0 1 1 0 1 0 1 1 1 0 1 0 1 1 0 0 1 1 1 0 1 0 0 0 1 0 0 0 1 0 1 1 1