100 198 5
0 1
1 2
1 3
1 4
0 5
2 6
0 7
0 8
2 9
1 10
2 11
4 12
10 13
0 14
4 15
13 16
0 17
9 18
0 19
1 20
0 21
2 22
10 23
22 24
20 25
1 26
25 27
0 28
1 29
1 30
12 31
0 32
30 33
0 34
9 35
1 36
0 37
20 38
1 39
10 40
16 41
1 42
2 43
38 44
22 45
2 46
38 47
6 48
0 49
29 50
1 51
0 52
31 53
29 54
11 55
38 56
39 57
7 58
14 59
20 60
30 61
1 62
1 63
26 64
2 65
22 66
17 67
31 68
9 69
68 70
2 71
0 72
62 73
12 74
66 75
47 76
17 77
1 78
17 79
1 80
23 81
14 82
17 83
8 84
75 85
33 86
73 87
4 88
66 89
1 90
16 91
86 92
25 93
53 94
30 95
2 96
47 97
10 98
75 99
1 0
2 1
3 1
4 1
5 0
6 2
7 0
8 0
9 2
10 1
11 2
12 4
13 10
14 0
15 4
16 13
17 0
18 9
19 0
20 1
21 0
22 2
23 10
24 22
25 20
26 1
27 25
28 0
29 1
30 1
31 12
32 0
33 30
34 0
35 9
36 1
37 0
38 20
39 1
40 10
41 16
42 1
43 2
44 38
45 22
46 2
47 38
48 6
49 0
50 29
51 1
52 0
53 31
54 29
55 11
56 38
57 39
58 7
59 14
60 20
61 30
62 1
63 1
64 26
65 2
66 22
67 17
68 31
69 9
70 68
71 2
72 0
73 62
74 12
75 66
76 47
77 17
78 1
79 17
80 1
81 23
82 14
83 17
84 8
85 75
86 33
87 73
88 4
89 66
90 1
91 16
92 86
93 25
94 53
95 30
96 2
97 47
98 10
99 75
0 1 1 0 1 1 0 0 0 0 1 0 1 1 1 0 1 1 1 0 1 1 0 0 1 0 1 1 0 0 0 1 1 1 0 1 0 1 1 1 0 1 1 0 1 1 1 0 0 0 0 0 0 1 1 1 0 1 0 0 1 1 1 1 1 0 0 1 0 1 1 0 1 1 0 0 1 1 1 1 1 1 0 1 0 1 0 1 1 0 1 0 0 0 1 1 1 1 0 0
0 0 1 0 1 1 0 1 1 0 1 1 0 0 0 1 0 1 1 1 1 0 0 0 0 1 1 0 1 1 1 1 1 0 0 1 1 1 0 0 0 0 1 0 0 0 1 0 0 1 1 0 1 0 0 0 1 0 0 0 1 0 0 1 0 0 1 0 0 1 1 1 1 1 1 0 1 1 0 1 1 1 0 0 1 1 1 0 0 0 0 1 0 0 0 0 0 1 0 1
1 1 0 0 1 1 1 1 0 0 0 0 1 0 1 0 1 0 0 0 1 1 1 1 0 1 0 1 1 1 0 1 0 0 0 0 0 1 0 1 0 0 0 0 1 1 0 0 0 0 1 1 1 0 0 0 1 1 0 1 1 1 1 1 1 1 1 1 1 1 1 0 1 0 0 1 0 1 0 0 0 1 1 0 0 0 0 0 1 0 1 0 0 1 1 0 0 1 0 0
1 1 0 1 1 0 0 0 1 1 0 1 1 0 0 0 1 1 1 0 0 0 1 0 0 0 0 0 0 0 0 1 1 1 1 0 1 1 0 1 1 0 1 1 0 0 0 1 1 1 0 0 0 0 1 1 1 1 0 1 0 0 0 1 0 0 0 1 1 1 1 0 0 1 1 1 0 1 0 0 0 1 1 0 0 1 0 0 0 1 0 1 1 0 0 0 0 1 1 1
1 0 1 0 1 0 0 1 1 0 1 1 1 1 1 1 1 1 1 1 0 1 0 0 1 1 0 1 1 1 0 0 0 0 1 0 0 0 1 0 1 0 0 0 1 0 1 0 1 0 0 1 1 0 1 0 1 1 0 1 1 0 1 1 0 1 0 1 0 1 1 1 0 1 1 1 0 1 1 1 1 0 1 0 0 0 0 0 0 1 1 1 1 0 0 0 0 0 0 0