100 588 5
0 1
0 2
1 2
0 3
1 3
2 3
3 4
1 4
0 4
4 5
3 5
2 5
1 6
5 6
2 6
4 7
1 7
6 7
2 8
1 8
3 8
7 9
8 9
6 9
6 10
3 10
4 10
2 11
5 11
4 11
2 12
5 12
8 12
12 13
6 13
8 13
13 14
6 14
11 14
11 15
1 15
10 15
3 16
4 16
7 16
5 17
3 17
15 17
1 18
14 18
8 18
15 19
12 19
5 19
16 20
11 20
3 20
3 21
1 21
4 21
13 22
3 22
0 22
11 23
4 23
12 23
6 24
11 24
1 24
4 25
5 25
11 25
23 26
10 26
13 26
13 27
19 27
0 27
23 28
5 28
10 28
23 29
4 29
16 29
4 30
15 30
7 30
10 31
16 31
1 31
21 32
14 32
11 32
11 33
3 33
6 33
4 34
33 34
1 34
15 35
0 35
2 35
16 36
3 36
17 36
8 37
17 37
7 37
23 38
13 38
4 38
25 39
12 39
6 39
32 40
2 40
25 40
0 41
18 41
1 41
41 42
25 42
2 42
2 43
38 43
40 43
6 44
30 44
3 44
11 45
17 45
5 45
33 46
5 46
45 46
39 47
20 47
32 47
25 48
3 48
23 48
24 49
27 49
1 49
16 50
7 50
25 50
11 51
17 51
32 51
50 52
2 52
25 52
20 53
13 53
50 53
27 54
13 54
3 54
20 55
45 55
10 55
3 56
44 56
10 56
9 57
3 57
25 57
12 58
3 58
13 58
54 59
42 59
3 59
3 60
29 60
41 60
58 61
12 61
57 61
6 62
47 62
56 62
16 63
44 63
5 63
23 64
43 64
17 64
33 65
2 65
39 65
3 66
5 66
10 66
6 67
48 67
10 67
46 68
25 68
21 68
16 69
27 69
1 69
0 70
67 70
56 70
13 71
47 71
2 71
2 72
55 72
12 72
72 73
58 73
47 73
24 74
25 74
3 74
15 75
62 75
47 75
42 76
20 76
12 76
50 77
7 77
12 77
6 78
16 78
59 78
33 79
20 79
18 79
35 80
5 80
7 80
18 81
64 81
41 81
19 82
8 82
5 82
5 83
76 83
81 83
7 84
15 84
81 84
20 85
18 85
35 85
79 86
23 86
3 86
39 87
1 87
56 87
15 88
26 88
21 88
33 89
31 89
47 89
83 90
12 90
7 90
2 91
33 91
6 91
0 92
50 92
69 92
63 93
80 93
18 93
13 94
15 94
84 94
73 95
1 95
79 95
20 96
68 96
1 96
16 97
45 97
62 97
3 98
40 98
1 98
67 99
33 99
4 99
1 0
2 0
2 1
3 0
3 1
3 2
4 3
4 1
4 0
5 4
5 3
5 2
6 1
6 5
6 2
7 4
7 1
7 6
8 2
8 1
8 3
9 7
9 8
9 6
10 6
10 3
10 4
11 2
11 5
11 4
12 2
12 5
12 8
13 12
13 6
13 8
14 13
14 6
14 11
15 11
15 1
15 10
16 3
16 4
16 7
17 5
17 3
17 15
18 1
18 14
18 8
19 15
19 12
19 5
20 16
20 11
20 3
21 3
21 1
21 4
22 13
22 3
22 0
23 11
23 4
23 12
24 6
24 11
24 1
25 4
25 5
25 11
26 23
26 10
26 13
27 13
27 19
27 0
28 23
28 5
28 10
29 23
29 4
29 16
30 4
30 15
30 7
31 10
31 16
31 1
32 21
32 14
32 11
33 11
33 3
33 6
34 4
34 33
34 1
35 15
35 0
35 2
36 16
36 3
36 17
37 8
37 17
37 7
38 23
38 13
38 4
39 25
39 12
39 6
40 32
40 2
40 25
41 0
41 18
41 1
42 41
42 25
42 2
43 2
43 38
43 40
44 6
44 30
44 3
45 11
45 17
45 5
46 33
46 5
46 45
47 39
47 20
47 32
48 25
48 3
48 23
49 24
49 27
49 1
50 16
50 7
50 25
51 11
51 17
51 32
52 50
52 2
52 25
53 20
53 13
53 50
54 27
54 13
54 3
55 20
55 45
55 10
56 3
56 44
56 10
57 9
57 3
57 25
58 12
58 3
58 13
59 54
59 42
59 3
60 3
60 29
60 41
61 58
61 12
61 57
62 6
62 47
62 56
63 16
63 44
63 5
64 23
64 43
64 17
65 33
65 2
65 39
66 3
66 5
66 10
67 6
67 48
67 10
68 46
68 25
68 21
69 16
69 27
69 1
70 0
70 67
70 56
71 13
71 47
71 2
72 2
72 55
72 12
73 72
73 58
73 47
74 24
74 25
74 3
75 15
75 62
75 47
76 42
76 20
76 12
77 50
77 7
77 12
78 6
78 16
78 59
79 33
79 20
79 18
80 35
80 5
80 7
81 18
81 64
81 41
82 19
82 8
82 5
83 5
83 76
83 81
84 7
84 15
84 81
85 20
85 18
85 35
86 79
86 23
86 3
87 39
87 1
87 56
88 15
88 26
88 21
89 33
89 31
89 47
90 83
90 12
90 7
91 2
91 33
91 6
92 0
92 50
92 69
93 63
93 80
93 18
94 13
94 15
94 84
95 73
95 1
95 79
96 20
96 68
96 1
97 16
97 45
97 62
98 3
98 40
98 1
99 67
99 33
99 4
1 1 0 0 0 0 1 0 1 0 0 0 1 0 0 0 0 0 1 0 0 1 1 0 0 0 0 1 0 0 0 0 1 0 1 1 1 1 1 0 0 0 1 1 1 1 1 0 1 0 1 1 0 0 1 0 0 0 1 1 0 0 0 0 0 1 0 1 0 0 0 1 0 0 1 1 0 0 1 0 0 1 1 1 0 0 0 1 0 1 1 1 1 0 1 0 1 0 0 0
1 0 1 1 0 0 0 0 0 1 0 0 0 1 1 1 1 1 0 0 1 0 1 1 0 0 1 0 0 1 0 1 1 0 1 0 0 1 1 1 0 1 0 0 0 1 0 0 0 1 0 0 1 1 0 1 0 0 1 0 1 1 0 1 1 1 0 1 1 1 0 1 0 0 1 0 0 1 1 1 1 0 0 1 1 0 1 0 1 1 0 0 0 1 0 1 1 1 0 0
0 1 0 1 0 0 1 0 1 1 1 0 0 0 1 1 0 0 0 0 0 0 0 1 0 0 0 1 0 0 1 0 0 0 0 1 1 0 0 0 0 0 0 0 1 0 0 0 0 1 1 1 0 1 1 1 0 1 1 1 1 1 1 0 0 0 0 0 1 1 0 0 0 1 0 1 0 0 1 1 1 0 1 0 1 1 1 0 1 1 1 0 0 1 0 0 0 1 0 1
1 1 0 0 0 1 0 1 1 0 0 1 0 1 1 0 1 1 1 0 0 1 0 0 1 0 0 1 1 1 1 0 1 1 1 0 1 1 1 1 0 1 1 0 1 1 0 0 1 1 0 0 0 1 1 1 1 1 1 1 1 1 1 1 0 0 0 0 1 1 1 1 0 0 1 1 0 0 1 0 0 1 0 0 0 1 1 0 1 0 1 1 1 1 1 1 0 0 1 0
1 0 0 0 1 0 1 1 0 1 0 0 0 1 0 1 0 1 1 0 1 0 0 0 0 1 1 0 1 0 1 0 0 1 1 0 0 1 1 1 0 1 1 1 1 0 0 1 1 1 1 1 1 0 0 1 0 0 0 0 0 1 0 0 0 1 0 0 0 0 0 1 0 0 0 1 0 0 0 0 1 0 0 0 0 0 0 0 1 0 1 1 1 1 0 1 0 0 1 1