100 394 5
0 1
0 2
1 2
1 3
2 3
3 4
2 4
2 5
4 5
2 6
3 6
4 7
3 7
3 8
1 8
1 9
6 9
3 10
9 10
2 11
3 11
4 12
2 12
9 13
2 13
11 14
6 14
2 15
9 15
14 16
15 16
1 17
3 17
2 18
1 18
16 19
11 19
1 20
16 20
1 21
7 21
9 22
15 22
3 23
2 23
22 24
14 24
22 25
15 25
17 26
4 26
1 27
18 27
2 28
3 28
18 29
11 29
14 30
25 30
18 31
24 31
3 32
16 32
32 33
3 33
2 34
28 34
15 35
1 35
21 36
15 36
3 37
16 37
14 38
33 38
25 39
2 39
2 40
29 40
30 41
21 41
6 42
2 42
2 43
8 43
30 44
14 44
7 45
18 45
18 46
11 46
43 47
38 47
15 48
4 48
15 49
14 49
15 50
19 50
10 51
44 51
48 52
4 52
40 53
20 53
2 54
52 54
23 55
14 55
14 56
13 56
30 57
0 57
52 58
6 58
25 59
28 59
9 60
17 60
28 61
14 61
1 62
33 62
62 63
30 63
32 64
43 64
48 65
6 65
1 66
60 66
2 67
51 67
48 68
6 68
2 69
42 69
42 70
4 70
20 71
24 71
3 72
64 72
42 73
27 73
50 74
43 74
56 75
20 75
56 76
7 76
1 77
61 77
68 78
23 78
16 79
29 79
12 80
6 80
62 81
30 81
79 82
4 82
38 83
4 83
10 84
34 84
4 85
60 85
3 86
6 86
34 87
3 87
54 88
77 88
51 89
22 89
6 90
11 90
77 91
2 91
67 92
71 92
87 93
31 93
42 94
38 94
34 95
16 95
1 96
33 96
46 97
93 97
20 98
26 98
51 99
1 99
1 0
2 0
2 1
3 1
3 2
4 3
4 2
5 2
5 4
6 2
6 3
7 4
7 3
8 3
8 1
9 1
9 6
10 3
10 9
11 2
11 3
12 4
12 2
13 9
13 2
14 11
14 6
15 2
15 9
16 14
16 15
17 1
17 3
18 2
18 1
19 16
19 11
20 1
20 16
21 1
21 7
22 9
22 15
23 3
23 2
24 22
24 14
25 22
25 15
26 17
26 4
27 1
27 18
28 2
28 3
29 18
29 11
30 14
30 25
31 18
31 24
32 3
32 16
33 32
33 3
34 2
34 28
35 15
35 1
36 21
36 15
37 3
37 16
38 14
38 33
39 25
39 2
40 2
40 29
41 30
41 21
42 6
42 2
43 2
43 8
44 30
44 14
45 7
45 18
46 18
46 11
47 43
47 38
48 15
48 4
49 15
49 14
50 15
50 19
51 10
51 44
52 48
52 4
53 40
53 20
54 2
54 52
55 23
55 14
56 14
56 13
57 30
57 0
58 52
58 6
59 25
59 28
60 9
60 17
61 28
61 14
62 1
62 33
63 62
63 30
64 32
64 43
65 48
65 6
66 1
66 60
67 2
67 51
68 48
68 6
69 2
69 42
70 42
70 4
71 20
71 24
72 3
72 64
73 42
73 27
74 50
74 43
75 56
75 20
76 56
76 7
77 1
77 61
78 68
78 23
79 16
79 29
80 12
80 6
81 62
81 30
82 79
82 4
83 38
83 4
84 10
84 34
85 4
85 60
86 3
86 6
87 34
87 3
88 54
88 77
89 51
89 22
90 6
90 11
91 77
91 2
92 67
92 71
93 87
93 31
94 42
94 38
95 34
95 16
96 1
96 33
97 46
97 93
98 20
98 26
99 51
99 1
0 1 0 1 0 0 0 0 0 0 0 1 0 0 0 0 1 1 0 1 0 1 0 0 0 0 1 1 0 1 0 0 0 1 1 1 0 0 1 0 0 1 1 1 1 0 0 0 1 1 1 1 1 0 0 0 1 1 0 1 1 0 0 0 1 0 1 1 1 1 1 1 0 1 1 0 1 1 1 1 1 0 0 0 0 0 0 0 0 1 0 1 0 1 1 0 0 0 1 1
1 0 0 0 1 0 0 0 0 0 1 0 1 1 1 0 0 1 0 0 1 1 0 1 0 1 0 0 0 0 1 1 0 1 1 1 1 0 1 0 1 0 1 1 0 1 1 1 1 1 1 1 0 1 0 1 0 1 0 0 1 1 1 0 1 0 0 1 0 0 1 1 1 1 0 1 1 0 1 1 0 0 1 1 1 1 1 1 1 1 0 1 0 1 0 0 1 1 1 0
0 1 0 0 1 1 0 1 0 0 0 0 1 1 0 1 0 0 0 0 0 1 0 1 1 0 1 1 0 1 0 1 1 0 1 0 0 0 0 0 1 1 0 0 0 0 1 1 1 1 1 0 0 0 1 1 1 0 0 1 0 1 1 1 0 1 0 0 1 0 0 1 1 1 0 1 1 1 1 0 1 1 1 0 0 1 1 1 1 0 1 1 0 0 0 0 1 1 1 0
0 0 0 0 1 0 1 1 1 1 1 1 1 0 0 1 1 1 1 0 1 0 0 1 1 0 1 1 0 1 0 1 1 1 0 0 0 0 0 1 1 0 0 1 0 1 0 1 1 0 0 1 1 1 0 1 1 1 0 1 1 0 0 1 1 0 0 0 1 1 1 1 0 1 0 0 1 0 1 0 1 0 0 0 0 0 1 0 1 0 1 0 1 1 0 1 1 1 0 0
1 0 0 0 1 1 1 0 1 0 0 1 1 0 1 0 0 1 0 0 1 0 1 1 1 0 0 0 1 1 1 0 0 1 0 0 0 0 1 1 1 1 1 1 1 0 1 1 1 1 1 0 0 0 0 1 1 1 1 1 0 0 1 0 1 0 1 1 1 1 1 1 0 0 0 0 1 1 1 0 0 0 1 1 1 0 0 1 1 1 0 1 0 0 0 0 1 1 1 1