50 194 5
0 1
0 2
1 2
2 3
0 3
0 4
2 4
4 5
3 5
2 6
1 6
2 7
0 7
0 8
3 8
0 9
7 9
8 10
2 10
1 11
4 11
0 12
10 12
8 13
6 13
2 14
4 14
14 15
10 15
2 16
8 16
10 17
4 17
8 18
6 18
0 19
18 19
4 20
7 20
10 21
14 21
8 22
4 22
15 23
9 23
18 24
14 24
19 25
5 25
1 26
8 26
8 27
2 27
3 28
10 28
18 29
5 29
17 30
8 30
26 31
17 31
12 32
3 32
15 33
6 33
2 34
25 34
0 35
7 35
4 36
3 36
27 37
5 37
28 38
18 38
2 39
10 39
8 40
19 40
27 41
25 41
18 42
19 42
22 43
20 43
2 44
26 44
17 45
2 45
29 46
19 46
12 47
43 47
33 48
22 48
7 49
0 49
1 0
2 0
2 1
3 2
3 0
4 0
4 2
5 4
5 3
6 2
6 1
7 2
7 0
8 0
8 3
9 0
9 7
10 8
10 2
11 1
11 4
12 0
12 10
13 8
13 6
14 2
14 4
15 14
15 10
16 2
16 8
17 10
17 4
18 8
18 6
19 0
19 18
20 4
20 7
21 10
21 14
22 8
22 4
23 15
23 9
24 18
24 14
25 19
25 5
26 1
26 8
27 8
27 2
28 3
28 10
29 18
29 5
30 17
30 8
31 26
31 17
32 12
32 3
33 15
33 6
34 2
34 25
35 0
35 7
36 4
36 3
37 27
37 5
38 28
38 18
39 2
39 10
40 8
40 19
41 27
41 25
42 18
42 19
43 22
43 20
44 2
44 26
45 17
45 2
46 29
46 19
47 12
47 43
48 33
48 22
49 7
49 0
1 0 0 1 0 0 1 0 1 1 0 1 0 0 0 1 0 1 0 0 0 1 1 0 0 1 0 1 1 0 0 1 1 0 0 1 1 1 1 0 1 0 1 1 0 0 0 0 1 0
1 0 0 0 1 1 1 0 1 0 0 0 0 1 1 0 0 0 0 1 0 1 1 1 0 0 0 0 0 1 1 1 0 1 0 0 0 0 1 0 0 0 1 1 0 0 0 1 0 0
1 1 1 1 0 1 1 1 0 0 0 0 0 1 0 1 0 1 1 1 0 1 1 0 0 1 0 0 1 0 1 0 0 0 0 0 1 1 1 0 0 0 0 1 1 0 0 1 0 0
0 0 0 0 0 1 0 1 0 0 0 0 1 0 1 1 0 1 1 0 0 1 0 0 0 0 0 1 1 0 1 0 0 0 1 0 1 0 1 1 1 0 0 1 0 1 0 1 0 1
1 1 1 0 1 0 1 1 1 0 1 1 1 1 1 1 0 1 1 1 1 1 0 0 0 1 0 0 0 0 1 0 1 0 1 1 1 0 1 1 0 0 1 0 0 0 0 1 0 0