100 780 5
0 1
0 2
1 2
0 3
1 3
2 3
0 4
1 4
2 4
3 4
4 5
3 5
2 5
0 5
5 6
2 6
0 6
4 6
5 7
2 7
3 7
6 7
7 8
4 8
3 8
5 8
1 9
5 9
2 9
6 9
5 10
1 10
6 10
8 10
4 11
1 11
3 11
0 11
5 12
9 12
4 12
1 12
8 13
5 13
1 13
3 13
4 14
6 14
1 14
3 14
5 15
1 15
9 15
2 15
5 16
9 16
4 16
10 16
1 17
10 17
9 17
6 17
14 18
15 18
3 18
2 18
1 19
6 19
10 19
4 19
2 20
6 20
16 20
10 20
4 21
20 21
3 21
12 21
5 22
16 22
4 22
17 22
19 23
16 23
1 23
14 23
2 24
0 24
5 24
10 24
1 25
13 25
7 25
6 25
0 26
18 26
15 26
13 26
9 27
16 27
17 27
5 27
20 28
7 28
8 28
19 28
1 29
26 29
5 29
27 29
19 30
9 30
5 30
0 30
30 31
1 31
2 31
7 31
16 32
7 32
6 32
18 32
13 33
30 33
16 33
27 33
9 34
1 34
10 34
29 34
30 35
25 35
2 35
32 35
16 36
28 36
30 36
0 36
23 37
13 37
18 37
30 37
3 38
37 38
16 38
5 38
4 39
8 39
29 39
7 39
15 40
16 40
20 40
7 40
4 41
36 41
21 41
3 41
12 42
1 42
9 42
4 42
38 43
16 43
26 43
36 43
3 44
5 44
15 44
34 44
12 45
27 45
44 45
42 45
8 46
44 46
42 46
3 46
1 47
42 47
5 47
6 47
40 48
1 48
21 48
0 48
12 49
1 49
16 49
13 49
48 50
30 50
3 50
16 50
5 51
36 51
41 51
1 51
45 52
25 52
32 52
13 52
14 53
43 53
52 53
1 53
4 54
21 54
49 54
46 54
24 55
5 55
21 55
31 55
35 56
25 56
13 56
19 56
5 57
18 57
26 57
3 57
56 58
28 58
20 58
30 58
6 59
25 59
33 59
16 59
32 60
56 60
57 60
43 60
59 61
13 61
17 61
5 61
28 62
5 62
37 62
20 62
26 63
22 63
15 63
51 63
4 64
9 64
2 64
5 64
2 65
9 65
46 65
23 65
57 66
27 66
33 66
4 66
5 67
13 67
19 67
11 67
6 68
41 68
21 68
1 68
0 69
1 69
20 69
5 69
42 70
26 70
31 70
4 70
40 71
44 71
63 71
5 71
70 72
40 72
19 72
5 72
8 73
16 73
9 73
5 73
57 74
71 74
70 74
46 74
23 75
45 75
37 75
68 75
4 76
8 76
63 76
40 76
70 77
13 77
10 77
67 77
43 78
48 78
1 78
38 78
29 79
36 79
22 79
23 79
44 80
0 80
43 80
15 80
56 81
23 81
36 81
16 81
80 82
32 82
44 82
11 82
70 83
13 83
42 83
44 83
23 84
57 84
62 84
30 84
25 85
39 85
33 85
0 85
63 86
30 86
10 86
59 86
35 87
27 87
31 87
6 87
40 88
10 88
12 88
32 88
2 89
41 89
13 89
57 89
23 90
77 90
0 90
51 90
45 91
58 91
77 91
63 91
4 92
16 92
18 92
65 92
19 93
48 93
44 93
52 93
25 94
79 94
57 94
93 94
30 95
5 95
16 95
77 95
63 96
2 96
6 96
67 96
22 97
26 97
0 97
46 97
77 98
15 98
1 98
40 98
5 99
7 99
51 99
34 99
1 0
2 0
2 1
3 0
3 1
3 2
4 0
4 1
4 2
4 3
5 4
5 3
5 2
5 0
6 5
6 2
6 0
6 4
7 5
7 2
7 3
7 6
8 7
8 4
8 3
8 5
9 1
9 5
9 2
9 6
10 5
10 1
10 6
10 8
11 4
11 1
11 3
11 0
12 5
12 9
12 4
12 1
13 8
13 5
13 1
13 3
14 4
14 6
14 1
14 3
15 5
15 1
15 9
15 2
16 5
16 9
16 4
16 10
17 1
17 10
17 9
17 6
18 14
18 15
18 3
18 2
19 1
19 6
19 10
19 4
20 2
20 6
20 16
20 10
21 4
21 20
21 3
21 12
22 5
22 16
22 4
22 17
23 19
23 16
23 1
23 14
24 2
24 0
24 5
24 10
25 1
25 13
25 7
25 6
26 0
26 18
26 15
26 13
27 9
27 16
27 17
27 5
28 20
28 7
28 8
28 19
29 1
29 26
29 5
29 27
30 19
30 9
30 5
30 0
31 30
31 1
31 2
31 7
32 16
32 7
32 6
32 18
33 13
33 30
33 16
33 27
34 9
34 1
34 10
34 29
35 30
35 25
35 2
35 32
36 16
36 28
36 30
36 0
37 23
37 13
37 18
37 30
38 3
38 37
38 16
38 5
39 4
39 8
39 29
39 7
40 15
40 16
40 20
40 7
41 4
41 36
41 21
41 3
42 12
42 1
42 9
42 4
43 38
43 16
43 26
43 36
44 3
44 5
44 15
44 34
45 12
45 27
45 44
45 42
46 8
46 44
46 42
46 3
47 1
47 42
47 5
47 6
48 40
48 1
48 21
48 0
49 12
49 1
49 16
49 13
50 48
50 30
50 3
50 16
51 5
51 36
51 41
51 1
52 45
52 25
52 32
52 13
53 14
53 43
53 52
53 1
54 4
54 21
54 49
54 46
55 24
55 5
55 21
55 31
56 35
56 25
56 13
56 19
57 5
57 18
57 26
57 3
58 56
58 28
58 20
58 30
59 6
59 25
59 33
59 16
60 32
60 56
60 57
60 43
61 59
61 13
61 17
61 5
62 28
62 5
62 37
62 20
63 26
63 22
63 15
63 51
64 4
64 9
64 2
64 5
65 2
65 9
65 46
65 23
66 57
66 27
66 33
66 4
67 5
67 13
67 19
67 11
68 6
68 41
68 21
68 1
69 0
69 1
69 20
69 5
70 42
70 26
70 31
70 4
71 40
71 44
71 63
71 5
72 70
72 40
72 19
72 5
73 8
73 16
73 9
73 5
74 57
74 71
74 70
74 46
75 23
75 45
75 37
75 68
76 4
76 8
76 63
76 40
77 70
77 13
77 10
77 67
78 43
78 48
78 1
78 38
79 29
79 36
79 22
79 23
80 44
80 0
80 43
80 15
81 56
81 23
81 36
81 16
82 80
82 32
82 44
82 11
83 70
83 13
83 42
83 44
84 23
84 57
84 62
84 30
85 25
85 39
85 33
85 0
86 63
86 30
86 10
86 59
87 35
87 27
87 31
87 6
88 40
88 10
88 12
88 32
89 2
89 41
89 13
89 57
90 23
90 77
90 0
90 51
91 45
91 58
91 77
91 63
92 4
92 16
92 18
92 65
93 19
93 48
93 44
93 52
94 25
94 79
94 57
94 93
95 30
95 5
95 16
95 77
96 63
96 2
96 6
96 67
97 22
97 26
97 0
97 46
98 77
98 15
98 1
98 40
99 5
99 7
99 51
99 34
1 1 1 1 0 1 1 0 0 1 0 0 0 0 1 1 0 1 0 1 1 0 1 0 1 1 0 0 0 0 1 0 1 1 0 0 1 0 0 1 1 1 0 0 1 1 1 1 0 0 0 1 0 0 1 1 1 0 1 0 1 1 0 1 0 1 0 0 1 1 0 0 0 0 1 1 0 0 0 1 0 1 1 1 0 0 0 1 0 0 1 0 1 0 0 0 1 0 1 1
0 1 1 1 0 1 1 0 1 1 1 0 1 1 0 0 1 0 0 1 1 0 0 0 1 1 0 1 1 1 0 1 0 0 0 0 0 1 1 0 1 0 1 1 1 0 0 1 0 1 1 1 1 0 0 1 1 1 1 0 0 0 1 0 0 0 1 0 0 1 1 0 1 0 0 1 1 1 1 1 0 0 0 0 0 0 1 1 0 1 0 0 0 0 1 0 0 0 1 0
0 0 1 0 1 0 0 0 0 1 1 1 1 1 1 1 1 0 0 0 0 1 1 0 0 0 0 0 1 0 1 1 0 0 0 1 1 0 0 0 0 1 0 0 1 1 1 0 0 1 0 1 1 1 1 0 0 1 0 1 1 1 1 1 0 0 1 0 0 1 0 0 0 0 1 1 1 1 1 0 1 1 1 0 0 0 0 0 1 1 1 0 1 1 0 0 0 1 0 1
1 0 0 1 0 1 1 0 0 1 0 1 1 1 0 1 1 0 0 0 0 0 0 1 1 0 1 1 0 0 0 1 0 1 0 0 0 1 1 0 0 0 0 0 1 0 1 0 0 1 0 0 0 1 0 0 1 1 0 0 1 0 1 1 0 0 1 1 0 1 0 1 1 1 0 0 0 1 0 1 1 0 0 0 1 1 0 1 1 1 1 1 1 1 0 0 0 0 0 1
0 0 1 1 1 1 1 1 1 1 1 1 0 1 1 0 0 1 1 1 1 0 0 0 1 1 1 1 1 1 1 0 0 1 1 1 1 0 0 0 1 0 0 1 1 0 1 0 1 0 0 0 1 1 1 1 0 0 1 1 0 1 1 0 1 1 1 1 0 0 0 0 1 0 1 1 0 0 0 1 1 0 0 0 1 1 1 0 1 1 0 1 0 1 1 0 1 1 1 1