250 1488 5
0 1
0 2
1 2
0 3
1 3
2 3
1 4
3 4
0 4
2 5
1 5
0 5
0 6
4 6
3 6
3 7
2 7
1 7
2 8
4 8
1 8
4 9
2 9
8 9
0 10
6 10
1 10
4 11
2 11
1 11
5 12
1 12
3 12
9 13
7 13
0 13
12 14
1 14
0 14
0 15
7 15
1 15
2 16
1 16
6 16
6 17
3 17
14 17
0 18
2 18
11 18
13 19
7 19
1 19
7 20
12 20
3 20
17 21
3 21
1 21
1 22
4 22
21 22
21 23
15 23
0 23
23 24
14 24
20 24
15 25
1 25
6 25
1 26
7 26
21 26
12 27
21 27
19 27
4 28
0 28
6 28
15 29
21 29
1 29
22 30
11 30
0 30
15 31
8 31
26 31
25 32
3 32
21 32
4 33
1 33
5 33
12 34
28 34
0 34
3 35
1 35
11 35
14 36
28 36
26 36
17 37
22 37
35 37
4 38
19 38
29 38
3 39
25 39
22 39
20 40
2 40
11 40
31 41
12 41
36 41
0 42
37 42
10 42
1 43
19 43
13 43
39 44
15 44
4 44
18 45
10 45
4 45
1 46
11 46
15 46
2 47
1 47
45 47
25 48
13 48
26 48
38 49
5 49
19 49
40 50
5 50
8 50
0 51
21 51
5 51
26 52
50 52
3 52
31 53
5 53
41 53
12 54
23 54
18 54
37 55
26 55
9 55
1 56
11 56
5 56
7 57
46 57
2 57
4 58
21 58
13 58
5 59
32 59
13 59
45 60
13 60
39 60
0 61
32 61
38 61
1 62
43 62
26 62
55 63
46 63
59 63
2 64
13 64
8 64
21 65
51 65
37 65
17 66
55 66
38 66
12 67
59 67
7 67
13 68
41 68
55 68
9 69
26 69
44 69
4 70
1 70
60 70
3 71
14 71
0 71
57 72
37 72
13 72
32 73
35 73
0 73
41 74
14 74
18 74
19 75
1 75
18 75
28 76
35 76
66 76
6 77
21 77
0 77
4 78
43 78
61 78
40 79
2 79
0 79
26 80
7 80
61 80
76 81
13 81
26 81
67 82
31 82
37 82
32 83
52 83
41 83
79 84
30 84
45 84
81 85
46 85
2 85
45 86
83 86
3 86
31 87
13 87
5 87
13 88
79 88
78 88
33 89
39 89
58 89
34 90
59 90
78 90
21 91
61 91
37 91
8 92
0 92
44 92
87 93
56 93
92 93
26 94
18 94
4 94
31 95
37 95
5 95
21 96
53 96
0 96
44 97
51 97
11 97
86 98
87 98
74 98
5 99
1 99
48 99
21 100
5 100
3 100
65 101
37 101
1 101
10 102
13 102
81 102
52 103
44 103
18 103
35 104
59 104
89 104
85 105
5 105
44 105
43 106
1 106
6 106
14 107
87 107
1 107
6 108
1 108
73 108
108 109
61 109
1 109
86 110
65 110
0 110
59 111
18 111
9 111
72 112
26 112
55 112
61 113
11 113
1 113
62 114
35 114
104 114
21 115
114 115
6 115
53 116
55 116
16 116
26 117
58 117
25 117
14 118
110 118
116 118
6 119
88 119
61 119
87 120
65 120
67 120
13 121
18 121
26 121
21 122
87 122
34 122
43 123
78 123
55 123
96 124
51 124
0 124
108 125
11 125
12 125
1 126
18 126
13 126
87 127
101 127
44 127
126 128
0 128
115 128
126 129
83 129
8 129
37 130
28 130
79 130
26 131
83 131
76 131
9 132
67 132
13 132
51 133
20 133
46 133
125 134
15 134
22 134
73 135
37 135
113 135
131 136
25 136
134 136
11 137
104 137
49 137
91 138
44 138
24 138
57 139
63 139
100 139
134 140
72 140
65 140
21 141
16 141
17 141
65 142
14 142
103 142
112 143
81 143
18 143
79 144
28 144
125 144
6 145
133 145
108 145
5 146
12 146
44 146
46 147
0 147
85 147
139 148
9 148
83 148
131 149
95 149
13 149
112 150
26 150
5 150
11 151
67 151
56 151
15 152
132 152
20 152
14 153
5 153
35 153
11 154
114 154
0 154
74 155
16 155
38 155
1 156
60 156
37 156
51 157
156 157
96 157
5 158
2 158
38 158
1 159
66 159
57 159
121 160
24 160
127 160
10 161
30 161
67 161
77 162
81 162
66 162
113 163
65 163
51 163
122 164
21 164
101 164
127 165
142 165
61 165
4 166
133 166
63 166
109 167
15 167
50 167
50 168
76 168
27 168
6 169
94 169
122 169
44 170
43 170
35 170
21 171
72 171
111 171
63 172
34 172
20 172
107 173
138 173
38 173
13 174
1 174
55 174
32 175
4 175
46 175
15 176
145 176
110 176
31 177
64 177
30 177
98 178
115 178
61 178
92 179
29 179
13 179
5 180
4 180
0 180
112 181
105 181
41 181
22 182
52 182
164 182
13 183
15 183
12 183
26 184
80 184
126 184
113 185
146 185
78 185
28 186
98 186
137 186
21 187
90 187
146 187
115 188
146 188
1 188
159 189
10 189
47 189
30 190
96 190
140 190
22 191
12 191
132 191
75 192
173 192
92 192
154 193
82 193
188 193
55 194
15 194
5 194
36 195
81 195
1 195
55 196
76 196
90 196
136 197
39 197
154 197
61 198
157 198
110 198
6 199
138 199
7 199
79 200
6 200
18 200
117 201
16 201
181 201
127 202
0 202
102 202
143 203
126 203
199 203
17 204
16 204
116 204
120 205
47 205
5 205
176 206
199 206
9 206
185 207
8 207
49 207
154 208
84 208
143 208
5 209
122 209
7 209
126 210
0 210
57 210
15 211
141 211
179 211
199 212
127 212
109 212
3 213
165 213
169 213
41 214
128 214
98 214
97 215
8 215
47 215
5 216
36 216
87 216
80 217
79 217
209 217
128 218
37 218
144 218
3 219
15 219
207 219
0 220
60 220
137 220
210 221
2 221
26 221
48 222
72 222
64 222
208 223
148 223
22 223
137 224
176 224
22 224
101 225
0 225
47 225
12 226
80 226
225 226
28 227
0 227
20 227
101 228
28 228
221 228
28 229
109 229
90 229
160 230
219 230
33 230
227 231
226 231
81 231
71 232
132 232
67 232
209 233
22 233
126 233
205 234
89 234
158 234
118 235
120 235
199 235
26 236
137 236
121 236
207 237
101 237
118 237
126 238
109 238
6 238
133 239
0 239
66 239
107 240
41 240
14 240
15 241
214 241
4 241
174 242
162 242
14 242
137 243
6 243
52 243
154 244
5 244
20 244
20 245
203 245
32 245
233 246
236 246
185 246
119 247
37 247
245 247
177 248
4 248
3 248
172 249
219 249
101 249
1 0
2 0
2 1
3 0
3 1
3 2
4 1
4 3
4 0
5 2
5 1
5 0
6 0
6 4
6 3
7 3
7 2
7 1
8 2
8 4
8 1
9 4
9 2
9 8
10 0
10 6
10 1
11 4
11 2
11 1
12 5
12 1
12 3
13 9
13 7
13 0
14 12
14 1
14 0
15 0
15 7
15 1
16 2
16 1
16 6
17 6
17 3
17 14
18 0
18 2
18 11
19 13
19 7
19 1
20 7
20 12
20 3
21 17
21 3
21 1
22 1
22 4
22 21
23 21
23 15
23 0
24 23
24 14
24 20
25 15
25 1
25 6
26 1
26 7
26 21
27 12
27 21
27 19
28 4
28 0
28 6
29 15
29 21
29 1
30 22
30 11
30 0
31 15
31 8
31 26
32 25
32 3
32 21
33 4
33 1
33 5
34 12
34 28
34 0
35 3
35 1
35 11
36 14
36 28
36 26
37 17
37 22
37 35
38 4
38 19
38 29
39 3
39 25
39 22
40 20
40 2
40 11
41 31
41 12
41 36
42 0
42 37
42 10
43 1
43 19
43 13
44 39
44 15
44 4
45 18
45 10
45 4
46 1
46 11
46 15
47 2
47 1
47 45
48 25
48 13
48 26
49 38
49 5
49 19
50 40
50 5
50 8
51 0
51 21
51 5
52 26
52 50
52 3
53 31
53 5
53 41
54 12
54 23
54 18
55 37
55 26
55 9
56 1
56 11
56 5
57 7
57 46
57 2
58 4
58 21
58 13
59 5
59 32
59 13
60 45
60 13
60 39
61 0
61 32
61 38
62 1
62 43
62 26
63 55
63 46
63 59
64 2
64 13
64 8
65 21
65 51
65 37
66 17
66 55
66 38
67 12
67 59
67 7
68 13
68 41
68 55
69 9
69 26
69 44
70 4
70 1
70 60
71 3
71 14
71 0
72 57
72 37
72 13
73 32
73 35
73 0
74 41
74 14
74 18
75 19
75 1
75 18
76 28
76 35
76 66
77 6
77 21
77 0
78 4
78 43
78 61
79 40
79 2
79 0
80 26
80 7
80 61
81 76
81 13
81 26
82 67
82 31
82 37
83 32
83 52
83 41
84 79
84 30
84 45
85 81
85 46
85 2
86 45
86 83
86 3
87 31
87 13
87 5
88 13
88 79
88 78
89 33
89 39
89 58
90 34
90 59
90 78
91 21
91 61
91 37
92 8
92 0
92 44
93 87
93 56
93 92
94 26
94 18
94 4
95 31
95 37
95 5
96 21
96 53
96 0
97 44
97 51
97 11
98 86
98 87
98 74
99 5
99 1
99 48
100 21
100 5
100 3
101 65
101 37
101 1
102 10
102 13
102 81
103 52
103 44
103 18
104 35
104 59
104 89
105 85
105 5
105 44
106 43
106 1
106 6
107 14
107 87
107 1
108 6
108 1
108 73
109 108
109 61
109 1
110 86
110 65
110 0
111 59
111 18
111 9
112 72
112 26
112 55
113 61
113 11
113 1
114 62
114 35
114 104
115 21
115 114
115 6
116 53
116 55
116 16
117 26
117 58
117 25
118 14
118 110
118 116
119 6
119 88
119 61
120 87
120 65
120 67
121 13
121 18
121 26
122 21
122 87
122 34
123 43
123 78
123 55
124 96
124 51
124 0
125 108
125 11
125 12
126 1
126 18
126 13
127 87
127 101
127 44
128 126
128 0
128 115
129 126
129 83
129 8
130 37
130 28
130 79
131 26
131 83
131 76
132 9
132 67
132 13
133 51
133 20
133 46
134 125
134 15
134 22
135 73
135 37
135 113
136 131
136 25
136 134
137 11
137 104
137 49
138 91
138 44
138 24
139 57
139 63
139 100
140 134
140 72
140 65
141 21
141 16
141 17
142 65
142 14
142 103
143 112
143 81
143 18
144 79
144 28
144 125
145 6
145 133
145 108
146 5
146 12
146 44
147 46
147 0
147 85
148 139
148 9
148 83
149 131
149 95
149 13
150 112
150 26
150 5
151 11
151 67
151 56
152 15
152 132
152 20
153 14
153 5
153 35
154 11
154 114
154 0
155 74
155 16
155 38
156 1
156 60
156 37
157 51
157 156
157 96
158 5
158 2
158 38
159 1
159 66
159 57
160 121
160 24
160 127
161 10
161 30
161 67
162 77
162 81
162 66
163 113
163 65
163 51
164 122
164 21
164 101
165 127
165 142
165 61
166 4
166 133
166 63
167 109
167 15
167 50
168 50
168 76
168 27
169 6
169 94
169 122
170 44
170 43
170 35
171 21
171 72
171 111
172 63
172 34
172 20
173 107
173 138
173 38
174 13
174 1
174 55
175 32
175 4
175 46
176 15
176 145
176 110
177 31
177 64
177 30
178 98
178 115
178 61
179 92
179 29
179 13
180 5
180 4
180 0
181 112
181 105
181 41
182 22
182 52
182 164
183 13
183 15
183 12
184 26
184 80
184 126
185 113
185 146
185 78
186 28
186 98
186 137
187 21
187 90
187 146
188 115
188 146
188 1
189 159
189 10
189 47
190 30
190 96
190 140
191 22
191 12
191 132
192 75
192 173
192 92
193 154
193 82
193 188
194 55
194 15
194 5
195 36
195 81
195 1
196 55
196 76
196 90
197 136
197 39
197 154
198 61
198 157
198 110
199 6
199 138
199 7
200 79
200 6
200 18
201 117
201 16
201 181
202 127
202 0
202 102
203 143
203 126
203 199
204 17
204 16
204 116
205 120
205 47
205 5
206 176
206 199
206 9
207 185
207 8
207 49
208 154
208 84
208 143
209 5
209 122
209 7
210 126
210 0
210 57
211 15
211 141
211 179
212 199
212 127
212 109
213 3
213 165
213 169
214 41
214 128
214 98
215 97
215 8
215 47
216 5
216 36
216 87
217 80
217 79
217 209
218 128
218 37
218 144
219 3
219 15
219 207
220 0
220 60
220 137
221 210
221 2
221 26
222 48
222 72
222 64
223 208
223 148
223 22
224 137
224 176
224 22
225 101
225 0
225 47
226 12
226 80
226 225
227 28
227 0
227 20
228 101
228 28
228 221
229 28
229 109
229 90
230 160
230 219
230 33
231 227
231 226
231 81
232 71
232 132
232 67
233 209
233 22
233 126
234 205
234 89
234 158
235 118
235 120
235 199
236 26
236 137
236 121
237 207
237 101
237 118
238 126
238 109
238 6
239 133
239 0
239 66
240 107
240 41
240 14
241 15
241 214
241 4
242 174
242 162
242 14
243 137
243 6
243 52
244 154
244 5
244 20
245 20
245 203
245 32
246 233
246 236
246 185
247 119
247 37
247 245
248 177
248 4
248 3
249 172
249 219
249 101
1 0 0 1 1 1 0 1 1 1 0 0 1 1 1 1 1 1 0 1 1 1 0 0 0 1 0 1 0 1 1 1 0 1 0 0 0 0 1 1 1 1 0 0 1 0 1 0 1 0 0 1 1 0 1 0 1 0 0 1 1 1 0 1 0 1 0 0 1 1 1 1 1 0 1 0 0 1 0 1 0 1 1 0 1 1 0 1 0 1 1 0 0 1 0 1 1 1 1 0 0 1 1 1 1 0 1 1 0 1 0 1 0 1 0 0 0 1 0 0 1 0 1 0 1 1 0 0 1 1 0 1 1 1 1 1 1 0 1 0 1 0 1 0 0 0 1 0 1 0 1 1 0 0 1 0 1 0 0 1 0 0 0 0 1 0 0 1 0 1 1 1 0 0 0 1 0 0 1 1 1 1 1 0 0 0 0 0 1 0 0 1 0 1 0 1 1 0 1 1 0 0 0 1 0 1 0 0 1 0 1 0 0 1 0 0 1 0 1 0 1 1 0 0 0 1 1 0 1 0 1 0 1 1 0 0 0 1 1 0 0 0 0 0 1 1 1 0 0 1
0 0 1 0 1 1 0 0 0 0 1 1 1 1 1 0 1 0 1 0 1 1 1 1 1 0 1 1 1 1 0 1 0 1 0 1 1 0 1 1 0 1 1 1 1 1 0 0 0 0 1 0 0 1 0 1 1 0 1 1 0 1 1 1 1 0 0 1 1 0 1 0 1 0 1 0 1 1 1 0 0 1 0 0 1 0 1 0 0 1 0 1 0 0 0 0 0 0 0 1 0 0 1 0 1 0 1 1 1 0 1 0 1 0 1 0 0 1 1 1 0 0 0 0 1 0 1 0 0 1 1 0 1 0 0 0 0 0 1 1 1 1 0 1 1 1 1 1 1 0 0 0 1 0 1 0 0 1 0 1 0 0 1 1 0 1 0 1 0 1 1 1 0 1 1 0 1 1 0 1 1 1 1 0 1 1 1 0 1 0 1 1 0 1 1 0 1 1 0 0 1 1 1 0 1 1 0 1 1 1 0 1 1 0 0 0 0 1 0 0 0 0 0 1 1 0 0 0 1 0 0 1 0 1 0 1 0 0 1 0 1 0 0 1 1 0 1 1 1 1
1 0 1 1 1 0 0 1 1 1 1 0 1 1 1 0 1 1 0 0 1 1 0 1 0 1 1 1 1 0 0 0 0 1 0 1 1 1 0 1 0 0 0 1 0 1 0 1 0 1 1 1 1 0 1 1 0 0 0 0 1 1 1 0 0 1 1 1 0 1 1 0 1 0 0 1 0 0 0 1 0 1 0 0 0 0 0 1 1 1 0 0 0 1 0 0 0 0 1 0 1 1 0 0 1 0 1 0 0 0 0 1 0 1 1 1 0 0 1 1 0 1 0 0 0 0 0 0 0 1 0 0 1 1 0 1 0 1 0 0 1 0 0 1 1 1 1 0 1 1 0 0 0 1 1 1 1 1 0 0 1 1 1 0 1 1 1 1 1 0 0 0 0 1 0 1 0 1 0 0 1 1 1 0 0 1 1 1 1 1 1 0 0 0 0 0 0 0 0 1 0 0 0 1 1 0 1 1 1 0 0 1 0 1 1 0 0 0 1 1 0 1 0 0 0 0 0 0 1 0 0 0 0 0 0 0 0 0 0 1 1 0 0 0 0 1 1 1 0 0
0 1 1 1 0 1 1 0 1 0 1 0 1 0 0 1 1 0 1 1 1 0 1 0 1 0 0 0 0 1 0 1 1 1 0 1 1 1 1 0 0 0 0 1 1 1 1 1 1 0 1 0 0 0 1 0 1 1 0 1 0 0 1 0 0 1 1 0 0 0 0 0 0 1 1 1 0 1 0 0 1 0 1 0 1 1 1 1 0 0 0 0 1 1 1 0 0 1 1 1 0 1 1 1 1 1 1 0 0 0 1 1 1 1 1 0 1 1 0 0 1 0 0 1 0 0 1 1 0 1 0 0 0 1 0 0 0 1 1 1 0 0 1 1 0 0 1 1 1 1 1 1 0 0 1 0 1 0 1 1 1 1 0 0 1 1 1 0 1 1 0 0 0 1 0 1 0 1 0 0 1 0 1 0 0 1 0 1 0 0 1 1 1 0 0 0 1 1 1 1 0 0 1 0 1 0 1 1 0 1 0 0 0 1 1 1 1 1 0 1 1 0 1 1 0 0 0 1 1 0 1 0 1 1 0 0 1 0 1 0 0 0 1 1 1 0 0 1 0 1
0 1 0 1 0 1 1 1 0 1 0 1 1 1 1 1 1 0 0 1 1 1 0 1 0 1 0 1 0 1 1 1 0 0 1 0 1 1 0 1 1 1 1 1 0 0 0 0 1 0 1 1 0 1 1 1 1 0 0 0 0 1 0 0 0 1 1 1 0 1 0 0 0 0 0 1 1 1 0 1 0 1 0 0 0 1 0 0 1 1 1 0 1 0 1 0 0 0 0 1 1 1 0 0 1 1 1 1 0 1 0 1 1 1 0 0 1 0 1 0 1 1 1 1 0 0 1 0 1 1 1 1 1 1 1 1 0 0 0 1 0 0 1 0 1 0 0 0 0 0 0 0 1 0 0 1 1 0 0 0 1 0 0 0 1 0 0 1 1 0 0 1 1 0 0 1 1 0 0 1 0 1 0 1 0 1 0 0 1 0 0 1 1 1 0 0 0 0 1 0 0 0 0 1 0 0 0 0 0 0 0 1 1 0 1 0 1 1 0 1 0 1 1 1 0 1 1 1 1 0 0 0 1 1 1 1 0 0 1 1 0 0 1 0 1 0 0 0 1 0