250 1488 5
0 1
0 2
1 2
0 3
1 3
2 3
1 4
0 4
2 4
0 5
2 5
3 5
2 6
5 6
0 6
2 7
4 7
3 7
6 8
4 8
7 8
3 9
2 9
0 9
9 10
7 10
3 10
6 11
4 11
2 11
9 12
4 12
2 12
6 13
3 13
1 13
11 14
7 14
3 14
13 15
11 15
5 15
0 16
10 16
7 16
7 17
11 17
8 17
13 18
10 18
1 18
9 19
0 19
3 19
2 20
1 20
3 20
0 21
4 21
3 21
3 22
0 22
4 22
7 23
18 23
15 23
19 24
14 24
6 24
5 25
3 25
12 25
0 26
1 26
17 26
2 27
18 27
0 27
5 28
18 28
15 28
18 29
7 29
0 29
13 30
3 30
4 30
9 31
4 31
0 31
2 32
0 32
10 32
28 33
26 33
2 33
9 34
2 34
30 34
26 35
18 35
24 35
2 36
9 36
3 36
2 37
29 37
1 37
10 38
4 38
3 38
6 39
30 39
7 39
27 40
9 40
7 40
16 41
13 41
2 41
18 42
1 42
25 42
3 43
35 43
11 43
26 44
0 44
28 44
25 45
11 45
20 45
11 46
2 46
12 46
43 47
8 47
3 47
24 48
15 48
35 48
9 49
48 49
46 49
0 50
17 50
23 50
42 51
1 51
48 51
7 52
4 52
33 52
49 53
42 53
50 53
17 54
10 54
27 54
52 55
15 55
23 55
35 56
0 56
26 56
38 57
19 57
2 57
10 58
16 58
15 58
38 59
21 59
10 59
4 60
0 60
27 60
31 61
49 61
5 61
31 62
56 62
53 62
47 63
27 63
9 63
4 64
18 64
45 64
3 65
57 65
2 65
58 66
24 66
64 66
2 67
7 67
63 67
61 68
26 68
63 68
23 69
58 69
59 69
51 70
52 70
68 70
52 71
26 71
58 71
38 72
65 72
58 72
13 73
0 73
1 73
70 74
72 74
58 74
44 75
41 75
63 75
7 76
31 76
0 76
73 77
11 77
52 77
3 78
6 78
73 78
18 79
17 79
10 79
32 80
35 80
18 80
35 81
28 81
10 81
67 82
64 82
24 82
25 83
4 83
76 83
2 84
31 84
63 84
72 85
30 85
10 85
14 86
7 86
55 86
9 87
26 87
38 87
18 88
2 88
28 88
45 89
74 89
63 89
7 90
9 90
10 90
28 91
26 91
0 91
10 92
47 92
61 92
38 93
52 93
10 93
36 94
74 94
38 94
48 95
21 95
2 95
38 96
76 96
56 96
3 97
9 97
26 97
18 98
29 98
91 98
63 99
67 99
30 99
7 100
2 100
0 100
40 101
67 101
92 101
19 102
53 102
5 102
70 103
72 103
21 103
24 104
3 104
32 104
93 105
50 105
47 105
67 106
26 106
30 106
1 107
101 107
73 107
77 108
14 108
24 108
9 109
71 109
57 109
53 110
79 110
48 110
10 111
4 111
24 111
0 112
49 112
108 112
54 113
58 113
49 113
29 114
20 114
82 114
41 115
17 115
47 115
72 116
21 116
23 116
70 117
79 117
26 117
11 118
9 118
26 118
18 119
1 119
6 119
118 120
18 120
58 120
81 121
45 121
7 121
4 122
67 122
15 122
47 123
2 123
36 123
15 124
52 124
29 124
116 125
2 125
57 125
118 126
3 126
0 126
80 127
32 127
17 127
110 128
103 128
89 128
37 129
106 129
18 129
1 130
62 130
2 130
2 131
1 131
90 131
2 132
64 132
53 132
67 133
49 133
13 133
114 134
99 134
124 134
57 135
6 135
19 135
123 136
128 136
2 136
4 137
90 137
7 137
74 138
23 138
66 138
116 139
10 139
102 139
7 140
18 140
9 140
12 141
58 141
96 141
59 142
101 142
7 142
106 143
5 143
71 143
51 144
73 144
118 144
95 145
29 145
4 145
48 146
23 146
66 146
99 147
133 147
42 147
4 148
9 148
81 148
84 149
15 149
83 149
64 150
120 150
55 150
41 151
3 151
24 151
68 152
1 152
86 152
110 153
72 153
0 153
70 154
90 154
11 154
107 155
2 155
75 155
74 156
0 156
36 156
103 157
94 157
57 157
4 158
24 158
17 158
64 159
157 159
70 159
97 160
2 160
79 160
3 161
51 161
67 161
30 162
53 162
9 162
148 163
30 163
100 163
19 164
63 164
64 164
97 165
26 165
136 165
112 166
79 166
149 166
23 167
139 167
78 167
59 168
3 168
164 168
5 169
121 169
18 169
32 170
1 170
116 170
35 171
77 171
50 171
53 172
3 172
18 172
40 173
107 173
120 173
55 174
156 174
90 174
7 175
3 175
74 175
2 176
11 176
144 176
52 177
134 177
173 177
139 178
174 178
156 178
0 179
128 179
145 179
59 180
30 180
6 180
46 181
93 181
104 181
29 182
60 182
155 182
181 183
4 183
2 183
12 184
101 184
116 184
33 185
13 185
24 185
0 186
52 186
123 186
21 187
10 187
80 187
114 188
148 188
48 188
3 189
82 189
94 189
94 190
11 190
3 190
11 191
2 191
17 191
47 192
3 192
91 192
154 193
86 193
69 193
55 194
150 194
156 194
38 195
3 195
67 195
90 196
50 196
24 196
98 197
0 197
86 197
64 198
99 198
76 198
28 199
49 199
40 199
30 200
92 200
11 200
5 201
33 201
27 201
44 202
54 202
186 202
117 203
10 203
154 203
1 204
136 204
166 204
144 205
34 205
89 205
4 206
150 206
7 206
72 207
5 207
171 207
14 208
154 208
61 208
29 209
59 209
28 209
105 210
139 210
92 210
31 211
53 211
84 211
70 212
2 212
54 212
3 213
130 213
27 213
107 214
75 214
15 214
78 215
17 215
139 215
3 216
47 216
114 216
141 217
211 217
1 217
77 218
203 218
146 218
85 219
11 219
100 219
86 220
133 220
130 220
9 221
154 221
98 221
14 222
4 222
86 222
197 223
83 223
80 223
157 224
107 224
115 224
39 225
60 225
89 225
80 226
5 226
176 226
1 227
4 227
36 227
111 228
89 228
186 228
86 229
3 229
16 229
5 230
116 230
218 230
130 231
124 231
13 231
71 232
50 232
74 232
49 233
160 233
99 233
102 234
158 234
3 234
108 235
27 235
214 235
74 236
135 236
154 236
57 237
210 237
232 237
7 238
24 238
230 238
212 239
2 239
175 239
2 240
85 240
29 240
74 241
52 241
143 241
13 242
69 242
29 242
70 243
106 243
149 243
18 244
28 244
218 244
16 245
39 245
170 245
238 246
55 246
168 246
235 247
24 247
18 247
166 248
18 248
63 248
131 249
34 249
1 249
1 0
2 0
2 1
3 0
3 1
3 2
4 1
4 0
4 2
5 0
5 2
5 3
6 2
6 5
6 0
7 2
7 4
7 3
8 6
8 4
8 7
9 3
9 2
9 0
10 9
10 7
10 3
11 6
11 4
11 2
12 9
12 4
12 2
13 6
13 3
13 1
14 11
14 7
14 3
15 13
15 11
15 5
16 0
16 10
16 7
17 7
17 11
17 8
18 13
18 10
18 1
19 9
19 0
19 3
20 2
20 1
20 3
21 0
21 4
21 3
22 3
22 0
22 4
23 7
23 18
23 15
24 19
24 14
24 6
25 5
25 3
25 12
26 0
26 1
26 17
27 2
27 18
27 0
28 5
28 18
28 15
29 18
29 7
29 0
30 13
30 3
30 4
31 9
31 4
31 0
32 2
32 0
32 10
33 28
33 26
33 2
34 9
34 2
34 30
35 26
35 18
35 24
36 2
36 9
36 3
37 2
37 29
37 1
38 10
38 4
38 3
39 6
39 30
39 7
40 27
40 9
40 7
41 16
41 13
41 2
42 18
42 1
42 25
43 3
43 35
43 11
44 26
44 0
44 28
45 25
45 11
45 20
46 11
46 2
46 12
47 43
47 8
47 3
48 24
48 15
48 35
49 9
49 48
49 46
50 0
50 17
50 23
51 42
51 1
51 48
52 7
52 4
52 33
53 49
53 42
53 50
54 17
54 10
54 27
55 52
55 15
55 23
56 35
56 0
56 26
57 38
57 19
57 2
58 10
58 16
58 15
59 38
59 21
59 10
60 4
60 0
60 27
61 31
61 49
61 5
62 31
62 56
62 53
63 47
63 27
63 9
64 4
64 18
64 45
65 3
65 57
65 2
66 58
66 24
66 64
67 2
67 7
67 63
68 61
68 26
68 63
69 23
69 58
69 59
70 51
70 52
70 68
71 52
71 26
71 58
72 38
72 65
72 58
73 13
73 0
73 1
74 70
74 72
74 58
75 44
75 41
75 63
76 7
76 31
76 0
77 73
77 11
77 52
78 3
78 6
78 73
79 18
79 17
79 10
80 32
80 35
80 18
81 35
81 28
81 10
82 67
82 64
82 24
83 25
83 4
83 76
84 2
84 31
84 63
85 72
85 30
85 10
86 14
86 7
86 55
87 9
87 26
87 38
88 18
88 2
88 28
89 45
89 74
89 63
90 7
90 9
90 10
91 28
91 26
91 0
92 10
92 47
92 61
93 38
93 52
93 10
94 36
94 74
94 38
95 48
95 21
95 2
96 38
96 76
96 56
97 3
97 9
97 26
98 18
98 29
98 91
99 63
99 67
99 30
100 7
100 2
100 0
101 40
101 67
101 92
102 19
102 53
102 5
103 70
103 72
103 21
104 24
104 3
104 32
105 93
105 50
105 47
106 67
106 26
106 30
107 1
107 101
107 73
108 77
108 14
108 24
109 9
109 71
109 57
110 53
110 79
110 48
111 10
111 4
111 24
112 0
112 49
112 108
113 54
113 58
113 49
114 29
114 20
114 82
115 41
115 17
115 47
116 72
116 21
116 23
117 70
117 79
117 26
118 11
118 9
118 26
119 18
119 1
119 6
120 118
120 18
120 58
121 81
121 45
121 7
122 4
122 67
122 15
123 47
123 2
123 36
124 15
124 52
124 29
125 116
125 2
125 57
126 118
126 3
126 0
127 80
127 32
127 17
128 110
128 103
128 89
129 37
129 106
129 18
130 1
130 62
130 2
131 2
131 1
131 90
132 2
132 64
132 53
133 67
133 49
133 13
134 114
134 99
134 124
135 57
135 6
135 19
136 123
136 128
136 2
137 4
137 90
137 7
138 74
138 23
138 66
139 116
139 10
139 102
140 7
140 18
140 9
141 12
141 58
141 96
142 59
142 101
142 7
143 106
143 5
143 71
144 51
144 73
144 118
145 95
145 29
145 4
146 48
146 23
146 66
147 99
147 133
147 42
148 4
148 9
148 81
149 84
149 15
149 83
150 64
150 120
150 55
151 41
151 3
151 24
152 68
152 1
152 86
153 110
153 72
153 0
154 70
154 90
154 11
155 107
155 2
155 75
156 74
156 0
156 36
157 103
157 94
157 57
158 4
158 24
158 17
159 64
159 157
159 70
160 97
160 2
160 79
161 3
161 51
161 67
162 30
162 53
162 9
163 148
163 30
163 100
164 19
164 63
164 64
165 97
165 26
165 136
166 112
166 79
166 149
167 23
167 139
167 78
168 59
168 3
168 164
169 5
169 121
169 18
170 32
170 1
170 116
171 35
171 77
171 50
172 53
172 3
172 18
173 40
173 107
173 120
174 55
174 156
174 90
175 7
175 3
175 74
176 2
176 11
176 144
177 52
177 134
177 173
178 139
178 174
178 156
179 0
179 128
179 145
180 59
180 30
180 6
181 46
181 93
181 104
182 29
182 60
182 155
183 181
183 4
183 2
184 12
184 101
184 116
185 33
185 13
185 24
186 0
186 52
186 123
187 21
187 10
187 80
188 114
188 148
188 48
189 3
189 82
189 94
190 94
190 11
190 3
191 11
191 2
191 17
192 47
192 3
192 91
193 154
193 86
193 69
194 55
194 150
194 156
195 38
195 3
195 67
196 90
196 50
196 24
197 98
197 0
197 86
198 64
198 99
198 76
199 28
199 49
199 40
200 30
200 92
200 11
201 5
201 33
201 27
202 44
202 54
202 186
203 117
203 10
203 154
204 1
204 136
204 166
205 144
205 34
205 89
206 4
206 150
206 7
207 72
207 5
207 171
208 14
208 154
208 61
209 29
209 59
209 28
210 105
210 139
210 92
211 31
211 53
211 84
212 70
212 2
212 54
213 3
213 130
213 27
214 107
214 75
214 15
215 78
215 17
215 139
216 3
216 47
216 114
217 141
217 211
217 1
218 77
218 203
218 146
219 85
219 11
219 100
220 86
220 133
220 130
221 9
221 154
221 98
222 14
222 4
222 86
223 197
223 83
223 80
224 157
224 107
224 115
225 39
225 60
225 89
226 80
226 5
226 176
227 1
227 4
227 36
228 111
228 89
228 186
229 86
229 3
229 16
230 5
230 116
230 218
231 130
231 124
231 13
232 71
232 50
232 74
233 49
233 160
233 99
234 102
234 158
234 3
235 108
235 27
235 214
236 74
236 135
236 154
237 57
237 210
237 232
238 7
238 24
238 230
239 212
239 2
239 175
240 2
240 85
240 29
241 74
241 52
241 143
242 13
242 69
242 29
243 70
243 106
243 149
244 18
244 28
244 218
245 16
245 39
245 170
246 238
246 55
246 168
247 235
247 24
247 18
248 166
248 18
248 63
249 131
249 34
249 1
1 0 0 1 0 0 1 1 0 1 1 1 1 1 0 0 1 1 0 0 1 0 0 1 0 0 1 1 1 0 1 0 0 1 1 0 0 0 0 1 1 1 1 0 1 0 0 1 1 0 0 1 1 1 1 0 1 0 0 0 0 1 1 1 0 1 0 0 0 0 0 0 0 0 1 1 0 0 1 0 1 0 1 1 1 1 0 1 0 1 0 1 0 1 0 0 1 0 0 0 1 1 1 1 0 1 0 1 1 1 0 1 0 0 0 0 0 0 0 0 0 0 0 1 1 1 0 0 0 0 0 1 0 0 1 0 1 0 1 1 1 1 0 1 0 1 1 1 0 1 1 0 0 1 0 0 0 0 1 0 0 0 1 0 1 0 0 0 1 0 0 0 1 1 0 1 0 0 0 0 1 0 0 0 1 0 0 1 0 0 1 0 0 1 0 0 0 0 1 0 0 0 0 0 0 0 0 1 1 1 1 0 1 1 1 0 0 1 0 1 1 0 1 0 0 1 1 1 1 0 0 0 0 0 0 1 1 0 0 1 1 0 0 1 1 0 1 0 1 1
1 1 0 0 1 0 0 1 0 0 1 1 0 1 0 0 1 1 0 1 0 1 0 1 0 0 0 0 0 0 0 1 0 0 0 0 0 0 0 1 0 0 1 0 0 0 1 1 0 1 1 1 0 0 1 0 1 1 1 1 0 1 1 0 0 1 1 1 1 0 1 0 0 1 0 1 1 0 0 1 1 0 1 0 1 1 1 1 1 0 1 1 0 1 1 1 1 1 0 0 1 1 1 1 0 0 0 1 0 1 1 1 1 0 1 1 1 0 0 1 0 0 0 1 0 1 0 0 1 1 0 1 0 0 1 1 1 1 0 1 0 0 1 1 1 0 1 1 0 1 1 1 0 1 0 1 1 0 1 0 1 1 0 0 0 0 1 0 1 0 0 0 0 0 1 1 1 0 0 1 1 0 1 1 1 0 0 0 0 1 0 0 0 0 0 0 1 0 1 1 0 0 0 1 0 0 1 1 0 1 0 1 0 0 0 1 0 0 0 0 1 1 1 1 1 0 1 1 0 1 1 0 0 0 0 0 1 1 1 0 0 0 1 0 1 1 0 1 0 0
0 1 0 1 0 1 0 1 1 1 0 0 1 0 0 1 0 0 0 0 0 0 1 0 0 1 0 1 1 0 0 1 0 1 0 0 0 1 1 0 0 1 0 1 1 1 0 0 1 1 0 1 1 0 0 0 0 1 1 1 1 0 1 1 1 1 1 0 0 0 1 1 1 1 0 1 1 1 0 1 1 1 0 1 1 0 1 0 0 1 1 1 1 0 1 1 0 0 0 0 0 0 1 0 0 1 0 1 1 1 0 0 0 0 0 1 0 1 0 0 0 0 0 1 0 0 0 0 0 0 0 1 0 0 0 0 1 1 1 1 0 0 0 0 0 0 0 1 1 0 0 0 1 0 1 1 1 0 0 1 1 1 1 1 1 1 0 0 1 0 1 0 0 1 1 0 1 0 1 0 1 1 1 1 0 0 1 0 0 1 0 1 0 0 1 1 0 0 1 0 1 0 0 1 1 0 0 0 1 0 1 0 1 0 0 1 1 1 0 0 1 1 0 1 1 0 0 0 1 0 1 1 0 0 0 0 1 0 1 1 1 0 0 0 1 1 1 1 0 0
1 0 1 0 1 0 0 1 0 1 1 0 1 1 1 1 1 0 0 1 0 0 1 1 1 0 0 0 0 0 0 0 1 1 1 1 1 0 1 1 0 0 0 1 0 1 0 0 0 1 0 0 0 1 0 0 1 1 1 1 1 1 0 1 1 1 1 1 0 1 0 0 1 0 0 0 0 1 0 0 0 0 1 0 0 1 1 1 0 0 0 1 0 0 0 1 1 1 1 0 0 0 0 0 1 1 0 1 1 1 1 1 1 1 0 0 0 0 0 0 0 0 0 1 1 0 1 1 0 1 0 0 1 0 0 1 0 0 0 0 0 1 0 0 1 0 0 0 1 1 0 0 1 1 0 1 0 0 0 1 0 1 1 0 0 1 1 1 1 1 0 1 0 1 1 1 0 1 1 0 0 1 1 0 1 0 0 1 1 0 0 0 1 1 0 0 0 1 1 0 0 0 1 0 0 0 1 1 1 1 1 1 1 1 0 1 1 0 0 0 0 0 0 0 1 0 0 1 0 1 0 1 1 0 1 1 0 0 1 1 0 1 1 1 1 1 0 1 0 0
0 1 0 1 0 1 1 1 1 0 1 0 1 0 0 0 1 1 1 0 0 1 0 0 0 0 1 1 0 0 1 0 1 1 1 0 0 1 0 0 0 1 0 1 1 1 1 0 0 1 1 0 1 1 1 1 1 1 1 0 0 0 1 1 0 0 1 0 1 0 0 1 1 1 1 0 0 1 1 0 1 1 1 1 1 1 0 1 1 1 1 0 0 0 0 0 1 0 1 0 1 0 0 1 1 0 1 0 0 0 1 1 1 0 1 0 0 1 0 1 1 0 1 1 1 1 1 0 1 0 0 0 0 1 0 0 0 0 1 0 1 1 1 1 1 1 0 1 1 1 1 0 0 0 0 1 0 0 1 1 1 1 0 0 1 0 1 0 1 1 0 0 0 1 1 0 0 1 0 1 1 1 0 0 1 0 1 1 0 1 1 1 0 1 1 0 1 1 1 0 0 0 1 0 0 1 0 0 0 1 0 1 0 1 1 0 1 1 1 0 1 1 0 1 1 1 1 1 1 1 1 1 1 0 1 0 0 0 1 0 0 1 0 1 1 0 1 0 0 1