100 390 5
0 1
0 2
1 2
0 3
1 3
2 3
0 4
1 4
2 4
3 4
1 5
2 5
4 5
0 5
1 6
4 6
5 6
2 6
3 7
4 7
1 7
2 7
1 8
4 8
2 8
7 8
3 9
6 9
1 9
7 9
0 10
7 10
2 10
3 10
5 11
2 11
3 11
4 11
6 12
10 12
3 12
0 12
0 13
4 13
10 13
2 13
1 14
3 14
7 14
12 14
11 15
4 15
7 15
2 15
11 16
4 16
15 16
14 16
9 17
5 17
3 17
2 17
12 18
1 18
0 18
15 18
12 19
15 19
1 19
3 19
12 20
3 20
16 20
8 20
20 21
8 21
15 21
17 21
4 22
15 22
10 22
17 22
8 23
0 23
3 23
9 23
9 24
0 24
1 24
20 24
9 25
0 25
1 25
16 25
2 26
16 26
8 26
3 26
15 27
9 27
2 27
11 27
0 28
16 28
12 28
3 28
2 29
6 29
1 29
0 29
8 30
29 30
22 30
27 30
28 31
4 31
3 31
29 31
5 32
15 32
30 32
4 32
21 33
17 33
2 33
30 33
23 34
31 34
7 34
32 34
3 35
16 35
17 35
2 35
2 36
22 36
31 36
7 36
32 37
2 37
3 37
0 37
4 38
26 38
24 38
3 38
7 39
24 39
37 39
25 39
8 40
7 40
2 40
6 40
3 41
1 41
22 41
11 41
1 42
17 42
15 42
6 42
25 43
10 43
23 43
15 43
31 44
28 44
23 44
40 44
16 45
42 45
4 45
2 45
2 46
28 46
45 46
1 46
4 47
32 47
39 47
20 47
11 48
6 48
15 48
22 48
3 49
21 49
15 49
47 49
2 50
1 50
26 50
27 50
28 51
41 51
1 51
27 51
0 52
38 52
44 52
32 52
43 53
15 53
2 53
0 53
10 54
16 54
2 54
23 54
51 55
18 55
54 55
17 55
26 56
2 56
16 56
27 56
1 57
39 57
2 57
0 57
4 58
26 58
50 58
17 58
2 59
16 59
50 59
4 59
2 60
51 60
3 60
17 60
34 61
3 61
5 61
55 61
25 62
36 62
24 62
33 62
36 63
2 63
5 63
9 63
14 64
63 64
1 64
11 64
1 65
2 65
47 65
3 65
3 66
8 66
32 66
22 66
2 67
4 67
14 67
38 67
3 68
27 68
25 68
67 68
4 69
42 69
1 69
53 69
61 70
51 70
42 70
66 70
31 71
51 71
10 71
27 71
23 72
15 72
1 72
7 72
35 73
16 73
26 73
2 73
65 74
15 74
27 74
2 74
50 75
25 75
56 75
64 75
0 76
2 76
26 76
4 76
14 77
56 77
33 77
47 77
67 78
51 78
24 78
7 78
11 79
22 79
36 79
7 79
26 80
1 80
32 80
14 80
45 81
43 81
35 81
60 81
47 82
59 82
66 82
1 82
4 83
36 83
52 83
28 83
75 84
41 84
3 84
30 84
8 85
45 85
78 85
71 85
12 86
37 86
48 86
47 86
53 87
37 87
40 87
70 87
5 88
40 88
2 88
20 88
2 89
24 89
56 89
76 89
3 90
32 90
82 90
53 90
74 91
79 91
64 91
57 91
0 92
15 92
4 92
60 92
9 93
25 93
24 93
85 93
65 94
43 94
56 94
6 94
84 95
36 95
16 95
13 95
14 96
78 96
55 96
49 96
76 97
1 97
2 97
3 97
6 98
2 98
17 98
1 98
8 99
68 99
14 99
32 99
1 1 0 0 1 0 0 0 0 0 1 0 0 1 1 0 0 0 1 0 0 0 1 0 1 1 0 1 0 1 1 0 1 0 1 0 1 1 0 1 1 1 1 1 0 0 0 1 0 1 0 0 1 1 0 0 0 0 1 0 1 1 0 0 1 0 0 1 1 1 1 1 0 0 0 0 0 0 0 0 1 1 0 0 0 0 1 0 1 1 1 1 0 0 1 1 0 0 0 1
0 0 1 1 1 0 1 1 1 0 1 1 0 0 0 1 0 1 1 1 0 0 0 0 0 1 0 0 0 1 1 1 0 0 1 0 1 1 0 1 0 0 1 1 0 0 1 0 0 1 1 1 1 0 1 0 0 1 1 0 1 0 0 0 0 0 1 1 1 1 0 1 0 1 1 0 0 1 0 1 1 0 0 0 1 1 1 0 0 1 0 0 0 0 1 0 1 0 0 1
0 0 0 1 1 0 1 0 0 1 0 1 1 1 0 1 1 0 0 1 0 0 0 0 0 1 1 1 1 1 0 1 0 0 0 1 1 0 1 0 1 1 1 0 1 1 1 0 1 1 0 1 0 0 0 1 1 1 1 1 0 0 1 0 0 1 0 1 1 0 1 1 0 0 1 1 1 0 0 0 1 1 1 0 0 0 0 1 0 0 1 0 1 0 1 1 1 1 1 0
0 0 0 0 1 0 1 0 0 1 1 0 0 1 0 1 1 0 1 0 0 1 1 1 1 0 0 0 1 0 1 0 0 1 1 1 1 0 1 1 0 1 1 0 0 1 0 1 0 0 1 0 1 1 0 1 0 1 1 1 0 1 1 0 1 0 1 1 0 0 1 1 0 0 0 1 0 0 1 0 0 0 1 1 0 0 1 1 0 1 1 1 1 1 0 0 0 1 0 1
0 0 0 1 1 1 0 1 0 1 0 1 1 1 0 1 0 1 0 0 0 0 0 1 0 1 1 0 0 0 0 0 1 1 0 1 0 1 0 1 0 0 0 1 1 0 0 1 0 0 0 1 0 0 0 0 0 1 1 0 0 1 1 0 0 0 0 1 1 0 0 0 0 1 1 0 0 0 0 1 0 0 1 0 1 1 1 1 1 0 0 0 1 1 0 0 1 0 0 1