100 394 5
0 1
0 2
1 2
2 3
1 3
0 4
1 4
1 5
3 5
1 6
3 6
5 7
2 7
1 8
7 8
8 9
3 9
3 10
9 10
6 11
7 11
6 12
7 12
6 13
4 13
9 14
6 14
7 15
11 15
3 16
7 16
7 17
16 17
4 18
9 18
2 19
9 19
6 20
13 20
1 21
10 21
1 22
18 22
6 23
1 23
1 24
20 24
20 25
8 25
7 26
6 26
22 27
10 27
15 28
10 28
15 29
18 29
10 30
24 30
27 31
1 31
10 32
4 32
30 33
13 33
3 34
25 34
29 35
6 35
1 36
32 36
7 37
36 37
31 38
6 38
1 39
27 39
15 40
16 40
4 41
0 41
2 42
40 42
41 43
35 43
42 44
40 44
15 45
21 45
45 46
10 46
7 47
36 47
3 48
0 48
9 49
36 49
27 50
1 50
5 51
48 51
44 52
15 52
17 53
1 53
33 54
30 54
10 55
7 55
20 56
51 56
11 57
2 57
16 58
28 58
15 59
50 59
32 60
41 60
28 61
1 61
44 62
8 62
4 63
9 63
3 64
5 64
48 65
25 65
6 66
2 66
26 67
8 67
2 68
40 68
9 69
27 69
56 70
36 70
9 71
27 71
6 72
48 72
21 73
33 73
8 74
11 74
0 75
73 75
0 76
37 76
3 77
51 77
9 78
1 78
25 79
6 79
1 80
68 80
18 81
32 81
17 82
4 82
73 83
45 83
73 84
65 84
42 85
31 85
28 86
8 86
61 87
59 87
17 88
64 88
6 89
80 89
17 90
51 90
85 91
47 91
51 92
15 92
61 93
87 93
26 94
1 94
17 95
81 95
16 96
15 96
68 97
19 97
36 98
66 98
20 99
50 99
1 0
2 0
2 1
3 2
3 1
4 0
4 1
5 1
5 3
6 1
6 3
7 5
7 2
8 1
8 7
9 8
9 3
10 3
10 9
11 6
11 7
12 6
12 7
13 6
13 4
14 9
14 6
15 7
15 11
16 3
16 7
17 7
17 16
18 4
18 9
19 2
19 9
20 6
20 13
21 1
21 10
22 1
22 18
23 6
23 1
24 1
24 20
25 20
25 8
26 7
26 6
27 22
27 10
28 15
28 10
29 15
29 18
30 10
30 24
31 27
31 1
32 10
32 4
33 30
33 13
34 3
34 25
35 29
35 6
36 1
36 32
37 7
37 36
38 31
38 6
39 1
39 27
40 15
40 16
41 4
41 0
42 2
42 40
43 41
43 35
44 42
44 40
45 15
45 21
46 45
46 10
47 7
47 36
48 3
48 0
49 9
49 36
50 27
50 1
51 5
51 48
52 44
52 15
53 17
53 1
54 33
54 30
55 10
55 7
56 20
56 51
57 11
57 2
58 16
58 28
59 15
59 50
60 32
60 41
61 28
61 1
62 44
62 8
63 4
63 9
64 3
64 5
65 48
65 25
66 6
66 2
67 26
67 8
68 2
68 40
69 9
69 27
70 56
70 36
71 9
71 27
72 6
72 48
73 21
73 33
74 8
74 11
75 0
75 73
76 0
76 37
77 3
77 51
78 9
78 1
79 25
79 6
80 1
80 68
81 18
81 32
82 17
82 4
83 73
83 45
84 73
84 65
85 42
85 31
86 28
86 8
87 61
87 59
88 17
88 64
89 6
89 80
90 17
90 51
91 85
91 47
92 51
92 15
93 61
93 87
94 26
94 1
95 17
95 81
96 16
96 15
97 68
97 19
98 36
98 66
99 20
99 50
1 1 1 0 1 1 0 0 0 0 0 0 1 0 1 1 0 0 0 0 0 1 0 1 0 1 1 1 0 0 1 0 1 1 0 0 0 0 0 1 0 0 0 1 1 1 0 1 0 0 1 0 0 0 1 1 1 1 0 0 0 1 1 1 0 1 1 0 0 0 0 0 1 0 0 0 1 1 1 1 1 0 1 0 1 0 1 1 0 0 0 0 1 0 1 1 0 0 0 0
0 0 1 1 1 1 1 1 1 1 0 0 0 0 1 1 1 1 0 0 1 0 1 1 0 0 1 0 1 1 0 1 1 1 1 0 1 1 0 1 1 1 1 1 0 1 1 1 0 0 0 1 0 1 1 1 1 1 0 0 0 0 1 0 1 1 1 1 0 1 1 1 1 1 0 1 1 1 1 0 1 0 0 0 0 1 1 1 1 1 1 0 0 1 1 1 1 1 1 1
0 0 1 0 0 0 0 0 1 1 1 1 1 0 1 1 0 1 0 1 0 1 0 0 0 0 0 1 0 0 0 1 0 1 0 0 0 1 0 1 1 0 0 1 0 0 1 0 0 1 0 1 0 0 0 0 1 1 1 0 1 0 1 0 1 1 1 1 1 0 1 0 0 1 1 1 1 1 1 0 0 1 0 1 0 1 0 1 1 1 1 1 0 1 0 0 0 0 1 0
0 0 0 1 1 1 0 1 0 1 0 1 0 1 1 1 1 0 1 0 0 1 1 0 0 0 0 1 0 0 0 1 1 0 1 1 0 0 0 1 1 0 1 1 0 1 1 0 1 0 0 1 1 1 0 0 0 0 0 1 1 1 1 0 0 1 1 1 1 0 1 0 0 1 0 1 1 0 1 0 1 0 0 0 1 0 0 0 0 1 1 0 1 1 1 1 1 1 0 0
1 1 0 0 1 1 0 0 1 0 1 0 0 1 1 0 1 0 0 1 0 1 1 0 0 0 0 0 1 0 1 0 1 1 0 1 1 0 0 1 1 1 0 1 1 0 0 1 1 1 1 0 0 1 0 1 0 0 0 1 1 1 1 1 0 0 1 0 0 0 0 0 0 0 1 1 0 0 1 0 0 1 0 1 1 0 0 0 1 0 1 1 0 1 1 0 1 1 1 0