250 994 5
0 1
0 2
1 2
0 3
2 3
2 4
0 4
3 5
1 5
1 6
0 6
2 7
5 7
1 8
3 8
5 9
2 9
2 10
1 10
7 11
5 11
8 12
7 12
10 13
3 13
6 14
1 14
3 15
2 15
10 16
0 16
2 17
0 17
8 18
1 18
0 19
6 19
9 20
0 20
6 21
2 21
17 22
2 22
3 23
17 23
7 24
13 24
1 25
15 25
20 26
8 26
3 27
4 27
1 28
24 28
19 29
5 29
9 30
25 30
5 31
0 31
27 32
11 32
13 33
14 33
31 34
22 34
13 35
7 35
16 36
15 36
2 37
0 37
2 38
7 38
36 39
4 39
36 40
6 40
24 41
7 41
31 42
2 42
24 43
26 43
5 44
20 44
38 45
43 45
17 46
2 46
19 47
2 47
22 48
30 48
18 49
12 49
39 50
32 50
6 51
10 51
0 52
16 52
19 53
6 53
31 54
3 54
19 55
29 55
0 56
31 56
35 57
26 57
30 58
3 58
5 59
40 59
54 60
12 60
15 61
26 61
1 62
57 62
30 63
8 63
30 64
53 64
30 65
11 65
27 66
0 66
5 67
1 67
48 68
10 68
49 69
0 69
12 70
19 70
20 71
9 71
35 72
30 72
12 73
8 73
4 74
65 74
17 75
36 75
40 76
52 76
51 77
16 77
22 78
50 78
39 79
8 79
79 80
10 80
7 81
48 81
42 82
1 82
78 83
2 83
12 84
60 84
49 85
65 85
30 86
52 86
12 87
16 87
71 88
60 88
84 89
24 89
51 90
18 90
37 91
4 91
6 92
20 92
0 93
28 93
6 94
22 94
19 95
78 95
60 96
7 96
1 97
47 97
93 98
26 98
5 99
78 99
30 100
67 100
5 101
93 101
59 102
13 102
8 103
15 103
35 104
29 104
22 105
88 105
5 106
55 106
93 107
65 107
29 108
55 108
2 109
6 109
12 110
1 110
7 111
78 111
60 112
38 112
10 113
5 113
10 114
18 114
53 115
27 115
8 116
2 116
78 117
87 117
0 118
96 118
36 119
102 119
2 120
104 120
4 121
47 121
52 122
115 122
31 123
117 123
45 124
5 124
45 125
3 125
103 126
61 126
102 127
34 127
61 128
6 128
27 129
34 129
124 130
0 130
59 131
18 131
55 132
116 132
22 133
8 133
130 134
64 134
55 135
27 135
119 136
134 136
73 137
104 137
70 138
55 138
95 139
0 139
138 140
2 140
116 141
40 141
18 142
95 142
88 143
22 143
46 144
6 144
38 145
82 145
22 146
66 146
116 147
107 147
45 148
146 148
48 149
17 149
104 150
35 150
6 151
59 151
1 152
148 152
55 153
13 153
82 154
61 154
53 155
149 155
59 156
126 156
102 157
131 157
81 158
106 158
6 159
0 159
132 160
67 160
152 161
151 161
92 162
107 162
56 163
142 163
10 164
12 164
10 165
147 165
43 166
0 166
66 167
18 167
81 168
143 168
69 169
15 169
157 170
62 170
102 171
15 171
58 172
68 172
44 173
8 173
12 174
0 174
106 175
24 175
4 176
97 176
10 177
123 177
88 178
165 178
0 179
32 179
124 180
72 180
133 181
55 181
19 182
173 182
100 183
38 183
78 184
155 184
138 185
159 185
138 186
61 186
20 187
26 187
2 188
149 188
26 189
111 189
102 190
0 190
123 191
12 191
131 192
27 192
14 193
38 193
85 194
131 194
72 195
18 195
8 196
5 196
116 197
186 197
81 198
177 198
13 199
4 199
29 200
79 200
1 201
79 201
9 202
147 202
83 203
2 203
22 204
86 204
148 205
124 205
13 206
78 206
5 207
106 207
78 208
48 208
4 209
167 209
191 210
38 210
5 211
114 211
43 212
78 212
100 213
7 213
210 214
173 214
159 215
12 215
201 216
86 216
77 217
22 217
22 218
31 218
163 219
205 219
22 220
8 220
48 221
17 221
10 222
2 222
3 223
16 223
63 224
218 224
34 225
141 225
100 226
85 226
149 227
159 227
139 228
156 228
12 229
3 229
6 230
72 230
85 231
24 231
61 232
186 232
47 233
3 233
26 234
149 234
218 235
170 235
1 236
33 236
2 237
180 237
146 238
8 238
25 239
100 239
1 240
19 240
28 241
36 241
240 242
17 242
2 243
103 243
27 244
155 244
68 245
6 245
203 246
154 246
22 247
224 247
6 248
208 248
233 249
81 249
1 0
2 0
2 1
3 0
3 2
4 2
4 0
5 3
5 1
6 1
6 0
7 2
7 5
8 1
8 3
9 5
9 2
10 2
10 1
11 7
11 5
12 8
12 7
13 10
13 3
14 6
14 1
15 3
15 2
16 10
16 0
17 2
17 0
18 8
18 1
19 0
19 6
20 9
20 0
21 6
21 2
22 17
22 2
23 3
23 17
24 7
24 13
25 1
25 15
26 20
26 8
27 3
27 4
28 1
28 24
29 19
29 5
30 9
30 25
31 5
31 0
32 27
32 11
33 13
33 14
34 31
34 22
35 13
35 7
36 16
36 15
37 2
37 0
38 2
38 7
39 36
39 4
40 36
40 6
41 24
41 7
42 31
42 2
43 24
43 26
44 5
44 20
45 38
45 43
46 17
46 2
47 19
47 2
48 22
48 30
49 18
49 12
50 39
50 32
51 6
51 10
52 0
52 16
53 19
53 6
54 31
54 3
55 19
55 29
56 0
56 31
57 35
57 26
58 30
58 3
59 5
59 40
60 54
60 12
61 15
61 26
62 1
62 57
63 30
63 8
64 30
64 53
65 30
65 11
66 27
66 0
67 5
67 1
68 48
68 10
69 49
69 0
70 12
70 19
71 20
71 9
72 35
72 30
73 12
73 8
74 4
74 65
75 17
75 36
76 40
76 52
77 51
77 16
78 22
78 50
79 39
79 8
80 79
80 10
81 7
81 48
82 42
82 1
83 78
83 2
84 12
84 60
85 49
85 65
86 30
86 52
87 12
87 16
88 71
88 60
89 84
89 24
90 51
90 18
91 37
91 4
92 6
92 20
93 0
93 28
94 6
94 22
95 19
95 78
96 60
96 7
97 1
97 47
98 93
98 26
99 5
99 78
100 30
100 67
101 5
101 93
102 59
102 13
103 8
103 15
104 35
104 29
105 22
105 88
106 5
106 55
107 93
107 65
108 29
108 55
109 2
109 6
110 12
110 1
111 7
111 78
112 60
112 38
113 10
113 5
114 10
114 18
115 53
115 27
116 8
116 2
117 78
117 87
118 0
118 96
119 36
119 102
120 2
120 104
121 4
121 47
122 52
122 115
123 31
123 117
124 45
124 5
125 45
125 3
126 103
126 61
127 102
127 34
128 61
128 6
129 27
129 34
130 124
130 0
131 59
131 18
132 55
132 116
133 22
133 8
134 130
134 64
135 55
135 27
136 119
136 134
137 73
137 104
138 70
138 55
139 95
139 0
140 138
140 2
141 116
141 40
142 18
142 95
143 88
143 22
144 46
144 6
145 38
145 82
146 22
146 66
147 116
147 107
148 45
148 146
149 48
149 17
150 104
150 35
151 6
151 59
152 1
152 148
153 55
153 13
154 82
154 61
155 53
155 149
156 59
156 126
157 102
157 131
158 81
158 106
159 6
159 0
160 132
160 67
161 152
161 151
162 92
162 107
163 56
163 142
164 10
164 12
165 10
165 147
166 43
166 0
167 66
167 18
168 81
168 143
169 69
169 15
170 157
170 62
171 102
171 15
172 58
172 68
173 44
173 8
174 12
174 0
175 106
175 24
176 4
176 97
177 10
177 123
178 88
178 165
179 0
179 32
180 124
180 72
181 133
181 55
182 19
182 173
183 100
183 38
184 78
184 155
185 138
185 159
186 138
186 61
187 20
187 26
188 2
188 149
189 26
189 111
190 102
190 0
191 123
191 12
192 131
192 27
193 14
193 38
194 85
194 131
195 72
195 18
196 8
196 5
197 116
197 186
198 81
198 177
199 13
199 4
200 29
200 79
201 1
201 79
202 9
202 147
203 83
203 2
204 22
204 86
205 148
205 124
206 13
206 78
207 5
207 106
208 78
208 48
209 4
209 167
210 191
210 38
211 5
211 114
212 43
212 78
213 100
213 7
214 210
214 173
215 159
215 12
216 201
216 86
217 77
217 22
218 22
218 31
219 163
219 205
220 22
220 8
221 48
221 17
222 10
222 2
223 3
223 16
224 63
224 218
225 34
225 141
226 100
226 85
227 149
227 159
228 139
228 156
229 12
229 3
230 6
230 72
231 85
231 24
232 61
232 186
233 47
233 3
234 26
234 149
235 218
235 170
236 1
236 33
237 2
237 180
238 146
238 8
239 25
239 100
240 1
240 19
241 28
241 36
242 240
242 17
243 2
243 103
244 27
244 155
245 68
245 6
246 203
246 154
247 22
247 224
248 6
248 208
249 233
249 81
1 0 0 0 1 1 1 1 0 0 1 0 1 0 0 1 0 0 0 1 0 1 0 0 1 0 0 0 0 0 0 1 1 1 1 0 0 0 0 0 1 1 0 1 0 0 1 1 1 1 0 0 0 0 0 0 1 1 1 1 1 1 0 1 0 0 0 0 1 1 1 0 0 0 0 0 0 0 1 0 0 1 0 1 0 0 1 1 0 0 1 0 0 1 0 1 0 1 0 0 1 0 1 1 0 1 0 0 0 0 0 0 0 1 0 0 0 1 1 1 1 0 0 1 0 0 1 1 0 1 1 0 0 0 1 0 1 0 0 1 1 0 0 1 0 1 1 0 1 1 1 1 0 1 0 1 0 0 0 1 0 0 1 1 0 0 1 0 1 0 1 0 1 0 1 0 1 0 0 1 1 0 1 0 0 0 0 0 1 1 1 1 0 0 1 1 1 1 0 1 1 0 1 0 0 0 0 0 0 0 0 0 1 0 1 0 1 0 1 0 1 0 1 0 0 1 0 1 1 1 1 1 0 0 0 0 1 1 1 1 1 0 1 0 0 0 0 0 1 0
1 0 1 1 1 0 1 0 0 0 1 1 1 0 1 0 0 0 1 0 1 0 1 1 0 1 0 0 1 0 1 0 1 0 0 0 1 1 0 0 1 0 1 0 0 1 1 1 0 1 1 0 0 1 0 1 0 0 1 1 0 1 0 1 1 0 0 1 0 0 0 0 0 1 0 0 0 0 1 0 0 1 0 0 0 0 1 0 1 1 0 1 0 0 0 0 1 1 0 1 0 0 1 1 0 0 1 0 0 0 1 1 0 1 1 0 1 1 0 1 0 0 0 1 0 0 1 1 0 0 1 0 0 0 1 0 1 1 1 0 0 1 0 0 1 1 0 0 0 0 0 1 0 0 1 1 1 0 0 0 0 1 0 0 0 1 0 1 0 1 0 0 0 0 0 0 0 0 1 1 1 0 1 1 1 0 0 0 1 1 1 0 1 0 1 0 0 0 0 0 0 0 0 0 0 0 0 1 1 1 0 0 0 1 0 1 0 1 1 1 1 1 0 1 0 0 1 0 1 1 1 1 0 1 1 0 0 0 0 0 1 0 1 0 0 0 0 0 0 1
0 0 1 1 1 1 0 0 1 1 0 1 0 1 1 1 0 1 1 0 0 1 1 1 0 0 0 1 0 1 1 0 1 0 0 0 1 1 0 0 1 1 1 0 1 0 0 1 1 0 1 1 0 0 1 1 0 1 1 1 0 0 0 0 0 1 0 1 0 1 1 1 1 1 1 0 1 1 1 0 0 0 0 0 0 1 1 0 1 0 0 1 0 1 0 0 0 0 1 0 1 1 0 0 1 1 0 0 1 0 1 0 1 0 1 0 0 1 0 1 0 1 0 1 1 1 1 1 1 1 0 0 1 1 1 1 1 1 0 0 1 1 1 0 1 1 0 1 0 0 0 0 0 0 0 1 0 1 1 0 1 0 0 0 1 0 0 1 1 1 1 0 1 1 1 0 1 0 1 1 0 1 1 0 0 1 1 0 0 1 1 1 0 0 1 1 1 1 0 1 0 1 0 1 1 1 1 0 1 1 0 0 0 0 0 1 1 0 0 0 1 1 1 0 0 1 1 1 0 0 1 1 1 0 0 0 0 1 0 0 1 0 1 0 0 1 1 1 1 0
0 0 0 1 1 1 1 1 0 1 0 1 1 0 1 0 1 0 0 0 1 0 1 1 0 1 1 1 1 0 1 1 1 1 1 0 0 1 1 0 1 0 1 1 0 0 1 0 1 0 0 1 0 1 0 0 0 1 0 1 0 0 0 1 1 1 1 0 0 0 0 0 1 0 1 1 1 0 0 1 0 0 0 0 0 0 0 0 0 0 1 1 1 0 0 0 1 1 0 0 0 0 1 0 0 0 1 1 0 0 0 0 0 1 0 1 0 0 0 1 1 1 1 0 1 0 0 0 1 0 0 1 1 0 1 1 1 1 1 1 1 1 1 0 1 0 0 0 1 0 1 0 0 1 1 1 0 1 1 0 0 1 0 1 1 0 1 0 1 1 1 0 1 0 0 1 0 0 0 0 1 1 1 1 0 0 0 0 1 1 1 0 0 0 0 1 0 0 0 0 0 0 1 1 1 0 0 0 1 0 1 0 1 1 0 1 0 1 0 1 1 1 1 1 1 1 0 1 1 1 0 0 1 1 0 0 1 0 0 0 1 0 0 1 1 0 0 0 1 1
1 1 0 0 1 1 1 1 1 1 1 0 0 1 1 1 0 1 1 0 1 1 1 1 1 1 0 1 1 1 1 1 1 0 0 0 0 1 1 0 0 1 0 1 1 1 1 1 0 0 1 1 0 1 1 1 1 1 1 0 0 0 0 1 1 0 1 0 0 0 0 1 1 0 0 1 0 1 1 1 1 1 0 0 1 0 0 1 0 1 1 0 1 0 1 1 0 0 1 0 0 1 1 1 0 0 1 0 1 1 1 0 1 1 1 0 1 0 0 0 0 1 0 1 1 0 0 0 1 0 0 0 0 0 1 0 1 1 0 0 0 1 1 0 1 0 0 0 0 0 0 0 0 1 0 0 1 0 0 1 1 0 1 0 1 1 0 1 0 1 1 1 1 0 0 0 0 1 0 0 1 1 1 0 0 1 1 0 1 1 1 0 0 0 1 1 0 0 0 0 0 1 0 0 1 1 0 1 1 1 0 1 0 0 1 0 1 0 1 1 0 1 1 1 0 0 0 0 0 0 0 1 0 1 1 1 0 0 0 0 1 1 0 0 1 1 0 0 1 1