100 390 5
0 1 1 1 1 1 0 0 0 0 1 0 0 1 0 1 1 1 1 0 0 1 0 1 0 0 0 1 0 1 0 1 1 0 0 1 1 1 1 1 1 0 1 1 0 1 1 1 1 0 1 1 0 0 0 1 0 1 0 0 1 0 1 1 1 1 0 1 1 1 0 0 0 0 1 1 1 1 0 0 1 1 1 1 0 1 0 0 0 1 0 0 1 1 0 0 1 0 1 0
1 1 1 1 0 1 1 0 1 1 1 1 1 0 1 0 0 0 0 1 0 0 0 1 1 1 0 1 0 0 1 0 0 0 0 1 0 0 1 1 1 1 0 0 0 0 1 0 1 1 0 0 0 0 1 0 0 1 0 1 0 1 0 0 1 0 0 1 0 1 0 1 1 0 0 0 1 0 0 0 0 1 0 1 0 0 1 1 1 1 0 0 0 0 0 1 0 1 1 0
1 0 0 1 1 0 0 0 1 0 0 1 1 0 1 1 1 0 1 0 1 1 0 1 0 1 0 0 0 0 0 1 1 0 0 1 1 1 0 1 0 1 1 0 1 1 1 0 0 1 1 0 0 0 0 0 0 0 1 0 0 0 0 0 1 0 1 1 1 0 1 0 1 1 0 1 0 0 0 1 1 0 0 0 0 1 1 1 1 1 0 0 1 1 0 0 0 0 0 1
1 1 1 1 1 1 1 1 0 0 1 1 1 0 0 0 0 0 1 0 1 1 1 0 1 1 0 0 1 1 0 0 1 0 1 0 1 0 1 0 0 1 1 0 0 1 1 0 1 1 1 0 0 0 0 1 1 1 1 1 0 0 0 1 1 1 0 0 0 1 0 1 1 0 0 1 0 1 0 1 1 1 1 1 0 1 1 0 1 0 0 0 1 1 0 0 0 1 0 1
0 0 1 0 0 0 0 1 0 1 1 1 0 1 1 0 1 1 0 1 0 1 1 0 1 0 0 0 1 0 1 1 1 1 0 1 1 1 1 1 1 0 0 0 0 0 1 0 0 0 0 1 0 0 0 1 1 1 1 0 0 0 0 0 1 1 1 1 0 1 1 0 1 1 1 1 1 0 0 0 0 1 0 0 0 1 1 1 0 0 0 1 1 1 0 1 0 1 1 1
0 1
0 2
1 2
0 3
1 3
2 3
0 4
1 4
2 4
3 4
3 5
2 5
0 5
4 5
5 6
0 6
1 6
3 6
1 7
0 7
5 7
2 7
4 8
2 8
5 8
1 8
5 9
1 9
7 9
4 9
6 10
0 10
3 10
5 10
1 11
8 11
2 11
5 11
2 12
10 12
6 12
1 12
0 13
2 13
11 13
7 13
1 14
6 14
4 14
2 14
2 15
7 15
3 15
9 15
4 16
9 16
15 16
5 16
11 17
2 17
5 17
12 17
0 18
3 18
17 18
11 18
5 19
12 19
1 19
9 19
2 20
15 20
4 20
12 20
15 21
3 21
8 21
4 21
1 22
5 22
7 22
3 22
3 23
0 23
13 23
9 23
5 24
21 24
3 24
14 24
15 25
13 25
6 25
3 25
6 26
18 26
1 26
8 26
15 27
4 27
11 27
9 27
0 28
27 28
8 28
6 28
7 29
1 29
9 29
6 29
25 30
1 30
7 30
21 30
2 31
10 31
19 31
0 31
28 32
11 32
25 32
2 32
13 33
31 33
0 33
6 33
5 34
20 34
3 34
26 34
3 35
7 35
8 35
33 35
8 36
3 36
24 36
1 36
24 37
20 37
26 37
1 37
2 38
35 38
15 38
11 38
4 39
38 39
13 39
1 39
5 40
37 40
19 40
20 40
11 41
9 41
24 41
0 41
5 42
1 42
11 42
38 42
5 43
20 43
15 43
17 43
40 44
2 44
15 44
4 44
43 45
36 45
5 45
31 45
5 46
23 46
1 46
20 46
24 47
5 47
18 47
40 47
22 48
13 48
15 48
42 48
7 49
48 49
4 49
3 49
3 50
29 50
0 50
17 50
7 51
18 51
25 51
16 51
27 52
29 52
22 52
10 52
4 53
46 53
18 53
21 53
27 54
12 54
30 54
28 54
41 55
6 55
15 55
0 55
16 56
40 56
2 56
1 56
34 57
19 57
1 57
8 57
53 58
39 58
2 58
5 58
1 59
10 59
27 59
13 59
15 60
40 60
39 60
8 60
37 61
2 61
39 61
23 61
3 62
0 62
8 62
39 62
8 63
3 63
38 63
0 63
45 64
23 64
53 64
7 64
5 65
46 65
10 65
36 65
27 66
12 66
18 66
54 66
12 67
20 67
2 67
3 67
0 68
35 68
20 68
15 68
33 69
32 69
7 69
54 69
24 70
52 70
1 70
29 70
5 71
12 71
6 71
62 71
7 72
37 72
1 72
39 72
39 73
26 73
8 73
7 73
12 74
44 74
29 74
61 74
2 75
72 75
6 75
39 75
27 76
9 76
43 76
35 76
70 77
7 77
6 77
9 77
36 78
74 78
65 78
24 78
45 79
70 79
2 79
10 79
44 80
43 80
2 80
61 80
40 81
18 81
48 81
5 81
73 82
69 82
9 82
39 82
10 83
12 83
40 83
70 83
30 84
74 84
69 84
58 84
8 85
20 85
18 85
7 85
2 86
14 86
39 86
15 86
68 87
58 87
41 87
3 87
6 88
2 88
48 88
40 88
20 89
29 89
8 89
69 89
23 90
28 90
7 90
3 90
2 91
4 91
83 91
31 91
35 92
2 92
62 92
6 92
89 93
48 93
34 93
87 93
19 94
16 94
67 94
26 94
40 95
58 95
5 95
20 95
61 96
46 96
1 96
73 96
49 97
11 97
46 97
55 97
41 98
89 98
3 98
0 98
20 99
70 99
86 99
5 99