100 780 5
0 1
0 2
1 2
0 3
1 3
2 3
0 4
1 4
2 4
3 4
0 5
2 5
1 5
3 5
3 6
2 6
5 6
1 6
1 7
6 7
2 7
4 7
5 8
0 8
2 8
6 8
2 9
3 9
5 9
0 9
2 10
7 10
1 10
8 10
8 11
3 11
2 11
7 11
11 12
7 12
3 12
2 12
3 13
10 13
6 13
2 13
13 14
10 14
3 14
12 14
2 15
4 15
0 15
5 15
10 16
9 16
6 16
8 16
3 17
2 17
11 17
4 17
1 18
4 18
0 18
12 18
10 19
16 19
2 19
3 19
7 20
2 20
8 20
13 20
9 21
3 21
6 21
11 21
5 22
12 22
10 22
1 22
5 23
6 23
3 23
21 23
5 24
15 24
8 24
6 24
13 25
1 25
24 25
23 25
17 26
7 26
2 26
1 26
10 27
11 27
3 27
2 27
8 28
20 28
23 28
22 28
4 29
13 29
1 29
21 29
16 30
20 30
10 30
2 30
10 31
5 31
18 31
7 31
0 32
3 32
11 32
23 32
26 33
13 33
2 33
5 33
3 34
11 34
18 34
6 34
16 35
18 35
34 35
26 35
29 36
18 36
4 36
7 36
32 37
24 37
29 37
10 37
22 38
36 38
1 38
4 38
3 39
25 39
38 39
21 39
5 40
35 40
2 40
7 40
20 41
2 41
7 41
40 41
1 42
3 42
0 42
4 42
22 43
13 43
7 43
29 43
17 44
2 44
38 44
6 44
22 45
0 45
6 45
10 45
0 46
6 46
16 46
24 46
44 47
24 47
33 47
20 47
37 48
13 48
31 48
2 48
12 49
2 49
45 49
23 49
25 50
3 50
0 50
28 50
10 51
6 51
9 51
32 51
3 52
37 52
7 52
17 52
49 53
38 53
2 53
5 53
27 54
16 54
9 54
25 54
24 55
31 55
13 55
20 55
18 56
36 56
11 56
33 56
20 57
29 57
40 57
51 57
42 58
32 58
30 58
49 58
12 59
2 59
34 59
31 59
28 60
8 60
0 60
34 60
18 61
30 61
39 61
2 61
29 62
17 62
2 62
11 62
36 63
6 63
35 63
19 63
34 64
3 64
24 64
6 64
44 65
2 65
6 65
35 65
4 66
57 66
2 66
1 66
2 67
25 67
54 67
35 67
58 68
33 68
2 68
23 68
42 69
4 69
23 69
2 69
47 70
52 70
28 70
49 70
70 71
41 71
0 71
27 71
13 72
32 72
65 72
52 72
20 73
2 73
53 73
43 73
22 74
20 74
25 74
62 74
19 75
8 75
16 75
7 75
17 76
35 76
10 76
6 76
21 77
13 77
7 77
12 77
25 78
18 78
68 78
3 78
38 79
3 79
29 79
24 79
52 80
15 80
51 80
2 80
51 81
36 81
6 81
67 81
29 82
40 82
0 82
44 82
4 83
40 83
0 83
57 83
16 84
3 84
30 84
41 84
25 85
79 85
67 85
58 85
30 86
8 86
23 86
42 86
17 87
48 87
75 87
20 87
64 88
65 88
5 88
29 88
42 89
20 89
84 89
12 89
10 90
24 90
32 90
78 90
52 91
6 91
35 91
81 91
59 92
13 92
17 92
41 92
42 93
80 93
75 93
33 93
86 94
15 94
89 94
6 94
1 95
66 95
6 95
42 95
18 96
32 96
26 96
33 96
1 97
7 97
49 97
65 97
83 98
5 98
40 98
7 98
14 99
65 99
80 99
70 99
1 0
2 0
2 1
3 0
3 1
3 2
4 0
4 1
4 2
4 3
5 0
5 2
5 1
5 3
6 3
6 2
6 5
6 1
7 1
7 6
7 2
7 4
8 5
8 0
8 2
8 6
9 2
9 3
9 5
9 0
10 2
10 7
10 1
10 8
11 8
11 3
11 2
11 7
12 11
12 7
12 3
12 2
13 3
13 10
13 6
13 2
14 13
14 10
14 3
14 12
15 2
15 4
15 0
15 5
16 10
16 9
16 6
16 8
17 3
17 2
17 11
17 4
18 1
18 4
18 0
18 12
19 10
19 16
19 2
19 3
20 7
20 2
20 8
20 13
21 9
21 3
21 6
21 11
22 5
22 12
22 10
22 1
23 5
23 6
23 3
23 21
24 5
24 15
24 8
24 6
25 13
25 1
25 24
25 23
26 17
26 7
26 2
26 1
27 10
27 11
27 3
27 2
28 8
28 20
28 23
28 22
29 4
29 13
29 1
29 21
30 16
30 20
30 10
30 2
31 10
31 5
31 18
31 7
32 0
32 3
32 11
32 23
33 26
33 13
33 2
33 5
34 3
34 11
34 18
34 6
35 16
35 18
35 34
35 26
36 29
36 18
36 4
36 7
37 32
37 24
37 29
37 10
38 22
38 36
38 1
38 4
39 3
39 25
39 38
39 21
40 5
40 35
40 2
40 7
41 20
41 2
41 7
41 40
42 1
42 3
42 0
42 4
43 22
43 13
43 7
43 29
44 17
44 2
44 38
44 6
45 22
45 0
45 6
45 10
46 0
46 6
46 16
46 24
47 44
47 24
47 33
47 20
48 37
48 13
48 31
48 2
49 12
49 2
49 45
49 23
50 25
50 3
50 0
50 28
51 10
51 6
51 9
51 32
52 3
52 37
52 7
52 17
53 49
53 38
53 2
53 5
54 27
54 16
54 9
54 25
55 24
55 31
55 13
55 20
56 18
56 36
56 11
56 33
57 20
57 29
57 40
57 51
58 42
58 32
58 30
58 49
59 12
59 2
59 34
59 31
60 28
60 8
60 0
60 34
61 18
61 30
61 39
61 2
62 29
62 17
62 2
62 11
63 36
63 6
63 35
63 19
64 34
64 3
64 24
64 6
65 44
65 2
65 6
65 35
66 4
66 57
66 2
66 1
67 2
67 25
67 54
67 35
68 58
68 33
68 2
68 23
69 42
69 4
69 23
69 2
70 47
70 52
70 28
70 49
71 70
71 41
71 0
71 27
72 13
72 32
72 65
72 52
73 20
73 2
73 53
73 43
74 22
74 20
74 25
74 62
75 19
75 8
75 16
75 7
76 17
76 35
76 10
76 6
77 21
77 13
77 7
77 12
78 25
78 18
78 68
78 3
79 38
79 3
79 29
79 24
80 52
80 15
80 51
80 2
81 51
81 36
81 6
81 67
82 29
82 40
82 0
82 44
83 4
83 40
83 0
83 57
84 16
84 3
84 30
84 41
85 25
85 79
85 67
85 58
86 30
86 8
86 23
86 42
87 17
87 48
87 75
87 20
88 64
88 65
88 5
88 29
89 42
89 20
89 84
89 12
90 10
90 24
90 32
90 78
91 52
91 6
91 35
91 81
92 59
92 13
92 17
92 41
93 42
93 80
93 75
93 33
94 86
94 15
94 89
94 6
95 1
95 66
95 6
95 42
96 18
96 32
96 26
96 33
97 1
97 7
97 49
97 65
98 83
98 5
98 40
98 7
99 14
99 65
99 80
99 70
1 1 0 0 0 1 0 1 0 1 1 0 0 1 0 1 0 0 0 0 0 0 0 1 1 1 1 1 1 1 0 1 1 0 0 0 0 0 0 1 1 1 1 0 0 1 0 0 0 0 1 1 0 0 0 0 0 0 0 0 1 1 0 1 1 1 0 0 1 1 0 1 1 0 1 1 1 0 1 0 1 0 0 1 0 1 0 0 0 0 1 1 1 0 0 0 1 1 1 0
0 1 0 0 0 1 1 1 1 0 0 0 1 0 1 0 1 0 1 0 0 1 0 1 0 1 1 1 0 0 1 1 1 1 1 0 0 0 0 0 1 0 0 1 1 1 0 1 0 1 0 0 0 0 1 0 1 1 1 1 0 0 0 1 1 1 0 0 0 1 1 0 1 0 0 1 1 1 0 0 1 1 0 0 1 1 1 0 0 1 1 0 1 0 1 0 0 0 0 0
0 1 1 0 1 0 0 0 0 0 0 0 0 1 0 0 0 1 0 1 0 0 0 1 1 1 0 0 0 1 1 1 1 0 0 0 1 0 0 0 0 0 1 0 0 0 0 0 0 0 1 0 0 1 1 0 1 0 0 0 0 1 1 0 0 1 0 1 1 0 1 1 1 1 1 0 1 1 1 0 0 0 0 0 0 0 1 0 0 1 1 1 1 1 1 1 1 0 0 1
1 1 0 1 1 1 0 1 1 1 1 1 1 1 0 0 0 0 0 0 0 1 1 0 0 0 1 1 0 0 0 1 1 0 0 0 1 0 1 1 0 0 1 1 0 1 0 1 0 1 0 0 1 0 0 1 1 1 1 0 0 1 1 0 1 0 0 1 1 0 1 1 0 0 1 0 1 0 1 1 1 0 1 1 0 0 1 0 0 0 0 0 1 1 0 1 0 1 0 0
1 1 0 0 1 1 1 0 0 1 0 0 1 1 0 1 0 0 1 0 0 1 1 1 0 0 0 0 0 1 0 0 0 0 0 0 1 1 0 0 1 1 0 0 0 0 0 0 1 1 0 0 0 0 0 1 0 1 0 1 0 1 1 1 1 1 0 0 0 0 1 1 0 1 0 0 0 1 1 1 0 1 1 0 0 1 0 0 0 1 1 0 1 0 0 0 0 0 1 0