100 780 5
0 1
0 2
1 2
0 3
1 3
2 3
0 4
1 4
2 4
3 4
1 5
0 5
3 5
2 5
3 6
0 6
4 6
5 6
2 7
0 7
1 7
3 7
3 8
0 8
1 8
4 8
3 9
2 9
5 9
0 9
2 10
0 10
6 10
1 10
4 11
0 11
9 11
2 11
1 12
10 12
8 12
3 12
2 13
5 13
0 13
10 13
9 14
4 14
2 14
1 14
1 15
3 15
2 15
0 15
1 16
10 16
6 16
0 16
10 17
9 17
2 17
15 17
2 18
9 18
15 18
17 18
5 19
1 19
15 19
2 19
16 20
17 20
12 20
3 20
16 21
5 21
4 21
0 21
7 22
14 22
13 22
11 22
2 23
17 23
1 23
15 23
0 24
14 24
9 24
11 24
15 25
21 25
2 25
4 25
5 26
21 26
20 26
17 26
23 27
4 27
1 27
0 27
17 28
9 28
7 28
10 28
10 29
27 29
9 29
26 29
23 30
2 30
0 30
10 30
16 31
19 31
14 31
9 31
0 32
2 32
10 32
12 32
26 33
2 33
12 33
1 33
8 34
3 34
12 34
9 34
6 35
1 35
20 35
16 35
13 36
32 36
0 36
4 36
9 37
6 37
10 37
15 37
9 38
15 38
11 38
18 38
31 39
14 39
11 39
2 39
17 40
37 40
0 40
1 40
3 41
21 41
34 41
9 41
9 42
40 42
32 42
21 42
1 43
15 43
2 43
19 43
15 44
31 44
9 44
16 44
3 45
11 45
18 45
4 45
12 46
0 46
43 46
23 46
2 47
15 47
46 47
10 47
28 48
12 48
19 48
34 48
33 49
0 49
12 49
3 49
21 50
0 50
24 50
37 50
49 51
5 51
28 51
0 51
3 52
45 52
21 52
4 52
0 53
3 53
9 53
5 53
44 54
3 54
36 54
33 54
15 55
23 55
31 55
28 55
15 56
47 56
35 56
55 56
22 57
7 57
14 57
46 57
52 58
42 58
7 58
26 58
0 59
1 59
46 59
34 59
27 60
17 60
5 60
37 60
48 61
37 61
46 61
4 61
30 62
0 62
40 62
47 62
3 63
56 63
4 63
14 63
3 64
47 64
24 64
45 64
4 65
18 65
57 65
1 65
14 66
0 66
42 66
59 66
35 67
32 67
12 67
6 67
41 68
10 68
65 68
22 68
15 69
31 69
33 69
53 69
19 70
32 70
65 70
9 70
57 71
40 71
53 71
2 71
53 72
52 72
40 72
23 72
11 73
0 73
41 73
57 73
73 74
57 74
3 74
27 74
3 75
2 75
11 75
13 75
24 76
18 76
57 76
10 76
33 77
23 77
40 77
66 77
65 78
38 78
50 78
13 78
44 79
67 79
21 79
6 79
15 80
2 80
0 80
5 80
70 81
32 81
2 81
22 81
70 82
68 82
33 82
25 82
57 83
18 83
22 83
9 83
74 84
5 84
61 84
65 84
7 85
2 85
68 85
63 85
12 86
63 86
21 86
47 86
64 87
14 87
13 87
6 87
9 88
55 88
14 88
36 88
13 89
75 89
82 89
47 89
0 90
3 90
40 90
57 90
12 91
0 91
85 91
64 91
9 92
2 92
37 92
56 92
60 93
8 93
55 93
19 93
12 94
22 94
2 94
47 94
9 95
84 95
0 95
24 95
47 96
71 96
5 96
85 96
57 97
12 97
0 97
2 97
4 98
39 98
14 98
11 98
0 99
46 99
13 99
18 99
1 0
2 0
2 1
3 0
3 1
3 2
4 0
4 1
4 2
4 3
5 1
5 0
5 3
5 2
6 3
6 0
6 4
6 5
7 2
7 0
7 1
7 3
8 3
8 0
8 1
8 4
9 3
9 2
9 5
9 0
10 2
10 0
10 6
10 1
11 4
11 0
11 9
11 2
12 1
12 10
12 8
12 3
13 2
13 5
13 0
13 10
14 9
14 4
14 2
14 1
15 1
15 3
15 2
15 0
16 1
16 10
16 6
16 0
17 10
17 9
17 2
17 15
18 2
18 9
18 15
18 17
19 5
19 1
19 15
19 2
20 16
20 17
20 12
20 3
21 16
21 5
21 4
21 0
22 7
22 14
22 13
22 11
23 2
23 17
23 1
23 15
24 0
24 14
24 9
24 11
25 15
25 21
25 2
25 4
26 5
26 21
26 20
26 17
27 23
27 4
27 1
27 0
28 17
28 9
28 7
28 10
29 10
29 27
29 9
29 26
30 23
30 2
30 0
30 10
31 16
31 19
31 14
31 9
32 0
32 2
32 10
32 12
33 26
33 2
33 12
33 1
34 8
34 3
34 12
34 9
35 6
35 1
35 20
35 16
36 13
36 32
36 0
36 4
37 9
37 6
37 10
37 15
38 9
38 15
38 11
38 18
39 31
39 14
39 11
39 2
40 17
40 37
40 0
40 1
41 3
41 21
41 34
41 9
42 9
42 40
42 32
42 21
43 1
43 15
43 2
43 19
44 15
44 31
44 9
44 16
45 3
45 11
45 18
45 4
46 12
46 0
46 43
46 23
47 2
47 15
47 46
47 10
48 28
48 12
48 19
48 34
49 33
49 0
49 12
49 3
50 21
50 0
50 24
50 37
51 49
51 5
51 28
51 0
52 3
52 45
52 21
52 4
53 0
53 3
53 9
53 5
54 44
54 3
54 36
54 33
55 15
55 23
55 31
55 28
56 15
56 47
56 35
56 55
57 22
57 7
57 14
57 46
58 52
58 42
58 7
58 26
59 0
59 1
59 46
59 34
60 27
60 17
60 5
60 37
61 48
61 37
61 46
61 4
62 30
62 0
62 40
62 47
63 3
63 56
63 4
63 14
64 3
64 47
64 24
64 45
65 4
65 18
65 57
65 1
66 14
66 0
66 42
66 59
67 35
67 32
67 12
67 6
68 41
68 10
68 65
68 22
69 15
69 31
69 33
69 53
70 19
70 32
70 65
70 9
71 57
71 40
71 53
71 2
72 53
72 52
72 40
72 23
73 11
73 0
73 41
73 57
74 73
74 57
74 3
74 27
75 3
75 2
75 11
75 13
76 24
76 18
76 57
76 10
77 33
77 23
77 40
77 66
78 65
78 38
78 50
78 13
79 44
79 67
79 21
79 6
80 15
80 2
80 0
80 5
81 70
81 32
81 2
81 22
82 70
82 68
82 33
82 25
83 57
83 18
83 22
83 9
84 74
84 5
84 61
84 65
85 7
85 2
85 68
85 63
86 12
86 63
86 21
86 47
87 64
87 14
87 13
87 6
88 9
88 55
88 14
88 36
89 13
89 75
89 82
89 47
90 0
90 3
90 40
90 57
91 12
91 0
91 85
91 64
92 9
92 2
92 37
92 56
93 60
93 8
93 55
93 19
94 12
94 22
94 2
94 47
95 9
95 84
95 0
95 24
96 47
96 71
96 5
96 85
97 57
97 12
97 0
97 2
98 4
98 39
98 14
98 11
99 0
99 46
99 13
99 18
1 0 1 0 1 0 1 1 0 1 0 1 0 1 1 0 0 1 1 0 0 0 0 1 1 0 0 0 1 1 1 0 1 1 1 1 1 0 1 1 0 0 1 0 1 1 1 1 0 0 0 0 0 1 1 0 0 1 0 0 0 1 0 1 0 0 0 0 1 1 0 1 0 0 0 0 1 1 0 1 0 0 1 1 0 1 0 0 1 1 1 1 0 1 1 0 1 0 1 0
1 0 0 1 1 1 0 1 1 0 0 1 1 1 1 1 1 1 1 0 0 0 1 1 1 1 0 1 1 1 1 1 1 1 0 1 1 1 0 0 0 1 1 0 1 1 1 0 1 0 0 1 0 0 1 0 1 0 0 0 1 0 0 0 0 0 1 0 1 0 0 0 0 0 0 0 0 1 1 1 0 0 1 0 0 0 1 1 1 1 0 0 1 0 1 0 0 0 1 0
0 0 1 1 1 1 0 1 1 0 1 0 1 0 1 0 1 1 1 0 1 0 1 1 1 1 0 0 0 1 0 0 0 1 0 1 1 0 1 1 0 1 1 0 1 1 0 0 0 1 1 0 0 1 1 0 0 1 0 0 1 1 0 0 0 1 1 0 1 1 1 1 1 0 0 1 1 0 0 0 1 1 1 1 1 1 1 1 1 0 0 1 0 1 0 0 0 1 1 0
1 1 0 1 1 0 0 0 0 0 0 1 1 0 0 1 1 0 0 0 1 0 0 1 1 1 1 1 1 1 1 0 1 0 0 1 0 0 1 0 1 0 0 0 1 1 0 0 0 1 0 1 1 0 0 1 0 0 1 1 1 0 0 1 1 0 0 1 1 0 0 1 1 1 1 0 1 0 1 1 0 0 0 0 0 0 0 1 1 1 0 0 1 0 0 1 0 0 1 0
1 1 0 0 1 0 0 0 1 1 0 0 0 0 0 0 1 1 1 0 0 0 0 1 1 0 0 1 0 1 1 1 0 1 1 1 0 0 0 0 0 1 1 1 0 1 0 1 0 1 1 0 1 1 1 0 0 0 1 1 0 0 0 1 1 0 1 1 0 1 1 0 1 1 0 0 0 1 0 0 0 1 0 0 1 0 0 1 0 1 0 0 0 0 0 1 0 1 1 1