250 498 5
0 1
0 2
0 3
0 4
4 5
0 6
5 7
3 8
0 9
5 10
4 11
9 12
5 13
6 14
2 15
4 16
4 17
9 18
13 19
9 20
9 21
11 22
14 23
13 24
10 25
24 26
14 27
22 28
16 29
0 30
28 31
26 32
8 33
14 34
0 35
19 36
0 37
28 38
23 39
5 40
11 41
5 42
0 43
30 44
23 45
32 46
8 47
14 48
14 49
13 50
0 51
19 52
45 53
20 54
1 55
36 56
23 57
43 58
22 59
28 60
5 61
51 62
25 63
23 64
52 65
4 66
33 67
25 68
11 69
0 70
10 71
0 72
0 73
62 74
73 75
11 76
1 77
68 78
32 79
41 80
10 81
58 82
4 83
41 84
27 85
73 86
75 87
29 88
6 89
57 90
25 91
62 92
0 93
8 94
5 95
67 96
15 97
29 98
4 99
78 100
70 101
77 102
23 103
84 104
27 105
86 106
41 107
94 108
15 109
87 110
95 111
11 112
30 113
6 114
61 115
9 116
19 117
6 118
10 119
87 120
54 121
78 122
0 123
20 124
69 125
31 126
86 127
23 128
36 129
75 130
4 131
32 132
13 133
116 134
110 135
27 136
36 137
6 138
23 139
35 140
69 141
85 142
56 143
141 144
10 145
20 146
8 147
2 148
60 149
4 150
68 151
68 152
111 153
4 154
9 155
46 156
13 157
87 158
103 159
20 160
6 161
4 162
88 163
19 164
153 165
73 166
20 167
70 168
74 169
148 170
3 171
11 172
8 173
129 174
70 175
23 176
19 177
71 178
58 179
152 180
1 181
125 182
139 183
98 184
181 185
41 186
174 187
74 188
70 189
9 190
59 191
54 192
39 193
13 194
29 195
134 196
129 197
13 198
158 199
196 200
132 201
3 202
43 203
93 204
117 205
77 206
102 207
8 208
181 209
51 210
9 211
86 212
58 213
180 214
14 215
14 216
37 217
117 218
91 219
195 220
125 221
36 222
55 223
176 224
213 225
32 226
102 227
39 228
3 229
30 230
80 231
86 232
94 233
103 234
2 235
29 236
212 237
21 238
153 239
15 240
185 241
6 242
125 243
141 244
158 245
191 246
91 247
172 248
14 249
1 0
2 0
3 0
4 0
5 4
6 0
7 5
8 3
9 0
10 5
11 4
12 9
13 5
14 6
15 2
16 4
17 4
18 9
19 13
20 9
21 9
22 11
23 14
24 13
25 10
26 24
27 14
28 22
29 16
30 0
31 28
32 26
33 8
34 14
35 0
36 19
37 0
38 28
39 23
40 5
41 11
42 5
43 0
44 30
45 23
46 32
47 8
48 14
49 14
50 13
51 0
52 19
53 45
54 20
55 1
56 36
57 23
58 43
59 22
60 28
61 5
62 51
63 25
64 23
65 52
66 4
67 33
68 25
69 11
70 0
71 10
72 0
73 0
74 62
75 73
76 11
77 1
78 68
79 32
80 41
81 10
82 58
83 4
84 41
85 27
86 73
87 75
88 29
89 6
90 57
91 25
92 62
93 0
94 8
95 5
96 67
97 15
98 29
99 4
100 78
101 70
102 77
103 23
104 84
105 27
106 86
107 41
108 94
109 15
110 87
111 95
112 11
113 30
114 6
115 61
116 9
117 19
118 6
119 10
120 87
121 54
122 78
123 0
124 20
125 69
126 31
127 86
128 23
129 36
130 75
131 4
132 32
133 13
134 116
135 110
136 27
137 36
138 6
139 23
140 35
141 69
142 85
143 56
144 141
145 10
146 20
147 8
148 2
149 60
150 4
151 68
152 68
153 111
154 4
155 9
156 46
157 13
158 87
159 103
160 20
161 6
162 4
163 88
164 19
165 153
166 73
167 20
168 70
169 74
170 148
171 3
172 11
173 8
174 129
175 70
176 23
177 19
178 71
179 58
180 152
181 1
182 125
183 139
184 98
185 181
186 41
187 174
188 74
189 70
190 9
191 59
192 54
193 39
194 13
195 29
196 134
197 129
198 13
199 158
200 196
201 132
202 3
203 43
204 93
205 117
206 77
207 102
208 8
209 181
210 51
211 9
212 86
213 58
214 180
215 14
216 14
217 37
218 117
219 91
220 195
221 125
222 36
223 55
224 176
225 213
226 32
227 102
228 39
229 3
230 30
231 80
232 86
233 94
234 103
235 2
236 29
237 212
238 21
239 153
240 15
241 185
242 6
243 125
244 141
245 158
246 191
247 91
248 172
249 14
1 0 0 1 1 1 0 1 0 0 0 1 0 0 1 0 0 1 1 1 0 0 1 0 1 0 1 1 0 0 0 1 1 1 1 0 0 0 0 0 0 0 0 0 1 1 0 1 0 0 1 0 0 1 1 0 1 1 0 0 1 1 1 0 1 1 0 1 1 1 1 1 1 1 0 0 1 0 1 1 1 0 1 1 0 0 0 1 1 1 0 1 1 1 0 1 0 0 1 1 0 0 1 1 0 0 0 0 0 1 0 1 0 1 1 0 1 0 1 0 1 1 1 1 1 0 0 1 1 1 0 1 1 1 1 1 0 1 1 1 0 0 0 1 0 0 1 1 1 0 0 1 1 1 0 1 1 1 1 0 0 1 0 1 0 1 1 0 0 0 0 1 0 1 1 1 0 1 0 1 1 0 1 1 1 1 1 0 1 1 0 1 0 1 0 1 0 0 0 0 1 1 1 0 1 0 0 1 1 1 0 1 1 0 1 0 0 0 1 0 1 0 1 0 0 1 0 0 1 1 1 1 1 1 0 0 1 1 1 1 1 1 1 1 0 0 0 0 1 0
0 0 0 1 1 1 1 0 0 1 1 1 1 1 1 0 1 0 0 1 1 0 0 1 0 1 1 0 1 1 0 1 0 0 1 0 0 1 1 1 1 1 0 1 1 1 0 1 0 0 1 0 1 0 1 1 1 0 0 1 0 1 1 0 1 0 0 0 1 0 1 0 1 0 1 0 1 0 0 0 0 0 0 0 0 1 0 0 0 1 1 1 1 1 0 1 0 0 0 1 0 1 0 1 0 0 0 0 1 0 1 0 1 0 0 0 0 1 0 1 0 1 0 0 1 0 1 1 1 0 0 0 1 0 1 1 0 1 1 0 1 0 0 0 1 1 0 0 0 1 1 1 1 1 1 1 1 0 0 1 1 1 0 1 1 0 1 1 1 1 1 0 0 1 0 0 0 0 1 0 1 0 0 0 0 1 1 0 1 1 1 0 1 1 0 0 0 0 0 1 0 0 1 1 0 1 0 0 1 1 0 0 0 0 0 0 0 0 1 1 0 1 0 0 0 1 1 0 1 1 1 0 1 0 0 1 1 1 1 1 1 0 1 1 1 0 0 0 1 0
1 0 1 1 0 0 0 0 0 0 0 1 0 1 0 0 0 0 1 0 0 1 0 0 1 0 1 0 0 0 0 0 0 1 1 1 0 0 1 1 1 1 0 0 1 0 1 0 1 0 0 1 0 0 1 1 1 1 1 0 0 0 1 0 0 0 1 1 1 1 0 0 1 1 1 1 1 1 1 0 0 1 0 0 1 0 0 0 1 0 0 0 0 0 1 0 1 0 1 1 1 1 1 1 0 0 1 0 0 1 0 0 0 0 1 1 0 0 0 1 0 1 1 0 1 1 0 0 1 1 0 1 1 1 1 1 0 0 1 0 0 0 0 0 1 1 0 1 0 0 1 1 1 0 1 1 0 1 1 0 1 0 1 0 1 1 0 1 0 1 1 1 0 1 1 1 0 1 1 1 0 1 1 1 1 0 1 0 0 0 1 1 1 0 0 0 0 0 0 0 0 0 1 1 0 1 1 1 1 1 1 1 0 0 1 0 0 1 1 0 0 1 0 0 0 1 0 1 1 0 0 0 0 0 0 0 1 1 0 0 1 1 0 0 0 1 0 0 1 0
0 1 1 0 1 0 0 1 1 1 0 0 0 1 1 0 1 1 1 0 0 1 0 1 0 1 0 1 0 0 1 1 1 0 1 0 1 1 0 0 0 0 1 1 0 0 0 1 0 1 0 1 1 0 0 1 1 1 1 1 1 1 1 0 0 0 1 0 0 1 0 0 0 1 1 1 0 1 0 1 0 1 1 0 1 1 1 0 1 1 0 0 1 1 1 0 0 1 0 1 1 1 0 0 0 1 1 1 1 1 0 0 1 0 1 0 0 0 0 0 0 0 0 1 1 1 1 1 1 1 1 1 1 0 1 0 0 1 0 1 0 0 0 0 0 0 0 1 1 0 1 0 0 0 0 1 0 1 1 1 1 1 0 1 0 0 1 0 0 1 1 1 1 1 1 1 0 0 1 0 0 1 1 0 0 1 0 1 1 1 0 0 0 0 1 0 0 1 1 1 0 1 0 0 0 1 0 0 0 1 1 1 0 1 1 1 0 1 1 0 0 0 1 1 1 1 0 1 0 0 1 0 1 1 1 1 1 1 1 1 1 1 0 1 1 0 1 0 0 1
1 0 0 0 0 1 1 1 0 0 1 1 1 0 1 0 0 0 1 1 0 1 1 0 1 1 0 1 1 0 0 0 1 0 0 1 0 1 0 0 1 1 1 1 1 1 1 1 0 0 0 1 1 0 1 1 1 1 1 1 0 1 0 0 1 0 1 1 0 1 1 1 1 0 0 1 1 0 0 0 0 1 1 0 0 0 1 0 1 0 1 0 0 1 0 1 0 0 0 0 1 0 0 1 1 1 0 0 0 1 0 1 1 0 0 0 1 0 1 1 0 0 1 0 0 0 0 0 1 0 1 1 1 1 0 0 0 0 0 1 1 0 1 0 0 1 0 1 1 1 0 1 0 1 1 0 1 0 0 1 0 0 0 0 1 1 1 1 1 0 0 1 0 0 0 0 1 0 1 1 0 1 0 0 0 0 1 0 1 0 1 1 1 1 0 1 0 1 0 0 0 1 0 0 1 0 0 1 1 0 1 1 1 0 0 0 0 1 1 0 0 1 0 1 0 1 0 1 1 1 0 1 1 1 1 0 0 0 1 0 1 1 0 0 1 0 0 0 0 1