100 390 5
1 1 1 1 0 0 0 0 1 0 1 1 1 1 0 1 0 0 0 1 0 1 1 0 1 1 1 1 1 0 1 1 1 0 0 0 0 0 0 0 0 1 0 0 1 0 0 1 0 0 1 0 0 1 1 1 0 1 1 0 1 1 1 1 1 1 1 0 1 0 0 0 1 0 1 0 1 0 0 0 0 1 1 1 1 1 0 0 0 0 0 1 1 1 1 1 1 1 1 1
1 1 1 0 1 0 0 0 0 1 0 1 1 0 1 0 1 0 1 1 0 0 1 1 0 0 1 1 0 0 1 1 1 0 0 0 0 0 1 0 0 1 0 0 1 1 1 1 1 0 1 1 1 1 0 1 0 0 0 1 0 0 0 0 0 1 0 0 0 1 1 0 0 1 0 1 0 0 1 0 0 1 0 0 1 0 0 0 0 0 0 0 1 0 1 1 0 0 1 1
1 0 0 0 0 1 0 0 1 1 1 0 0 0 1 1 0 1 1 1 0 1 0 0 0 0 0 0 0 1 1 1 0 1 0 1 0 1 1 0 0 1 1 1 1 0 0 0 1 0 0 0 1 0 1 1 1 1 1 0 0 0 0 0 1 0 0 0 1 1 0 1 0 0 0 1 0 0 1 1 0 0 0 1 0 1 1 1 0 0 1 1 0 0 1 0 0 0 1 1
0 1 1 1 1 0 0 1 0 1 0 1 0 0 1 0 1 1 1 0 1 0 0 0 1 1 0 1 0 1 0 0 1 1 0 1 0 1 1 1 0 1 1 0 1 0 1 0 0 0 0 1 0 0 1 1 0 0 1 0 1 1 1 1 1 1 0 0 1 0 0 1 1 0 0 1 1 1 0 0 0 1 1 1 1 0 0 0 1 1 0 0 0 0 0 1 0 1 1 0
0 0 0 1 0 1 1 0 0 0 1 0 1 0 1 0 0 0 1 1 0 0 0 1 1 1 1 1 1 0 1 0 0 1 0 1 0 1 1 0 1 0 0 1 1 0 1 1 0 1 1 0 1 0 1 1 0 0 1 1 1 0 0 0 1 0 0 1 0 1 0 1 0 0 1 1 0 0 0 1 0 0 1 0 1 0 0 0 1 1 0 0 1 1 0 0 1 1 1 1
0 1
0 2
1 2
0 3
1 3
2 3
0 4
1 4
2 4
3 4
0 5
4 5
3 5
1 5
3 6
0 6
4 6
5 6
2 7
4 7
5 7
3 7
1 8
3 8
6 8
0 8
6 9
3 9
2 9
4 9
3 10
2 10
5 10
6 10
10 11
0 11
6 11
2 11
10 12
6 12
4 12
5 12
6 13
4 13
0 13
3 13
13 14
7 14
3 14
0 14
1 15
7 15
11 15
4 15
7 16
4 16
2 16
6 16
1 17
16 17
15 17
4 17
10 18
12 18
1 18
6 18
3 19
18 19
6 19
9 19
8 20
6 20
4 20
13 20
18 21
10 21
1 21
3 21
15 22
10 22
6 22
3 22
6 23
18 23
20 23
2 23
10 24
18 24
2 24
23 24
11 25
6 25
23 25
20 25
25 26
15 26
11 26
8 26
3 27
20 27
2 27
1 27
5 28
12 28
0 28
3 28
4 29
19 29
8 29
0 29
10 30
15 30
1 30
6 30
5 31
3 31
25 31
6 31
22 32
0 32
10 32
26 32
0 33
4 33
6 33
1 33
9 34
22 34
13 34
0 34
0 35
6 35
1 35
32 35
5 36
16 36
7 36
22 36
25 37
6 37
9 37
10 37
2 38
1 38
18 38
13 38
38 39
11 39
21 39
16 39
13 40
39 40
8 40
1 40
18 41
2 41
4 41
13 41
39 42
7 42
4 42
18 42
41 43
10 43
38 43
6 43
22 44
7 44
20 44
4 44
3 45
10 45
6 45
0 45
3 46
35 46
23 46
22 46
3 47
4 47
1 47
12 47
11 48
10 48
6 48
7 48
2 49
9 49
11 49
36 49
4 50
28 50
2 50
6 50
46 51
23 51
5 51
41 51
26 52
0 52
16 52
4 52
9 53
4 53
32 53
18 53
0 54
37 54
51 54
34 54
29 55
14 55
6 55
0 55
43 56
52 56
30 56
2 56
6 57
18 57
21 57
45 57
31 58
41 58
54 58
6 58
41 59
31 59
19 59
21 59
8 60
24 60
15 60
19 60
16 61
51 61
56 61
49 61
17 62
23 62
29 62
48 62
46 63
2 63
26 63
48 63
4 64
10 64
47 64
0 64
13 65
6 65
57 65
41 65
0 66
4 66
40 66
56 66
2 67
62 67
4 67
47 67
43 68
18 68
6 68
20 68
48 69
64 69
26 69
6 69
10 70
44 70
31 70
6 70
43 71
6 71
26 71
2 71
12 72
1 72
20 72
52 72
6 73
22 73
2 73
8 73
41 74
6 74
28 74
58 74
1 75
12 75
38 75
21 75
1 76
5 76
33 76
64 76
18 77
36 77
16 77
71 77
41 78
3 78
6 78
58 78
10 79
32 79
2 79
1 79
10 80
2 80
65 80
6 80
15 81
10 81
30 81
29 81
81 82
61 82
8 82
2 82
61 83
38 83
55 83
15 83
25 84
46 84
20 84
3 84
1 85
25 85
0 85
21 85
6 86
10 86
43 86
23 86
45 87
3 87
55 87
17 87
21 88
25 88
30 88
26 88
62 89
5 89
10 89
51 89
23 90
67 90
79 90
1 90
2 91
48 91
28 91
26 91
3 92
25 92
51 92
33 92
55 93
41 93
5 93
74 93
14 94
3 94
5 94
46 94
84 95
3 95
4 95
77 95
6 96
49 96
12 96
84 96
15 97
89 97
67 97
91 97
40 98
11 98
23 98
75 98
27 99
58 99
3 99
29 99