100 394 5
0 1
0 2
1 2
0 3
1 3
3 4
2 4
1 5
4 5
0 6
2 6
0 7
4 7
4 8
2 8
6 9
1 9
4 10
7 10
10 11
9 11
7 12
5 12
11 13
4 13
0 14
3 14
8 15
4 15
0 16
11 16
6 17
3 17
4 18
10 18
0 19
4 19
17 20
13 20
0 21
12 21
12 22
17 22
14 23
10 23
10 24
9 24
4 25
2 25
1 26
5 26
4 27
2 27
15 28
5 28
27 29
8 29
16 30
1 30
4 31
5 31
28 32
6 32
11 33
9 33
12 34
33 34
1 35
30 35
11 36
27 36
1 37
22 37
8 38
10 38
6 39
2 39
10 40
29 40
36 41
19 41
33 42
10 42
8 43
10 43
1 44
17 44
40 45
9 45
10 46
43 46
10 47
12 47
3 48
29 48
38 49
11 49
35 50
4 50
19 51
16 51
33 52
50 52
4 53
45 53
13 54
5 54
7 55
24 55
43 56
47 56
7 57
5 57
41 58
10 58
12 59
34 59
8 60
30 60
8 61
48 61
8 62
27 62
8 63
33 63
21 64
28 64
5 65
0 65
0 66
18 66
21 67
29 67
1 68
48 68
7 69
2 69
32 70
10 70
25 71
1 71
15 72
24 72
33 73
24 73
24 74
0 74
31 75
71 75
5 76
16 76
3 77
33 77
19 78
33 78
47 79
29 79
20 80
36 80
26 81
17 81
6 82
52 82
28 83
67 83
33 84
64 84
31 85
8 85
39 86
36 86
63 87
64 87
31 88
16 88
43 89
0 89
75 90
76 90
82 91
75 91
61 92
23 92
24 93
8 93
86 94
39 94
2 95
29 95
92 96
69 96
88 97
60 97
11 98
14 98
10 99
69 99
1 0
2 0
2 1
3 0
3 1
4 3
4 2
5 1
5 4
6 0
6 2
7 0
7 4
8 4
8 2
9 6
9 1
10 4
10 7
11 10
11 9
12 7
12 5
13 11
13 4
14 0
14 3
15 8
15 4
16 0
16 11
17 6
17 3
18 4
18 10
19 0
19 4
20 17
20 13
21 0
21 12
22 12
22 17
23 14
23 10
24 10
24 9
25 4
25 2
26 1
26 5
27 4
27 2
28 15
28 5
29 27
29 8
30 16
30 1
31 4
31 5
32 28
32 6
33 11
33 9
34 12
34 33
35 1
35 30
36 11
36 27
37 1
37 22
38 8
38 10
39 6
39 2
40 10
40 29
41 36
41 19
42 33
42 10
43 8
43 10
44 1
44 17
45 40
45 9
46 10
46 43
47 10
47 12
48 3
48 29
49 38
49 11
50 35
50 4
51 19
51 16
52 33
52 50
53 4
53 45
54 13
54 5
55 7
55 24
56 43
56 47
57 7
57 5
58 41
58 10
59 12
59 34
60 8
60 30
61 8
61 48
62 8
62 27
63 8
63 33
64 21
64 28
65 5
65 0
66 0
66 18
67 21
67 29
68 1
68 48
69 7
69 2
70 32
70 10
71 25
71 1
72 15
72 24
73 33
73 24
74 24
74 0
75 31
75 71
76 5
76 16
77 3
77 33
78 19
78 33
79 47
79 29
80 20
80 36
81 26
81 17
82 6
82 52
83 28
83 67
84 33
84 64
85 31
85 8
86 39
86 36
87 63
87 64
88 31
88 16
89 43
89 0
90 75
90 76
91 82
91 75
92 61
92 23
93 24
93 8
94 86
94 39
95 2
95 29
96 92
96 69
97 88
97 60
98 11
98 14
99 10
99 69
0 0 1 1 1 0 1 1 1 1 1 1 0 1 0 1 0 1 0 0 1 0 0 0 0 1 1 0 0 0 0 1 0 1 1 1 1 0 0 1 1 1 1 1 1 0 1 1 0 0 0 0 1 0 1 1 1 0 0 1 0 1 1 1 0 1 1 0 0 0 1 0 0 0 1 0 0 1 1 1 1 0 0 0 0 0 1 0 0 0 1 0 1 1 0 1 0 1 0 1
1 0 1 1 0 1 0 1 0 1 1 0 1 1 0 0 1 0 1 0 0 1 0 0 0 1 1 1 0 0 0 1 0 1 0 0 0 0 0 0 1 1 1 1 0 1 0 0 1 1 0 0 1 1 0 0 0 1 0 1 0 0 1 0 0 0 0 1 0 1 1 0 0 1 1 0 0 0 0 0 0 0 1 0 1 0 1 1 0 0 0 0 1 1 1 1 1 1 0 0
0 0 1 0 0 0 1 0 0 1 1 1 1 0 0 1 0 1 1 1 0 1 0 1 1 0 1 0 0 0 0 1 1 1 0 0 0 1 0 0 0 1 0 1 0 0 0 0 1 0 1 1 1 0 1 1 0 0 0 0 1 0 0 1 0 1 1 1 0 1 1 0 0 0 0 1 1 1 0 1 1 1 1 0 1 1 0 1 1 0 1 1 0 1 1 1 0 1 0 0
0 0 0 0 1 0 1 1 1 1 0 0 1 1 1 0 1 0 0 0 1 0 1 1 1 1 0 1 1 1 1 1 0 1 1 0 1 0 1 1 1 1 0 0 0 0 1 0 1 0 1 1 0 1 1 1 1 0 1 1 0 1 0 0 1 1 0 0 0 0 0 0 0 1 1 0 0 1 1 1 0 0 1 1 1 1 1 1 0 1 0 0 1 0 1 0 0 0 1 0
1 1 1 0 1 1 0 0 1 0 1 0 0 1 1 1 0 1 0 1 1 1 0 1 0 0 0 1 1 0 1 0 1 1 0 1 1 1 1 0 0 1 0 1 1 1 1 1 1 0 1 1 0 0 0 0 0 1 1 1 1 0 0 0 0 1 1 0 0 1 1 0 0 1 1 1 0 1 0 0 1 1 1 0 1 0 1 0 0 1 0 0 0 1 0 0 0 1 1 1