50 380 5
0 1
0 2
1 2
0 3
1 3
2 3
0 4
1 4
2 4
3 4
0 5
1 5
2 5
4 5
2 6
0 6
4 6
1 6
3 7
1 7
2 7
5 7
5 8
6 8
2 8
0 8
8 9
6 9
5 9
1 9
9 10
3 10
8 10
6 10
9 11
8 11
2 11
1 11
11 12
9 12
2 12
0 12
5 13
1 13
9 13
8 13
6 14
4 14
2 14
3 14
9 15
8 15
6 15
1 15
1 16
5 16
9 16
11 16
6 17
1 17
11 17
10 17
15 18
0 18
12 18
8 18
13 19
0 19
3 19
9 19
8 20
13 20
12 20
4 20
8 21
16 21
18 21
2 21
3 22
10 22
5 22
8 22
11 23
1 23
17 23
7 23
3 24
21 24
9 24
6 24
7 25
14 25
21 25
13 25
3 26
6 26
8 26
14 26
11 27
19 27
23 27
0 27
13 28
23 28
11 28
8 28
9 29
12 29
13 29
10 29
1 30
0 30
15 30
4 30
4 31
10 31
8 31
24 31
27 32
9 32
24 32
20 32
23 33
25 33
24 33
12 33
4 34
3 34
15 34
0 34
10 35
0 35
17 35
19 35
7 36
3 36
30 36
35 36
10 37
3 37
33 37
7 37
3 38
9 38
34 38
0 38
11 39
2 39
31 39
37 39
34 40
7 40
26 40
17 40
40 41
10 41
21 41
0 41
0 42
5 42
27 42
7 42
0 43
6 43
15 43
9 43
2 44
33 44
24 44
4 44
19 45
3 45
11 45
7 45
1 46
7 46
24 46
34 46
11 47
10 47
12 47
45 47
17 48
41 48
3 48
13 48
35 49
33 49
44 49
9 49
1 0
2 0
2 1
3 0
3 1
3 2
4 0
4 1
4 2
4 3
5 0
5 1
5 2
5 4
6 2
6 0
6 4
6 1
7 3
7 1
7 2
7 5
8 5
8 6
8 2
8 0
9 8
9 6
9 5
9 1
10 9
10 3
10 8
10 6
11 9
11 8
11 2
11 1
12 11
12 9
12 2
12 0
13 5
13 1
13 9
13 8
14 6
14 4
14 2
14 3
15 9
15 8
15 6
15 1
16 1
16 5
16 9
16 11
17 6
17 1
17 11
17 10
18 15
18 0
18 12
18 8
19 13
19 0
19 3
19 9
20 8
20 13
20 12
20 4
21 8
21 16
21 18
21 2
22 3
22 10
22 5
22 8
23 11
23 1
23 17
23 7
24 3
24 21
24 9
24 6
25 7
25 14
25 21
25 13
26 3
26 6
26 8
26 14
27 11
27 19
27 23
27 0
28 13
28 23
28 11
28 8
29 9
29 12
29 13
29 10
30 1
30 0
30 15
30 4
31 4
31 10
31 8
31 24
32 27
32 9
32 24
32 20
33 23
33 25
33 24
33 12
34 4
34 3
34 15
34 0
35 10
35 0
35 17
35 19
36 7
36 3
36 30
36 35
37 10
37 3
37 33
37 7
38 3
38 9
38 34
38 0
39 11
39 2
39 31
39 37
40 34
40 7
40 26
40 17
41 40
41 10
41 21
41 0
42 0
42 5
42 27
42 7
43 0
43 6
43 15
43 9
44 2
44 33
44 24
44 4
45 19
45 3
45 11
45 7
46 1
46 7
46 24
46 34
47 11
47 10
47 12
47 45
48 17
48 41
48 3
48 13
49 35
49 33
49 44
49 9
1 0 0 0 0 0 1 0 0 0 1 1 0 1 0 0 0 0 0 1 0 0 1 0 1 0 0 1 0 1 0 1 1 1 0 0 1 0 0 1 0 1 0 1 0 0 0 1 1 0
0 1 0 1 0 1 1 0 1 1 1 0 0 1 0 1 0 0 0 0 0 1 0 1 1 1 0 0 0 0 0 1 1 1 1 1 0 1 0 1 1 1 0 1 0 1 0 0 0 0
0 1 1 0 1 0 1 0 1 1 0 1 1 1 0 0 1 1 1 1 0 1 1 0 0 0 0 0 1 0 1 0 1 0 0 0 1 1 0 1 0 0 0 1 1 0 0 1 0 1
1 1 0 1 0 1 0 1 1 0 0 1 0 1 1 1 1 1 1 0 1 1 0 1 1 1 0 1 1 0 1 1 0 0 1 0 0 0 1 1 1 0 1 1 1 1 1 0 0 1
1 1 0 0 1 0 1 1 1 1 1 1 0 1 1 0 0 1 0 0 0 0 0 1 1 1 0 1 0 0 1 1 0 1 0 0 0 0 1 0 1 1 1 0 0 0 0 0 0 0