100 780 5
0 1
0 2
1 2
0 3
1 3
2 3
0 4
1 4
2 4
3 4
3 5
2 5
1 5
4 5
2 6
1 6
3 6
0 6
4 7
2 7
6 7
1 7
1 8
4 8
5 8
7 8
3 9
1 9
2 9
6 9
8 10
4 10
2 10
1 10
0 11
1 11
2 11
4 11
3 12
2 12
0 12
10 12
5 13
8 13
7 13
2 13
8 14
11 14
7 14
2 14
12 15
3 15
4 15
1 15
1 16
3 16
15 16
6 16
8 17
1 17
5 17
7 17
13 18
11 18
7 18
2 18
6 19
10 19
9 19
1 19
7 20
13 20
0 20
10 20
1 21
8 21
19 21
3 21
20 22
14 22
10 22
21 22
15 23
18 23
2 23
6 23
0 24
2 24
9 24
12 24
20 25
13 25
1 25
8 25
16 26
9 26
7 26
8 26
19 27
3 27
16 27
8 27
10 28
7 28
8 28
12 28
2 29
6 29
3 29
25 29
13 30
3 30
4 30
27 30
30 31
2 31
26 31
20 31
10 32
20 32
14 32
4 32
23 33
11 33
9 33
19 33
1 34
15 34
7 34
20 34
3 35
29 35
7 35
13 35
10 36
32 36
8 36
3 36
15 37
3 37
5 37
13 37
1 38
22 38
16 38
7 38
22 39
1 39
20 39
11 39
29 40
7 40
20 40
8 40
13 41
8 41
12 41
9 41
40 42
9 42
19 42
5 42
28 43
2 43
18 43
10 43
37 44
4 44
14 44
43 44
28 45
42 45
3 45
8 45
13 46
7 46
42 46
10 46
10 47
16 47
5 47
34 47
2 48
12 48
21 48
7 48
8 49
33 49
24 49
11 49
25 50
8 50
15 50
9 50
29 51
17 51
48 51
33 51
2 52
16 52
3 52
31 52
1 53
46 53
41 53
48 53
25 54
46 54
20 54
30 54
42 55
2 55
14 55
25 55
15 56
28 56
1 56
39 56
8 57
2 57
7 57
12 57
22 58
15 58
48 58
1 58
46 59
7 59
33 59
13 59
10 60
1 60
55 60
56 60
3 61
48 61
13 61
8 61
49 62
41 62
38 62
5 62
13 63
46 63
20 63
10 63
19 64
58 64
25 64
8 64
6 65
42 65
10 65
1 65
13 66
48 66
50 66
15 66
50 67
33 67
40 67
5 67
7 68
40 68
2 68
28 68
19 69
30 69
5 69
4 69
3 70
55 70
2 70
0 70
10 71
67 71
8 71
1 71
2 72
0 72
48 72
57 72
8 73
42 73
28 73
21 73
8 74
54 74
37 74
11 74
53 75
63 75
7 75
38 75
3 76
33 76
11 76
26 76
8 77
61 77
0 77
46 77
5 78
46 78
3 78
13 78
59 79
28 79
2 79
7 79
20 80
62 80
26 80
29 80
48 81
52 81
27 81
2 81
32 82
75 82
77 82
53 82
13 83
19 83
14 83
20 83
28 84
46 84
8 84
10 84
8 85
4 85
1 85
12 85
6 86
4 86
64 86
77 86
2 87
82 87
31 87
84 87
18 88
65 88
28 88
72 88
47 89
9 89
28 89
8 89
45 90
52 90
47 90
12 90
53 91
43 91
33 91
14 91
31 92
42 92
6 92
4 92
2 93
60 93
85 93
10 93
37 94
38 94
6 94
20 94
17 95
1 95
38 95
42 95
67 96
82 96
73 96
25 96
16 97
6 97
8 97
80 97
73 98
31 98
4 98
1 98
96 99
50 99
7 99
13 99
1 0
2 0
2 1
3 0
3 1
3 2
4 0
4 1
4 2
4 3
5 3
5 2
5 1
5 4
6 2
6 1
6 3
6 0
7 4
7 2
7 6
7 1
8 1
8 4
8 5
8 7
9 3
9 1
9 2
9 6
10 8
10 4
10 2
10 1
11 0
11 1
11 2
11 4
12 3
12 2
12 0
12 10
13 5
13 8
13 7
13 2
14 8
14 11
14 7
14 2
15 12
15 3
15 4
15 1
16 1
16 3
16 15
16 6
17 8
17 1
17 5
17 7
18 13
18 11
18 7
18 2
19 6
19 10
19 9
19 1
20 7
20 13
20 0
20 10
21 1
21 8
21 19
21 3
22 20
22 14
22 10
22 21
23 15
23 18
23 2
23 6
24 0
24 2
24 9
24 12
25 20
25 13
25 1
25 8
26 16
26 9
26 7
26 8
27 19
27 3
27 16
27 8
28 10
28 7
28 8
28 12
29 2
29 6
29 3
29 25
30 13
30 3
30 4
30 27
31 30
31 2
31 26
31 20
32 10
32 20
32 14
32 4
33 23
33 11
33 9
33 19
34 1
34 15
34 7
34 20
35 3
35 29
35 7
35 13
36 10
36 32
36 8
36 3
37 15
37 3
37 5
37 13
38 1
38 22
38 16
38 7
39 22
39 1
39 20
39 11
40 29
40 7
40 20
40 8
41 13
41 8
41 12
41 9
42 40
42 9
42 19
42 5
43 28
43 2
43 18
43 10
44 37
44 4
44 14
44 43
45 28
45 42
45 3
45 8
46 13
46 7
46 42
46 10
47 10
47 16
47 5
47 34
48 2
48 12
48 21
48 7
49 8
49 33
49 24
49 11
50 25
50 8
50 15
50 9
51 29
51 17
51 48
51 33
52 2
52 16
52 3
52 31
53 1
53 46
53 41
53 48
54 25
54 46
54 20
54 30
55 42
55 2
55 14
55 25
56 15
56 28
56 1
56 39
57 8
57 2
57 7
57 12
58 22
58 15
58 48
58 1
59 46
59 7
59 33
59 13
60 10
60 1
60 55
60 56
61 3
61 48
61 13
61 8
62 49
62 41
62 38
62 5
63 13
63 46
63 20
63 10
64 19
64 58
64 25
64 8
65 6
65 42
65 10
65 1
66 13
66 48
66 50
66 15
67 50
67 33
67 40
67 5
68 7
68 40
68 2
68 28
69 19
69 30
69 5
69 4
70 3
70 55
70 2
70 0
71 10
71 67
71 8
71 1
72 2
72 0
72 48
72 57
73 8
73 42
73 28
73 21
74 8
74 54
74 37
74 11
75 53
75 63
75 7
75 38
76 3
76 33
76 11
76 26
77 8
77 61
77 0
77 46
78 5
78 46
78 3
78 13
79 59
79 28
79 2
79 7
80 20
80 62
80 26
80 29
81 48
81 52
81 27
81 2
82 32
82 75
82 77
82 53
83 13
83 19
83 14
83 20
84 28
84 46
84 8
84 10
85 8
85 4
85 1
85 12
86 6
86 4
86 64
86 77
87 2
87 82
87 31
87 84
88 18
88 65
88 28
88 72
89 47
89 9
89 28
89 8
90 45
90 52
90 47
90 12
91 53
91 43
91 33
91 14
92 31
92 42
92 6
92 4
93 2
93 60
93 85
93 10
94 37
94 38
94 6
94 20
95 17
95 1
95 38
95 42
96 67
96 82
96 73
96 25
97 16
97 6
97 8
97 80
98 73
98 31
98 4
98 1
99 96
99 50
99 7
99 13
1 0 1 0 1 0 1 1 0 0 0 0 0 1 0 1 0 1 1 1 1 1 1 1 0 0 0 1 0 1 1 0 0 1 0 0 0 1 0 1 0 0 0 0 0 1 1 0 0 0 1 0 1 0 1 0 0 0 0 1 0 0 0 0 0 1 1 0 0 0 0 1 1 0 1 1 1 1 1 1 1 1 1 1 1 0 0 1 0 1 0 0 1 0 1 1 1 0 0 1
1 0 1 1 1 1 1 1 1 0 1 0 1 1 0 1 0 1 1 1 0 1 0 0 0 1 1 0 0 0 0 1 0 1 0 0 1 0 0 0 0 1 1 1 0 1 0 1 1 0 1 0 1 1 0 0 0 0 1 1 0 0 0 0 1 0 1 0 0 1 1 0 0 0 0 1 0 0 1 0 0 1 1 1 0 0 0 0 0 1 1 0 1 1 0 0 1 1 0 0
1 0 1 0 0 1 1 0 1 1 0 1 1 1 0 0 1 0 0 1 1 0 0 1 0 0 1 0 1 1 1 0 1 1 0 0 1 0 0 1 1 0 0 1 1 0 0 1 1 0 0 0 0 1 1 0 1 0 1 1 0 0 1 0 1 1 1 1 1 1 1 0 0 0 0 0 1 1 1 1 0 1 1 0 1 0 1 0 0 0 1 1 1 1 0 0 0 0 1 1
0 1 1 0 1 0 0 1 1 1 1 1 1 1 1 1 1 1 1 1 0 0 1 0 0 1 0 1 0 0 1 1 0 0 1 0 1 1 1 1 1 1 1 0 1 0 1 1 1 0 1 1 1 1 1 1 1 1 1 0 0 1 1 0 1 1 0 0 0 1 1 1 0 1 1 1 0 0 1 0 1 0 0 0 0 0 1 0 0 0 1 0 1 1 1 0 0 0 0 0
0 0 1 1 0 0 0 1 0 0 1 1 1 0 1 0 1 0 1 1 0 1 0 0 0 1 0 1 1 0 0 1 1 1 1 0 0 0 0 1 0 1 0 0 0 0 0 0 0 1 0 0 0 0 0 0 1 1 1 1 0 0 1 1 0 0 1 0 0 0 1 1 0 0 0 1 1 0 1 1 0 1 1 0 0 0 1 0 0 0 0 0 0 1 0 1 0 0 1 0