100 780 5
0 1
0 2
1 2
0 3
1 3
2 3
0 4
1 4
2 4
3 4
1 5
0 5
3 5
2 5
0 6
2 6
4 6
3 6
3 7
2 7
6 7
0 7
2 8
4 8
0 8
1 8
3 9
2 9
0 9
4 9
3 10
2 10
4 10
5 10
6 11
3 11
2 11
7 11
11 12
1 12
2 12
3 12
0 13
4 13
6 13
2 13
6 14
0 14
8 14
3 14
12 15
3 15
7 15
8 15
5 16
14 16
6 16
3 16
13 17
3 17
8 17
2 17
17 18
8 18
12 18
11 18
6 19
1 19
8 19
0 19
10 20
3 20
14 20
18 20
19 21
12 21
1 21
0 21
0 22
10 22
13 22
6 22
2 23
3 23
4 23
20 23
4 24
21 24
0 24
22 24
13 25
5 25
3 25
19 25
3 26
8 26
9 26
13 26
1 27
22 27
13 27
26 27
13 28
14 28
15 28
24 28
10 29
8 29
13 29
20 29
4 30
17 30
13 30
0 30
2 31
15 31
16 31
3 31
11 32
4 32
20 32
30 32
2 33
4 33
11 33
18 33
0 34
18 34
24 34
5 34
1 35
0 35
8 35
32 35
12 36
7 36
28 36
8 36
3 37
29 37
10 37
22 37
4 38
29 38
36 38
23 38
32 39
29 39
4 39
7 39
24 40
0 40
8 40
32 40
4 41
0 41
12 41
37 41
34 42
18 42
17 42
23 42
19 43
7 43
34 43
20 43
9 44
3 44
0 44
6 44
0 45
16 45
2 45
29 45
13 46
42 46
31 46
6 46
21 47
8 47
4 47
17 47
8 48
15 48
46 48
29 48
48 49
43 49
2 49
0 49
15 50
47 50
17 50
29 50
0 51
34 51
28 51
6 51
12 52
6 52
20 52
40 52
23 53
24 53
20 53
22 53
3 54
15 54
41 54
42 54
36 55
2 55
49 55
54 55
30 56
53 56
45 56
38 56
56 57
4 57
1 57
55 57
19 58
5 58
23 58
35 58
35 59
4 59
41 59
43 59
15 60
44 60
10 60
36 60
12 61
25 61
48 61
60 61
20 62
12 62
6 62
15 62
48 63
3 63
24 63
8 63
15 64
46 64
23 64
35 64
38 65
27 65
25 65
62 65
59 66
42 66
50 66
33 66
4 67
54 67
32 67
33 67
23 68
38 68
56 68
15 68
52 69
14 69
11 69
37 69
24 70
15 70
8 70
56 70
13 71
38 71
8 71
53 71
49 72
0 72
31 72
65 72
8 73
46 73
30 73
54 73
57 74
59 74
45 74
20 74
2 75
35 75
69 75
0 75
30 76
54 76
24 76
0 76
8 77
4 77
60 77
73 77
49 78
62 78
57 78
5 78
8 79
3 79
41 79
48 79
59 80
1 80
20 80
37 80
16 81
13 81
65 81
79 81
6 82
0 82
54 82
4 82
20 83
14 83
34 83
79 83
10 84
71 84
13 84
23 84
50 85
51 85
20 85
83 85
60 86
13 86
30 86
40 86
4 87
26 87
0 87
61 87
56 88
0 88
20 88
1 88
14 89
58 89
73 89
5 89
55 90
24 90
30 90
17 90
43 91
16 91
39 91
42 91
49 92
15 92
1 92
35 92
79 93
69 93
58 93
0 93
73 94
56 94
3 94
42 94
29 95
23 95
13 95
82 95
20 96
41 96
4 96
26 96
11 97
7 97
32 97
12 97
3 98
20 98
84 98
87 98
88 99
2 99
20 99
26 99
1 0
2 0
2 1
3 0
3 1
3 2
4 0
4 1
4 2
4 3
5 1
5 0
5 3
5 2
6 0
6 2
6 4
6 3
7 3
7 2
7 6
7 0
8 2
8 4
8 0
8 1
9 3
9 2
9 0
9 4
10 3
10 2
10 4
10 5
11 6
11 3
11 2
11 7
12 11
12 1
12 2
12 3
13 0
13 4
13 6
13 2
14 6
14 0
14 8
14 3
15 12
15 3
15 7
15 8
16 5
16 14
16 6
16 3
17 13
17 3
17 8
17 2
18 17
18 8
18 12
18 11
19 6
19 1
19 8
19 0
20 10
20 3
20 14
20 18
21 19
21 12
21 1
21 0
22 0
22 10
22 13
22 6
23 2
23 3
23 4
23 20
24 4
24 21
24 0
24 22
25 13
25 5
25 3
25 19
26 3
26 8
26 9
26 13
27 1
27 22
27 13
27 26
28 13
28 14
28 15
28 24
29 10
29 8
29 13
29 20
30 4
30 17
30 13
30 0
31 2
31 15
31 16
31 3
32 11
32 4
32 20
32 30
33 2
33 4
33 11
33 18
34 0
34 18
34 24
34 5
35 1
35 0
35 8
35 32
36 12
36 7
36 28
36 8
37 3
37 29
37 10
37 22
38 4
38 29
38 36
38 23
39 32
39 29
39 4
39 7
40 24
40 0
40 8
40 32
41 4
41 0
41 12
41 37
42 34
42 18
42 17
42 23
43 19
43 7
43 34
43 20
44 9
44 3
44 0
44 6
45 0
45 16
45 2
45 29
46 13
46 42
46 31
46 6
47 21
47 8
47 4
47 17
48 8
48 15
48 46
48 29
49 48
49 43
49 2
49 0
50 15
50 47
50 17
50 29
51 0
51 34
51 28
51 6
52 12
52 6
52 20
52 40
53 23
53 24
53 20
53 22
54 3
54 15
54 41
54 42
55 36
55 2
55 49
55 54
56 30
56 53
56 45
56 38
57 56
57 4
57 1
57 55
58 19
58 5
58 23
58 35
59 35
59 4
59 41
59 43
60 15
60 44
60 10
60 36
61 12
61 25
61 48
61 60
62 20
62 12
62 6
62 15
63 48
63 3
63 24
63 8
64 15
64 46
64 23
64 35
65 38
65 27
65 25
65 62
66 59
66 42
66 50
66 33
67 4
67 54
67 32
67 33
68 23
68 38
68 56
68 15
69 52
69 14
69 11
69 37
70 24
70 15
70 8
70 56
71 13
71 38
71 8
71 53
72 49
72 0
72 31
72 65
73 8
73 46
73 30
73 54
74 57
74 59
74 45
74 20
75 2
75 35
75 69
75 0
76 30
76 54
76 24
76 0
77 8
77 4
77 60
77 73
78 49
78 62
78 57
78 5
79 8
79 3
79 41
79 48
80 59
80 1
80 20
80 37
81 16
81 13
81 65
81 79
82 6
82 0
82 54
82 4
83 20
83 14
83 34
83 79
84 10
84 71
84 13
84 23
85 50
85 51
85 20
85 83
86 60
86 13
86 30
86 40
87 4
87 26
87 0
87 61
88 56
88 0
88 20
88 1
89 14
89 58
89 73
89 5
90 55
90 24
90 30
90 17
91 43
91 16
91 39
91 42
92 49
92 15
92 1
92 35
93 79
93 69
93 58
93 0
94 73
94 56
94 3
94 42
95 29
95 23
95 13
95 82
96 20
96 41
96 4
96 26
97 11
97 7
97 32
97 12
98 3
98 20
98 84
98 87
99 88
99 2
99 20
99 26
1 0 1 0 0 0 0 1 1 1 0 1 0 1 0 1 0 0 0 1 1 0 0 0 1 0 1 0 1 0 1 0 1 1 1 1 0 0 1 0 0 0 1 1 0 1 0 1 1 0 0 1 1 0 1 1 0 0 0 0 0 0 0 0 0 0 1 0 0 0 0 1 0 1 1 0 0 1 1 0 1 0 0 1 1 1 0 0 0 0 1 1 1 1 1 0 0 0 0 1
0 1 0 1 1 0 1 0 0 0 1 1 0 1 1 1 1 0 0 0 0 0 1 0 0 0 0 0 1 0 0 1 0 0 1 1 0 1 1 1 1 1 1 1 1 1 0 1 0 0 0 0 1 0 0 0 1 1 0 1 0 0 0 0 1 1 0 1 0 0 1 1 1 1 0 0 1 1 1 1 0 1 0 1 0 1 1 1 1 0 0 1 1 0 1 1 1 0 0 0
1 0 1 1 1 1 1 1 0 0 0 0 1 0 0 1 1 0 0 0 1 0 1 0 0 1 1 0 0 1 1 1 1 1 0 1 1 0 0 1 1 1 1 0 1 1 0 1 0 0 1 1 1 1 1 1 0 1 1 1 1 0 1 0 1 0 0 0 1 0 1 1 0 0 1 0 0 0 0 1 0 1 1 1 1 0 1 1 0 1 0 0 1 0 0 0 1 1 1 0
0 0 1 1 1 1 0 0 0 1 0 0 1 0 1 1 0 0 1 0 0 1 0 0 1 1 1 1 1 1 0 1 0 1 1 0 0 1 1 0 1 0 0 1 1 0 0 1 1 1 1 0 0 0 0 1 0 0 0 0 1 1 1 0 0 0 1 0 0 0 0 0 1 1 1 0 0 1 0 1 0 1 0 0 1 1 1 1 0 1 1 1 1 1 1 1 1 0 1 1
1 0 0 1 1 0 1 1 1 1 0 1 1 0 1 0 0 1 1 1 0 0 0 1 0 0 0 1 0 1 1 1 1 0 0 0 1 1 0 1 1 1 0 0 1 0 1 0 0 1 0 1 1 0 1 0 0 1 1 1 0 1 1 1 0 1 1 0 0 0 1 1 1 0 0 1 1 1 1 0 1 0 0 1 0 1 1 1 1 1 1 0 0 1 0 1 1 0 0 1