100 394 5
0 1
0 2
1 2
1 3
0 3
2 4
0 4
2 5
4 5
5 6
0 6
6 7
0 7
0 8
3 8
0 9
2 9
6 10
2 10
3 11
7 11
8 12
0 12
2 13
11 13
2 14
10 14
2 15
0 15
11 16
12 16
10 17
9 17
2 18
4 18
7 19
15 19
17 20
2 20
11 21
0 21
0 22
16 22
10 23
4 23
0 24
4 24
9 25
2 25
14 26
22 26
0 27
6 27
26 28
2 28
0 29
15 29
0 30
21 30
13 31
0 31
16 32
0 32
15 33
1 33
11 34
0 34
19 35
34 35
2 36
17 36
0 37
1 37
9 38
0 38
11 39
33 39
2 40
7 40
26 41
40 41
16 42
9 42
2 43
0 43
24 44
20 44
10 45
37 45
2 46
16 46
19 47
31 47
37 48
2 48
18 49
44 49
2 50
44 50
32 51
0 51
47 52
0 52
23 53
0 53
11 54
37 54
0 55
7 55
17 56
35 56
44 57
28 57
36 58
55 58
23 59
5 59
53 60
17 60
7 61
26 61
2 62
47 62
7 63
54 63
62 64
0 64
2 65
0 65
40 66
2 66
13 67
34 67
0 68
52 68
65 69
0 69
68 70
41 70
36 71
1 71
30 72
65 72
38 73
0 73
46 74
25 74
9 75
47 75
49 76
58 76
30 77
38 77
1 78
57 78
75 79
0 79
22 80
32 80
23 81
34 81
60 82
2 82
71 83
16 83
38 84
27 84
11 85
36 85
63 86
32 86
0 87
80 87
85 88
0 88
2 89
39 89
65 90
28 90
43 91
23 91
76 92
0 92
74 93
88 93
71 94
42 94
11 95
0 95
8 96
15 96
7 97
61 97
46 98
35 98
80 99
3 99
1 0
2 0
2 1
3 1
3 0
4 2
4 0
5 2
5 4
6 5
6 0
7 6
7 0
8 0
8 3
9 0
9 2
10 6
10 2
11 3
11 7
12 8
12 0
13 2
13 11
14 2
14 10
15 2
15 0
16 11
16 12
17 10
17 9
18 2
18 4
19 7
19 15
20 17
20 2
21 11
21 0
22 0
22 16
23 10
23 4
24 0
24 4
25 9
25 2
26 14
26 22
27 0
27 6
28 26
28 2
29 0
29 15
30 0
30 21
31 13
31 0
32 16
32 0
33 15
33 1
34 11
34 0
35 19
35 34
36 2
36 17
37 0
37 1
38 9
38 0
39 11
39 33
40 2
40 7
41 26
41 40
42 16
42 9
43 2
43 0
44 24
44 20
45 10
45 37
46 2
46 16
47 19
47 31
48 37
48 2
49 18
49 44
50 2
50 44
51 32
51 0
52 47
52 0
53 23
53 0
54 11
54 37
55 0
55 7
56 17
56 35
57 44
57 28
58 36
58 55
59 23
59 5
60 53
60 17
61 7
61 26
62 2
62 47
63 7
63 54
64 62
64 0
65 2
65 0
66 40
66 2
67 13
67 34
68 0
68 52
69 65
69 0
70 68
70 41
71 36
71 1
72 30
72 65
73 38
73 0
74 46
74 25
75 9
75 47
76 49
76 58
77 30
77 38
78 1
78 57
79 75
79 0
80 22
80 32
81 23
81 34
82 60
82 2
83 71
83 16
84 38
84 27
85 11
85 36
86 63
86 32
87 0
87 80
88 85
88 0
89 2
89 39
90 65
90 28
91 43
91 23
92 76
92 0
93 74
93 88
94 71
94 42
95 11
95 0
96 8
96 15
97 7
97 61
98 46
98 35
99 80
99 3
1 0 0 1 0 1 0 1 1 0 0 0 0 0 0 0 0 1 1 1 1 0 1 0 1 0 0 0 0 0 1 1 1 0 1 1 0 0 1 1 1 1 0 0 1 0 0 0 0 1 1 1 0 1 0 0 0 1 1 1 1 0 0 1 0 0 1 0 1 1 1 1 1 0 1 1 1 0 1 1 0 0 0 0 1 0 1 1 0 0 0 0 0 0 0 0 0 1 0 1
0 0 1 0 1 1 1 0 1 0 0 1 0 1 1 1 1 0 1 0 1 1 0 0 0 1 0 1 1 1 0 0 0 0 1 0 0 1 0 1 1 1 1 0 1 0 0 1 0 0 1 1 1 1 1 1 1 1 0 1 0 1 0 1 1 1 1 0 0 0 1 0 1 0 0 0 1 1 0 1 1 0 0 1 1 0 1 0 1 1 0 0 0 0 1 0 1 1 0 1
1 0 0 0 1 0 1 1 1 0 1 1 0 0 1 0 0 0 0 1 1 1 1 1 1 1 0 1 0 1 0 0 1 0 0 0 0 0 1 1 1 0 1 1 1 0 0 1 1 0 1 1 0 1 0 0 0 0 0 0 0 1 0 0 1 1 0 1 0 1 1 1 1 1 0 1 0 0 1 1 1 0 0 0 0 1 0 0 0 1 0 1 1 1 1 1 0 0 1 0
0 1 1 0 1 0 0 0 0 1 0 0 0 1 0 1 0 0 0 0 1 0 1 1 0 1 1 1 0 0 1 1 0 1 1 1 0 1 1 0 1 1 0 1 1 0 1 0 1 0 1 1 0 0 1 0 1 0 1 1 0 0 0 1 1 0 0 0 0 0 0 1 0 1 1 0 1 1 1 0 0 1 0 1 0 1 0 0 1 0 0 1 1 0 0 1 0 0 0 0
1 1 0 0 0 1 1 0 0 1 0 0 0 0 1 0 1 1 1 0 1 1 0 0 1 0 1 1 0 0 0 0 0 1 1 1 0 1 1 1 0 0 1 0 0 0 1 0 1 0 0 0 1 0 0 1 1 1 0 1 0 1 0 0 1 0 1 0 0 1 0 0 0 0 1 1 0 0 0 1 0 0 1 1 1 0 1 0 1 0 0 0 0 0 0 1 0 0 0 0