100 394 5
0 1
0 2
1 2
0 3
2 3
1 4
2 4
2 5
0 5
5 6
2 6
2 7
5 7
4 8
2 8
2 9
7 9
7 10
5 10
5 11
7 11
7 12
11 12
3 13
10 13
2 14
1 14
0 15
5 15
2 16
5 16
11 17
5 17
10 18
7 18
16 19
1 19
3 20
0 20
7 21
6 21
0 22
5 22
6 23
0 23
2 24
5 24
3 25
5 25
19 26
10 26
6 27
13 27
7 28
26 28
2 29
5 29
15 30
29 30
2 31
13 31
30 32
10 32
13 33
5 33
2 34
5 34
11 35
20 35
15 36
21 36
5 37
25 37
10 38
12 38
2 39
25 39
16 40
5 40
5 41
14 41
35 42
0 42
18 43
27 43
10 44
15 44
41 45
15 45
0 46
23 46
19 47
35 47
35 48
41 48
5 49
24 49
7 50
0 50
26 51
10 51
10 52
20 52
33 53
9 53
0 54
48 54
5 55
13 55
33 56
19 56
2 57
15 57
57 58
10 58
0 59
45 59
2 60
10 60
2 61
11 61
30 62
50 62
11 63
14 63
1 64
31 64
29 65
5 65
5 66
58 66
19 67
5 67
7 68
51 68
53 69
16 69
16 70
29 70
5 71
15 71
37 72
45 72
2 73
20 73
15 74
20 74
15 75
2 75
2 76
7 76
42 77
5 77
55 78
16 78
21 79
2 79
35 80
28 80
57 81
3 81
0 82
74 82
7 83
32 83
41 84
10 84
20 85
81 85
62 86
3 86
11 87
62 87
15 88
13 88
9 89
19 89
10 90
26 90
19 91
10 91
10 92
6 92
1 93
7 93
21 94
33 94
33 95
80 95
2 96
53 96
73 97
15 97
84 98
2 98
10 99
47 99
1 0
2 0
2 1
3 0
3 2
4 1
4 2
5 2
5 0
6 5
6 2
7 2
7 5
8 4
8 2
9 2
9 7
10 7
10 5
11 5
11 7
12 7
12 11
13 3
13 10
14 2
14 1
15 0
15 5
16 2
16 5
17 11
17 5
18 10
18 7
19 16
19 1
20 3
20 0
21 7
21 6
22 0
22 5
23 6
23 0
24 2
24 5
25 3
25 5
26 19
26 10
27 6
27 13
28 7
28 26
29 2
29 5
30 15
30 29
31 2
31 13
32 30
32 10
33 13
33 5
34 2
34 5
35 11
35 20
36 15
36 21
37 5
37 25
38 10
38 12
39 2
39 25
40 16
40 5
41 5
41 14
42 35
42 0
43 18
43 27
44 10
44 15
45 41
45 15
46 0
46 23
47 19
47 35
48 35
48 41
49 5
49 24
50 7
50 0
51 26
51 10
52 10
52 20
53 33
53 9
54 0
54 48
55 5
55 13
56 33
56 19
57 2
57 15
58 57
58 10
59 0
59 45
60 2
60 10
61 2
61 11
62 30
62 50
63 11
63 14
64 1
64 31
65 29
65 5
66 5
66 58
67 19
67 5
68 7
68 51
69 53
69 16
70 16
70 29
71 5
71 15
72 37
72 45
73 2
73 20
74 15
74 20
75 15
75 2
76 2
76 7
77 42
77 5
78 55
78 16
79 21
79 2
80 35
80 28
81 57
81 3
82 0
82 74
83 7
83 32
84 41
84 10
85 20
85 81
86 62
86 3
87 11
87 62
88 15
88 13
89 9
89 19
90 10
90 26
91 19
91 10
92 10
92 6
93 1
93 7
94 21
94 33
95 33
95 80
96 2
96 53
97 73
97 15
98 84
98 2
99 10
99 47
0 1 1 1 0 1 0 1 0 0 1 1 1 1 0 1 1 0 1 1 0 1 0 1 1 1 1 0 0 1 0 0 0 1 0 1 1 0 0 1 0 0 0 0 0 0 0 1 1 0 0 1 0 0 0 0 1 0 0 1 0 0 0 1 1 0 1 0 0 0 0 0 0 1 0 0 1 0 1 1 1 1 1 0 1 0 1 0 1 0 0 1 0 0 1 0 0 1 0 0
1 1 1 1 1 1 1 1 1 0 1 1 1 1 0 0 0 0 1 1 0 1 1 1 1 1 1 1 1 1 1 0 0 0 0 1 0 0 0 0 1 1 1 1 1 1 0 0 0 0 1 1 0 0 1 0 0 1 0 0 1 1 1 0 0 0 0 0 0 0 1 0 0 1 1 1 0 0 1 0 0 0 1 0 0 1 0 0 0 1 0 0 1 0 0 1 1 1 1 0
0 1 1 1 1 1 1 0 0 1 1 0 1 1 0 1 0 0 0 1 0 0 0 1 1 0 0 0 1 0 0 0 1 0 0 0 0 0 1 0 1 0 0 0 0 0 0 1 1 0 1 1 1 0 1 1 0 0 0 1 1 1 1 0 0 0 1 1 0 1 1 0 1 0 0 0 0 1 1 1 1 1 0 1 0 0 1 0 1 0 0 1 1 0 0 1 1 0 0 1
1 0 0 1 0 1 1 1 0 1 1 1 0 0 0 0 0 1 0 1 0 1 1 0 1 1 0 0 0 1 1 0 1 1 1 1 1 1 0 0 0 1 0 1 1 0 0 1 1 0 0 1 0 0 0 1 0 1 0 0 0 0 1 1 1 0 0 0 1 1 0 0 1 1 1 1 1 1 1 1 0 0 1 0 1 1 1 0 0 0 0 1 1 0 0 0 1 0 0 1
0 1 1 0 1 1 1 1 0 1 1 0 0 1 0 1 0 1 0 0 0 1 0 1 0 1 1 0 1 1 0 0 0 1 1 0 1 1 1 0 0 0 1 0 1 1 1 1 0 0 1 0 0 1 1 1 1 1 0 1 0 1 1 1 0 0 1 1 0 1 1 0 0 0 0 0 1 0 0 0 1 0 0 0 0 1 1 1 1 1 0 1 1 1 0 0 0 0 1 1