100 394 5
0 1
0 2
1 2
1 3
0 3
1 4
0 4
2 5
1 5
2 6
3 6
3 7
4 7
5 8
4 8
8 9
7 9
3 10
7 10
3 11
4 11
8 12
4 12
6 13
1 13
10 14
11 14
7 15
12 15
8 16
10 16
2 17
1 17
8 18
1 18
1 19
15 19
4 20
5 20
11 21
10 21
17 22
4 22
15 23
13 23
1 24
14 24
21 25
22 25
23 26
5 26
19 27
10 27
13 28
23 28
8 29
7 29
0 30
7 30
4 31
11 31
0 32
8 32
25 33
3 33
8 34
15 34
23 35
1 35
22 36
1 36
1 37
33 37
15 38
14 38
21 39
25 39
14 40
24 40
23 41
19 41
36 42
38 42
42 43
21 43
12 44
1 44
28 45
31 45
12 46
35 46
22 47
28 47
45 48
42 48
29 49
10 49
31 50
2 50
4 51
8 51
14 52
21 52
36 53
1 53
27 54
1 54
28 55
29 55
2 56
7 56
7 57
56 57
35 58
56 58
7 59
22 59
49 60
24 60
14 61
12 61
38 62
1 62
23 63
48 63
25 64
45 64
21 65
7 65
24 66
8 66
23 67
15 67
8 68
35 68
8 69
22 69
12 70
21 70
16 71
4 71
44 72
11 72
56 73
55 73
25 74
8 74
35 75
56 75
1 76
27 76
4 77
75 77
26 78
1 78
4 79
68 79
58 80
16 80
44 81
3 81
78 82
1 82
10 83
71 83
24 84
83 84
16 85
8 85
54 86
15 86
61 87
77 87
8 88
3 88
8 89
51 89
57 90
14 90
2 91
25 91
22 92
48 92
78 93
2 93
76 94
68 94
89 95
22 95
45 96
69 96
89 97
26 97
75 98
19 98
56 99
29 99
1 0
2 0
2 1
3 1
3 0
4 1
4 0
5 2
5 1
6 2
6 3
7 3
7 4
8 5
8 4
9 8
9 7
10 3
10 7
11 3
11 4
12 8
12 4
13 6
13 1
14 10
14 11
15 7
15 12
16 8
16 10
17 2
17 1
18 8
18 1
19 1
19 15
20 4
20 5
21 11
21 10
22 17
22 4
23 15
23 13
24 1
24 14
25 21
25 22
26 23
26 5
27 19
27 10
28 13
28 23
29 8
29 7
30 0
30 7
31 4
31 11
32 0
32 8
33 25
33 3
34 8
34 15
35 23
35 1
36 22
36 1
37 1
37 33
38 15
38 14
39 21
39 25
40 14
40 24
41 23
41 19
42 36
42 38
43 42
43 21
44 12
44 1
45 28
45 31
46 12
46 35
47 22
47 28
48 45
48 42
49 29
49 10
50 31
50 2
51 4
51 8
52 14
52 21
53 36
53 1
54 27
54 1
55 28
55 29
56 2
56 7
57 7
57 56
58 35
58 56
59 7
59 22
60 49
60 24
61 14
61 12
62 38
62 1
63 23
63 48
64 25
64 45
65 21
65 7
66 24
66 8
67 23
67 15
68 8
68 35
69 8
69 22
70 12
70 21
71 16
71 4
72 44
72 11
73 56
73 55
74 25
74 8
75 35
75 56
76 1
76 27
77 4
77 75
78 26
78 1
79 4
79 68
80 58
80 16
81 44
81 3
82 78
82 1
83 10
83 71
84 24
84 83
85 16
85 8
86 54
86 15
87 61
87 77
88 8
88 3
89 8
89 51
90 57
90 14
91 2
91 25
92 22
92 48
93 78
93 2
94 76
94 68
95 89
95 22
96 45
96 69
97 89
97 26
98 75
98 19
99 56
99 29
1 1 0 0 1 1 1 1 1 0 1 1 0 1 0 1 0 1 0 0 0 1 1 1 0 1 0 0 0 0 0 0 0 1 1 1 0 0 1 0 0 1 0 0 0 1 0 1 0 0 1 1 1 1 0 1 0 1 1 1 1 0 1 1 1 1 0 1 1 1 1 1 1 0 0 1 0 1 0 1 0 0 0 1 1 1 1 1 0 0 1 0 0 1 0 0 1 0 1 0
1 0 0 0 0 1 1 0 1 1 0 1 1 1 1 0 1 1 1 0 1 1 1 0 0 0 1 1 1 0 1 1 0 1 1 0 0 1 1 0 1 1 1 1 1 1 0 1 0 1 1 0 1 0 1 1 1 0 0 1 0 1 1 1 1 1 1 0 1 0 0 1 1 0 1 1 0 1 0 1 1 1 1 0 0 1 1 1 0 1 0 1 1 1 1 0 1 0 0 1
0 0 1 1 1 0 0 0 1 0 1 0 1 0 1 0 1 0 0 0 0 0 1 0 1 0 1 1 0 1 1 1 0 1 0 1 0 1 0 1 1 0 1 1 1 0 0 1 1 0 1 0 1 0 1 0 1 1 1 1 1 0 1 1 0 0 1 1 1 1 1 1 0 1 0 0 0 0 0 1 0 1 1 1 1 1 0 0 0 1 1 0 0 1 0 0 0 1 0 1
0 0 1 0 0 0 1 0 0 0 0 0 1 0 1 1 1 1 1 1 0 0 1 0 0 0 1 0 0 1 0 1 0 1 0 0 0 0 0 0 1 1 1 1 1 1 0 0 0 0 0 0 0 1 0 0 1 0 0 1 0 0 1 0 1 0 0 1 0 1 0 0 0 1 1 1 1 0 0 0 1 0 0 0 0 0 0 0 0 0 0 1 0 0 1 0 1 0 0 0
1 1 0 0 0 1 0 1 1 1 0 1 1 0 0 1 1 0 1 0 1 0 0 0 1 0 1 1 1 1 1 1 0 1 0 1 0 0 0 0 0 1 1 0 0 1 1 0 1 1 0 0 0 0 0 0 0 0 0 1 1 0 1 0 1 1 0 1 0 0 0 1 1 0 1 1 0 1 0 0 0 1 1 0 1 0 0 1 1 1 1 0 1 0 1 0 0 0 0 0