250 994 5
0 1
0 2
1 2
1 3
2 3
2 4
1 4
1 5
3 5
0 6
2 6
3 7
0 7
1 8
5 8
1 9
2 9
9 10
1 10
10 11
1 11
7 12
5 12
11 13
1 13
5 14
13 14
2 15
7 15
6 16
14 16
12 17
5 17
15 18
7 18
5 19
14 19
12 20
15 20
14 21
3 21
7 22
3 22
15 23
17 23
9 24
11 24
11 25
13 25
5 26
1 26
11 27
5 27
12 28
1 28
28 29
0 29
3 30
28 30
22 31
16 31
2 32
3 32
13 33
6 33
17 34
20 34
29 35
33 35
18 36
27 36
16 37
28 37
7 38
15 38
23 39
38 39
5 40
31 40
4 41
3 41
10 42
20 42
3 43
8 43
0 44
30 44
3 45
23 45
14 46
0 46
34 47
42 47
15 48
33 48
47 49
5 49
19 50
32 50
1 51
11 51
8 52
44 52
7 53
24 53
31 54
27 54
7 55
14 55
43 56
45 56
20 57
8 57
22 58
1 58
11 59
57 59
45 60
6 60
45 61
2 61
12 62
50 62
14 63
21 63
28 64
20 64
48 65
33 65
0 66
57 66
9 67
45 67
35 68
59 68
1 69
17 69
6 70
35 70
45 71
55 71
30 72
5 72
51 73
45 73
1 74
18 74
40 75
24 75
2 76
21 76
3 77
76 77
13 78
16 78
45 79
11 79
24 80
66 80
4 81
6 81
7 82
11 82
11 83
10 83
1 84
9 84
11 85
83 85
64 86
84 86
25 87
4 87
14 88
44 88
52 89
59 89
1 90
29 90
55 91
6 91
47 92
0 92
2 93
59 93
34 94
64 94
83 95
5 95
1 96
15 96
78 97
2 97
27 98
7 98
45 99
10 99
52 100
7 100
55 101
13 101
31 102
33 102
61 103
16 103
3 104
91 104
4 105
29 105
37 106
5 106
14 107
12 107
7 108
90 108
1 109
42 109
3 110
5 110
1 111
85 111
87 112
14 112
9 113
50 113
7 114
1 114
92 115
35 115
30 116
14 116
4 117
35 117
14 118
66 118
92 119
12 119
55 120
5 120
5 121
6 121
4 122
1 122
20 123
3 123
29 124
11 124
59 125
82 125
3 126
67 126
5 127
86 127
13 128
3 128
5 129
15 129
91 130
82 130
84 131
74 131
82 132
44 132
38 133
71 133
1 134
5 134
45 135
77 135
35 136
126 136
110 137
20 137
116 138
81 138
59 139
110 139
108 140
29 140
7 141
23 141
14 142
59 142
122 143
120 143
33 144
91 144
76 145
112 145
134 146
84 146
139 147
9 147
84 148
71 148
30 149
14 149
17 150
62 150
90 151
44 151
0 152
1 152
111 153
93 153
35 154
55 154
1 155
124 155
103 156
96 156
139 157
3 157
85 158
29 158
92 159
38 159
35 160
34 160
91 161
7 161
47 162
12 162
160 163
3 163
10 164
15 164
28 165
108 165
64 166
71 166
149 167
1 167
94 168
164 168
129 169
116 169
9 170
96 170
129 171
156 171
24 172
90 172
7 173
42 173
137 174
4 174
52 175
169 175
31 176
30 176
148 177
53 177
57 178
110 178
9 179
165 179
19 180
37 180
117 181
178 181
9 182
59 182
13 183
93 183
160 184
73 184
22 185
82 185
120 186
93 186
88 187
60 187
110 188
45 188
169 189
90 189
59 190
39 190
113 191
47 191
24 192
162 192
160 193
77 193
101 194
59 194
112 195
82 195
3 196
116 196
194 197
29 197
103 198
1 198
190 199
171 199
172 200
1 200
147 201
77 201
3 202
156 202
88 203
199 203
91 204
76 204
173 205
196 205
122 206
88 206
190 207
92 207
40 208
10 208
10 209
1 209
53 210
99 210
149 211
84 211
20 212
192 212
170 213
69 213
193 214
10 214
35 215
45 215
35 216
87 216
67 217
95 217
191 218
62 218
63 219
120 219
42 220
106 220
24 221
76 221
77 222
35 222
136 223
180 223
144 224
108 224
209 225
164 225
26 226
149 226
53 227
160 227
186 228
49 228
35 229
103 229
77 230
66 230
183 231
96 231
127 232
9 232
188 233
82 233
175 234
148 234
63 235
29 235
120 236
100 236
146 237
62 237
146 238
179 238
6 239
150 239
117 240
1 240
198 241
8 241
42 242
108 242
202 243
63 243
165 244
235 244
214 245
90 245
51 246
31 246
130 247
11 247
148 248
234 248
30 249
5 249
1 0
2 0
2 1
3 1
3 2
4 2
4 1
5 1
5 3
6 0
6 2
7 3
7 0
8 1
8 5
9 1
9 2
10 9
10 1
11 10
11 1
12 7
12 5
13 11
13 1
14 5
14 13
15 2
15 7
16 6
16 14
17 12
17 5
18 15
18 7
19 5
19 14
20 12
20 15
21 14
21 3
22 7
22 3
23 15
23 17
24 9
24 11
25 11
25 13
26 5
26 1
27 11
27 5
28 12
28 1
29 28
29 0
30 3
30 28
31 22
31 16
32 2
32 3
33 13
33 6
34 17
34 20
35 29
35 33
36 18
36 27
37 16
37 28
38 7
38 15
39 23
39 38
40 5
40 31
41 4
41 3
42 10
42 20
43 3
43 8
44 0
44 30
45 3
45 23
46 14
46 0
47 34
47 42
48 15
48 33
49 47
49 5
50 19
50 32
51 1
51 11
52 8
52 44
53 7
53 24
54 31
54 27
55 7
55 14
56 43
56 45
57 20
57 8
58 22
58 1
59 11
59 57
60 45
60 6
61 45
61 2
62 12
62 50
63 14
63 21
64 28
64 20
65 48
65 33
66 0
66 57
67 9
67 45
68 35
68 59
69 1
69 17
70 6
70 35
71 45
71 55
72 30
72 5
73 51
73 45
74 1
74 18
75 40
75 24
76 2
76 21
77 3
77 76
78 13
78 16
79 45
79 11
80 24
80 66
81 4
81 6
82 7
82 11
83 11
83 10
84 1
84 9
85 11
85 83
86 64
86 84
87 25
87 4
88 14
88 44
89 52
89 59
90 1
90 29
91 55
91 6
92 47
92 0
93 2
93 59
94 34
94 64
95 83
95 5
96 1
96 15
97 78
97 2
98 27
98 7
99 45
99 10
100 52
100 7
101 55
101 13
102 31
102 33
103 61
103 16
104 3
104 91
105 4
105 29
106 37
106 5
107 14
107 12
108 7
108 90
109 1
109 42
110 3
110 5
111 1
111 85
112 87
112 14
113 9
113 50
114 7
114 1
115 92
115 35
116 30
116 14
117 4
117 35
118 14
118 66
119 92
119 12
120 55
120 5
121 5
121 6
122 4
122 1
123 20
123 3
124 29
124 11
125 59
125 82
126 3
126 67
127 5
127 86
128 13
128 3
129 5
129 15
130 91
130 82
131 84
131 74
132 82
132 44
133 38
133 71
134 1
134 5
135 45
135 77
136 35
136 126
137 110
137 20
138 116
138 81
139 59
139 110
140 108
140 29
141 7
141 23
142 14
142 59
143 122
143 120
144 33
144 91
145 76
145 112
146 134
146 84
147 139
147 9
148 84
148 71
149 30
149 14
150 17
150 62
151 90
151 44
152 0
152 1
153 111
153 93
154 35
154 55
155 1
155 124
156 103
156 96
157 139
157 3
158 85
158 29
159 92
159 38
160 35
160 34
161 91
161 7
162 47
162 12
163 160
163 3
164 10
164 15
165 28
165 108
166 64
166 71
167 149
167 1
168 94
168 164
169 129
169 116
170 9
170 96
171 129
171 156
172 24
172 90
173 7
173 42
174 137
174 4
175 52
175 169
176 31
176 30
177 148
177 53
178 57
178 110
179 9
179 165
180 19
180 37
181 117
181 178
182 9
182 59
183 13
183 93
184 160
184 73
185 22
185 82
186 120
186 93
187 88
187 60
188 110
188 45
189 169
189 90
190 59
190 39
191 113
191 47
192 24
192 162
193 160
193 77
194 101
194 59
195 112
195 82
196 3
196 116
197 194
197 29
198 103
198 1
199 190
199 171
200 172
200 1
201 147
201 77
202 3
202 156
203 88
203 199
204 91
204 76
205 173
205 196
206 122
206 88
207 190
207 92
208 40
208 10
209 10
209 1
210 53
210 99
211 149
211 84
212 20
212 192
213 170
213 69
214 193
214 10
215 35
215 45
216 35
216 87
217 67
217 95
218 191
218 62
219 63
219 120
220 42
220 106
221 24
221 76
222 77
222 35
223 136
223 180
224 144
224 108
225 209
225 164
226 26
226 149
227 53
227 160
228 186
228 49
229 35
229 103
230 77
230 66
231 183
231 96
232 127
232 9
233 188
233 82
234 175
234 148
235 63
235 29
236 120
236 100
237 146
237 62
238 146
238 179
239 6
239 150
240 117
240 1
241 198
241 8
242 42
242 108
243 202
243 63
244 165
244 235
245 214
245 90
246 51
246 31
247 130
247 11
248 148
248 234
249 30
249 5
1 1 0 0 1 1 1 1 1 1 0 0 1 1 0 0 0 0 1 1 1 1 0 0 0 0 0 0 0 0 1 1 0 0 0 0 1 0 0 0 0 0 0 1 1 1 1 0 0 1 1 0 1 0 1 1 1 0 0 1 0 1 0 0 0 0 0 0 1 1 0 1 0 1 1 1 0 0 1 1 1 1 0 0 0 0 1 1 0 0 0 1 0 0 1 1 0 0 0 1 1 1 1 0 0 0 1 1 0 1 0 0 0 0 1 1 0 1 0 0 1 1 1 0 1 1 1 1 0 0 0 0 1 0 1 0 0 1 0 0 0 0 1 1 0 0 0 1 1 1 1 0 1 1 0 0 0 1 0 1 0 0 0 0 0 1 0 0 1 1 0 1 0 0 0 0 0 1 0 0 1 0 0 0 1 1 1 1 0 0 0 0 0 1 0 0 1 1 1 0 0 1 0 0 0 0 0 0 0 1 0 1 0 1 0 0 0 0 1 1 0 1 0 1 0 1 0 1 1 0 0 1 1 0 1 0 0 0 1 1 0 1 0 1 0 0 1 1 0 1
0 1 1 1 0 1 0 1 0 0 1 0 0 0 0 1 1 0 0 0 1 0 1 0 0 1 0 1 1 1 1 0 0 0 1 1 1 1 0 0 1 1 0 0 0 0 1 0 1 0 0 1 1 0 1 1 0 0 0 0 0 0 0 0 1 0 1 0 0 0 1 0 0 0 0 0 1 0 0 0 0 0 1 1 0 1 1 1 1 1 1 1 0 0 0 1 1 0 1 1 0 1 1 0 1 1 1 1 1 1 1 1 0 1 1 0 1 0 0 1 0 0 0 1 0 0 0 0 1 1 1 1 0 0 0 1 0 1 1 0 0 0 1 1 1 1 0 1 0 0 0 1 0 0 1 1 0 0 0 0 0 0 1 1 1 0 1 1 0 1 1 0 1 0 0 0 0 0 1 0 0 1 1 1 1 0 0 1 1 1 0 0 1 0 1 1 0 0 0 1 0 0 1 0 1 1 1 0 0 1 1 1 0 1 1 0 1 0 0 1 0 1 1 0 0 0 1 1 1 1 1 1 0 0 0 0 1 1 1 1 0 1 0 0 1 0 0 1 1 1
1 1 0 0 1 1 1 0 0 1 0 0 1 0 0 0 1 1 0 1 0 1 1 0 1 1 0 0 1 1 1 1 1 0 0 0 1 1 0 0 0 0 0 0 1 1 1 1 1 1 0 1 1 1 0 0 1 1 1 0 0 1 1 1 0 0 1 1 0 1 1 0 0 1 0 0 0 1 1 1 1 0 0 0 1 1 0 0 1 0 0 0 0 1 0 0 0 1 1 1 1 1 0 1 0 0 0 1 1 0 1 1 0 0 1 0 1 1 0 1 1 1 0 1 0 1 0 1 0 0 1 1 1 0 0 1 1 1 1 0 1 0 1 0 0 1 1 0 1 0 0 0 0 1 1 0 1 0 0 0 1 0 1 1 0 0 0 0 0 1 1 0 0 0 1 0 1 1 1 1 1 1 0 0 0 1 0 0 1 0 0 1 1 1 1 1 1 0 0 0 1 0 1 0 0 1 1 0 1 1 1 0 1 1 1 0 1 1 1 1 1 1 1 0 1 0 1 1 0 0 0 0 1 0 1 1 0 0 1 1 1 1 0 1 0 0 1 1 0 1
0 0 1 0 0 1 1 1 0 0 1 0 1 1 0 0 0 1 1 0 0 0 1 1 1 0 1 0 0 0 1 0 1 0 0 0 0 1 1 1 0 1 1 0 0 1 1 1 0 1 0 1 0 0 1 0 0 0 1 1 1 0 1 0 0 0 0 0 1 0 0 1 1 0 1 0 0 0 0 1 0 1 1 0 1 1 1 0 1 0 1 0 0 0 1 0 1 0 1 0 1 0 0 1 0 1 1 0 1 1 1 0 1 0 0 1 0 1 1 1 1 0 1 1 1 0 0 0 1 1 1 0 0 1 1 0 0 1 1 0 0 1 1 0 1 0 1 0 1 0 0 0 0 1 0 0 1 1 1 1 1 0 0 1 1 1 0 1 1 1 0 1 1 1 1 0 0 0 0 1 0 0 0 1 0 0 0 1 0 1 0 1 0 1 0 1 0 0 1 1 1 0 1 1 0 0 0 1 1 1 0 1 0 1 0 0 0 1 0 1 1 1 1 1 1 1 1 1 1 1 1 1 0 1 1 0 0 1 1 0 0 1 1 1 0 1 0 1 0 1
0 0 0 1 1 1 0 0 1 0 0 1 1 1 0 1 0 1 1 1 1 1 0 1 0 1 0 1 0 0 1 1 1 0 1 0 1 1 1 0 1 1 1 0 0 1 1 1 0 1 0 1 0 0 1 0 0 1 0 1 0 0 1 1 1 1 0 0 1 0 0 1 0 0 0 1 1 1 0 1 1 0 0 1 0 0 1 1 1 0 1 1 0 0 0 0 0 0 0 1 1 0 0 1 1 0 0 0 1 1 0 1 1 0 0 1 0 1 0 1 0 1 0 0 1 0 0 1 0 0 1 1 1 0 0 1 0 0 1 1 0 1 0 0 1 0 1 1 1 0 0 0 0 1 0 1 1 0 1 1 0 0 0 0 0 0 1 1 1 0 0 1 1 0 0 0 0 1 0 0 1 1 1 0 0 0 1 1 0 1 0 0 1 0 0 0 0 1 0 1 0 1 0 0 0 0 0 0 0 0 0 1 0 0 1 1 1 1 0 0 0 1 0 0 1 1 1 1 1 0 1 1 1 1 1 0 1 0 0 0 0 0 0 1 0 0 0 1 1 0