100 390 5
0 1
0 2
1 2
0 3
1 3
2 3
0 4
1 4
2 4
3 4
2 5
3 5
1 5
0 5
4 6
5 6
3 6
1 6
3 7
0 7
4 7
5 7
7 8
3 8
5 8
1 8
0 9
3 9
4 9
5 9
4 10
5 10
3 10
6 10
1 11
0 11
9 11
3 11
10 12
0 12
4 12
7 12
4 13
0 13
2 13
8 13
4 14
1 14
8 14
0 14
8 15
10 15
1 15
7 15
15 16
1 16
10 16
4 16
9 17
11 17
3 17
5 17
4 18
10 18
7 18
2 18
3 19
15 19
4 19
16 19
1 20
0 20
10 20
11 20
8 21
4 21
3 21
19 21
4 22
0 22
10 22
15 22
3 23
18 23
4 23
0 23
8 24
4 24
9 24
3 24
7 25
0 25
13 25
2 25
13 26
3 26
5 26
23 26
10 27
8 27
22 27
11 27
4 28
18 28
1 28
14 28
0 29
5 29
4 29
2 29
20 30
2 30
5 30
1 30
18 31
12 31
15 31
17 31
3 32
19 32
26 32
0 32
32 33
11 33
3 33
10 33
3 34
14 34
33 34
4 34
25 35
23 35
29 35
15 35
30 36
31 36
18 36
4 36
0 37
13 37
10 37
32 37
32 38
21 38
23 38
4 38
28 39
14 39
30 39
36 39
10 40
16 40
4 40
13 40
7 41
20 41
33 41
1 41
0 42
6 42
31 42
4 42
23 43
10 43
4 43
1 43
27 44
23 44
2 44
11 44
11 45
19 45
17 45
15 45
4 46
5 46
44 46
28 46
35 47
10 47
8 47
0 47
3 48
36 48
4 48
5 48
10 49
27 49
12 49
0 49
37 50
13 50
0 50
3 50
23 51
35 51
15 51
45 51
32 52
9 52
50 52
35 52
14 53
22 53
8 53
34 53
4 54
2 54
11 54
29 54
6 55
7 55
20 55
36 55
4 56
27 56
22 56
8 56
26 57
17 57
1 57
39 57
28 58
19 58
56 58
1 58
19 59
35 59
43 59
32 59
39 60
40 60
4 60
7 60
2 61
47 61
6 61
31 61
1 62
3 62
10 62
57 62
28 63
25 63
3 63
9 63
39 64
11 64
2 64
17 64
3 65
29 65
17 65
15 65
24 66
65 66
60 66
49 66
12 67
33 67
59 67
6 67
3 68
30 68
4 68
45 68
47 69
11 69
29 69
58 69
15 70
2 70
54 70
60 70
54 71
47 71
0 71
18 71
7 72
38 72
45 72
14 72
16 73
20 73
45 73
63 73
32 74
58 74
16 74
43 74
4 75
10 75
2 75
43 75
38 76
23 76
2 76
10 76
23 77
0 77
15 77
20 77
9 78
16 78
0 78
60 78
9 79
24 79
28 79
10 79
10 80
72 80
3 80
52 80
16 81
7 81
49 81
74 81
1 82
20 82
0 82
19 82
59 83
2 83
22 83
0 83
21 84
68 84
19 84
14 84
23 85
3 85
83 85
4 85
18 86
41 86
26 86
83 86
41 87
79 87
4 87
37 87
19 88
2 88
79 88
70 88
42 89
23 89
19 89
73 89
47 90
10 90
45 90
14 90
4 91
88 91
32 91
48 91
51 92
4 92
72 92
20 92
1 93
4 93
23 93
2 93
12 94
4 94
11 94
32 94
63 95
39 95
79 95
57 95
34 96
91 96
12 96
28 96
53 97
8 97
46 97
10 97
30 98
93 98
47 98
37 98
55 99
10 99
8 99
89 99
1 1 0 1 1 1 1 0 1 1 0 0 1 1 1 1 0 0 1 1 1 0 0 1 1 1 0 1 1 1 0 1 1 0 0 1 0 0 1 1 0 0 0 0 1 1 0 0 1 1 1 0 0 1 0 0 1 0 0 0 1 0 0 0 1 0 0 0 1 1 0 0 0 0 0 1 0 0 1 0 0 0 0 0 0 1 1 1 0 0 1 1 0 1 1 1 0 0 1 0
0 0 0 0 0 0 1 0 0 1 0 0 0 0 1 1 0 1 0 0 1 0 1 0 0 0 1 0 1 1 0 0 1 1 0 0 1 0 1 0 0 0 1 1 0 1 0 0 1 0 0 1 0 1 0 0 1 0 0 1 1 0 1 1 0 0 0 0 1 0 0 1 1 0 0 1 1 1 0 1 1 1 1 0 0 1 0 1 1 1 1 0 0 1 0 0 1 0 0 1
1 0 0 1 0 1 0 1 1 1 0 1 1 0 0 0 1 0 1 1 1 1 0 0 0 1 0 0 0 0 1 0 0 1 1 1 1 0 0 0 0 0 1 0 1 0 1 1 1 1 1 0 0 0 1 0 0 0 1 1 1 0 0 0 0 0 1 1 0 1 1 0 1 1 1 1 0 1 1 1 0 0 1 0 1 0 0 1 0 1 0 1 0 1 1 0 0 0 1 0
1 0 1 0 1 0 0 1 0 0 1 0 1 1 1 0 1 1 0 1 1 0 0 0 1 0 0 1 1 1 1 0 1 1 1 0 0 0 0 0 1 0 1 0 1 0 0 0 0 0 1 0 1 0 1 1 0 1 1 1 0 0 0 1 1 1 1 0 1 0 0 0 1 0 0 0 0 1 1 0 0 1 0 1 0 1 1 1 1 0 1 1 0 0 0 0 1 1 1 1
1 0 0 0 1 0 1 1 1 1 1 0 1 0 1 1 0 1 0 0 0 0 0 0 0 1 0 0 1 0 0 0 1 1 1 1 1 0 1 1 0 0 1 0 0 0 0 1 0 0 0 0 0 0 1 1 0 1 1 1 1 0 0 1 1 0 0 1 1 0 1 0 0 1 0 1 0 1 0 1 1 1 1 1 1 1 0 0 0 0 1 1 0 1 0 0 1 0 1 0