250 1980 5
0 1
0 2
1 2
0 3
1 3
2 3
0 4
1 4
2 4
3 4
1 5
2 5
3 5
0 5
3 6
5 6
2 6
1 6
6 7
5 7
2 7
3 7
1 8
3 8
4 8
6 8
8 9
7 9
6 9
1 9
2 10
4 10
1 10
3 10
3 11
7 11
8 11
10 11
8 12
1 12
3 12
4 12
8 13
12 13
9 13
1 13
8 14
5 14
1 14
11 14
3 15
1 15
7 15
4 15
1 16
4 16
6 16
2 16
3 17
2 17
1 17
12 17
13 18
2 18
6 18
9 18
14 19
17 19
16 19
3 19
0 20
5 20
4 20
19 20
1 21
18 21
3 21
10 21
6 22
4 22
20 22
21 22
22 23
4 23
8 23
2 23
14 24
2 24
12 24
8 24
23 25
1 25
5 25
9 25
8 26
1 26
2 26
14 26
4 27
14 27
1 27
17 27
4 28
22 28
12 28
9 28
9 29
5 29
13 29
17 29
4 30
24 30
17 30
8 30
7 31
22 31
2 31
3 31
1 32
4 32
3 32
10 32
32 33
10 33
22 33
23 33
11 34
24 34
1 34
20 34
10 35
8 35
6 35
4 35
22 36
3 36
33 36
5 36
12 37
8 37
22 37
7 37
5 38
23 38
3 38
0 38
0 39
1 39
38 39
30 39
24 40
2 40
1 40
28 40
0 41
2 41
18 41
30 41
38 42
22 42
20 42
30 42
1 43
8 43
6 43
34 43
13 44
1 44
6 44
32 44
4 45
14 45
22 45
16 45
24 46
14 46
0 46
6 46
1 47
24 47
18 47
6 47
22 48
1 48
2 48
27 48
42 49
32 49
3 49
34 49
43 50
36 50
2 50
14 50
35 51
43 51
2 51
23 51
6 52
3 52
21 52
2 52
8 53
26 53
22 53
52 53
40 54
4 54
6 54
14 54
7 55
54 55
10 55
23 55
28 56
6 56
53 56
36 56
10 57
2 57
16 57
17 57
6 58
18 58
2 58
12 58
3 59
30 59
16 59
19 59
36 60
24 60
4 60
6 60
42 61
0 61
39 61
43 61
36 62
1 62
38 62
35 62
36 63
8 63
17 63
54 63
36 64
2 64
3 64
49 64
53 65
56 65
6 65
3 65
16 66
43 66
49 66
2 66
51 67
17 67
34 67
2 67
35 68
17 68
2 68
65 68
24 69
9 69
7 69
49 69
0 70
40 70
2 70
32 70
3 71
40 71
27 71
17 71
22 72
3 72
34 72
4 72
32 73
17 73
62 73
61 73
8 74
32 74
45 74
60 74
45 75
33 75
9 75
34 75
11 76
23 76
12 76
8 76
6 77
52 77
2 77
8 77
4 78
43 78
31 78
37 78
17 79
1 79
2 79
20 79
13 80
76 80
24 80
2 80
6 81
20 81
56 81
7 81
15 82
27 82
2 82
1 82
5 83
19 83
8 83
20 83
17 84
24 84
0 84
12 84
0 85
67 85
83 85
1 85
14 86
35 86
3 86
21 86
78 87
8 87
38 87
53 87
49 88
70 88
34 88
18 88
24 89
67 89
75 89
7 89
69 90
34 90
71 90
22 90
27 91
66 91
3 91
6 91
3 92
4 92
1 92
17 92
92 93
90 93
80 93
3 93
17 94
63 94
66 94
6 94
42 95
27 95
67 95
16 95
4 96
30 96
83 96
71 96
8 97
87 97
69 97
1 97
70 98
12 98
67 98
3 98
27 99
86 99
55 99
45 99
55 100
70 100
19 100
22 100
11 101
9 101
10 101
43 101
1 102
39 102
50 102
30 102
2 103
13 103
28 103
72 103
1 104
72 104
59 104
2 104
26 105
48 105
7 105
100 105
18 106
72 106
30 106
5 106
91 107
12 107
32 107
2 107
24 108
36 108
47 108
35 108
20 109
39 109
11 109
86 109
35 110
63 110
3 110
2 110
3 111
54 111
7 111
110 111
50 112
29 112
101 112
4 112
6 113
68 113
30 113
94 113
87 114
36 114
92 114
52 114
31 115
9 115
24 115
2 115
76 116
14 116
17 116
1 116
2 117
73 117
56 117
68 117
68 118
61 118
59 118
10 118
29 119
13 119
38 119
87 119
103 120
76 120
7 120
1 120
59 121
14 121
112 121
55 121
50 122
6 122
91 122
100 122
22 123
91 123
49 123
20 123
3 124
35 124
50 124
13 124
6 125
3 125
18 125
42 125
117 126
8 126
24 126
20 126
9 127
40 127
8 127
125 127
10 128
8 128
13 128
17 128
7 129
13 129
42 129
68 129
4 130
67 130
63 130
6 130
1 131
91 131
60 131
83 131
66 132
25 132
26 132
3 132
27 133
67 133
119 133
64 133
63 134
36 134
7 134
96 134
50 135
6 135
58 135
100 135
7 136
107 136
19 136
8 136
18 137
34 137
104 137
58 137
59 138
32 138
16 138
83 138
20 139
80 139
121 139
38 139
75 140
104 140
26 140
110 140
42 141
1 141
136 141
63 141
16 142
86 142
3 142
128 142
22 143
24 143
11 143
135 143
73 144
1 144
133 144
39 144
42 145
39 145
78 145
55 145
121 146
1 146
49 146
125 146
34 147
145 147
83 147
3 147
31 148
59 148
147 148
28 148
12 149
38 149
140 149
4 149
3 150
10 150
30 150
78 150
117 151
11 151
6 151
43 151
40 152
18 152
4 152
107 152
146 153
99 153
86 153
132 153
92 154
53 154
45 154
131 154
64 155
0 155
10 155
101 155
8 156
99 156
3 156
14 156
131 157
17 157
3 157
54 157
108 158
1 158
103 158
13 158
87 159
0 159
82 159
40 159
147 160
100 160
43 160
17 160
138 161
6 161
144 161
121 161
53 162
54 162
17 162
42 162
156 163
145 163
36 163
35 163
40 164
3 164
32 164
48 164
66 165
73 165
123 165
55 165
9 166
2 166
34 166
5 166
150 167
148 167
8 167
108 167
87 168
19 168
147 168
4 168
3 169
11 169
155 169
99 169
49 170
58 170
3 170
50 170
49 171
94 171
87 171
73 171
0 172
144 172
4 172
159 172
42 173
64 173
27 173
57 173
76 174
50 174
69 174
16 174
89 175
1 175
66 175
3 175
20 176
21 176
73 176
52 176
8 177
63 177
110 177
76 177
150 178
137 178
13 178
32 178
78 179
8 179
3 179
12 179
9 180
46 180
14 180
53 180
71 181
178 181
121 181
3 181
139 182
165 182
66 182
54 182
8 183
4 183
7 183
53 183
52 184
9 184
92 184
121 184
0 185
32 185
145 185
167 185
7 186
20 186
1 186
76 186
53 187
100 187
140 187
14 187
15 188
122 188
118 188
14 188
33 189
80 189
45 189
34 189
162 190
7 190
46 190
3 190
159 191
122 191
12 191
165 191
103 192
16 192
3 192
58 192
2 193
66 193
84 193
3 193
17 194
52 194
27 194
115 194
9 195
2 195
49 195
182 195
20 196
0 196
41 196
8 196
1 197
23 197
134 197
167 197
89 198
127 198
39 198
111 198
42 199
147 199
6 199
11 199
91 200
101 200
144 200
10 200
198 201
49 201
1 201
92 201
168 202
55 202
138 202
11 202
5 203
199 203
30 203
149 203
129 204
166 204
6 204
146 204
3 205
92 205
10 205
8 205
124 206
3 206
0 206
155 206
2 207
93 207
122 207
104 207
133 208
6 208
3 208
167 208
108 209
24 209
124 209
100 209
6 210
105 210
36 210
91 210
142 211
45 211
11 211
4 211
68 212
8 212
20 212
32 212
25 213
124 213
52 213
14 213
150 214
1 214
194 214
183 214
18 215
3 215
0 215
33 215
117 216
58 216
26 216
6 216
108 217
150 217
36 217
127 217
43 218
18 218
15 218
26 218
66 219
3 219
101 219
122 219
90 220
110 220
2 220
54 220
204 221
188 221
178 221
1 221
58 222
42 222
104 222
64 222
45 223
43 223
8 223
90 223
52 224
103 224
39 224
10 224
93 225
2 225
74 225
58 225
150 226
86 226
2 226
144 226
226 227
94 227
1 227
2 227
152 228
29 228
2 228
12 228
146 229
23 229
198 229
17 229
87 230
217 230
122 230
15 230
120 231
7 231
225 231
14 231
3 232
27 232
224 232
173 232
140 233
141 233
17 233
74 233
147 234
0 234
159 234
189 234
22 235
161 235
33 235
10 235
16 236
230 236
163 236
49 236
74 237
39 237
51 237
198 237
51 238
141 238
233 238
36 238
12 239
83 239
8 239
56 239
20 240
93 240
212 240
61 240
76 241
212 241
5 241
53 241
18 242
180 242
42 242
76 242
110 243
111 243
70 243
24 243
91 244
144 244
84 244
159 244
26 245
43 245
220 245
241 245
193 246
12 246
57 246
174 246
137 247
34 247
59 247
128 247
17 248
169 248
2 248
128 248
17 249
89 249
3 249
105 249
1 0
2 0
2 1
3 0
3 1
3 2
4 0
4 1
4 2
4 3
5 1
5 2
5 3
5 0
6 3
6 5
6 2
6 1
7 6
7 5
7 2
7 3
8 1
8 3
8 4
8 6
9 8
9 7
9 6
9 1
10 2
10 4
10 1
10 3
11 3
11 7
11 8
11 10
12 8
12 1
12 3
12 4
13 8
13 12
13 9
13 1
14 8
14 5
14 1
14 11
15 3
15 1
15 7
15 4
16 1
16 4
16 6
16 2
17 3
17 2
17 1
17 12
18 13
18 2
18 6
18 9
19 14
19 17
19 16
19 3
20 0
20 5
20 4
20 19
21 1
21 18
21 3
21 10
22 6
22 4
22 20
22 21
23 22
23 4
23 8
23 2
24 14
24 2
24 12
24 8
25 23
25 1
25 5
25 9
26 8
26 1
26 2
26 14
27 4
27 14
27 1
27 17
28 4
28 22
28 12
28 9
29 9
29 5
29 13
29 17
30 4
30 24
30 17
30 8
31 7
31 22
31 2
31 3
32 1
32 4
32 3
32 10
33 32
33 10
33 22
33 23
34 11
34 24
34 1
34 20
35 10
35 8
35 6
35 4
36 22
36 3
36 33
36 5
37 12
37 8
37 22
37 7
38 5
38 23
38 3
38 0
39 0
39 1
39 38
39 30
40 24
40 2
40 1
40 28
41 0
41 2
41 18
41 30
42 38
42 22
42 20
42 30
43 1
43 8
43 6
43 34
44 13
44 1
44 6
44 32
45 4
45 14
45 22
45 16
46 24
46 14
46 0
46 6
47 1
47 24
47 18
47 6
48 22
48 1
48 2
48 27
49 42
49 32
49 3
49 34
50 43
50 36
50 2
50 14
51 35
51 43
51 2
51 23
52 6
52 3
52 21
52 2
53 8
53 26
53 22
53 52
54 40
54 4
54 6
54 14
55 7
55 54
55 10
55 23
56 28
56 6
56 53
56 36
57 10
57 2
57 16
57 17
58 6
58 18
58 2
58 12
59 3
59 30
59 16
59 19
60 36
60 24
60 4
60 6
61 42
61 0
61 39
61 43
62 36
62 1
62 38
62 35
63 36
63 8
63 17
63 54
64 36
64 2
64 3
64 49
65 53
65 56
65 6
65 3
66 16
66 43
66 49
66 2
67 51
67 17
67 34
67 2
68 35
68 17
68 2
68 65
69 24
69 9
69 7
69 49
70 0
70 40
70 2
70 32
71 3
71 40
71 27
71 17
72 22
72 3
72 34
72 4
73 32
73 17
73 62
73 61
74 8
74 32
74 45
74 60
75 45
75 33
75 9
75 34
76 11
76 23
76 12
76 8
77 6
77 52
77 2
77 8
78 4
78 43
78 31
78 37
79 17
79 1
79 2
79 20
80 13
80 76
80 24
80 2
81 6
81 20
81 56
81 7
82 15
82 27
82 2
82 1
83 5
83 19
83 8
83 20
84 17
84 24
84 0
84 12
85 0
85 67
85 83
85 1
86 14
86 35
86 3
86 21
87 78
87 8
87 38
87 53
88 49
88 70
88 34
88 18
89 24
89 67
89 75
89 7
90 69
90 34
90 71
90 22
91 27
91 66
91 3
91 6
92 3
92 4
92 1
92 17
93 92
93 90
93 80
93 3
94 17
94 63
94 66
94 6
95 42
95 27
95 67
95 16
96 4
96 30
96 83
96 71
97 8
97 87
97 69
97 1
98 70
98 12
98 67
98 3
99 27
99 86
99 55
99 45
100 55
100 70
100 19
100 22
101 11
101 9
101 10
101 43
102 1
102 39
102 50
102 30
103 2
103 13
103 28
103 72
104 1
104 72
104 59
104 2
105 26
105 48
105 7
105 100
106 18
106 72
106 30
106 5
107 91
107 12
107 32
107 2
108 24
108 36
108 47
108 35
109 20
109 39
109 11
109 86
110 35
110 63
110 3
110 2
111 3
111 54
111 7
111 110
112 50
112 29
112 101
112 4
113 6
113 68
113 30
113 94
114 87
114 36
114 92
114 52
115 31
115 9
115 24
115 2
116 76
116 14
116 17
116 1
117 2
117 73
117 56
117 68
118 68
118 61
118 59
118 10
119 29
119 13
119 38
119 87
120 103
120 76
120 7
120 1
121 59
121 14
121 112
121 55
122 50
122 6
122 91
122 100
123 22
123 91
123 49
123 20
124 3
124 35
124 50
124 13
125 6
125 3
125 18
125 42
126 117
126 8
126 24
126 20
127 9
127 40
127 8
127 125
128 10
128 8
128 13
128 17
129 7
129 13
129 42
129 68
130 4
130 67
130 63
130 6
131 1
131 91
131 60
131 83
132 66
132 25
132 26
132 3
133 27
133 67
133 119
133 64
134 63
134 36
134 7
134 96
135 50
135 6
135 58
135 100
136 7
136 107
136 19
136 8
137 18
137 34
137 104
137 58
138 59
138 32
138 16
138 83
139 20
139 80
139 121
139 38
140 75
140 104
140 26
140 110
141 42
141 1
141 136
141 63
142 16
142 86
142 3
142 128
143 22
143 24
143 11
143 135
144 73
144 1
144 133
144 39
145 42
145 39
145 78
145 55
146 121
146 1
146 49
146 125
147 34
147 145
147 83
147 3
148 31
148 59
148 147
148 28
149 12
149 38
149 140
149 4
150 3
150 10
150 30
150 78
151 117
151 11
151 6
151 43
152 40
152 18
152 4
152 107
153 146
153 99
153 86
153 132
154 92
154 53
154 45
154 131
155 64
155 0
155 10
155 101
156 8
156 99
156 3
156 14
157 131
157 17
157 3
157 54
158 108
158 1
158 103
158 13
159 87
159 0
159 82
159 40
160 147
160 100
160 43
160 17
161 138
161 6
161 144
161 121
162 53
162 54
162 17
162 42
163 156
163 145
163 36
163 35
164 40
164 3
164 32
164 48
165 66
165 73
165 123
165 55
166 9
166 2
166 34
166 5
167 150
167 148
167 8
167 108
168 87
168 19
168 147
168 4
169 3
169 11
169 155
169 99
170 49
170 58
170 3
170 50
171 49
171 94
171 87
171 73
172 0
172 144
172 4
172 159
173 42
173 64
173 27
173 57
174 76
174 50
174 69
174 16
175 89
175 1
175 66
175 3
176 20
176 21
176 73
176 52
177 8
177 63
177 110
177 76
178 150
178 137
178 13
178 32
179 78
179 8
179 3
179 12
180 9
180 46
180 14
180 53
181 71
181 178
181 121
181 3
182 139
182 165
182 66
182 54
183 8
183 4
183 7
183 53
184 52
184 9
184 92
184 121
185 0
185 32
185 145
185 167
186 7
186 20
186 1
186 76
187 53
187 100
187 140
187 14
188 15
188 122
188 118
188 14
189 33
189 80
189 45
189 34
190 162
190 7
190 46
190 3
191 159
191 122
191 12
191 165
192 103
192 16
192 3
192 58
193 2
193 66
193 84
193 3
194 17
194 52
194 27
194 115
195 9
195 2
195 49
195 182
196 20
196 0
196 41
196 8
197 1
197 23
197 134
197 167
198 89
198 127
198 39
198 111
199 42
199 147
199 6
199 11
200 91
200 101
200 144
200 10
201 198
201 49
201 1
201 92
202 168
202 55
202 138
202 11
203 5
203 199
203 30
203 149
204 129
204 166
204 6
204 146
205 3
205 92
205 10
205 8
206 124
206 3
206 0
206 155
207 2
207 93
207 122
207 104
208 133
208 6
208 3
208 167
209 108
209 24
209 124
209 100
210 6
210 105
210 36
210 91
211 142
211 45
211 11
211 4
212 68
212 8
212 20
212 32
213 25
213 124
213 52
213 14
214 150
214 1
214 194
214 183
215 18
215 3
215 0
215 33
216 117
216 58
216 26
216 6
217 108
217 150
217 36
217 127
218 43
218 18
218 15
218 26
219 66
219 3
219 101
219 122
220 90
220 110
220 2
220 54
221 204
221 188
221 178
221 1
222 58
222 42
222 104
222 64
223 45
223 43
223 8
223 90
224 52
224 103
224 39
224 10
225 93
225 2
225 74
225 58
226 150
226 86
226 2
226 144
227 226
227 94
227 1
227 2
228 152
228 29
228 2
228 12
229 146
229 23
229 198
229 17
230 87
230 217
230 122
230 15
231 120
231 7
231 225
231 14
232 3
232 27
232 224
232 173
233 140
233 141
233 17
233 74
234 147
234 0
234 159
234 189
235 22
235 161
235 33
235 10
236 16
236 230
236 163
236 49
237 74
237 39
237 51
237 198
238 51
238 141
238 233
238 36
239 12
239 83
239 8
239 56
240 20
240 93
240 212
240 61
241 76
241 212
241 5
241 53
242 18
242 180
242 42
242 76
243 110
243 111
243 70
243 24
244 91
244 144
244 84
244 159
245 26
245 43
245 220
245 241
246 193
246 12
246 57
246 174
247 137
247 34
247 59
247 128
248 17
248 169
248 2
248 128
249 17
249 89
249 3
249 105
1 0 1 0 0 1 1 0 0 0 0 0 1 0 1 0 0 0 1 1 1 0 1 0 0 1 0 1 0 1 0 1 0 1 0 0 0 1 0 1 1 0 1 0 1 0 1 1 1 1 1 1 1 0 1 1 1 0 0 0 1 0 1 0 1 0 1 0 0 1 0 0 0 1 0 0 1 0 0 0 0 1 0 1 1 1 1 0 1 0 0 1 0 1 1 0 1 0 1 1 0 1 0 1 1 1 0 1 1 0 0 0 1 1 1 1 0 1 0 0 1 0 0 0 1 1 0 1 0 1 0 0 0 1 0 0 1 0 0 1 1 0 1 1 0 1 0 0 0 1 1 0 0 0 0 0 0 0 0 0 1 0 1 0 0 0 0 0 1 0 0 0 0 1 1 0 1 1 0 1 0 1 0 0 0 0 0 0 1 1 0 1 1 0 0 0 1 0 1 1 1 1 1 1 1 1 0 0 0 1 0 0 1 1 1 0 1 0 0 1 1 1 1 0 0 1 0 1 0 0 0 0 1 0 1 0 0 1 1 0 1 1 0 0 1 1 1 0 1 0
0 0 1 0 1 1 1 0 0 1 0 0 1 0 0 1 0 1 0 1 0 1 1 0 1 1 1 0 1 0 0 1 0 0 0 0 1 1 1 1 0 0 0 0 0 0 0 0 0 1 1 1 1 0 1 1 1 1 1 1 1 1 1 0 0 1 1 0 0 1 0 1 1 1 0 1 0 0 0 1 0 0 1 0 1 1 1 1 0 1 0 1 0 0 1 1 1 0 0 0 0 0 1 0 0 1 1 1 0 1 1 0 0 1 0 1 1 0 1 1 1 1 1 0 1 0 1 0 0 0 0 1 1 0 0 1 1 1 1 0 1 0 0 1 1 1 0 1 1 0 1 1 0 1 0 1 0 1 0 1 0 0 0 1 0 1 0 0 0 0 0 0 1 0 1 1 0 1 0 0 0 0 1 1 0 0 1 0 0 1 0 0 1 0 0 0 0 0 0 1 1 0 0 0 1 0 1 0 1 1 1 0 0 0 1 1 0 0 1 1 1 0 0 0 1 0 0 0 0 1 0 0 1 1 0 0 1 0 1 0 1 1 1 1 0 1 1 0 1 0
1 1 1 1 1 1 1 0 1 1 0 0 0 0 1 1 1 1 1 0 1 1 1 0 0 1 1 0 1 0 1 1 0 0 0 0 1 0 1 0 0 1 0 0 1 0 1 0 0 1 0 1 0 0 0 0 0 1 0 1 1 0 0 0 0 0 1 0 0 1 0 0 1 1 0 0 1 1 1 1 1 0 1 1 0 0 0 0 0 1 1 1 0 1 0 1 0 1 1 0 0 0 0 1 0 0 1 0 0 0 0 0 1 1 0 0 1 0 0 0 1 1 1 1 1 1 0 1 0 1 1 1 1 1 1 1 1 1 0 0 1 0 0 1 1 1 0 1 0 0 1 0 0 1 0 1 0 1 0 1 0 1 1 1 0 0 1 0 1 1 0 1 1 0 0 0 1 0 1 0 1 1 0 1 1 0 1 1 1 0 0 0 1 1 1 1 0 1 0 0 0 0 0 1 1 1 0 0 1 1 0 0 0 0 0 1 1 0 0 1 1 0 0 1 0 0 1 1 0 0 0 0 1 0 0 0 0 1 0 1 1 0 0 1 0 0 0 1 1 0
1 1 0 1 0 1 0 1 0 0 1 1 0 1 1 0 1 1 1 0 1 1 0 0 1 1 0 0 1 1 1 1 0 0 0 0 1 1 0 1 0 0 0 0 1 1 1 1 0 0 1 1 0 0 0 1 1 1 1 0 0 0 0 1 1 0 1 0 0 1 0 1 0 1 0 0 0 1 0 0 0 1 0 0 0 0 1 1 1 0 0 1 0 1 0 1 0 1 1 0 0 1 1 1 0 1 0 0 0 0 1 0 1 0 1 1 0 0 1 0 1 1 1 1 1 1 1 0 0 0 1 1 1 1 0 0 0 1 1 1 0 0 1 0 0 0 0 0 1 1 1 1 0 1 1 0 0 1 1 1 0 0 0 1 1 0 1 0 0 1 0 1 1 1 1 1 0 1 1 0 1 0 0 0 1 0 0 1 1 0 1 0 0 1 1 0 1 0 0 1 1 1 1 1 1 0 1 0 0 0 0 1 1 1 1 0 0 0 1 0 0 1 0 1 1 0 0 1 0 0 1 1 0 0 1 0 0 0 1 0 1 1 0 0 0 0 1 1 0 0
0 1 0 0 1 0 0 1 1 1 1 0 0 0 0 0 0 0 1 0 0 0 1 1 1 1 0 1 0 1 1 0 1 1 0 1 0 1 1 1 1 1 0 1 1 1 0 0 1 0 0 1 1 1 1 0 1 0 1 0 0 1 1 0 1 0 0 1 0 0 1 1 1 0 0 0 0 1 0 1 0 1 1 1 1 0 0 1 1 0 0 1 1 1 0 1 1 1 0 0 0 0 1 0 0 1 1 0 0 0 1 0 1 0 0 0 1 1 1 1 0 1 1 1 1 1 0 1 0 0 1 0 1 1 1 1 0 1 1 0 1 0 1 1 0 1 0 0 0 1 0 0 1 0 0 0 0 1 0 0 1 1 1 0 0 1 1 1 1 0 0 1 0 1 0 0 0 1 0 0 0 1 0 1 1 1 0 0 0 0 0 1 0 1 1 1 1 0 1 0 1 0 0 1 0 1 0 1 1 1 0 1 1 1 0 0 0 0 0 1 1 1 0 1 0 1 1 1 1 0 1 0 0 0 1 1 1 0 0 1 0 1 0 0 0 1 0 1 0 0