100 780 5
0 1
0 2
1 2
0 3
1 3
2 3
0 4
1 4
2 4
3 4
2 5
3 5
4 5
1 5
2 6
3 6
5 6
1 6
4 7
6 7
0 7
5 7
2 8
1 8
6 8
0 8
7 9
0 9
8 9
2 9
6 10
3 10
7 10
8 10
9 11
8 11
5 11
3 11
10 12
6 12
7 12
0 12
1 13
8 13
12 13
2 13
7 14
6 14
13 14
5 14
14 15
8 15
2 15
7 15
11 16
3 16
14 16
2 16
3 17
5 17
2 17
7 17
8 18
14 18
5 18
7 18
13 19
6 19
14 19
17 19
1 20
3 20
7 20
15 20
5 21
9 21
12 21
7 21
9 22
18 22
6 22
12 22
1 23
8 23
7 23
10 23
18 24
1 24
2 24
14 24
24 25
0 25
1 25
5 25
13 26
9 26
5 26
1 26
5 27
7 27
2 27
16 27
15 28
9 28
7 28
4 28
6 29
17 29
27 29
23 29
4 30
10 30
11 30
14 30
21 31
1 31
19 31
0 31
1 32
11 32
17 32
26 32
28 33
7 33
6 33
24 33
33 34
27 34
2 34
9 34
17 35
10 35
26 35
16 35
1 36
29 36
14 36
20 36
7 37
11 37
9 37
1 37
7 38
1 38
5 38
3 38
1 39
20 39
32 39
5 39
10 40
9 40
21 40
7 40
0 41
2 41
16 41
8 41
5 42
40 42
25 42
4 42
6 43
16 43
11 43
8 43
24 44
39 44
5 44
7 44
12 45
24 45
6 45
5 45
33 46
10 46
31 46
14 46
17 47
27 47
14 47
2 47
3 48
5 48
13 48
2 48
24 49
17 49
35 49
41 49
27 50
11 50
1 50
28 50
37 51
8 51
17 51
41 51
39 52
15 52
37 52
1 52
2 53
11 53
6 53
14 53
8 54
48 54
3 54
14 54
44 55
49 55
18 55
6 55
7 56
2 56
41 56
30 56
7 57
49 57
19 57
6 57
14 58
15 58
2 58
8 58
9 59
44 59
1 59
10 59
35 60
13 60
14 60
59 60
3 61
32 61
33 61
57 61
53 62
27 62
12 62
41 62
0 63
2 63
27 63
12 63
21 64
41 64
43 64
7 64
7 65
8 65
52 65
32 65
32 66
37 66
46 66
41 66
1 67
19 67
8 67
29 67
5 68
59 68
16 68
17 68
9 69
27 69
11 69
51 69
21 70
15 70
19 70
25 70
1 71
17 71
46 71
39 71
7 72
39 72
3 72
43 72
27 73
45 73
4 73
37 73
69 74
1 74
6 74
25 74
9 75
39 75
19 75
32 75
21 76
12 76
33 76
44 76
62 77
39 77
38 77
72 77
75 78
35 78
15 78
17 78
63 79
24 79
3 79
9 79
24 80
11 80
34 80
10 80
60 81
29 81
19 81
46 81
44 82
36 82
20 82
33 82
46 83
41 83
14 83
9 83
39 84
19 84
29 84
10 84
9 85
76 85
15 85
16 85
44 86
24 86
72 86
3 86
44 87
60 87
15 87
51 87
64 88
51 88
24 88
57 88
88 89
35 89
64 89
12 89
22 90
14 90
70 90
9 90
0 91
37 91
14 91
62 91
48 92
29 92
5 92
36 92
52 93
88 93
6 93
73 93
7 94
6 94
52 94
79 94
49 95
68 95
80 95
5 95
41 96
18 96
2 96
19 96
17 97
16 97
5 97
25 97
10 98
21 98
3 98
17 98
60 99
49 99
56 99
88 99
1 0
2 0
2 1
3 0
3 1
3 2
4 0
4 1
4 2
4 3
5 2
5 3
5 4
5 1
6 2
6 3
6 5
6 1
7 4
7 6
7 0
7 5
8 2
8 1
8 6
8 0
9 7
9 0
9 8
9 2
10 6
10 3
10 7
10 8
11 9
11 8
11 5
11 3
12 10
12 6
12 7
12 0
13 1
13 8
13 12
13 2
14 7
14 6
14 13
14 5
15 14
15 8
15 2
15 7
16 11
16 3
16 14
16 2
17 3
17 5
17 2
17 7
18 8
18 14
18 5
18 7
19 13
19 6
19 14
19 17
20 1
20 3
20 7
20 15
21 5
21 9
21 12
21 7
22 9
22 18
22 6
22 12
23 1
23 8
23 7
23 10
24 18
24 1
24 2
24 14
25 24
25 0
25 1
25 5
26 13
26 9
26 5
26 1
27 5
27 7
27 2
27 16
28 15
28 9
28 7
28 4
29 6
29 17
29 27
29 23
30 4
30 10
30 11
30 14
31 21
31 1
31 19
31 0
32 1
32 11
32 17
32 26
33 28
33 7
33 6
33 24
34 33
34 27
34 2
34 9
35 17
35 10
35 26
35 16
36 1
36 29
36 14
36 20
37 7
37 11
37 9
37 1
38 7
38 1
38 5
38 3
39 1
39 20
39 32
39 5
40 10
40 9
40 21
40 7
41 0
41 2
41 16
41 8
42 5
42 40
42 25
42 4
43 6
43 16
43 11
43 8
44 24
44 39
44 5
44 7
45 12
45 24
45 6
45 5
46 33
46 10
46 31
46 14
47 17
47 27
47 14
47 2
48 3
48 5
48 13
48 2
49 24
49 17
49 35
49 41
50 27
50 11
50 1
50 28
51 37
51 8
51 17
51 41
52 39
52 15
52 37
52 1
53 2
53 11
53 6
53 14
54 8
54 48
54 3
54 14
55 44
55 49
55 18
55 6
56 7
56 2
56 41
56 30
57 7
57 49
57 19
57 6
58 14
58 15
58 2
58 8
59 9
59 44
59 1
59 10
60 35
60 13
60 14
60 59
61 3
61 32
61 33
61 57
62 53
62 27
62 12
62 41
63 0
63 2
63 27
63 12
64 21
64 41
64 43
64 7
65 7
65 8
65 52
65 32
66 32
66 37
66 46
66 41
67 1
67 19
67 8
67 29
68 5
68 59
68 16
68 17
69 9
69 27
69 11
69 51
70 21
70 15
70 19
70 25
71 1
71 17
71 46
71 39
72 7
72 39
72 3
72 43
73 27
73 45
73 4
73 37
74 69
74 1
74 6
74 25
75 9
75 39
75 19
75 32
76 21
76 12
76 33
76 44
77 62
77 39
77 38
77 72
78 75
78 35
78 15
78 17
79 63
79 24
79 3
79 9
80 24
80 11
80 34
80 10
81 60
81 29
81 19
81 46
82 44
82 36
82 20
82 33
83 46
83 41
83 14
83 9
84 39
84 19
84 29
84 10
85 9
85 76
85 15
85 16
86 44
86 24
86 72
86 3
87 44
87 60
87 15
87 51
88 64
88 51
88 24
88 57
89 88
89 35
89 64
89 12
90 22
90 14
90 70
90 9
91 0
91 37
91 14
91 62
92 48
92 29
92 5
92 36
93 52
93 88
93 6
93 73
94 7
94 6
94 52
94 79
95 49
95 68
95 80
95 5
96 41
96 18
96 2
96 19
97 17
97 16
97 5
97 25
98 10
98 21
98 3
98 17
99 60
99 49
99 56
99 88
0 0 0 1 0 1 1 0 0 0 0 0 0 1 1 1 0 0 1 1 1 1 1 0 1 1 1 1 1 1 1 1 1 1 0 1 0 0 0 0 1 1 1 0 0 1 0 1 1 0 0 0 0 0 0 1 1 1 0 1 0 0 1 1 0 0 1 1 1 0 1 1 1 0 0 1 0 0 0 0 1 0 1 0 0 0 1 1 1 1 1 0 0 0 0 0 1 0 1 0
1 1 1 0 0 0 0 0 0 0 0 1 1 0 1 0 1 1 0 1 1 0 1 1 1 0 1 1 0 1 0 0 0 0 1 1 0 1 0 0 1 0 0 1 0 1 1 1 1 1 0 1 0 1 0 1 1 0 0 0 1 1 1 0 1 0 1 0 1 0 0 1 1 0 1 0 1 1 1 0 1 1 0 0 0 1 0 0 0 0 0 1 1 1 0 0 1 0 0 1
1 0 1 1 1 1 0 0 0 0 0 0 1 0 0 1 1 0 1 1 1 1 0 1 1 0 1 1 0 0 1 1 1 0 1 1 0 1 0 0 1 1 1 0 1 1 0 0 1 0 1 1 1 1 1 1 1 1 1 0 0 0 1 0 1 1 0 1 1 1 0 1 0 1 0 1 0 0 0 1 1 0 0 0 0 1 0 0 1 0 1 1 0 1 0 1 0 1 0 0
1 1 1 0 0 1 1 1 0 0 0 0 0 0 1 1 0 1 0 0 1 0 0 0 0 0 1 0 0 0 1 0 0 0 1 1 1 0 1 1 0 1 1 0 0 0 0 0 1 0 1 1 1 0 0 0 1 1 1 0 0 0 1 1 0 1 1 0 1 1 0 0 0 0 1 1 1 1 1 1 0 1 0 1 1 0 1 1 1 0 0 1 0 1 0 1 0 1 0 1
0 1 1 1 0 0 0 0 0 0 1 1 1 0 1 1 1 1 0 1 0 1 1 0 1 0 0 0 0 1 1 0 0 0 1 0 0 0 0 1 1 0 0 1 1 0 1 1 0 1 0 1 1 1 1 1 0 1 0 1 0 0 0 1 0 0 1 1 1 0 0 1 0 1 0 0 0 1 1 1 0 1 1 0 0 0 1 1 0 1 0 0 0 1 1 0 0 1 0 0