250 498 5
0 1
1 2
2 3
3 4
2 5
4 6
0 7
0 8
4 9
1 10
0 11
2 12
1 13
4 14
0 15
0 16
1 17
4 18
17 19
2 20
8 21
1 22
1 23
0 24
0 25
0 26
4 27
26 28
1 29
13 30
7 31
29 32
16 33
11 34
30 35
2 36
18 37
20 38
4 39
15 40
19 41
9 42
13 43
2 44
20 45
4 46
24 47
4 48
2 49
2 50
3 51
1 52
17 53
53 54
45 55
0 56
35 57
16 58
8 59
26 60
4 61
10 62
13 63
2 64
6 65
17 66
22 67
30 68
2 69
3 70
0 71
2 72
11 73
12 74
45 75
52 76
5 77
18 78
20 79
67 80
46 81
57 82
21 83
0 84
0 85
70 86
4 87
60 88
21 89
19 90
0 91
0 92
8 93
8 94
83 95
92 96
76 97
37 98
4 99
58 100
0 101
64 102
9 103
21 104
19 105
5 106
30 107
31 108
46 109
15 110
21 111
13 112
45 113
75 114
109 115
9 116
31 117
86 118
36 119
21 120
4 121
90 122
121 123
121 124
37 125
64 126
43 127
4 128
102 129
9 130
13 131
19 132
42 133
75 134
0 135
62 136
123 137
2 138
132 139
1 140
99 141
9 142
140 143
97 144
0 145
140 146
144 147
76 148
88 149
15 150
21 151
18 152
9 153
146 154
1 155
6 156
19 157
63 158
98 159
84 160
16 161
15 162
50 163
30 164
27 165
64 166
2 167
0 168
45 169
8 170
0 171
19 172
69 173
158 174
0 175
64 176
4 177
62 178
90 179
57 180
104 181
180 182
18 183
22 184
182 185
91 186
102 187
98 188
24 189
160 190
102 191
0 192
52 193
2 194
45 195
71 196
17 197
45 198
24 199
73 200
31 201
13 202
34 203
1 204
4 205
66 206
16 207
39 208
8 209
121 210
26 211
29 212
22 213
132 214
39 215
206 216
0 217
30 218
87 219
19 220
46 221
22 222
125 223
21 224
4 225
39 226
210 227
140 228
67 229
186 230
0 231
172 232
180 233
147 234
168 235
45 236
220 237
38 238
118 239
80 240
129 241
4 242
84 243
124 244
30 245
147 246
6 247
239 248
146 249
1 0
2 1
3 2
4 3
5 2
6 4
7 0
8 0
9 4
10 1
11 0
12 2
13 1
14 4
15 0
16 0
17 1
18 4
19 17
20 2
21 8
22 1
23 1
24 0
25 0
26 0
27 4
28 26
29 1
30 13
31 7
32 29
33 16
34 11
35 30
36 2
37 18
38 20
39 4
40 15
41 19
42 9
43 13
44 2
45 20
46 4
47 24
48 4
49 2
50 2
51 3
52 1
53 17
54 53
55 45
56 0
57 35
58 16
59 8
60 26
61 4
62 10
63 13
64 2
65 6
66 17
67 22
68 30
69 2
70 3
71 0
72 2
73 11
74 12
75 45
76 52
77 5
78 18
79 20
80 67
81 46
82 57
83 21
84 0
85 0
86 70
87 4
88 60
89 21
90 19
91 0
92 0
93 8
94 8
95 83
96 92
97 76
98 37
99 4
100 58
101 0
102 64
103 9
104 21
105 19
106 5
107 30
108 31
109 46
110 15
111 21
112 13
113 45
114 75
115 109
116 9
117 31
118 86
119 36
120 21
121 4
122 90
123 121
124 121
125 37
126 64
127 43
128 4
129 102
130 9
131 13
132 19
133 42
134 75
135 0
136 62
137 123
138 2
139 132
140 1
141 99
142 9
143 140
144 97
145 0
146 140
147 144
148 76
149 88
150 15
151 21
152 18
153 9
154 146
155 1
156 6
157 19
158 63
159 98
160 84
161 16
162 15
163 50
164 30
165 27
166 64
167 2
168 0
169 45
170 8
171 0
172 19
173 69
174 158
175 0
176 64
177 4
178 62
179 90
180 57
181 104
182 180
183 18
184 22
185 182
186 91
187 102
188 98
189 24
190 160
191 102
192 0
193 52
194 2
195 45
196 71
197 17
198 45
199 24
200 73
201 31
202 13
203 34
204 1
205 4
206 66
207 16
208 39
209 8
210 121
211 26
212 29
213 22
214 132
215 39
216 206
217 0
218 30
219 87
220 19
221 46
222 22
223 125
224 21
225 4
226 39
227 210
228 140
229 67
230 186
231 0
232 172
233 180
234 147
235 168
236 45
237 220
238 38
239 118
240 80
241 129
242 4
243 84
244 124
245 30
246 147
247 6
248 239
249 146
0 1 1 0 1 0 1 0 1 1 0 1 0 1 1 1 1 1 1 0 0 1 0 1 0 1 1 0 1 0 0 1 1 0 0 0 1 0 0 1 1 1 0 1 1 0 0 0 0 1 1 1 0 0 1 1 1 1 0 1 0 1 1 0 1 1 1 1 1 1 1 1 0 1 1 1 1 0 0 0 1 0 0 0 0 0 1 0 1 1 0 0 0 1 0 0 1 0 1 0 1 0 0 1 1 1 0 1 1 0 1 0 0 0 1 0 0 0 0 0 0 1 0 1 0 0 0 1 0 1 0 0 1 0 1 1 1 1 0 1 0 1 0 1 1 0 0 0 1 1 0 0 0 0 1 1 1 0 0 0 1 0 1 0 0 1 0 1 1 0 1 0 1 1 1 0 0 0 1 1 0 1 0 0 0 0 1 0 0 1 0 0 1 1 1 1 1 1 1 0 0 0 0 0 0 0 0 0 0 0 1 0 0 0 0 0 0 1 1 1 1 1 1 0 1 1 1 0 1 1 1 1 0 0 1 0 1 1 0 1 1 0 1 1 0 0 0 1 0 1
1 1 0 1 0 0 0 1 0 0 1 0 1 0 1 0 0 0 1 0 0 1 0 1 1 0 0 0 0 0 0 0 1 1 0 1 0 0 1 1 0 0 1 1 1 1 0 0 1 0 0 1 1 0 1 0 0 1 1 1 0 0 1 0 0 0 1 1 0 1 0 0 1 0 1 0 1 0 1 0 1 0 1 0 0 1 0 1 0 1 1 0 1 0 0 0 0 0 1 0 1 1 1 1 0 0 1 1 1 1 0 1 1 1 1 1 1 1 0 1 1 0 1 1 1 0 1 0 1 1 1 1 0 1 0 0 1 0 0 0 0 1 0 1 1 0 0 1 1 0 0 1 1 1 1 1 1 0 0 1 1 1 1 1 0 1 0 1 1 1 1 1 0 1 0 0 0 0 1 0 0 0 1 0 0 1 0 0 0 0 0 1 0 0 1 1 0 1 0 0 1 1 0 0 1 1 1 1 1 1 1 1 1 1 0 0 0 1 1 0 1 0 0 1 1 1 1 0 0 0 1 1 0 0 0 1 1 0 1 0 0 1 0 0 1 0 1 1 1 0
0 0 0 0 1 1 1 0 0 0 0 0 0 1 1 0 1 1 1 0 0 0 0 0 0 0 0 1 0 0 1 1 1 1 1 1 0 0 1 1 0 0 1 1 1 0 0 1 1 1 0 1 0 0 1 0 0 1 0 0 1 1 1 0 0 1 0 1 0 1 0 0 1 1 1 0 1 1 0 1 1 1 0 0 1 1 0 0 1 1 0 1 0 0 0 1 1 1 0 0 0 0 0 0 0 0 0 0 1 0 1 1 1 0 0 0 0 1 0 0 1 0 0 1 0 1 1 1 1 1 0 1 0 1 1 0 1 1 1 1 0 1 1 0 0 0 1 1 1 1 0 1 1 0 1 0 1 0 0 1 0 1 1 1 1 1 1 0 0 1 0 1 0 1 1 1 1 0 0 0 0 1 0 1 1 0 1 0 1 1 0 1 0 1 1 1 1 0 1 1 1 1 0 0 1 0 0 1 1 0 0 0 0 1 0 1 0 0 1 1 1 1 0 1 0 0 0 1 1 1 1 0 1 1 1 1 1 0 1 0 1 0 1 1 0 0 0 0 0 0
1 0 1 1 0 0 1 0 0 1 0 0 0 0 1 0 0 0 0 0 1 1 0 1 0 1 1 0 1 0 1 1 0 1 1 1 1 0 0 0 0 0 0 0 1 0 1 1 1 1 1 1 0 1 0 0 1 1 1 0 1 1 0 1 1 0 0 0 0 0 0 0 1 0 0 0 0 0 0 1 0 0 1 1 0 0 0 1 1 1 0 1 1 0 0 1 0 0 1 1 1 0 1 1 1 1 1 0 0 1 1 1 1 0 1 1 0 1 0 0 0 0 1 1 0 1 0 0 0 1 1 0 1 1 1 1 1 1 0 0 1 0 1 0 1 1 0 1 0 0 1 0 0 0 1 1 0 0 1 0 1 1 0 1 0 0 1 1 1 1 0 1 0 0 0 0 1 0 1 0 1 0 0 0 1 0 0 0 1 1 1 1 1 1 1 0 0 0 1 0 1 1 0 1 1 1 1 1 0 1 1 0 1 1 0 0 0 1 0 1 1 0 1 1 0 0 1 1 0 0 1 0 0 0 1 1 1 1 1 1 1 1 1 1 0 1 1 1 0 1
0 0 1 1 1 1 1 1 1 0 0 0 0 0 1 1 0 1 1 1 1 1 0 1 1 1 1 0 0 1 1 0 1 0 1 0 0 1 1 0 0 0 0 0 1 1 0 1 0 1 1 1 0 0 0 0 1 1 1 0 0 1 0 1 0 1 0 0 0 0 0 0 0 1 1 1 0 1 1 1 0 0 1 0 0 0 0 0 0 0 0 0 0 1 1 1 0 0 1 1 1 0 0 1 0 1 1 1 1 0 1 1 0 1 1 1 0 0 1 0 0 1 1 0 0 0 0 0 0 1 0 0 0 1 1 0 0 0 1 0 0 0 0 0 0 0 0 1 0 0 0 0 1 0 0 0 1 0 1 0 1 1 1 0 0 0 1 1 0 0 1 0 1 0 1 1 1 0 1 0 1 0 1 1 1 1 0 0 0 1 0 1 0 0 1 1 0 0 0 0 1 0 0 1 0 0 0 1 0 0 1 0 1 1 0 0 0 1 0 1 0 1 1 1 0 1 0 1 1 0 0 1 0 0 0 0 1 0 0 0 1 1 1 0 1 1 0 1 1 0