100 390 5
0 1
0 2
1 2
0 3
1 3
2 3
0 4
1 4
2 4
3 4
1 5
3 5
0 5
2 5
5 6
2 6
0 6
3 6
0 7
2 7
5 7
4 7
3 8
7 8
4 8
0 8
4 9
3 9
2 9
1 9
5 10
7 10
1 10
9 10
1 11
4 11
0 11
6 11
4 12
8 12
0 12
1 12
9 13
8 13
6 13
1 13
2 14
9 14
6 14
8 14
7 15
8 15
5 15
2 15
1 16
15 16
2 16
3 16
12 17
3 17
6 17
11 17
14 18
0 18
4 18
11 18
0 19
18 19
12 19
2 19
4 20
18 20
1 20
8 20
11 21
1 21
4 21
9 21
7 22
4 22
14 22
10 22
9 23
10 23
22 23
3 23
3 24
5 24
8 24
10 24
7 25
9 25
8 25
13 25
5 26
2 26
7 26
9 26
3 27
16 27
6 27
2 27
5 28
22 28
3 28
24 28
26 29
20 29
4 29
7 29
5 30
1 30
18 30
16 30
1 31
30 31
0 31
18 31
8 32
9 32
22 32
18 32
6 33
32 33
22 33
10 33
4 34
6 34
11 34
30 34
4 35
6 35
16 35
28 35
18 36
21 36
29 36
26 36
19 37
0 37
2 37
8 37
9 38
37 38
3 38
1 38
28 39
8 39
13 39
1 39
1 40
9 40
21 40
13 40
34 41
15 41
30 41
27 41
18 42
19 42
16 42
39 42
21 43
26 43
3 43
0 43
11 44
32 44
33 44
14 44
40 45
10 45
21 45
1 45
3 46
13 46
25 46
9 46
34 47
18 47
19 47
40 47
10 48
6 48
25 48
21 48
9 49
40 49
38 49
7 49
40 50
23 50
2 50
22 50
27 51
45 51
50 51
35 51
13 52
47 52
39 52
6 52
22 53
46 53
45 53
39 53
42 54
46 54
41 54
6 54
3 55
17 55
4 55
44 55
7 56
34 56
53 56
46 56
42 57
30 57
12 57
19 57
14 58
56 58
1 58
45 58
41 59
30 59
44 59
57 59
58 60
6 60
26 60
28 60
2 61
30 61
5 61
41 61
44 62
13 62
52 62
37 62
45 63
6 63
10 63
7 63
29 64
28 64
49 64
7 64
19 65
11 65
28 65
1 65
6 66
9 66
24 66
32 66
5 67
41 67
19 67
13 67
28 68
41 68
52 68
42 68
6 69
8 69
15 69
5 69
10 70
4 70
0 70
6 70
41 71
56 71
10 71
24 71
21 72
38 72
7 72
39 72
61 73
8 73
46 73
47 73
8 74
32 74
20 74
6 74
12 75
56 75
11 75
1 75
57 76
64 76
53 76
13 76
20 77
23 77
8 77
1 77
50 78
22 78
12 78
39 78
27 79
39 79
49 79
72 79
9 80
47 80
13 80
68 80
9 81
21 81
73 81
3 81
28 82
11 82
43 82
21 82
5 83
19 83
23 83
0 83
6 84
44 84
81 84
66 84
15 85
82 85
22 85
11 85
42 86
40 86
25 86
12 86
56 87
82 87
15 87
23 87
33 88
9 88
37 88
67 88
59 89
12 89
48 89
32 89
23 90
29 90
41 90
34 90
15 91
2 91
4 91
85 91
67 92
71 92
47 92
29 92
83 93
49 93
34 93
8 93
38 94
2 94
69 94
9 94
52 95
80 95
0 95
58 95
3 96
21 96
53 96
16 96
14 97
42 97
13 97
39 97
14 98
24 98
40 98
10 98
40 99
18 99
48 99
77 99
0 0 1 0 0 0 1 1 0 0 0 0 0 0 0 0 0 0 0 1 0 0 0 0 1 1 1 1 0 1 0 0 0 0 0 1 1 1 1 1 0 0 0 0 0 0 0 1 0 0 1 0 1 1 1 0 1 0 1 1 1 0 1 1 1 1 1 0 1 1 0 1 0 0 0 0 1 1 1 0 1 1 0 1 0 1 0 1 0 0 0 1 1 1 1 1 1 1 1 1
0 0 0 1 1 1 0 1 1 1 1 0 0 0 0 0 0 1 0 0 1 0 1 0 1 1 1 0 0 1 0 1 0 0 1 0 1 0 1 1 1 0 0 1 1 1 1 1 1 1 1 0 1 0 0 1 0 0 1 1 0 1 0 0 1 1 1 0 0 1 0 0 1 0 1 0 1 0 1 1 1 1 1 1 1 1 1 1 1 0 1 1 0 0 0 0 1 0 1 1
0 1 0 1 1 0 0 0 1 0 0 0 0 0 1 0 1 0 0 1 1 1 0 1 0 0 1 1 0 1 1 1 0 1 1 0 1 0 0 0 1 0 1 0 1 0 0 1 0 0 1 1 0 0 0 1 0 0 0 0 0 0 1 1 0 0 1 1 1 0 0 1 1 1 0 1 0 1 1 1 1 1 0 0 1 1 1 0 1 1 0 0 0 1 1 1 0 1 0 0
0 1 0 0 1 0 0 1 1 1 0 0 1 0 1 1 0 0 1 0 1 0 0 1 1 0 1 0 0 1 0 0 1 0 0 0 0 1 1 0 0 0 0 1 0 0 1 0 1 1 1 0 0 1 1 1 1 1 1 1 1 1 1 0 0 1 1 0 1 0 1 1 0 0 0 0 1 0 0 1 1 0 1 1 0 0 0 0 0 1 1 1 0 0 1 1 1 1 1 1
0 0 0 0 1 0 0 0 1 0 0 0 0 0 0 0 1 0 0 0 0 0 1 1 0 1 1 0 0 1 0 0 0 0 0 1 0 1 0 0 0 0 0 1 0 0 1 0 1 0 0 1 1 0 0 0 0 1 1 1 0 1 1 1 0 0 0 1 0 0 0 1 1 0 0 0 0 1 0 0 0 0 0 0 0 0 1 0 0 0 0 1 0 1 1 0 1 1 1 0