100 390 5
0 1
0 2
1 2
0 3
1 3
2 3
0 4
1 4
2 4
3 4
2 5
1 5
4 5
3 5
5 6
0 6
1 6
4 6
4 7
0 7
2 7
1 7
1 8
5 8
2 8
3 8
6 9
2 9
1 9
3 9
7 10
1 10
6 10
5 10
6 11
5 11
7 11
10 11
0 12
8 12
6 12
2 12
2 13
4 13
3 13
0 13
4 14
3 14
9 14
6 14
8 15
1 15
4 15
5 15
2 16
7 16
12 16
1 16
13 17
9 17
10 17
4 17
11 18
9 18
4 18
13 18
18 19
14 19
13 19
3 19
3 20
12 20
7 20
13 20
0 21
13 21
2 21
1 21
5 22
2 22
8 22
1 22
15 23
7 23
3 23
0 23
0 24
4 24
6 24
5 24
5 25
12 25
11 25
20 25
2 26
22 26
5 26
11 26
4 27
3 27
20 27
7 27
25 28
2 28
0 28
16 28
7 29
24 29
25 29
10 29
5 30
21 30
6 30
25 30
6 31
10 31
22 31
2 31
7 32
4 32
3 32
9 32
10 33
4 33
14 33
17 33
26 34
13 34
7 34
0 34
2 35
10 35
12 35
3 35
16 36
3 36
24 36
13 36
20 37
3 37
36 37
13 37
22 38
3 38
13 38
4 38
17 39
16 39
4 39
0 39
2 40
6 40
10 40
22 40
33 41
4 41
32 41
10 41
31 42
39 42
5 42
12 42
24 43
30 43
12 43
35 43
14 44
41 44
4 44
12 44
25 45
0 45
26 45
32 45
3 46
7 46
6 46
14 46
34 47
45 47
22 47
10 47
11 48
7 48
13 48
23 48
34 49
4 49
10 49
9 49
9 50
11 50
36 50
18 50
48 51
46 51
31 51
5 51
9 52
25 52
2 52
12 52
29 53
3 53
14 53
22 53
9 54
11 54
4 54
7 54
44 55
2 55
32 55
20 55
3 56
13 56
53 56
10 56
17 57
16 57
18 57
3 57
12 58
39 58
2 58
21 58
31 59
14 59
53 59
8 59
2 60
5 60
3 60
15 60
47 61
10 61
14 61
41 61
3 62
20 62
51 62
43 62
31 63
21 63
38 63
14 63
11 64
44 64
55 64
4 64
2 65
22 65
33 65
1 65
31 66
8 66
10 66
7 66
15 67
16 67
0 67
33 67
13 68
54 68
67 68
37 68
12 69
18 69
67 69
16 69
38 70
17 70
0 70
39 70
3 71
23 71
57 71
26 71
67 72
8 72
9 72
2 72
2 73
19 73
55 73
33 73
2 74
49 74
44 74
14 74
3 75
1 75
7 75
34 75
44 76
6 76
3 76
43 76
25 77
47 77
22 77
8 77
45 78
55 78
52 78
21 78
33 79
57 79
45 79
56 79
33 80
65 80
46 80
14 80
39 81
64 81
37 81
2 81
75 82
34 82
17 82
14 82
4 83
27 83
22 83
0 83
0 84
4 84
1 84
16 84
2 85
79 85
12 85
3 85
55 86
23 86
47 86
8 86
13 87
16 87
23 87
17 87
80 88
48 88
61 88
0 88
5 89
75 89
58 89
26 89
80 90
10 90
6 90
77 90
13 91
8 91
71 91
2 91
4 92
18 92
46 92
74 92
59 93
3 93
7 93
16 93
14 94
41 94
33 94
2 94
41 95
18 95
36 95
5 95
5 96
55 96
7 96
4 96
4 97
39 97
44 97
10 97
61 98
37 98
14 98
80 98
18 99
2 99
5 99
25 99
1 1 1 1 0 0 1 1 0 0 1 0 1 1 1 1 0 0 1 0 0 0 1 1 0 1 0 0 1 0 0 1 1 0 0 0 1 1 1 0 1 1 0 1 0 0 0 0 1 1 0 1 1 0 0 1 1 0 0 0 1 1 0 0 1 1 1 1 1 0 0 0 1 1 1 1 1 1 0 1 0 1 1 1 0 0 1 1 1 1 1 0 0 0 0 1 1 1 1 1
1 1 0 1 1 0 1 0 1 0 1 1 0 1 0 0 0 1 1 1 0 0 0 0 1 0 1 0 1 0 1 0 0 0 0 0 0 1 1 0 0 0 1 1 0 0 0 0 0 0 0 0 1 0 0 1 0 1 1 0 1 1 0 1 0 1 0 1 1 0 1 1 0 1 1 0 0 0 0 1 1 1 1 0 0 1 1 0 1 0 1 1 1 0 1 1 1 0 0 0
0 0 1 0 1 1 0 1 0 1 1 1 1 0 1 0 1 1 1 0 0 0 0 1 0 1 0 0 0 0 0 0 1 0 0 1 0 0 0 0 1 0 1 1 0 0 1 0 0 1 0 0 1 0 0 0 0 1 1 0 1 1 1 0 1 0 1 0 0 0 1 1 0 1 0 1 1 0 0 0 0 1 0 1 1 0 1 0 1 1 1 0 0 1 0 0 1 0 1 1
1 1 0 1 0 0 0 0 1 1 1 1 1 1 0 0 1 1 1 0 1 1 1 1 0 0 1 0 1 1 1 0 1 1 0 1 1 1 1 1 0 0 0 1 1 0 1 0 1 1 0 1 1 0 1 1 0 1 0 0 1 1 1 0 1 0 0 0 1 1 0 1 0 0 0 1 0 1 0 0 1 0 0 1 1 0 1 0 0 0 0 1 0 0 1 0 1 1 0 0
0 0 0 0 1 1 1 1 1 1 0 1 0 0 1 0 0 1 1 0 1 0 1 0 0 0 0 1 1 0 1 1 1 0 0 1 1 1 0 1 0 1 1 1 0 1 0 0 0 1 1 0 1 1 1 0 1 1 1 0 0 1 1 0 0 1 1 0 0 0 0 1 1 0 1 0 0 1 0 1 0 0 1 0 0 0 0 0 1 0 1 0 1 1 1 0 1 0 1 0