100 390 5
0 1
0 2
1 2
0 3
1 3
2 3
0 4
1 4
2 4
3 4
0 5
4 5
1 5
3 5
1 6
3 6
0 6
4 6
6 7
4 7
5 7
3 7
1 8
6 8
4 8
2 8
1 9
6 9
8 9
7 9
3 10
0 10
9 10
6 10
10 11
1 11
6 11
9 11
6 12
5 12
8 12
3 12
6 13
3 13
12 13
1 13
7 14
2 14
1 14
10 14
3 15
1 15
10 15
11 15
1 16
7 16
12 16
13 16
10 17
13 17
3 17
15 17
0 18
3 18
4 18
7 18
3 19
12 19
14 19
8 19
7 20
1 20
5 20
4 20
3 21
19 21
9 21
13 21
7 22
20 22
1 22
9 22
13 23
7 23
17 23
1 23
10 24
0 24
2 24
18 24
11 25
21 25
2 25
19 25
14 26
19 26
5 26
1 26
1 27
6 27
4 27
11 27
0 28
13 28
1 28
21 28
22 29
11 29
23 29
24 29
24 30
1 30
6 30
9 30
8 31
6 31
9 31
16 31
5 32
24 32
3 32
8 32
32 33
5 33
9 33
1 33
28 34
1 34
6 34
8 34
5 35
7 35
19 35
8 35
10 36
23 36
4 36
3 36
34 37
27 37
19 37
9 37
31 38
5 38
26 38
0 38
33 39
19 39
37 39
9 39
5 40
24 40
11 40
2 40
7 41
24 41
39 41
5 41
1 42
8 42
21 42
5 42
6 43
15 43
14 43
9 43
7 44
13 44
11 44
33 44
3 45
34 45
33 45
1 45
24 46
21 46
35 46
19 46
11 47
18 47
6 47
32 47
8 48
13 48
3 48
19 48
24 49
35 49
28 49
8 49
10 50
41 50
45 50
1 50
16 51
22 51
43 51
37 51
20 52
12 52
10 52
41 52
7 53
52 53
3 53
24 53
3 54
27 54
36 54
1 54
48 55
8 55
32 55
24 55
50 56
55 56
48 56
16 56
19 57
38 57
3 57
9 57
39 58
34 58
5 58
17 58
46 59
11 59
6 59
26 59
7 60
10 60
13 60
22 60
20 61
34 61
3 61
52 61
5 62
54 62
40 62
11 62
3 63
32 63
0 63
11 63
3 64
1 64
24 64
8 64
58 65
39 65
37 65
18 65
40 66
41 66
2 66
21 66
9 67
6 67
38 67
48 67
38 68
59 68
50 68
11 68
8 69
37 69
0 69
21 69
11 70
37 70
21 70
69 70
39 71
68 71
3 71
27 71
41 72
12 72
31 72
3 72
37 73
1 73
19 73
3 73
1 74
5 74
49 74
3 74
7 75
3 75
2 75
50 75
16 76
8 76
24 76
27 76
0 77
39 77
46 77
74 77
17 78
3 78
13 78
48 78
8 79
19 79
65 79
39 79
2 80
21 80
1 80
9 80
50 81
53 81
31 81
70 81
76 82
13 82
10 82
31 82
72 83
31 83
3 83
52 83
8 84
6 84
26 84
9 84
7 85
62 85
35 85
24 85
34 86
33 86
10 86
1 86
1 87
21 87
4 87
37 87
20 88
11 88
51 88
31 88
71 89
67 89
60 89
6 89
19 90
6 90
15 90
13 90
3 91
19 91
68 91
24 91
90 92
5 92
8 92
20 92
5 93
51 93
11 93
65 93
12 94
39 94
73 94
62 94
19 95
69 95
5 95
43 95
11 96
92 96
94 96
3 96
59 97
9 97
91 97
39 97
6 98
8 98
35 98
83 98
3 99
94 99
32 99
51 99
0 0 0 1 0 1 1 0 0 1 1 0 1 0 0 1 1 0 1 0 1 0 1 1 1 1 1 1 1 0 1 1 0 0 0 1 0 0 0 0 1 1 1 0 1 1 0 0 0 1 0 1 0 1 1 1 1 1 0 0 1 0 0 1 1 1 1 1 0 0 1 0 1 0 1 0 1 1 1 0 1 0 0 1 0 1 1 1 0 0 1 1 1 1 1 1 0 1 1 0
1 1 1 1 0 0 1 1 1 0 0 0 0 0 0 1 0 1 1 0 0 1 0 0 0 0 1 1 0 0 1 0 1 0 1 0 0 0 0 0 1 0 0 0 0 1 0 1 1 1 1 1 1 0 1 0 1 0 0 1 1 0 1 0 1 1 0 1 1 0 1 1 0 1 1 0 1 1 0 1 0 1 1 1 0 0 0 1 0 0 1 1 0 1 1 1 1 1 1 1
1 1 0 0 1 1 1 1 0 0 1 0 1 1 1 1 1 0 1 0 0 0 1 0 1 0 0 1 0 1 1 0 0 1 0 0 1 1 0 1 1 0 0 0 1 1 1 1 1 0 0 1 0 0 1 0 1 0 1 0 1 0 1 1 1 1 1 0 1 1 0 0 0 0 0 0 0 1 0 0 0 1 1 1 1 1 0 1 1 1 0 1 0 1 0 0 0 0 0 1
1 0 1 0 1 1 1 1 0 0 0 1 1 1 1 0 1 1 0 1 0 0 0 0 1 1 1 1 0 0 0 1 1 0 1 0 1 0 1 0 0 1 1 1 0 0 1 0 1 1 1 0 0 1 0 1 0 1 0 0 0 0 1 1 0 0 1 0 0 0 0 1 1 0 0 0 1 1 0 0 1 1 0 0 0 1 0 0 0 1 1 0 0 1 1 1 0 0 1 0
1 1 0 0 0 1 1 0 1 0 1 1 0 1 0 0 1 0 0 1 1 0 0 1 1 1 1 0 0 1 0 0 0 0 1 1 1 1 0 0 0 0 0 0 1 1 0 1 1 0 0 1 0 0 1 0 1 0 0 0 1 0 1 1 1 1 1 0 1 0 0 0 0 0 1 0 1 0 0 0 1 1 0 0 0 0 1 1 0 0 0 1 0 1 1 0 0 0 1 1