100 780 5
0 1
0 2
1 2
0 3
1 3
2 3
0 4
1 4
2 4
3 4
2 5
0 5
4 5
1 5
4 6
0 6
5 6
3 6
0 7
2 7
6 7
4 7
7 8
5 8
6 8
4 8
7 9
2 9
4 9
5 9
5 10
3 10
1 10
2 10
4 11
10 11
5 11
0 11
4 12
9 12
2 12
0 12
12 13
10 13
1 13
2 13
0 14
7 14
2 14
3 14
3 15
14 15
4 15
7 15
2 16
11 16
12 16
5 16
16 17
7 17
4 17
1 17
7 18
10 18
15 18
12 18
0 19
4 19
7 19
12 19
19 20
3 20
4 20
1 20
11 21
12 21
2 21
0 21
16 22
1 22
19 22
11 22
2 23
16 23
0 23
1 23
4 24
18 24
11 24
17 24
3 25
7 25
5 25
4 25
6 26
2 26
3 26
9 26
2 27
8 27
16 27
23 27
0 28
2 28
21 28
20 28
24 29
3 29
7 29
27 29
2 30
3 30
29 30
13 30
25 31
28 31
5 31
0 31
24 32
2 32
31 32
26 32
21 33
15 33
11 33
12 33
10 34
7 34
26 34
11 34
5 35
29 35
12 35
13 35
2 36
6 36
24 36
5 36
8 37
29 37
1 37
31 37
5 38
10 38
3 38
4 38
0 39
12 39
36 39
15 39
39 40
0 40
15 40
1 40
8 41
10 41
7 41
13 41
12 42
3 42
17 42
11 42
2 43
11 43
5 43
20 43
8 44
14 44
5 44
13 44
34 45
24 45
2 45
29 45
7 46
32 46
20 46
2 46
13 47
36 47
26 47
5 47
35 48
7 48
10 48
46 48
4 49
29 49
28 49
2 49
20 50
17 50
6 50
14 50
10 51
29 51
48 51
15 51
14 52
7 52
15 52
50 52
51 53
31 53
27 53
17 53
24 54
0 54
10 54
29 54
8 55
3 55
5 55
16 55
0 56
20 56
55 56
16 56
20 57
13 57
50 57
2 57
10 58
29 58
6 58
24 58
45 59
38 59
34 59
3 59
24 60
42 60
3 60
5 60
0 61
4 61
1 61
26 61
6 62
0 62
11 62
51 62
0 63
14 63
2 63
31 63
10 64
8 64
31 64
61 64
28 65
13 65
41 65
45 65
3 66
51 66
22 66
26 66
1 67
7 67
30 67
2 67
7 68
61 68
29 68
19 68
14 69
58 69
7 69
28 69
36 70
3 70
43 70
56 70
2 71
26 71
17 71
3 71
10 72
15 72
8 72
29 72
23 73
31 73
62 73
5 73
12 74
13 74
1 74
23 74
57 75
27 75
25 75
20 75
31 76
16 76
40 76
74 76
76 77
14 77
12 77
21 77
50 78
16 78
48 78
17 78
70 79
16 79
20 79
67 79
6 80
5 80
11 80
14 80
10 81
69 81
73 81
22 81
31 82
28 82
7 82
5 82
15 83
81 83
53 83
22 83
26 84
76 84
11 84
63 84
3 85
53 85
76 85
14 85
57 86
59 86
77 86
26 86
86 87
55 87
5 87
6 87
5 88
2 88
86 88
3 88
55 89
53 89
25 89
13 89
12 90
80 90
36 90
48 90
4 91
82 91
1 91
63 91
15 92
29 92
65 92
6 92
26 93
3 93
11 93
47 93
54 94
20 94
6 94
18 94
71 95
2 95
49 95
94 95
27 96
22 96
12 96
24 96
76 97
55 97
86 97
22 97
10 98
6 98
84 98
94 98
6 99
5 99
12 99
2 99
1 0
2 0
2 1
3 0
3 1
3 2
4 0
4 1
4 2
4 3
5 2
5 0
5 4
5 1
6 4
6 0
6 5
6 3
7 0
7 2
7 6
7 4
8 7
8 5
8 6
8 4
9 7
9 2
9 4
9 5
10 5
10 3
10 1
10 2
11 4
11 10
11 5
11 0
12 4
12 9
12 2
12 0
13 12
13 10
13 1
13 2
14 0
14 7
14 2
14 3
15 3
15 14
15 4
15 7
16 2
16 11
16 12
16 5
17 16
17 7
17 4
17 1
18 7
18 10
18 15
18 12
19 0
19 4
19 7
19 12
20 19
20 3
20 4
20 1
21 11
21 12
21 2
21 0
22 16
22 1
22 19
22 11
23 2
23 16
23 0
23 1
24 4
24 18
24 11
24 17
25 3
25 7
25 5
25 4
26 6
26 2
26 3
26 9
27 2
27 8
27 16
27 23
28 0
28 2
28 21
28 20
29 24
29 3
29 7
29 27
30 2
30 3
30 29
30 13
31 25
31 28
31 5
31 0
32 24
32 2
32 31
32 26
33 21
33 15
33 11
33 12
34 10
34 7
34 26
34 11
35 5
35 29
35 12
35 13
36 2
36 6
36 24
36 5
37 8
37 29
37 1
37 31
38 5
38 10
38 3
38 4
39 0
39 12
39 36
39 15
40 39
40 0
40 15
40 1
41 8
41 10
41 7
41 13
42 12
42 3
42 17
42 11
43 2
43 11
43 5
43 20
44 8
44 14
44 5
44 13
45 34
45 24
45 2
45 29
46 7
46 32
46 20
46 2
47 13
47 36
47 26
47 5
48 35
48 7
48 10
48 46
49 4
49 29
49 28
49 2
50 20
50 17
50 6
50 14
51 10
51 29
51 48
51 15
52 14
52 7
52 15
52 50
53 51
53 31
53 27
53 17
54 24
54 0
54 10
54 29
55 8
55 3
55 5
55 16
56 0
56 20
56 55
56 16
57 20
57 13
57 50
57 2
58 10
58 29
58 6
58 24
59 45
59 38
59 34
59 3
60 24
60 42
60 3
60 5
61 0
61 4
61 1
61 26
62 6
62 0
62 11
62 51
63 0
63 14
63 2
63 31
64 10
64 8
64 31
64 61
65 28
65 13
65 41
65 45
66 3
66 51
66 22
66 26
67 1
67 7
67 30
67 2
68 7
68 61
68 29
68 19
69 14
69 58
69 7
69 28
70 36
70 3
70 43
70 56
71 2
71 26
71 17
71 3
72 10
72 15
72 8
72 29
73 23
73 31
73 62
73 5
74 12
74 13
74 1
74 23
75 57
75 27
75 25
75 20
76 31
76 16
76 40
76 74
77 76
77 14
77 12
77 21
78 50
78 16
78 48
78 17
79 70
79 16
79 20
79 67
80 6
80 5
80 11
80 14
81 10
81 69
81 73
81 22
82 31
82 28
82 7
82 5
83 15
83 81
83 53
83 22
84 26
84 76
84 11
84 63
85 3
85 53
85 76
85 14
86 57
86 59
86 77
86 26
87 86
87 55
87 5
87 6
88 5
88 2
88 86
88 3
89 55
89 53
89 25
89 13
90 12
90 80
90 36
90 48
91 4
91 82
91 1
91 63
92 15
92 29
92 65
92 6
93 26
93 3
93 11
93 47
94 54
94 20
94 6
94 18
95 71
95 2
95 49
95 94
96 27
96 22
96 12
96 24
97 76
97 55
97 86
97 22
98 10
98 6
98 84
98 94
99 6
99 5
99 12
99 2
0 1 0 1 1 1 0 1 1 1 1 0 0 1 0 0 1 0 1 1 1 0 1 1 0 0 1 1 0 0 0 1 0 1 1 1 1 1 0 0 0 0 1 0 1 0 1 0 0 1 0 1 0 1 1 1 0 0 0 0 1 0 1 0 1 1 0 1 1 1 1 1 1 0 1 0 1 1 1 1 1 0 1 1 1 1 0 1 0 1 0 1 1 0 0 1 0 1 0 0
0 0 0 1 1 0 0 0 1 0 1 1 0 0 0 0 1 1 1 1 0 0 1 1 0 1 1 0 0 1 0 1 0 0 0 0 1 0 1 0 0 1 0 1 1 1 1 0 1 1 0 0 0 1 1 1 0 0 1 0 1 1 1 0 1 0 1 0 1 0 1 0 1 1 0 1 0 0 0 0 0 0 0 0 1 0 0 0 1 0 1 1 0 0 0 1 1 1 1 0
0 0 1 0 1 1 1 1 0 1 0 0 1 0 1 1 1 0 0 1 0 1 1 1 0 0 1 1 0 0 0 1 1 1 1 0 0 1 1 0 0 1 1 0 1 0 0 0 1 0 0 0 1 0 0 1 0 1 1 0 1 1 0 0 1 0 1 1 1 1 0 0 1 0 0 0 1 0 1 1 1 0 1 1 0 0 1 0 0 0 0 0 1 0 1 1 1 1 1 0
1 1 0 0 0 0 1 1 1 1 0 1 1 1 1 1 1 1 0 1 1 0 1 1 1 1 0 1 0 1 1 1 1 0 0 0 0 0 0 0 1 0 0 0 1 1 1 1 0 1 0 0 1 1 1 1 1 0 0 0 1 1 0 0 1 0 1 1 1 1 0 1 0 0 1 1 0 0 0 1 0 1 1 1 0 1 1 0 0 1 0 1 0 1 0 1 0 0 1 1
0 1 1 0 0 0 0 0 1 0 0 1 0 0 0 0 1 1 1 0 1 0 1 0 1 0 0 1 0 1 1 1 1 0 1 1 0 0 1 1 0 1 1 0 1 1 0 0 0 1 0 1 1 0 1 1 0 1 1 0 0 1 1 1 0 1 0 1 1 0 0 1 0 0 0 1 0 1 1 1 0 1 0 0 0 0 1 1 1 1 0 0 1 1 0 0 1 0 0 1