50 288 5
0 1
0 2
1 2
0 3
1 3
2 3
2 4
1 4
0 4
0 5
3 5
4 5
3 6
0 6
2 6
0 7
4 7
3 7
1 8
4 8
3 8
6 9
4 9
2 9
3 10
2 10
4 10
7 11
5 11
3 11
0 12
1 12
8 12
2 13
12 13
9 13
2 14
8 14
11 14
10 15
1 15
5 15
3 16
2 16
4 16
6 17
4 17
0 17
10 18
8 18
12 18
4 19
12 19
16 19
2 20
12 20
6 20
10 21
11 21
0 21
13 22
14 22
21 22
1 23
12 23
3 23
4 24
0 24
8 24
2 25
11 25
18 25
4 26
12 26
14 26
25 27
10 27
1 27
24 28
6 28
3 28
2 29
1 29
0 29
18 30
2 30
21 30
14 31
8 31
13 31
12 32
21 32
28 32
21 33
30 33
1 33
29 34
14 34
1 34
24 35
14 35
31 35
2 36
25 36
22 36
24 37
8 37
5 37
14 38
24 38
13 38
13 39
14 39
4 39
8 40
9 40
39 40
11 41
21 41
23 41
29 42
17 42
10 42
4 43
12 43
28 43
11 44
2 44
17 44
14 45
0 45
33 45
33 46
19 46
4 46
6 47
1 47
15 47
23 48
7 48
41 48
37 49
10 49
8 49
1 0
2 0
2 1
3 0
3 1
3 2
4 2
4 1
4 0
5 0
5 3
5 4
6 3
6 0
6 2
7 0
7 4
7 3
8 1
8 4
8 3
9 6
9 4
9 2
10 3
10 2
10 4
11 7
11 5
11 3
12 0
12 1
12 8
13 2
13 12
13 9
14 2
14 8
14 11
15 10
15 1
15 5
16 3
16 2
16 4
17 6
17 4
17 0
18 10
18 8
18 12
19 4
19 12
19 16
20 2
20 12
20 6
21 10
21 11
21 0
22 13
22 14
22 21
23 1
23 12
23 3
24 4
24 0
24 8
25 2
25 11
25 18
26 4
26 12
26 14
27 25
27 10
27 1
28 24
28 6
28 3
29 2
29 1
29 0
30 18
30 2
30 21
31 14
31 8
31 13
32 12
32 21
32 28
33 21
33 30
33 1
34 29
34 14
34 1
35 24
35 14
35 31
36 2
36 25
36 22
37 24
37 8
37 5
38 14
38 24
38 13
39 13
39 14
39 4
40 8
40 9
40 39
41 11
41 21
41 23
42 29
42 17
42 10
43 4
43 12
43 28
44 11
44 2
44 17
45 14
45 0
45 33
46 33
46 19
46 4
47 6
47 1
47 15
48 23
48 7
48 41
49 37
49 10
49 8
0 1 1 1 1 0 1 0 1 1 1 1 1 0 1 1 0 0 0 1 1 1 1 1 0 0 1 1 0 1 1 0 1 1 1 1 1 0 1 0 1 1 0 0 0 0 1 0 1 1
0 0 1 1 1 0 1 1 0 0 0 0 0 1 0 1 0 0 1 1 0 1 1 0 1 1 1 1 1 0 1 0 0 0 1 0 0 0 1 0 1 0 0 0 1 1 0 1 1 1
1 1 0 1 0 0 0 1 0 1 0 0 1 0 0 0 0 0 0 0 1 1 1 1 0 1 1 0 1 0 1 1 0 1 1 1 1 1 0 1 1 0 0 1 1 0 1 0 0 0
0 0 0 0 0 1 0 1 1 0 1 0 0 0 1 0 1 0 0 1 1 0 0 0 1 0 1 1 1 0 0 0 1 0 1 1 1 1 0 0 1 1 1 1 1 0 1 1 0 0
0 1 1 0 1 1 1 0 0 1 1 1 0 1 0 0 1 1 0 0 1 0 1 1 1 1 0 1 1 0 1 0 1 1 1 0 1 0 1 0 0 0 0 1 1 1 1 0 0 1