50 288 5
0 1
0 2
1 2
0 3
1 3
2 3
3 4
2 4
1 4
4 5
1 5
2 5
4 6
2 6
3 6
2 7
3 7
1 7
3 8
4 8
6 8
8 9
4 9
6 9
1 10
9 10
6 10
5 11
10 11
2 11
4 12
1 12
3 12
2 13
8 13
9 13
4 14
13 14
2 14
2 15
10 15
12 15
6 16
2 16
3 16
10 17
3 17
1 17
6 18
9 18
4 18
1 19
4 19
18 19
5 20
12 20
4 20
2 21
3 21
9 21
20 22
12 22
5 22
8 23
4 23
21 23
17 24
21 24
20 24
2 25
24 25
4 25
5 26
15 26
1 26
5 27
22 27
14 27
1 28
12 28
16 28
1 29
8 29
9 29
6 30
11 30
3 30
7 31
13 31
4 31
3 32
13 32
21 32
26 33
30 33
28 33
1 34
9 34
20 34
1 35
8 35
14 35
14 36
0 36
20 36
15 37
3 37
18 37
36 38
27 38
4 38
24 39
34 39
31 39
21 40
33 40
19 40
12 41
3 41
4 41
4 42
7 42
35 42
9 43
1 43
15 43
8 44
14 44
38 44
39 45
4 45
37 45
36 46
4 46
10 46
9 47
1 47
6 47
19 48
12 48
14 48
11 49
48 49
3 49
1 0
2 0
2 1
3 0
3 1
3 2
4 3
4 2
4 1
5 4
5 1
5 2
6 4
6 2
6 3
7 2
7 3
7 1
8 3
8 4
8 6
9 8
9 4
9 6
10 1
10 9
10 6
11 5
11 10
11 2
12 4
12 1
12 3
13 2
13 8
13 9
14 4
14 13
14 2
15 2
15 10
15 12
16 6
16 2
16 3
17 10
17 3
17 1
18 6
18 9
18 4
19 1
19 4
19 18
20 5
20 12
20 4
21 2
21 3
21 9
22 20
22 12
22 5
23 8
23 4
23 21
24 17
24 21
24 20
25 2
25 24
25 4
26 5
26 15
26 1
27 5
27 22
27 14
28 1
28 12
28 16
29 1
29 8
29 9
30 6
30 11
30 3
31 7
31 13
31 4
32 3
32 13
32 21
33 26
33 30
33 28
34 1
34 9
34 20
35 1
35 8
35 14
36 14
36 0
36 20
37 15
37 3
37 18
38 36
38 27
38 4
39 24
39 34
39 31
40 21
40 33
40 19
41 12
41 3
41 4
42 4
42 7
42 35
43 9
43 1
43 15
44 8
44 14
44 38
45 39
45 4
45 37
46 36
46 4
46 10
47 9
47 1
47 6
48 19
48 12
48 14
49 11
49 48
49 3
0 1 1 0 1 1 0 1 1 1 0 1 0 1 1 1 1 0 1 1 0 0 0 0 0 1 1 1 0 1 0 0 0 0 1 1 1 1 0 1 1 0 0 0 1 1 0 0 1 1
1 0 1 1 0 1 1 1 0 0 0 1 1 0 1 1 0 0 1 1 1 1 0 1 0 1 0 0 1 0 1 1 1 1 0 0 1 0 0 1 0 1 1 1 0 0 1 1 0 0
1 0 1 0 0 1 0 0 1 1 1 0 0 1 0 0 0 1 1 0 1 0 0 0 1 0 1 1 1 1 1 0 1 1 0 1 1 0 0 1 0 0 0 1 1 0 0 0 0 0
1 0 1 1 0 1 0 1 1 0 0 0 1 1 1 0 1 0 0 0 0 0 1 1 0 0 0 1 1 0 0 1 1 1 1 0 0 0 0 0 1 0 0 0 0 1 1 0 1 1
0 1 1 1 0 1 1 0 0 0 0 1 1 0 1 0 0 0 0 0 0 1 0 1 0 1 1 1 1 0 0 1 1 1 0 1 1 1 1 1 1 0 0 0 1 1 1 0 1 1