250 498 5
0 1
1 2
2 3
0 4
0 5
4 6
3 7
2 8
0 9
4 10
10 11
4 12
9 13
4 14
5 15
9 16
15 17
2 18
9 19
8 20
16 21
9 22
9 23
15 24
6 25
14 26
2 27
8 28
19 29
8 30
1 31
23 32
26 33
6 34
14 35
4 36
9 37
37 38
20 39
30 40
20 41
29 42
27 43
39 44
23 45
27 46
27 47
23 48
1 49
12 50
14 51
19 52
4 53
4 54
20 55
46 56
21 57
9 58
12 59
15 60
53 61
40 62
26 63
51 64
18 65
2 66
27 67
34 68
59 69
15 70
60 71
18 72
57 73
68 74
2 75
36 76
9 77
26 78
30 79
14 80
21 81
57 82
10 83
73 84
15 85
72 86
21 87
82 88
29 89
78 90
53 91
64 92
45 93
42 94
61 95
8 96
42 97
4 98
20 99
89 100
74 101
10 102
36 103
47 104
38 105
91 106
45 107
5 108
91 109
62 110
69 111
0 112
60 113
13 114
9 115
77 116
42 117
12 118
65 119
15 120
37 121
21 122
64 123
68 124
7 125
8 126
95 127
96 128
37 129
60 130
51 131
77 132
95 133
9 134
39 135
7 136
84 137
45 138
51 139
25 140
9 141
73 142
90 143
38 144
39 145
122 146
67 147
84 148
38 149
9 150
53 151
84 152
128 153
14 154
23 155
77 156
120 157
31 158
30 159
9 160
151 161
1 162
138 163
149 164
75 165
160 166
42 167
54 168
101 169
42 170
68 171
117 172
61 173
75 174
113 175
23 176
63 177
9 178
126 179
77 180
40 181
60 182
166 183
130 184
93 185
42 186
99 187
69 188
19 189
156 190
125 191
153 192
187 193
164 194
25 195
44 196
61 197
61 198
130 199
93 200
119 201
29 202
189 203
120 204
15 205
33 206
68 207
21 208
6 209
12 210
166 211
157 212
69 213
184 214
120 215
187 216
23 217
15 218
217 219
4 220
53 221
1 222
115 223
40 224
48 225
38 226
5 227
205 228
156 229
19 230
142 231
76 232
40 233
70 234
60 235
38 236
163 237
32 238
1 239
68 240
192 241
21 242
126 243
9 244
130 245
81 246
95 247
149 248
112 249
1 0
2 1
3 2
4 0
5 0
6 4
7 3
8 2
9 0
10 4
11 10
12 4
13 9
14 4
15 5
16 9
17 15
18 2
19 9
20 8
21 16
22 9
23 9
24 15
25 6
26 14
27 2
28 8
29 19
30 8
31 1
32 23
33 26
34 6
35 14
36 4
37 9
38 37
39 20
40 30
41 20
42 29
43 27
44 39
45 23
46 27
47 27
48 23
49 1
50 12
51 14
52 19
53 4
54 4
55 20
56 46
57 21
58 9
59 12
60 15
61 53
62 40
63 26
64 51
65 18
66 2
67 27
68 34
69 59
70 15
71 60
72 18
73 57
74 68
75 2
76 36
77 9
78 26
79 30
80 14
81 21
82 57
83 10
84 73
85 15
86 72
87 21
88 82
89 29
90 78
91 53
92 64
93 45
94 42
95 61
96 8
97 42
98 4
99 20
100 89
101 74
102 10
103 36
104 47
105 38
106 91
107 45
108 5
109 91
110 62
111 69
112 0
113 60
114 13
115 9
116 77
117 42
118 12
119 65
120 15
121 37
122 21
123 64
124 68
125 7
126 8
127 95
128 96
129 37
130 60
131 51
132 77
133 95
134 9
135 39
136 7
137 84
138 45
139 51
140 25
141 9
142 73
143 90
144 38
145 39
146 122
147 67
148 84
149 38
150 9
151 53
152 84
153 128
154 14
155 23
156 77
157 120
158 31
159 30
160 9
161 151
162 1
163 138
164 149
165 75
166 160
167 42
168 54
169 101
170 42
171 68
172 117
173 61
174 75
175 113
176 23
177 63
178 9
179 126
180 77
181 40
182 60
183 166
184 130
185 93
186 42
187 99
188 69
189 19
190 156
191 125
192 153
193 187
194 164
195 25
196 44
197 61
198 61
199 130
200 93
201 119
202 29
203 189
204 120
205 15
206 33
207 68
208 21
209 6
210 12
211 166
212 157
213 69
214 184
215 120
216 187
217 23
218 15
219 217
220 4
221 53
222 1
223 115
224 40
225 48
226 38
227 5
228 205
229 156
230 19
231 142
232 76
233 40
234 70
235 60
236 38
237 163
238 32
239 1
240 68
241 192
242 21
243 126
244 9
245 130
246 81
247 95
248 149
249 112
1 0 0 1 1 0 0 1 0 1 0 0 0 1 0 1 0 0 0 0 1 0 1 0 1 0 1 0 0 0 1 1 1 0 1 1 1 0 0 1 0 0 1 0 1 1 1 0 0 1 1 0 0 0 0 1 0 1 1 0 0 0 1 0 1 1 1 0 0 1 1 1 1 1 0 1 0 1 1 0 1 0 1 1 1 0 1 0 1 1 0 1 1 0 0 0 1 0 0 0 1 1 1 1 0 1 1 1 1 0 0 0 1 0 1 1 0 0 1 1 0 1 1 1 1 0 1 0 0 0 1 0 1 1 1 1 1 0 1 0 0 0 0 1 0 1 1 1 1 1 1 1 0 1 1 1 1 1 0 0 0 0 1 1 0 1 1 1 0 0 0 1 0 1 0 0 1 1 0 0 0 0 0 0 0 0 1 0 0 1 0 1 1 0 1 0 0 0 0 1 1 1 0 1 1 0 1 1 0 1 1 0 1 0 0 0 1 1 0 1 1 0 1 0 1 1 0 1 0 0 0 0 1 0 1 1 0 1 1 0 1 0 1 1 0 1 0 0 0 0
1 0 0 1 0 1 0 1 1 0 1 1 1 0 0 0 0 0 0 0 1 0 0 0 0 1 1 1 1 0 0 0 1 0 1 1 1 1 0 1 1 1 0 1 1 1 0 0 1 1 0 0 1 0 1 1 0 0 0 0 0 1 1 0 1 0 1 1 1 1 0 0 1 1 1 0 0 1 0 0 1 1 0 1 1 0 0 1 1 0 0 0 0 0 0 0 0 1 1 0 1 1 0 0 0 1 0 1 0 0 1 0 0 0 0 1 1 0 0 0 1 0 1 0 1 1 1 0 0 1 0 0 0 0 1 0 1 0 1 0 0 0 0 0 0 0 1 1 0 0 1 1 1 1 1 1 1 0 0 1 0 1 1 0 0 1 1 1 1 0 1 0 1 0 0 0 1 1 0 1 0 1 0 1 1 1 1 1 0 1 0 1 1 0 0 0 0 1 0 1 0 0 1 0 0 0 0 0 1 0 1 0 1 0 1 1 0 0 0 0 0 0 1 1 1 0 0 0 0 1 1 0 0 1 0 1 1 1 1 1 1 1 0 1 0 1 0 1 1 0
1 0 0 1 1 1 0 1 1 1 0 1 1 0 1 0 0 0 0 1 0 0 0 0 1 1 1 0 1 1 1 1 0 0 0 0 1 0 1 1 1 1 1 1 0 0 1 0 0 1 1 1 1 0 1 0 0 0 1 0 0 1 1 1 1 1 0 0 0 1 0 0 1 0 1 1 0 1 0 1 1 0 1 0 0 0 1 1 0 1 1 0 1 0 0 1 0 0 1 0 1 0 1 1 0 0 0 0 0 1 1 0 1 0 1 0 1 0 1 1 0 0 1 1 1 0 0 1 1 0 1 1 1 0 0 0 0 0 1 1 0 0 0 0 1 0 1 1 1 1 1 0 1 0 1 1 0 0 0 1 1 0 0 0 1 0 0 1 0 0 1 0 1 1 1 1 0 0 0 0 1 0 1 1 1 1 1 1 1 1 0 0 0 1 1 1 0 1 1 0 1 1 0 1 1 0 1 0 1 0 0 1 0 1 1 1 1 1 1 1 0 0 1 1 0 0 0 0 0 1 0 1 1 0 1 1 0 1 1 1 1 0 0 0 1 1 1 0 1 1
0 0 1 0 0 0 0 1 0 1 1 1 1 0 1 1 1 1 0 0 0 0 0 0 0 1 1 1 0 0 1 0 0 1 1 1 0 0 1 0 1 1 1 0 0 0 1 0 1 0 1 1 1 0 0 0 0 0 1 1 1 1 0 1 1 0 0 1 0 0 0 0 1 1 1 1 0 1 1 0 1 0 0 1 1 1 1 0 1 1 1 0 1 1 1 1 1 1 0 0 0 1 0 1 0 1 0 1 0 1 1 0 1 1 0 1 1 1 0 0 1 1 0 1 1 1 0 0 1 0 1 0 1 0 0 1 0 0 1 0 1 0 1 0 1 0 0 0 0 1 1 0 0 1 0 1 0 1 0 1 0 1 0 0 1 0 1 1 1 1 0 1 0 0 0 0 1 1 1 1 1 0 0 0 1 1 1 0 0 1 0 0 0 1 1 1 0 0 0 0 1 1 1 1 0 1 1 1 1 0 1 1 0 1 0 1 1 1 1 0 0 0 1 1 0 1 1 0 0 0 1 1 1 1 0 1 0 0 1 1 0 0 0 1 0 1 1 1 0 0
1 1 0 1 1 0 0 1 0 0 1 1 1 0 0 0 1 1 1 0 1 1 1 0 0 0 1 1 0 1 1 1 0 0 1 0 1 1 1 1 1 0 1 0 0 0 1 0 1 1 0 0 1 1 1 1 0 0 1 1 0 0 0 0 1 0 0 0 1 0 1 0 1 0 0 1 0 0 0 0 0 1 1 0 1 1 1 1 0 1 1 0 0 0 1 1 0 0 1 0 0 1 1 1 0 0 1 0 0 1 1 0 1 0 0 0 1 1 0 1 0 0 0 0 1 1 0 0 1 1 1 1 1 0 0 0 1 1 1 1 0 0 1 0 0 1 0 0 1 0 1 1 1 0 1 0 1 0 1 1 0 1 1 1 0 1 0 0 0 0 0 1 1 0 0 1 0 0 0 1 0 0 0 0 1 0 1 1 1 0 1 0 1 1 0 1 1 1 0 1 1 1 1 1 1 1 0 0 0 0 0 1 1 0 0 1 1 0 0 1 0 1 0 0 0 1 1 1 0 0 1 0 0 1 0 1 1 1 1 1 0 0 1 0 1 0 0 1 0 0