100 390 5
0 1
0 2
1 2
0 3
1 3
2 3
0 4
1 4
2 4
3 4
3 5
0 5
2 5
4 5
0 6
2 6
5 6
4 6
1 7
2 7
0 7
5 7
2 8
3 8
6 8
0 8
3 9
5 9
1 9
0 9
6 10
3 10
0 10
8 10
7 11
8 11
3 11
10 11
6 12
1 12
2 12
0 12
0 13
8 13
4 13
2 13
7 14
13 14
4 14
1 14
8 15
2 15
0 15
6 15
10 16
4 16
1 16
11 16
1 17
10 17
6 17
7 17
6 18
12 18
2 18
1 18
7 19
6 19
12 19
4 19
4 20
10 20
5 20
0 20
8 21
4 21
12 21
20 21
13 22
6 22
0 22
7 22
1 23
11 23
0 23
7 23
3 24
17 24
1 24
2 24
11 25
1 25
6 25
2 25
10 26
12 26
19 26
0 26
12 27
21 27
9 27
1 27
8 28
20 28
1 28
0 28
20 29
26 29
12 29
6 29
25 30
10 30
14 30
20 30
9 31
7 31
6 31
2 31
18 32
3 32
9 32
21 32
4 33
14 33
0 33
6 33
7 34
3 34
5 34
13 34
21 35
8 35
7 35
2 35
10 36
3 36
6 36
0 36
23 37
10 37
26 37
0 37
11 38
8 38
2 38
21 38
10 39
1 39
3 39
4 39
5 40
34 40
0 40
36 40
5 41
31 41
10 41
21 41
23 42
14 42
4 42
31 42
4 43
34 43
42 43
13 43
12 44
4 44
26 44
33 44
23 45
7 45
24 45
43 45
20 46
4 46
42 46
1 46
3 47
7 47
10 47
2 47
9 48
8 48
7 48
23 48
16 49
12 49
0 49
30 49
25 50
30 50
33 50
8 50
6 51
1 51
34 51
8 51
1 52
5 52
47 52
7 52
5 53
21 53
20 53
1 53
13 54
15 54
1 54
52 54
12 55
31 55
25 55
17 55
52 56
47 56
27 56
4 56
13 57
52 57
37 57
14 57
7 58
38 58
30 58
57 58
14 59
20 59
36 59
5 59
33 60
6 60
18 60
44 60
6 61
30 61
21 61
13 61
56 62
22 62
3 62
6 62
4 63
2 63
3 63
0 63
20 64
60 64
3 64
30 64
25 65
63 65
30 65
0 65
17 66
63 66
25 66
39 66
18 67
21 67
1 67
10 67
25 68
2 68
5 68
56 68
4 69
67 69
10 69
1 69
61 70
31 70
52 70
22 70
62 71
45 71
1 71
4 71
46 72
35 72
6 72
42 72
42 73
4 73
6 73
11 73
48 74
44 74
4 74
25 74
66 75
25 75
3 75
13 75
2 76
38 76
31 76
7 76
62 77
54 77
0 77
24 77
24 78
31 78
19 78
0 78
1 79
0 79
11 79
2 79
30 80
10 80
6 80
39 80
42 81
65 81
77 81
59 81
0 82
26 82
10 82
21 82
0 83
7 83
45 83
50 83
34 84
1 84
4 84
13 84
21 85
13 85
7 85
54 85
59 86
60 86
8 86
0 86
79 87
67 87
53 87
44 87
30 88
0 88
59 88
64 88
80 89
3 89
30 89
23 89
19 90
3 90
20 90
43 90
26 91
21 91
0 91
67 91
10 92
62 92
8 92
0 92
29 93
57 93
13 93
34 93
84 94
29 94
85 94
13 94
24 95
3 95
30 95
44 95
45 96
44 96
18 96
94 96
8 97
29 97
68 97
89 97
56 98
31 98
33 98
4 98
86 99
0 99
26 99
12 99
1 0 1 1 1 0 0 0 1 1 1 1 1 1 1 1 0 0 0 0 1 0 1 0 1 0 1 1 0 1 0 1 0 1 0 0 0 0 1 0 0 1 0 1 0 1 1 0 0 1 0 1 1 1 0 0 0 1 1 1 0 1 0 0 0 0 1 0 1 1 0 0 1 0 0 1 0 0 0 0 1 1 0 0 0 0 0 1 0 0 1 1 0 1 1 0 0 1 1 0
0 1 1 1 0 1 0 1 0 0 0 0 0 0 1 1 0 0 1 1 1 0 0 0 1 1 1 0 0 1 1 1 1 1 1 0 1 0 1 0 1 0 1 0 1 0 1 1 0 1 0 0 0 0 0 1 1 0 1 1 0 0 0 0 0 0 0 1 1 1 0 1 0 1 1 0 0 0 0 1 0 1 1 0 1 1 1 1 0 1 0 1 1 1 0 0 0 1 1 0
0 0 1 0 1 1 0 0 0 1 0 0 0 0 1 0 0 0 1 1 0 1 1 0 0 0 1 1 0 1 1 1 0 0 1 0 0 0 1 1 1 0 1 0 1 0 0 0 1 0 1 1 1 1 0 0 0 1 0 0 1 1 1 1 0 1 0 1 1 0 1 0 1 1 0 1 1 1 1 0 0 0 1 1 0 0 1 1 0 1 1 0 0 0 0 0 0 1 1 0
0 1 0 1 1 0 0 0 1 0 1 1 1 0 1 1 1 1 0 0 1 0 0 1 1 0 0 1 1 1 0 0 0 0 0 0 0 1 0 0 1 1 0 0 1 0 0 0 0 0 1 0 1 0 0 1 0 1 1 1 0 0 1 0 0 0 1 0 1 1 0 0 0 0 0 1 0 0 1 1 0 0 0 0 1 0 1 1 1 0 1 1 1 1 0 1 1 1 1 1
0 1 0 0 1 0 0 0 1 1 0 0 1 1 1 0 1 0 1 1 0 1 1 0 0 1 1 1 1 0 0 1 0 1 1 1 0 1 1 0 1 1 1 1 1 0 0 1 0 1 1 0 1 1 0 1 0 1 0 0 0 1 1 0 1 1 1 1 0 1 0 1 0 1 1 1 0 0 1 1 1 1 0 1 0 1 0 0 1 1 1 0 1 0 1 0 0 0 0 1