250 994 5
0 1
0 2
1 2
1 3
0 3
3 4
2 4
4 5
0 5
5 6
2 6
5 7
4 7
2 8
7 8
5 9
2 9
9 10
0 10
3 11
8 11
5 12
3 12
8 13
10 13
0 14
8 14
1 15
12 15
15 16
2 16
9 17
5 17
9 18
6 18
2 19
4 19
6 20
12 20
12 21
4 21
9 22
6 22
3 23
13 23
22 24
8 24
24 25
12 25
14 26
3 26
5 27
14 27
27 28
0 28
7 29
1 29
17 30
0 30
1 31
9 31
16 32
12 32
3 33
10 33
2 34
22 34
8 35
13 35
5 36
33 36
31 37
5 37
5 38
1 38
4 39
1 39
4 40
30 40
14 41
27 41
36 42
18 42
40 43
15 43
5 44
1 44
2 45
37 45
22 46
4 46
34 47
23 47
8 48
17 48
45 49
4 49
31 50
37 50
0 51
6 51
2 52
3 52
33 53
17 53
24 54
4 54
34 55
6 55
7 56
5 56
18 57
5 57
23 58
5 58
56 59
48 59
39 60
18 60
59 61
12 61
7 62
44 62
4 63
55 63
23 64
24 64
34 65
61 65
0 66
34 66
43 67
1 67
24 68
27 68
34 69
14 69
39 70
23 70
68 71
6 71
17 72
51 72
27 73
2 73
48 74
24 74
3 75
53 75
31 76
39 76
4 77
43 77
22 78
7 78
33 79
2 79
4 80
1 80
36 81
37 81
1 82
8 82
5 83
54 83
43 84
24 84
48 85
39 85
6 86
64 86
86 87
54 87
14 88
4 88
39 89
18 89
24 90
9 90
60 91
53 91
86 92
78 92
61 93
0 93
38 94
1 94
61 95
67 95
3 96
5 96
65 97
8 97
3 98
2 98
65 99
5 99
94 100
27 100
39 101
3 101
52 102
27 102
36 103
75 103
2 104
36 104
1 105
9 105
2 106
54 106
79 107
82 107
18 108
76 108
49 109
66 109
65 110
74 110
93 111
14 111
90 112
51 112
35 113
23 113
22 114
23 114
87 115
1 115
8 116
69 116
37 117
4 117
14 118
5 118
2 119
6 119
63 120
9 120
23 121
43 121
24 122
39 122
70 123
59 123
90 124
68 124
5 125
49 125
88 126
2 126
4 127
14 127
70 128
35 128
18 129
99 129
56 130
118 130
5 131
3 131
55 132
23 132
117 133
36 133
116 134
102 134
28 135
85 135
2 136
0 136
98 137
116 137
80 138
57 138
2 139
68 139
53 140
5 140
30 141
5 141
93 142
14 142
114 143
63 143
3 144
81 144
12 145
52 145
83 146
92 146
54 147
13 147
102 148
22 148
34 149
24 149
78 150
36 150
70 151
86 151
59 152
112 152
34 153
14 153
35 154
43 154
94 155
124 155
2 156
5 156
113 157
117 157
73 158
8 158
140 159
149 159
118 160
4 160
15 161
45 161
95 162
91 162
4 163
36 163
149 164
153 164
97 165
121 165
70 166
1 166
77 167
40 167
36 168
18 168
70 169
82 169
105 170
146 170
39 171
146 171
36 172
51 172
89 173
2 173
59 174
153 174
2 175
105 175
80 176
137 176
39 177
33 177
60 178
20 178
2 179
61 179
167 180
20 180
113 181
173 181
4 182
55 182
6 183
18 183
117 184
94 184
128 185
76 185
94 186
120 186
9 187
5 187
67 188
114 188
16 189
146 189
70 190
178 190
97 191
72 191
17 192
21 192
12 193
23 193
14 194
12 194
13 195
66 195
85 196
109 196
36 197
141 197
124 198
153 198
62 199
13 199
63 200
145 200
199 201
78 201
72 202
23 202
23 203
158 203
95 204
33 204
60 205
86 205
33 206
133 206
7 207
70 207
192 208
68 208
39 209
5 209
200 210
182 210
34 211
12 211
153 212
27 212
88 213
116 213
145 214
25 214
48 215
36 215
37 216
139 216
43 217
178 217
207 218
92 218
50 219
30 219
40 220
75 220
166 221
77 221
118 222
0 222
12 223
66 223
125 224
7 224
7 225
213 225
124 226
21 226
108 227
83 227
97 228
123 228
36 229
116 229
166 230
63 230
34 231
111 231
68 232
203 232
54 233
53 233
1 234
187 234
23 235
209 235
54 236
122 236
15 237
152 237
147 238
125 238
67 239
218 239
33 240
4 240
12 241
11 241
107 242
210 242
145 243
61 243
178 244
202 244
27 245
62 245
163 246
240 246
179 247
135 247
14 248
15 248
14 249
18 249
1 0
2 0
2 1
3 1
3 0
4 3
4 2
5 4
5 0
6 5
6 2
7 5
7 4
8 2
8 7
9 5
9 2
10 9
10 0
11 3
11 8
12 5
12 3
13 8
13 10
14 0
14 8
15 1
15 12
16 15
16 2
17 9
17 5
18 9
18 6
19 2
19 4
20 6
20 12
21 12
21 4
22 9
22 6
23 3
23 13
24 22
24 8
25 24
25 12
26 14
26 3
27 5
27 14
28 27
28 0
29 7
29 1
30 17
30 0
31 1
31 9
32 16
32 12
33 3
33 10
34 2
34 22
35 8
35 13
36 5
36 33
37 31
37 5
38 5
38 1
39 4
39 1
40 4
40 30
41 14
41 27
42 36
42 18
43 40
43 15
44 5
44 1
45 2
45 37
46 22
46 4
47 34
47 23
48 8
48 17
49 45
49 4
50 31
50 37
51 0
51 6
52 2
52 3
53 33
53 17
54 24
54 4
55 34
55 6
56 7
56 5
57 18
57 5
58 23
58 5
59 56
59 48
60 39
60 18
61 59
61 12
62 7
62 44
63 4
63 55
64 23
64 24
65 34
65 61
66 0
66 34
67 43
67 1
68 24
68 27
69 34
69 14
70 39
70 23
71 68
71 6
72 17
72 51
73 27
73 2
74 48
74 24
75 3
75 53
76 31
76 39
77 4
77 43
78 22
78 7
79 33
79 2
80 4
80 1
81 36
81 37
82 1
82 8
83 5
83 54
84 43
84 24
85 48
85 39
86 6
86 64
87 86
87 54
88 14
88 4
89 39
89 18
90 24
90 9
91 60
91 53
92 86
92 78
93 61
93 0
94 38
94 1
95 61
95 67
96 3
96 5
97 65
97 8
98 3
98 2
99 65
99 5
100 94
100 27
101 39
101 3
102 52
102 27
103 36
103 75
104 2
104 36
105 1
105 9
106 2
106 54
107 79
107 82
108 18
108 76
109 49
109 66
110 65
110 74
111 93
111 14
112 90
112 51
113 35
113 23
114 22
114 23
115 87
115 1
116 8
116 69
117 37
117 4
118 14
118 5
119 2
119 6
120 63
120 9
121 23
121 43
122 24
122 39
123 70
123 59
124 90
124 68
125 5
125 49
126 88
126 2
127 4
127 14
128 70
128 35
129 18
129 99
130 56
130 118
131 5
131 3
132 55
132 23
133 117
133 36
134 116
134 102
135 28
135 85
136 2
136 0
137 98
137 116
138 80
138 57
139 2
139 68
140 53
140 5
141 30
141 5
142 93
142 14
143 114
143 63
144 3
144 81
145 12
145 52
146 83
146 92
147 54
147 13
148 102
148 22
149 34
149 24
150 78
150 36
151 70
151 86
152 59
152 112
153 34
153 14
154 35
154 43
155 94
155 124
156 2
156 5
157 113
157 117
158 73
158 8
159 140
159 149
160 118
160 4
161 15
161 45
162 95
162 91
163 4
163 36
164 149
164 153
165 97
165 121
166 70
166 1
167 77
167 40
168 36
168 18
169 70
169 82
170 105
170 146
171 39
171 146
172 36
172 51
173 89
173 2
174 59
174 153
175 2
175 105
176 80
176 137
177 39
177 33
178 60
178 20
179 2
179 61
180 167
180 20
181 113
181 173
182 4
182 55
183 6
183 18
184 117
184 94
185 128
185 76
186 94
186 120
187 9
187 5
188 67
188 114
189 16
189 146
190 70
190 178
191 97
191 72
192 17
192 21
193 12
193 23
194 14
194 12
195 13
195 66
196 85
196 109
197 36
197 141
198 124
198 153
199 62
199 13
200 63
200 145
201 199
201 78
202 72
202 23
203 23
203 158
204 95
204 33
205 60
205 86
206 33
206 133
207 7
207 70
208 192
208 68
209 39
209 5
210 200
210 182
211 34
211 12
212 153
212 27
213 88
213 116
214 145
214 25
215 48
215 36
216 37
216 139
217 43
217 178
218 207
218 92
219 50
219 30
220 40
220 75
221 166
221 77
222 118
222 0
223 12
223 66
224 125
224 7
225 7
225 213
226 124
226 21
227 108
227 83
228 97
228 123
229 36
229 116
230 166
230 63
231 34
231 111
232 68
232 203
233 54
233 53
234 1
234 187
235 23
235 209
236 54
236 122
237 15
237 152
238 147
238 125
239 67
239 218
240 33
240 4
241 12
241 11
242 107
242 210
243 145
243 61
244 178
244 202
245 27
245 62
246 163
246 240
247 179
247 135
248 14
248 15
249 14
249 18
1 1 0 0 1 0 1 1 1 0 1 0 0 1 1 0 1 0 1 1 0 0 1 0 0 0 0 0 1 1 0 0 1 1 0 1 0 1 1 0 1 1 1 1 0 0 0 1 1 0 0 1 1 1 0 1 0 1 1 0 1 0 0 0 1 1 0 1 0 1 1 0 0 1 1 0 0 1 0 0 1 0 1 0 1 0 1 0 1 0 1 0 1 1 1 1 1 0 1 1 1 0 1 0 1 1 0 0 0 1 1 0 1 0 1 0 0 1 1 1 0 1 0 1 1 1 1 1 0 1 1 0 0 1 0 0 0 1 0 0 0 1 0 1 0 1 0 0 0 1 1 1 0 1 0 1 0 1 1 1 1 0 0 0 0 1 1 0 1 0 1 0 1 1 1 0 1 0 1 1 1 0 0 0 1 1 1 0 0 0 0 0 0 1 1 1 1 1 1 0 1 1 0 1 1 1 1 1 0 0 0 0 0 1 0 1 0 0 1 1 1 1 0 1 1 0 0 1 0 0 1 0 0 0 0 0 0 1 1 1 1 0 0 0 0 0 0 0 0 0
1 0 0 0 0 1 0 1 1 1 0 0 0 0 1 1 1 0 1 0 1 0 1 1 0 0 0 1 0 1 0 0 0 1 1 0 0 0 0 0 0 1 1 1 1 1 1 0 0 1 0 0 0 1 0 0 0 1 1 0 1 0 1 1 0 1 1 0 0 0 0 0 1 0 1 1 0 1 1 0 1 1 0 1 1 1 0 1 1 1 1 1 0 1 0 0 1 0 0 0 1 1 1 1 1 1 1 1 1 0 0 0 1 0 0 1 0 1 1 1 0 0 0 1 1 0 1 1 1 0 1 1 0 1 1 1 0 1 1 0 0 1 0 1 0 0 0 1 1 0 0 0 0 0 0 0 0 1 0 1 0 1 0 0 1 1 1 0 0 0 1 0 0 0 1 1 1 0 1 1 1 0 1 1 1 1 1 1 1 1 0 1 1 1 1 0 1 0 0 0 0 1 1 1 1 1 0 0 0 1 1 1 0 1 0 1 0 0 1 0 0 0 0 1 1 1 1 1 0 0 0 0 0 0 1 0 1 1 0 1 0 0 1 0 1 1 1 1 1 0
1 1 0 0 1 0 0 0 1 0 1 0 0 1 0 1 1 0 1 1 1 1 0 1 1 1 0 0 0 1 1 1 1 1 0 0 0 0 0 1 1 1 1 0 0 0 1 1 0 1 1 0 0 1 0 1 0 0 1 1 0 0 1 1 1 0 0 0 1 0 1 0 0 1 0 1 0 0 0 0 1 1 0 1 0 1 0 1 1 1 1 0 0 1 1 1 1 0 1 1 0 0 1 1 0 0 0 1 1 0 1 0 0 0 0 1 1 0 0 0 1 1 1 1 1 0 1 1 1 0 0 1 1 0 1 1 1 1 0 1 0 1 1 1 1 0 0 1 0 0 0 0 0 0 0 1 0 1 0 0 0 1 1 0 1 0 0 1 0 0 1 0 1 0 1 1 1 1 0 0 1 1 0 0 1 1 0 1 1 0 1 1 0 1 1 1 0 0 0 0 0 0 0 0 0 1 1 1 1 1 0 0 1 0 0 0 1 1 0 1 0 0 1 1 1 0 1 0 1 0 1 0 1 0 1 0 0 0 1 1 1 0 1 0 0 0 1 0 1 0
1 1 0 1 1 1 0 0 1 1 0 0 1 0 1 1 0 1 1 1 0 0 0 1 0 0 1 0 0 0 1 0 1 1 1 1 0 0 0 1 1 1 1 0 0 1 1 1 1 0 0 1 1 1 1 1 0 0 0 1 1 1 1 0 0 0 0 1 1 1 0 1 1 0 0 0 0 0 0 1 1 1 1 1 0 0 0 0 0 0 0 1 0 1 1 1 0 1 0 0 0 1 1 0 1 0 0 0 0 1 0 1 1 0 1 0 0 0 0 1 1 1 1 0 1 0 1 0 0 0 1 0 0 0 1 0 1 1 0 0 1 0 1 0 1 0 1 1 0 0 1 1 1 1 1 0 1 0 0 1 0 1 1 1 0 0 0 1 1 1 0 1 1 1 0 0 1 0 1 0 1 0 0 0 0 1 1 0 0 1 1 0 1 1 0 1 1 0 1 0 1 1 1 1 1 1 0 1 0 0 0 1 1 1 1 0 0 0 1 1 1 0 1 0 1 0 0 0 0 0 0 1 1 1 1 0 0 1 1 1 0 0 1 1 0 0 0 0 0 0
1 0 1 0 0 1 1 0 0 0 1 1 0 1 1 1 0 0 1 1 0 0 1 0 1 0 1 1 1 1 1 1 1 1 1 1 0 1 1 0 0 1 1 1 0 1 1 1 1 1 0 1 1 1 1 0 0 0 0 0 0 1 0 0 1 1 0 0 0 0 0 1 1 1 1 0 0 1 1 1 0 0 1 1 1 0 0 0 1 0 0 0 1 1 1 0 0 0 1 0 0 0 1 0 1 0 1 0 0 0 1 1 1 0 1 0 1 0 0 0 1 1 1 0 0 0 0 0 0 1 1 0 0 1 1 0 0 1 1 0 0 0 0 0 0 1 0 0 0 0 0 0 1 1 0 1 0 1 0 0 1 0 1 0 0 1 1 0 0 1 0 1 0 0 0 0 1 0 1 1 1 1 1 0 0 0 1 0 1 1 1 0 0 0 1 0 0 0 1 1 0 1 1 0 1 1 0 1 0 0 0 1 0 1 1 0 1 0 1 1 0 1 1 0 1 1 1 0 0 0 1 0 1 1 0 1 1 0 0 1 1 0 1 0 1 1 1 0 0 0