100 198 5
0 1
1 2
2 3
1 4
0 5
1 6
3 7
5 8
7 9
4 10
2 11
2 12
5 13
0 14
3 15
0 16
9 17
0 18
0 19
13 20
11 21
14 22
9 23
13 24
18 25
6 26
4 27
6 28
6 29
4 30
30 31
12 32
10 33
3 34
1 35
16 36
5 37
0 38
29 39
30 40
35 41
33 42
21 43
0 44
40 45
11 46
40 47
24 48
35 49
13 50
24 51
0 52
7 53
3 54
54 55
38 56
3 57
4 58
44 59
13 60
6 61
29 62
44 63
6 64
39 65
6 66
25 67
66 68
28 69
51 70
36 71
4 72
61 73
4 74
14 75
61 76
3 77
40 78
11 79
18 80
23 81
65 82
68 83
1 84
1 85
10 86
55 87
15 88
52 89
18 90
19 91
20 92
87 93
21 94
4 95
3 96
30 97
9 98
52 99
1 0
2 1
3 2
4 1
5 0
6 1
7 3
8 5
9 7
10 4
11 2
12 2
13 5
14 0
15 3
16 0
17 9
18 0
19 0
20 13
21 11
22 14
23 9
24 13
25 18
26 6
27 4
28 6
29 6
30 4
31 30
32 12
33 10
34 3
35 1
36 16
37 5
38 0
39 29
40 30
41 35
42 33
43 21
44 0
45 40
46 11
47 40
48 24
49 35
50 13
51 24
52 0
53 7
54 3
55 54
56 38
57 3
58 4
59 44
60 13
61 6
62 29
63 44
64 6
65 39
66 6
67 25
68 66
69 28
70 51
71 36
72 4
73 61
74 4
75 14
76 61
77 3
78 40
79 11
80 18
81 23
82 65
83 68
84 1
85 1
86 10
87 55
88 15
89 52
90 18
91 19
92 20
93 87
94 21
95 4
96 3
97 30
98 9
99 52
0 0 0 0 0 1 0 1 1 1 1 1 0 1 0 1 0 0 1 1 1 0 0 1 1 0 0 0 1 1 1 0 1 1 0 1 0 1 1 0 1 0 1 1 0 0 1 0 1 1 0 0 1 1 1 0 1 0 0 1 1 0 0 1 0 0 1 1 0 1 1 0 1 1 0 1 1 0 0 1 1 0 0 1 0 0 1 1 0 1 1 1 0 0 0 0 1 1 1 1
1 1 0 0 1 1 1 0 1 1 0 1 0 0 0 1 1 1 1 0 1 1 0 1 1 0 0 0 0 1 0 1 1 0 1 1 1 0 0 0 0 1 1 0 1 1 1 0 1 1 1 0 0 0 0 1 1 1 0 1 1 1 0 1 1 0 0 0 1 1 0 0 0 1 0 1 0 1 0 1 0 1 1 1 1 0 0 1 1 1 0 0 0 1 0 1 1 0 1 1
1 1 0 1 1 0 0 1 0 1 1 0 0 1 0 0 0 0 0 0 0 1 1 1 1 1 0 1 1 0 0 0 0 1 0 0 1 1 0 0 0 0 1 1 1 1 1 0 0 1 1 1 0 0 1 1 1 1 0 1 0 1 0 1 1 1 0 1 1 1 1 1 0 0 1 1 1 0 1 0 1 0 1 1 0 1 0 1 0 0 1 0 1 0 1 0 1 1 0 1
0 1 1 0 0 1 0 1 0 0 0 1 0 1 1 1 0 1 0 1 0 0 0 1 0 0 0 0 0 1 0 1 0 0 1 0 1 0 1 0 0 1 1 1 1 1 0 1 0 1 0 1 0 1 1 1 0 1 0 0 1 1 1 1 1 1 0 1 1 1 1 0 1 0 1 0 1 0 0 1 1 0 1 1 1 1 1 1 0 1 1 1 1 0 0 0 1 0 1 1
0 1 1 1 1 1 0 0 0 1 0 0 0 1 1 0 1 0 1 0 0 0 0 1 0 1 0 1 1 0 1 0 1 0 0 0 1 0 1 0 1 0 0 0 1 0 0 1 1 1 0 0 1 1 0 0 0 0 0 1 1 0 0 1 1 0 0 1 0 0 1 1 0 0 1 1 1 1 1 1 0 1 0 0 0 0 1 0 0 1 1 1 0 0 0 0 0 1 0 0