100 198 5
0 1
0 2
0 3
0 4
1 5
1 6
0 7
0 8
1 9
0 10
4 11
8 12
4 13
0 14
0 15
1 16
0 17
5 18
9 19
0 20
14 21
0 22
0 23
5 24
22 25
7 26
0 27
22 28
15 29
24 30
4 31
16 32
14 33
0 34
1 35
27 36
24 37
9 38
15 39
31 40
33 41
35 42
2 43
6 44
0 45
4 46
25 47
5 48
1 49
2 50
9 51
21 52
0 53
53 54
54 55
9 56
23 57
35 58
25 59
41 60
0 61
0 62
10 63
39 64
60 65
22 66
38 67
1 68
15 69
0 70
30 71
48 72
14 73
26 74
10 75
73 76
28 77
62 78
48 79
68 80
0 81
72 82
73 83
75 84
81 85
73 86
0 87
58 88
41 89
62 90
60 91
41 92
37 93
38 94
76 95
57 96
0 97
41 98
28 99
1 0
2 0
3 0
4 0
5 1
6 1
7 0
8 0
9 1
10 0
11 4
12 8
13 4
14 0
15 0
16 1
17 0
18 5
19 9
20 0
21 14
22 0
23 0
24 5
25 22
26 7
27 0
28 22
29 15
30 24
31 4
32 16
33 14
34 0
35 1
36 27
37 24
38 9
39 15
40 31
41 33
42 35
43 2
44 6
45 0
46 4
47 25
48 5
49 1
50 2
51 9
52 21
53 0
54 53
55 54
56 9
57 23
58 35
59 25
60 41
61 0
62 0
63 10
64 39
65 60
66 22
67 38
68 1
69 15
70 0
71 30
72 48
73 14
74 26
75 10
76 73
77 28
78 62
79 48
80 68
81 0
82 72
83 73
84 75
85 81
86 73
87 0
88 58
89 41
90 62
91 60
92 41
93 37
94 38
95 76
96 57
97 0
98 41
99 28
1 1 1 1 0 0 1 1 0 1 1 1 1 1 1 1 0 1 1 0 0 0 0 0 0 0 1 1 1 1 1 1 0 1 1 0 1 1 0 0 1 0 1 0 0 1 0 1 0 0 1 1 1 0 0 1 0 1 0 0 0 0 1 1 0 0 0 0 1 0 1 1 0 0 0 1 0 1 0 0 1 1 0 1 0 1 0 1 1 1 1 1 0 0 1 1 0 1 1 0
1 1 0 0 1 1 0 1 1 1 0 1 0 0 1 0 0 1 1 1 0 1 0 1 0 0 1 1 0 0 0 0 1 1 1 1 0 1 0 1 0 1 1 0 1 1 1 0 0 1 1 1 0 0 0 1 1 1 1 1 0 1 0 1 0 1 1 0 1 0 1 1 0 0 1 0 1 1 0 1 0 0 0 1 1 0 0 1 0 0 0 0 1 0 0 1 0 0 0 0
0 0 0 1 1 0 0 1 1 1 0 1 0 0 0 0 1 0 1 0 0 0 0 0 0 1 1 1 0 1 0 1 1 1 1 0 1 0 1 0 0 0 1 1 1 0 0 0 0 0 0 1 0 0 0 1 0 1 0 0 0 1 1 1 1 0 1 1 1 1 0 1 1 0 1 0 0 0 0 0 1 0 0 0 0 1 1 1 1 1 0 0 0 0 1 1 1 0 1 0
0 0 0 0 1 0 0 0 0 1 1 1 0 1 0 0 0 0 0 1 1 0 0 0 1 0 1 1 0 0 0 1 0 1 0 0 1 0 0 0 1 0 0 0 1 1 0 1 1 1 0 1 1 0 1 1 1 1 1 0 1 1 1 1 1 1 0 1 1 1 0 0 1 0 1 0 0 1 1 1 0 0 0 1 1 1 1 0 1 0 1 1 0 0 1 1 1 1 1 0
0 1 1 0 1 1 1 1 0 1 0 0 0 1 0 1 1 1 0 1 0 1 0 0 1 1 1 0 0 1 0 0 1 1 1 0 1 0 1 0 0 1 1 1 0 0 1 0 1 1 1 0 1 1 0 0 0 1 0 0 1 0 0 1 1 0 1 1 0 1 0 0 0 1 0 1 0 1 1 0 1 1 0 1 0 0 0 1 1 0 1 1 1 1 0 0 1 1 1 0