100 390 5
0 1
0 2
1 2
0 3
1 3
2 3
0 4
1 4
2 4
3 4
3 5
0 5
2 5
4 5
1 6
2 6
0 6
5 6
5 7
3 7
6 7
2 7
5 8
1 8
2 8
4 8
0 9
4 9
1 9
5 9
0 10
1 10
8 10
9 10
6 11
10 11
4 11
1 11
1 12
4 12
2 12
5 12
3 13
1 13
5 13
2 13
9 14
2 14
0 14
10 14
10 15
3 15
4 15
5 15
3 16
2 16
11 16
9 16
1 17
13 17
5 17
0 17
16 18
3 18
5 18
10 18
3 19
6 19
0 19
11 19
4 20
2 20
16 20
19 20
3 21
1 21
6 21
9 21
14 22
9 22
17 22
8 22
5 23
6 23
9 23
22 23
4 24
15 24
5 24
11 24
16 25
9 25
21 25
5 25
22 26
7 26
0 26
3 26
0 27
5 27
7 27
1 27
10 28
20 28
13 28
21 28
6 29
9 29
4 29
10 29
8 30
3 30
1 30
13 30
21 31
6 31
16 31
2 31
29 32
0 32
19 32
13 32
17 33
8 33
4 33
6 33
13 34
21 34
2 34
9 34
1 35
5 35
28 35
14 35
18 36
15 36
0 36
8 36
34 37
7 37
25 37
3 37
8 38
26 38
24 38
13 38
34 39
0 39
2 39
4 39
17 40
3 40
16 40
18 40
25 41
19 41
16 41
24 41
4 42
10 42
21 42
2 42
5 43
20 43
2 43
7 43
20 44
9 44
1 44
25 44
26 45
0 45
30 45
1 45
16 46
8 46
10 46
18 46
10 47
2 47
8 47
15 47
46 48
10 48
11 48
3 48
25 49
1 49
18 49
12 49
3 50
12 50
9 50
37 50
25 51
45 51
37 51
8 51
16 52
31 52
7 52
48 52
28 53
45 53
3 53
16 53
31 54
27 54
8 54
50 54
36 55
2 55
10 55
5 55
24 56
31 56
35 56
50 56
41 57
3 57
15 57
22 57
17 58
29 58
56 58
26 58
1 59
17 59
25 59
20 59
16 60
25 60
36 60
14 60
4 61
2 61
30 61
20 61
11 62
36 62
30 62
38 62
14 63
15 63
45 63
39 63
15 64
20 64
33 64
17 64
13 65
6 65
0 65
2 65
0 66
46 66
24 66
3 66
20 67
5 67
8 67
2 67
32 68
6 68
30 68
54 68
10 69
51 69
44 69
45 69
11 70
66 70
35 70
21 70
10 71
21 71
28 71
32 71
38 72
8 72
29 72
22 72
17 73
53 73
15 73
2 73
31 74
10 74
24 74
14 74
10 75
3 75
69 75
25 75
50 76
0 76
62 76
53 76
25 77
42 77
12 77
8 77
54 78
2 78
4 78
34 78
31 79
10 79
63 79
5 79
38 80
35 80
5 80
72 80
16 81
31 81
2 81
25 81
79 82
43 82
3 82
1 82
6 83
34 83
17 83
10 83
4 84
42 84
75 84
3 84
26 85
9 85
82 85
3 85
68 86
57 86
4 86
27 86
10 87
56 87
0 87
4 87
80 88
4 88
20 88
31 88
74 89
2 89
17 89
21 89
33 90
56 90
17 90
44 90
83 91
10 91
4 91
2 91
33 92
54 92
18 92
7 92
55 93
80 93
24 93
1 93
40 94
33 94
24 94
7 94
10 95
52 95
36 95
78 95
6 96
22 96
73 96
35 96
0 97
7 97
38 97
50 97
79 98
71 98
2 98
9 98
30 99
12 99
3 99
68 99
1 0 0 0 1 0 0 1 1 0 0 0 1 0 0 0 1 1 0 1 1 0 0 1 0 1 1 1 1 0 1 0 0 0 0 1 0 1 0 0 1 0 0 0 1 0 1 1 0 0 1 0 1 1 1 1 1 0 0 1 1 0 0 0 1 0 1 1 1 0 0 1 1 0 1 0 1 0 0 1 1 1 1 0 0 1 0 1 0 1 0 0 1 0 0 0 0 0 0 1
0 1 0 0 0 0 0 0 0 0 0 0 0 1 1 0 1 0 1 0 1 1 1 0 1 0 1 1 1 0 0 1 0 0 1 0 0 0 0 1 1 1 0 0 1 0 1 1 1 0 1 0 0 1 0 0 1 0 0 0 1 0 0 1 1 0 0 1 1 0 1 0 0 1 1 0 0 0 1 1 0 1 1 0 1 0 1 1 1 0 0 0 0 1 1 0 0 0 1 0
1 0 1 1 1 1 1 0 0 0 1 1 1 1 1 1 1 1 1 1 1 0 1 0 0 0 1 0 1 1 1 1 1 0 1 0 1 1 1 1 0 1 1 0 0 0 1 0 0 0 1 1 1 1 0 0 0 0 1 1 1 1 1 0 0 0 1 0 1 1 0 1 0 1 0 0 0 0 0 1 1 1 1 1 0 1 0 1 0 0 0 1 0 0 1 1 0 1 0 0
0 0 0 1 0 0 0 1 0 0 1 1 1 0 0 0 1 1 1 1 1 0 0 1 1 0 0 0 0 0 0 0 1 1 1 0 1 0 0 1 0 0 0 0 0 1 0 1 0 1 0 0 1 0 1 1 0 0 1 0 0 0 0 1 1 0 1 1 0 1 0 1 1 1 1 1 1 1 1 0 0 1 0 1 0 1 0 1 1 0 1 0 1 1 1 0 1 1 0 1
0 1 0 0 1 1 0 1 1 0 0 0 1 0 1 1 1 0 0 1 1 1 1 1 1 0 0 0 1 1 1 0 1 1 0 1 0 0 0 0 1 1 0 0 0 0 0 1 1 1 0 1 1 1 1 1 1 0 1 0 1 1 1 1 1 1 0 1 1 0 0 0 1 0 1 1 0 1 1 1 0 0 0 1 0 1 1 1 1 1 1 1 0 1 1 1 0 0 1 0