100 390 5
1 0 0 1 0 1 1 0 0 0 0 0 1 1 1 1 1 0 0 1 0 1 0 1 0 0 1 0 1 1 0 0 1 0 0 1 1 1 0 0 1 1 1 1 1 0 1 1 1 0 0 0 1 1 1 0 1 1 1 0 1 0 0 1 0 1 1 0 0 0 0 1 0 0 0 0 0 1 1 1 1 1 1 1 0 0 1 1 0 0 0 1 0 1 1 0 0 0 1 0
1 0 0 0 1 0 0 0 0 1 0 1 0 1 1 0 0 1 0 1 0 0 1 0 1 1 0 1 0 0 0 1 1 1 0 0 0 0 0 0 1 0 0 1 1 1 0 1 1 0 0 1 0 0 1 0 0 1 1 1 1 1 1 1 1 0 0 0 1 0 0 0 0 0 1 1 1 1 0 0 1 1 1 0 0 1 0 1 1 0 0 1 0 0 0 1 0 1 1 0
0 1 0 0 0 1 0 0 1 0 0 1 0 0 0 0 1 1 0 0 0 1 1 1 1 1 1 1 0 1 0 1 1 0 0 1 0 0 0 0 1 0 1 1 0 1 0 1 1 1 1 1 1 1 0 0 1 0 0 1 0 0 1 1 0 0 1 1 0 0 1 0 0 0 1 0 0 1 0 0 0 1 1 1 1 0 1 1 1 0 0 1 1 1 0 0 0 0 0 0
1 0 1 1 1 1 0 0 1 1 0 0 0 1 1 0 0 1 1 0 1 0 0 1 0 0 1 0 0 1 0 0 1 0 0 0 0 1 0 1 0 0 0 0 1 0 1 0 0 0 1 0 0 1 1 1 1 1 1 0 1 1 0 1 0 0 0 1 0 0 1 0 1 1 1 0 0 0 0 1 1 0 0 0 1 0 1 1 0 1 1 1 0 0 0 0 1 1 0 0
0 0 1 1 0 0 1 0 1 0 0 1 1 1 1 1 0 1 1 1 0 0 1 0 0 1 0 0 0 0 0 0 0 0 0 0 0 0 0 1 0 1 0 0 0 0 1 0 1 0 1 0 1 0 1 1 1 1 1 1 0 0 0 0 0 0 0 0 0 0 1 1 1 0 0 1 0 1 0 1 0 1 0 0 0 0 0 1 0 0 1 0 1 1 1 1 1 0 1 1
0 1
0 2
1 2
0 3
1 3
2 3
0 4
1 4
2 4
3 4
4 5
2 5
0 5
1 5
5 6
2 6
0 6
3 6
3 7
4 7
0 7
1 7
1 8
5 8
4 8
7 8
4 9
2 9
0 9
1 9
2 10
0 10
5 10
1 10
9 11
5 11
0 11
2 11
5 12
0 12
4 12
2 12
2 13
4 13
5 13
10 13
7 14
5 14
0 14
1 14
4 15
0 15
7 15
5 15
15 16
10 16
0 16
4 16
0 17
9 17
3 17
15 17
0 18
3 18
7 18
6 18
15 19
4 19
5 19
9 19
0 20
4 20
9 20
2 20
3 21
5 21
4 21
2 21
2 22
17 22
4 22
21 22
7 23
4 23
2 23
12 23
9 24
17 24
16 24
19 24
20 25
4 25
17 25
2 25
0 26
9 26
2 26
16 26
12 27
9 27
0 27
1 27
0 28
4 28
23 28
1 28
10 29
2 29
5 29
6 29
19 30
3 30
13 30
17 30
21 31
2 31
17 31
5 31
10 32
17 32
4 32
0 32
7 33
17 33
1 33
4 33
0 34
10 34
32 34
16 34
9 35
1 35
19 35
10 35
8 36
27 36
24 36
35 36
1 37
17 37
4 37
10 37
9 38
25 38
4 38
2 38
30 39
21 39
12 39
0 39
13 40
0 40
8 40
20 40
6 41
21 41
36 41
11 41
4 42
5 42
19 42
31 42
1 43
4 43
26 43
2 43
39 44
42 44
2 44
6 44
5 45
9 45
19 45
21 45
35 46
0 46
3 46
13 46
23 47
5 47
13 47
6 47
0 48
26 48
12 48
5 48
2 49
47 49
41 49
39 49
5 50
15 50
2 50
8 50
2 51
43 51
12 51
44 51
42 52
12 52
14 52
41 52
46 53
0 53
33 53
21 53
1 54
31 54
28 54
44 54
12 55
13 55
4 55
37 55
54 56
1 56
0 56
6 56
1 57
56 57
34 57
29 57
44 58
0 58
4 58
2 58
13 59
43 59
12 59
37 59
33 60
48 60
20 60
30 60
9 61
6 61
41 61
20 61
17 62
6 62
13 62
54 62
20 63
3 63
51 63
8 63
7 64
2 64
41 64
5 64
7 65
0 65
61 65
28 65
60 66
47 66
52 66
5 66
1 67
27 67
11 67
6 67
0 68
5 68
56 68
1 68
46 69
13 69
37 69
28 69
12 70
28 70
4 70
2 70
17 71
6 71
24 71
56 71
54 72
1 72
4 72
22 72
26 73
44 73
56 73
7 73
25 74
0 74
1 74
5 74
7 75
44 75
10 75
60 75
65 76
75 76
46 76
44 76
12 77
52 77
30 77
31 77
62 78
51 78
0 78
47 78
7 79
56 79
71 79
16 79
20 80
25 80
17 80
41 80
12 81
68 81
32 81
37 81
7 82
23 82
57 82
1 82
20 83
28 83
49 83
24 83
10 84
0 84
30 84
69 84
59 85
41 85
53 85
4 85
3 86
64 86
72 86
17 86
69 87
83 87
5 87
51 87
4 88
26 88
20 88
2 88
40 89
32 89
10 89
64 89
7 90
10 90
9 90
28 90
79 91
71 91
48 91
63 91
87 92
60 92
66 92
19 92
10 93
92 93
6 93
85 93
63 94
20 94
4 94
53 94
4 95
21 95
54 95
61 95
7 96
0 96
91 96
88 96
67 97
70 97
15 97
85 97
96 98
33 98
7 98
2 98
91 99
74 99
30 99
55 99