100 780 5
0 1
0 2
1 2
0 3
1 3
2 3
0 4
1 4
2 4
3 4
1 5
4 5
0 5
3 5
5 6
3 6
1 6
2 6
1 7
4 7
5 7
0 7
6 8
4 8
3 8
7 8
5 9
7 9
3 9
6 9
9 10
3 10
6 10
2 10
4 11
3 11
0 11
2 11
9 12
2 12
11 12
0 12
5 13
2 13
6 13
10 13
12 14
0 14
3 14
11 14
12 15
4 15
2 15
11 15
15 16
12 16
0 16
10 16
1 17
9 17
4 17
6 17
17 18
1 18
10 18
4 18
8 19
12 19
3 19
6 19
14 20
18 20
8 20
5 20
13 21
6 21
2 21
9 21
0 22
2 22
19 22
9 22
22 23
19 23
16 23
0 23
19 24
4 24
1 24
2 24
3 25
21 25
23 25
11 25
19 26
6 26
4 26
0 26
26 27
25 27
18 27
17 27
3 28
14 28
4 28
26 28
19 29
5 29
8 29
1 29
17 30
19 30
10 30
6 30
11 31
5 31
14 31
8 31
29 32
7 32
4 32
5 32
2 33
8 33
5 33
25 33
30 34
26 34
3 34
8 34
2 35
8 35
16 35
5 35
27 36
7 36
2 36
17 36
2 37
8 37
36 37
18 37
9 38
19 38
2 38
12 38
9 39
23 39
21 39
4 39
0 40
24 40
27 40
3 40
21 41
1 41
6 41
0 41
21 42
3 42
25 42
5 42
9 43
2 43
42 43
34 43
3 44
15 44
37 44
21 44
27 45
21 45
6 45
40 45
10 46
12 46
21 46
3 46
1 47
26 47
25 47
17 47
17 48
39 48
8 48
27 48
17 49
47 49
36 49
20 49
17 50
48 50
10 50
0 50
31 51
36 51
29 51
45 51
37 52
17 52
11 52
4 52
27 53
34 53
4 53
6 53
42 54
4 54
24 54
46 54
43 55
35 55
3 55
6 55
1 56
17 56
0 56
46 56
21 57
9 57
36 57
17 57
46 58
53 58
42 58
31 58
41 59
47 59
17 59
42 59
43 60
41 60
11 60
3 60
0 61
12 61
8 61
2 61
38 62
8 62
0 62
45 62
51 63
20 63
26 63
56 63
21 64
2 64
20 64
42 64
11 65
22 65
7 65
54 65
41 66
11 66
40 66
54 66
15 67
11 67
26 67
38 67
24 68
34 68
15 68
17 68
64 69
51 69
24 69
42 69
3 70
38 70
27 70
7 70
22 71
28 71
62 71
59 71
21 72
10 72
59 72
4 72
56 73
5 73
6 73
18 73
47 74
18 74
0 74
41 74
7 75
18 75
3 75
23 75
63 76
1 76
5 76
7 76
11 77
58 77
46 77
13 77
18 78
2 78
20 78
0 78
13 79
10 79
14 79
27 79
17 80
16 80
66 80
51 80
4 81
28 81
42 81
51 81
10 82
52 82
18 82
54 82
62 83
30 83
70 83
48 83
43 84
0 84
40 84
13 84
11 85
57 85
14 85
71 85
42 86
17 86
71 86
4 86
6 87
10 87
41 87
37 87
42 88
27 88
73 88
51 88
69 89
15 89
6 89
80 89
76 90
51 90
34 90
45 90
7 91
47 91
5 91
26 91
26 92
88 92
2 92
10 92
41 93
5 93
18 93
25 93
52 94
81 94
69 94
56 94
62 95
15 95
81 95
31 95
44 96
38 96
69 96
17 96
3 97
51 97
34 97
19 97
37 98
23 98
8 98
96 98
36 99
19 99
38 99
23 99
1 0
2 0
2 1
3 0
3 1
3 2
4 0
4 1
4 2
4 3
5 1
5 4
5 0
5 3
6 5
6 3
6 1
6 2
7 1
7 4
7 5
7 0
8 6
8 4
8 3
8 7
9 5
9 7
9 3
9 6
10 9
10 3
10 6
10 2
11 4
11 3
11 0
11 2
12 9
12 2
12 11
12 0
13 5
13 2
13 6
13 10
14 12
14 0
14 3
14 11
15 12
15 4
15 2
15 11
16 15
16 12
16 0
16 10
17 1
17 9
17 4
17 6
18 17
18 1
18 10
18 4
19 8
19 12
19 3
19 6
20 14
20 18
20 8
20 5
21 13
21 6
21 2
21 9
22 0
22 2
22 19
22 9
23 22
23 19
23 16
23 0
24 19
24 4
24 1
24 2
25 3
25 21
25 23
25 11
26 19
26 6
26 4
26 0
27 26
27 25
27 18
27 17
28 3
28 14
28 4
28 26
29 19
29 5
29 8
29 1
30 17
30 19
30 10
30 6
31 11
31 5
31 14
31 8
32 29
32 7
32 4
32 5
33 2
33 8
33 5
33 25
34 30
34 26
34 3
34 8
35 2
35 8
35 16
35 5
36 27
36 7
36 2
36 17
37 2
37 8
37 36
37 18
38 9
38 19
38 2
38 12
39 9
39 23
39 21
39 4
40 0
40 24
40 27
40 3
41 21
41 1
41 6
41 0
42 21
42 3
42 25
42 5
43 9
43 2
43 42
43 34
44 3
44 15
44 37
44 21
45 27
45 21
45 6
45 40
46 10
46 12
46 21
46 3
47 1
47 26
47 25
47 17
48 17
48 39
48 8
48 27
49 17
49 47
49 36
49 20
50 17
50 48
50 10
50 0
51 31
51 36
51 29
51 45
52 37
52 17
52 11
52 4
53 27
53 34
53 4
53 6
54 42
54 4
54 24
54 46
55 43
55 35
55 3
55 6
56 1
56 17
56 0
56 46
57 21
57 9
57 36
57 17
58 46
58 53
58 42
58 31
59 41
59 47
59 17
59 42
60 43
60 41
60 11
60 3
61 0
61 12
61 8
61 2
62 38
62 8
62 0
62 45
63 51
63 20
63 26
63 56
64 21
64 2
64 20
64 42
65 11
65 22
65 7
65 54
66 41
66 11
66 40
66 54
67 15
67 11
67 26
67 38
68 24
68 34
68 15
68 17
69 64
69 51
69 24
69 42
70 3
70 38
70 27
70 7
71 22
71 28
71 62
71 59
72 21
72 10
72 59
72 4
73 56
73 5
73 6
73 18
74 47
74 18
74 0
74 41
75 7
75 18
75 3
75 23
76 63
76 1
76 5
76 7
77 11
77 58
77 46
77 13
78 18
78 2
78 20
78 0
79 13
79 10
79 14
79 27
80 17
80 16
80 66
80 51
81 4
81 28
81 42
81 51
82 10
82 52
82 18
82 54
83 62
83 30
83 70
83 48
84 43
84 0
84 40
84 13
85 11
85 57
85 14
85 71
86 42
86 17
86 71
86 4
87 6
87 10
87 41
87 37
88 42
88 27
88 73
88 51
89 69
89 15
89 6
89 80
90 76
90 51
90 34
90 45
91 7
91 47
91 5
91 26
92 26
92 88
92 2
92 10
93 41
93 5
93 18
93 25
94 52
94 81
94 69
94 56
95 62
95 15
95 81
95 31
96 44
96 38
96 69
96 17
97 3
97 51
97 34
97 19
98 37
98 23
98 8
98 96
99 36
99 19
99 38
99 23
1 0 1 0 1 1 1 1 1 1 1 1 0 1 0 1 0 1 1 0 1 1 1 1 0 1 1 1 0 1 0 0 0 1 0 0 1 1 1 1 1 0 1 0 0 0 1 0 1 1 1 0 1 1 0 0 1 0 0 0 1 1 0 0 0 0 0 1 0 0 0 1 0 0 1 1 0 1 1 1 0 1 1 1 0 0 1 0 1 0 0 0 0 0 1 0 0 0 1 1
0 0 1 1 1 1 1 0 0 0 0 0 0 1 1 0 0 0 0 1 0 0 1 1 0 1 0 1 0 0 0 1 1 0 0 0 0 0 1 1 0 1 1 0 0 0 0 0 0 1 0 1 0 1 0 0 0 1 1 1 0 0 1 1 1 1 1 1 0 0 0 0 1 1 1 1 0 0 0 1 1 1 0 1 1 1 0 1 1 1 1 0 0 0 0 1 0 1 1 0
1 0 0 1 0 0 0 0 1 1 1 0 0 1 1 0 0 1 1 1 0 0 1 1 0 0 1 0 1 1 0 1 0 0 0 1 0 0 0 0 1 0 1 1 1 0 0 0 0 1 1 1 0 1 0 0 1 1 1 1 0 0 0 1 1 1 1 0 1 0 1 1 0 1 1 0 0 1 0 0 1 0 0 1 0 0 0 0 0 0 1 0 1 0 0 0 1 1 1 0
0 0 1 0 0 0 1 1 0 0 1 1 0 1 0 1 0 0 0 1 1 1 1 1 1 1 0 0 0 1 0 0 1 0 1 1 1 0 1 1 0 1 0 0 0 1 1 0 0 0 1 1 0 0 1 1 0 0 1 1 0 0 0 1 0 0 0 0 1 0 0 1 0 0 1 0 0 1 0 1 0 0 0 1 1 0 0 1 0 1 0 0 1 0 1 0 1 1 0 1
0 1 1 0 0 0 1 1 0 1 0 0 0 0 1 1 1 1 0 0 1 1 0 0 1 1 1 1 1 1 0 0 1 1 0 1 1 1 1 1 1 1 1 0 1 0 1 1 1 1 0 0 1 1 0 0 0 1 0 0 0 0 0 1 0 0 0 0 1 1 0 0 1 1 1 0 1 0 1 1 0 1 0 1 0 1 0 0 0 0 0 1 1 0 0 0 1 0 0 0