100 198 5
0 1
1 2
1 3
1 4
3 5
1 6
1 7
1 8
1 9
0 10
5 11
1 12
1 13
9 14
11 15
6 16
14 17
6 18
11 19
6 20
18 21
9 22
21 23
11 24
20 25
10 26
22 27
26 28
18 29
26 30
26 31
8 32
28 33
6 34
28 35
14 36
14 37
37 38
32 39
34 40
15 41
15 42
11 43
23 44
19 45
1 46
15 47
25 48
5 49
33 50
23 51
18 52
16 53
25 54
3 55
23 56
33 57
23 58
18 59
13 60
23 61
15 62
15 63
63 64
20 65
22 66
25 67
11 68
6 69
1 70
1 71
64 72
22 73
72 74
14 75
18 76
52 77
7 78
61 79
44 80
23 81
0 82
40 83
72 84
22 85
15 86
17 87
32 88
69 89
65 90
15 91
19 92
8 93
64 94
87 95
15 96
26 97
71 98
1 99
1 0
2 1
3 1
4 1
5 3
6 1
7 1
8 1
9 1
10 0
11 5
12 1
13 1
14 9
15 11
16 6
17 14
18 6
19 11
20 6
21 18
22 9
23 21
24 11
25 20
26 10
27 22
28 26
29 18
30 26
31 26
32 8
33 28
34 6
35 28
36 14
37 14
38 37
39 32
40 34
41 15
42 15
43 11
44 23
45 19
46 1
47 15
48 25
49 5
50 33
51 23
52 18
53 16
54 25
55 3
56 23
57 33
58 23
59 18
60 13
61 23
62 15
63 15
64 63
65 20
66 22
67 25
68 11
69 6
70 1
71 1
72 64
73 22
74 72
75 14
76 18
77 52
78 7
79 61
80 44
81 23
82 0
83 40
84 72
85 22
86 15
87 17
88 32
89 69
90 65
91 15
92 19
93 8
94 64
95 87
96 15
97 26
98 71
99 1
1 1 1 0 0 0 1 1 1 0 1 0 1 1 1 1 1 1 1 0 0 0 1 1 1 0 0 1 0 0 0 1 1 0 0 0 1 1 0 0 0 0 0 0 1 1 1 1 1 0 1 1 0 1 1 1 1 1 0 1 1 0 0 0 1 0 0 1 0 0 1 1 0 1 1 0 0 1 0 0 0 1 1 1 0 0 0 0 0 1 0 0 0 1 1 1 1 0 0 1
0 1 0 1 1 1 1 1 1 0 0 0 1 0 1 1 0 0 1 0 0 0 0 1 0 0 0 1 0 1 1 1 1 1 1 1 0 1 1 0 0 1 1 1 0 1 0 1 1 0 0 0 0 1 1 1 1 0 1 0 1 0 1 0 0 0 1 1 0 0 1 1 1 0 0 0 0 1 0 1 0 0 0 1 1 1 1 1 0 1 0 0 1 0 0 0 1 0 1 0
1 1 0 1 1 0 1 1 0 1 1 0 0 0 0 0 1 1 1 1 0 1 0 0 1 1 1 1 0 1 0 1 0 0 0 1 0 1 1 1 1 0 1 0 0 0 0 0 0 1 1 1 0 1 1 1 1 0 1 0 1 0 0 1 0 0 1 1 1 1 0 1 0 1 0 0 1 0 0 1 1 1 0 1 1 0 1 1 0 1 1 0 0 0 0 1 1 1 0 1
1 0 0 1 1 0 0 1 0 1 0 0 0 0 1 0 1 1 0 0 0 1 1 0 1 1 1 1 0 1 0 1 0 0 1 1 1 1 1 0 0 1 1 1 1 0 1 0 1 1 0 0 0 1 1 1 0 1 0 0 1 1 1 1 1 0 0 1 0 0 1 0 1 0 0 0 1 1 0 0 0 1 0 0 0 1 1 0 0 1 1 1 0 0 1 0 0 1 0 1
0 0 1 1 0 1 0 0 0 1 0 1 0 0 1 0 1 1 1 1 0 0 0 0 1 1 1 0 0 0 1 0 1 1 1 0 0 1 1 0 0 1 0 1 0 0 0 0 1 0 0 1 0 1 0 1 1 0 1 0 0 0 0 1 0 1 1 1 0 1 1 1 0 0 1 1 1 1 1 1 1 0 0 1 1 1 0 0 1 1 0 1 1 1 1 1 1 1 1 1