100 780 5
0 1
0 2
1 2
0 3
1 3
2 3
0 4
1 4
2 4
3 4
3 5
1 5
0 5
2 5
2 6
1 6
0 6
3 6
3 7
0 7
2 7
1 7
1 8
2 8
6 8
4 8
0 9
1 9
8 9
2 9
7 10
4 10
0 10
8 10
2 11
3 11
9 11
4 11
4 12
2 12
7 12
5 12
5 13
7 13
2 13
1 13
12 14
11 14
10 14
1 14
0 15
2 15
9 15
6 15
9 16
5 16
2 16
8 16
7 17
2 17
16 17
4 17
14 18
11 18
1 18
2 18
2 19
6 19
17 19
16 19
7 20
17 20
4 20
12 20
4 21
18 21
2 21
16 21
13 22
18 22
12 22
7 22
8 23
19 23
16 23
22 23
1 24
7 24
19 24
22 24
12 25
22 25
18 25
17 25
7 26
17 26
3 26
2 26
8 27
7 27
21 27
23 27
10 28
8 28
19 28
17 28
20 29
28 29
1 29
23 29
2 30
11 30
17 30
24 30
3 31
20 31
8 31
17 31
12 32
4 32
19 32
31 32
9 33
23 33
2 33
17 33
3 34
10 34
17 34
4 34
23 35
1 35
28 35
18 35
21 36
32 36
9 36
11 36
2 37
4 37
30 37
14 37
1 38
14 38
36 38
4 38
3 39
17 39
7 39
20 39
4 40
25 40
1 40
7 40
14 41
10 41
7 41
5 41
25 42
24 42
40 42
33 42
2 43
5 43
7 43
19 43
12 44
8 44
7 44
29 44
26 45
39 45
4 45
7 45
4 46
41 46
2 46
13 46
31 47
2 47
42 47
5 47
1 48
4 48
32 48
13 48
45 49
7 49
24 49
16 49
9 50
26 50
2 50
28 50
21 51
6 51
26 51
7 51
18 52
31 52
17 52
22 52
3 53
22 53
7 53
9 53
43 54
36 54
14 54
24 54
7 55
31 55
29 55
5 55
5 56
46 56
23 56
15 56
6 57
10 57
19 57
41 57
35 58
43 58
1 58
2 58
29 59
28 59
32 59
52 59
7 60
40 60
43 60
35 60
32 61
16 61
57 61
18 61
3 62
2 62
17 62
26 62
5 63
10 63
32 63
2 63
17 64
56 64
43 64
2 64
2 65
28 65
49 65
9 65
4 66
54 66
7 66
2 66
26 67
35 67
12 67
8 67
17 68
3 68
54 68
7 68
29 69
39 69
64 69
13 69
2 70
32 70
27 70
44 70
12 71
43 71
7 71
2 71
17 72
3 72
9 72
54 72
17 73
47 73
9 73
40 73
44 74
26 74
29 74
56 74
41 75
20 75
2 75
29 75
49 76
14 76
51 76
3 76
35 77
4 77
67 77
66 77
12 78
0 78
17 78
21 78
48 79
2 79
27 79
5 79
2 80
37 80
4 80
32 80
79 81
23 81
6 81
5 81
64 82
25 82
7 82
26 82
1 83
55 83
71 83
16 83
75 84
39 84
16 84
17 84
32 85
8 85
2 85
47 85
12 86
35 86
2 86
37 86
84 87
65 87
32 87
60 87
29 88
6 88
24 88
34 88
4 89
45 89
2 89
0 89
35 90
84 90
12 90
4 90
71 91
18 91
5 91
35 91
4 92
15 92
22 92
82 92
26 93
59 93
14 93
48 93
25 94
58 94
1 94
66 94
28 95
27 95
84 95
14 95
24 96
12 96
32 96
4 96
94 97
63 97
76 97
93 97
6 98
8 98
9 98
60 98
43 99
26 99
82 99
78 99
1 0
2 0
2 1
3 0
3 1
3 2
4 0
4 1
4 2
4 3
5 3
5 1
5 0
5 2
6 2
6 1
6 0
6 3
7 3
7 0
7 2
7 1
8 1
8 2
8 6
8 4
9 0
9 1
9 8
9 2
10 7
10 4
10 0
10 8
11 2
11 3
11 9
11 4
12 4
12 2
12 7
12 5
13 5
13 7
13 2
13 1
14 12
14 11
14 10
14 1
15 0
15 2
15 9
15 6
16 9
16 5
16 2
16 8
17 7
17 2
17 16
17 4
18 14
18 11
18 1
18 2
19 2
19 6
19 17
19 16
20 7
20 17
20 4
20 12
21 4
21 18
21 2
21 16
22 13
22 18
22 12
22 7
23 8
23 19
23 16
23 22
24 1
24 7
24 19
24 22
25 12
25 22
25 18
25 17
26 7
26 17
26 3
26 2
27 8
27 7
27 21
27 23
28 10
28 8
28 19
28 17
29 20
29 28
29 1
29 23
30 2
30 11
30 17
30 24
31 3
31 20
31 8
31 17
32 12
32 4
32 19
32 31
33 9
33 23
33 2
33 17
34 3
34 10
34 17
34 4
35 23
35 1
35 28
35 18
36 21
36 32
36 9
36 11
37 2
37 4
37 30
37 14
38 1
38 14
38 36
38 4
39 3
39 17
39 7
39 20
40 4
40 25
40 1
40 7
41 14
41 10
41 7
41 5
42 25
42 24
42 40
42 33
43 2
43 5
43 7
43 19
44 12
44 8
44 7
44 29
45 26
45 39
45 4
45 7
46 4
46 41
46 2
46 13
47 31
47 2
47 42
47 5
48 1
48 4
48 32
48 13
49 45
49 7
49 24
49 16
50 9
50 26
50 2
50 28
51 21
51 6
51 26
51 7
52 18
52 31
52 17
52 22
53 3
53 22
53 7
53 9
54 43
54 36
54 14
54 24
55 7
55 31
55 29
55 5
56 5
56 46
56 23
56 15
57 6
57 10
57 19
57 41
58 35
58 43
58 1
58 2
59 29
59 28
59 32
59 52
60 7
60 40
60 43
60 35
61 32
61 16
61 57
61 18
62 3
62 2
62 17
62 26
63 5
63 10
63 32
63 2
64 17
64 56
64 43
64 2
65 2
65 28
65 49
65 9
66 4
66 54
66 7
66 2
67 26
67 35
67 12
67 8
68 17
68 3
68 54
68 7
69 29
69 39
69 64
69 13
70 2
70 32
70 27
70 44
71 12
71 43
71 7
71 2
72 17
72 3
72 9
72 54
73 17
73 47
73 9
73 40
74 44
74 26
74 29
74 56
75 41
75 20
75 2
75 29
76 49
76 14
76 51
76 3
77 35
77 4
77 67
77 66
78 12
78 0
78 17
78 21
79 48
79 2
79 27
79 5
80 2
80 37
80 4
80 32
81 79
81 23
81 6
81 5
82 64
82 25
82 7
82 26
83 1
83 55
83 71
83 16
84 75
84 39
84 16
84 17
85 32
85 8
85 2
85 47
86 12
86 35
86 2
86 37
87 84
87 65
87 32
87 60
88 29
88 6
88 24
88 34
89 4
89 45
89 2
89 0
90 35
90 84
90 12
90 4
91 71
91 18
91 5
91 35
92 4
92 15
92 22
92 82
93 26
93 59
93 14
93 48
94 25
94 58
94 1
94 66
95 28
95 27
95 84
95 14
96 24
96 12
96 32
96 4
97 94
97 63
97 76
97 93
98 6
98 8
98 9
98 60
99 43
99 26
99 82
99 78
0 1 1 0 1 0 0 1 1 0 1 1 1 0 0 1 0 1 0 1 1 0 1 1 1 0 0 0 0 0 1 0 1 0 1 0 0 0 1 0 0 0 1 0 0 1 0 1 0 1 0 0 0 1 1 0 1 0 1 0 0 1 1 0 0 1 0 0 0 0 0 0 1 0 1 1 1 1 0 0 0 0 1 0 1 1 1 0 1 0 1 0 1 1 0 0 0 0 0 0
1 0 0 0 1 1 0 0 1 1 1 1 1 1 0 1 0 0 1 0 1 0 0 0 0 1 1 0 0 1 0 0 0 1 1 1 0 1 0 0 1 0 0 1 1 0 0 1 1 0 1 1 1 1 0 1 1 0 1 0 0 0 0 1 0 1 0 1 1 0 1 0 0 0 1 1 1 0 0 1 1 1 0 0 1 0 1 1 0 1 0 1 0 1 1 1 1 1 0 1
1 0 0 0 0 0 0 0 1 1 0 0 0 1 1 1 0 0 0 1 1 1 0 0 1 1 1 1 0 0 0 1 1 0 1 1 1 1 1 0 0 1 1 0 0 0 1 0 1 0 1 0 0 1 1 1 1 1 0 1 0 1 0 0 1 0 1 0 1 1 1 1 1 0 1 0 0 1 1 1 1 1 0 0 0 1 1 0 0 0 0 0 1 0 0 1 1 1 1 0
1 0 0 0 1 1 1 0 0 0 0 1 0 0 1 0 1 0 1 1 1 0 1 1 0 0 1 1 1 1 1 1 1 1 0 0 0 1 0 0 1 0 1 1 1 0 1 0 1 1 0 1 1 1 0 1 0 1 1 1 0 0 0 1 0 0 0 0 1 0 1 0 1 1 1 0 0 1 0 1 1 1 0 0 0 1 1 1 0 1 0 0 0 1 1 1 1 0 0 0
0 1 1 1 1 0 1 0 1 1 1 0 0 1 1 0 1 0 1 0 0 1 1 1 0 1 0 0 0 1 1 0 0 1 0 0 1 1 1 0 0 0 0 0 1 1 0 1 0 1 1 1 1 1 1 0 0 1 1 1 1 0 0 1 1 0 1 0 1 1 0 0 0 1 1 1 0 0 1 1 0 1 1 0 1 1 0 1 0 1 0 1 1 0 0 0 0 1 1 1