100 780 5
0 1
0 2
1 2
0 3
1 3
2 3
0 4
1 4
2 4
3 4
1 5
2 5
4 5
0 5
2 6
3 6
1 6
5 6
3 7
5 7
1 7
4 7
6 8
1 8
3 8
2 8
6 9
5 9
1 9
3 9
6 10
0 10
3 10
2 10
3 11
1 11
10 11
2 11
4 12
6 12
9 12
7 12
4 13
1 13
7 13
3 13
9 14
4 14
1 14
8 14
4 15
11 15
6 15
5 15
1 16
8 16
2 16
7 16
15 17
4 17
1 17
2 17
3 18
0 18
13 18
15 18
1 19
7 19
6 19
14 19
16 20
0 20
1 20
13 20
18 21
8 21
13 21
2 21
3 22
8 22
15 22
2 22
7 23
22 23
12 23
17 23
13 24
1 24
16 24
14 24
6 25
14 25
8 25
1 25
22 26
2 26
8 26
24 26
11 27
4 27
16 27
15 27
4 28
26 28
15 28
11 28
9 29
4 29
1 29
7 29
8 30
7 30
1 30
27 30
14 31
27 31
6 31
4 31
2 32
17 32
16 32
19 32
31 33
9 33
28 33
27 33
23 34
5 34
15 34
25 34
2 35
1 35
4 35
19 35
13 36
7 36
3 36
20 36
11 37
17 37
14 37
22 37
12 38
4 38
6 38
16 38
18 39
9 39
15 39
21 39
3 40
4 40
9 40
33 40
7 41
4 41
0 41
2 41
26 42
10 42
8 42
16 42
4 43
30 43
7 43
23 43
1 44
15 44
3 44
13 44
0 45
15 45
40 45
6 45
7 46
37 46
35 46
16 46
4 47
37 47
12 47
10 47
39 48
4 48
27 48
14 48
20 49
19 49
2 49
1 49
36 50
18 50
24 50
22 50
4 51
1 51
19 51
14 51
22 52
11 52
35 52
2 52
40 53
49 53
30 53
1 53
19 54
21 54
16 54
15 54
25 55
14 55
7 55
11 55
27 56
22 56
46 56
0 56
9 57
2 57
5 57
28 57
23 58
2 58
17 58
50 58
49 59
30 59
2 59
24 59
41 60
38 60
50 60
24 60
6 61
56 61
58 61
3 61
22 62
10 62
54 62
25 62
18 63
5 63
10 63
16 63
50 64
31 64
44 64
7 64
14 65
7 65
11 65
6 65
4 66
29 66
24 66
20 66
25 67
1 67
35 67
7 67
3 68
50 68
60 68
15 68
10 69
0 69
46 69
27 69
63 70
4 70
24 70
2 70
12 71
5 71
49 71
54 71
61 72
29 72
27 72
36 72
9 73
15 73
16 73
45 73
4 74
10 74
0 74
31 74
4 75
35 75
11 75
17 75
8 76
15 76
71 76
16 76
46 77
66 77
2 77
32 77
51 78
74 78
45 78
15 78
5 79
1 79
53 79
30 79
4 80
49 80
70 80
45 80
15 81
8 81
61 81
25 81
37 82
8 82
7 82
38 82
34 83
16 83
23 83
12 83
41 84
20 84
63 84
24 84
24 85
11 85
40 85
4 85
63 86
31 86
3 86
67 86
57 87
28 87
8 87
1 87
52 88
79 88
2 88
7 88
1 89
15 89
4 89
86 89
9 90
78 90
5 90
54 90
13 91
24 91
1 91
6 91
1 92
9 92
36 92
71 92
70 93
16 93
15 93
75 93
91 94
14 94
30 94
1 94
67 95
82 95
92 95
11 95
4 96
26 96
18 96
30 96
61 97
23 97
91 97
27 97
78 98
91 98
36 98
83 98
5 99
36 99
11 99
82 99
1 0
2 0
2 1
3 0
3 1
3 2
4 0
4 1
4 2
4 3
5 1
5 2
5 4
5 0
6 2
6 3
6 1
6 5
7 3
7 5
7 1
7 4
8 6
8 1
8 3
8 2
9 6
9 5
9 1
9 3
10 6
10 0
10 3
10 2
11 3
11 1
11 10
11 2
12 4
12 6
12 9
12 7
13 4
13 1
13 7
13 3
14 9
14 4
14 1
14 8
15 4
15 11
15 6
15 5
16 1
16 8
16 2
16 7
17 15
17 4
17 1
17 2
18 3
18 0
18 13
18 15
19 1
19 7
19 6
19 14
20 16
20 0
20 1
20 13
21 18
21 8
21 13
21 2
22 3
22 8
22 15
22 2
23 7
23 22
23 12
23 17
24 13
24 1
24 16
24 14
25 6
25 14
25 8
25 1
26 22
26 2
26 8
26 24
27 11
27 4
27 16
27 15
28 4
28 26
28 15
28 11
29 9
29 4
29 1
29 7
30 8
30 7
30 1
30 27
31 14
31 27
31 6
31 4
32 2
32 17
32 16
32 19
33 31
33 9
33 28
33 27
34 23
34 5
34 15
34 25
35 2
35 1
35 4
35 19
36 13
36 7
36 3
36 20
37 11
37 17
37 14
37 22
38 12
38 4
38 6
38 16
39 18
39 9
39 15
39 21
40 3
40 4
40 9
40 33
41 7
41 4
41 0
41 2
42 26
42 10
42 8
42 16
43 4
43 30
43 7
43 23
44 1
44 15
44 3
44 13
45 0
45 15
45 40
45 6
46 7
46 37
46 35
46 16
47 4
47 37
47 12
47 10
48 39
48 4
48 27
48 14
49 20
49 19
49 2
49 1
50 36
50 18
50 24
50 22
51 4
51 1
51 19
51 14
52 22
52 11
52 35
52 2
53 40
53 49
53 30
53 1
54 19
54 21
54 16
54 15
55 25
55 14
55 7
55 11
56 27
56 22
56 46
56 0
57 9
57 2
57 5
57 28
58 23
58 2
58 17
58 50
59 49
59 30
59 2
59 24
60 41
60 38
60 50
60 24
61 6
61 56
61 58
61 3
62 22
62 10
62 54
62 25
63 18
63 5
63 10
63 16
64 50
64 31
64 44
64 7
65 14
65 7
65 11
65 6
66 4
66 29
66 24
66 20
67 25
67 1
67 35
67 7
68 3
68 50
68 60
68 15
69 10
69 0
69 46
69 27
70 63
70 4
70 24
70 2
71 12
71 5
71 49
71 54
72 61
72 29
72 27
72 36
73 9
73 15
73 16
73 45
74 4
74 10
74 0
74 31
75 4
75 35
75 11
75 17
76 8
76 15
76 71
76 16
77 46
77 66
77 2
77 32
78 51
78 74
78 45
78 15
79 5
79 1
79 53
79 30
80 4
80 49
80 70
80 45
81 15
81 8
81 61
81 25
82 37
82 8
82 7
82 38
83 34
83 16
83 23
83 12
84 41
84 20
84 63
84 24
85 24
85 11
85 40
85 4
86 63
86 31
86 3
86 67
87 57
87 28
87 8
87 1
88 52
88 79
88 2
88 7
89 1
89 15
89 4
89 86
90 9
90 78
90 5
90 54
91 13
91 24
91 1
91 6
92 1
92 9
92 36
92 71
93 70
93 16
93 15
93 75
94 91
94 14
94 30
94 1
95 67
95 82
95 92
95 11
96 4
96 26
96 18
96 30
97 61
97 23
97 91
97 27
98 78
98 91
98 36
98 83
99 5
99 36
99 11
99 82
1 1 0 0 1 1 0 0 0 1 1 0 1 0 0 0 0 1 0 0 0 0 0 0 1 1 1 0 0 0 1 1 0 0 0 0 1 0 1 1 0 0 1 1 0 0 0 0 0 1 1 0 1 0 1 0 1 1 0 0 0 0 1 0 1 1 1 0 1 0 1 1 1 0 1 1 1 0 0 0 0 1 1 0 1 0 0 1 1 0 1 1 1 1 0 0 1 1 0 0
0 1 0 0 0 0 0 0 0 0 1 0 1 1 1 0 0 1 0 0 1 0 1 0 1 1 1 0 0 0 1 1 1 0 0 0 0 1 0 1 0 1 0 1 1 0 1 1 0 0 0 1 0 1 0 1 0 1 0 1 0 1 1 0 1 0 0 1 0 0 0 1 0 0 1 0 0 0 0 0 0 0 1 0 1 0 0 1 1 1 0 1 1 1 0 0 0 0 0 1
0 1 1 0 0 1 0 1 0 0 0 0 0 0 1 0 1 1 1 1 0 0 0 0 1 1 1 0 1 1 1 1 1 0 0 0 0 0 0 0 0 1 0 0 0 1 1 1 0 1 0 0 1 0 0 0 1 0 0 1 1 0 0 1 1 1 1 1 1 0 1 0 0 0 1 0 1 1 1 0 1 0 1 0 1 1 1 0 0 1 0 1 0 0 0 1 1 0 1 0
1 0 0 1 1 1 1 1 1 0 0 1 0 0 0 0 1 0 1 0 1 0 1 0 0 1 1 0 0 0 0 1 0 0 1 1 0 0 0 0 1 1 0 0 0 1 0 0 1 0 1 1 1 0 1 0 0 1 1 0 1 0 1 0 0 0 0 1 1 0 1 1 0 1 0 0 1 1 1 0 1 1 0 1 0 0 0 0 0 1 1 0 0 1 0 1 1 1 1 1
1 0 0 1 0 0 1 1 0 1 1 0 1 0 1 0 0 1 1 0 0 0 0 0 1 1 0 0 0 1 0 0 0 0 1 1 1 0 1 1 0 0 1 0 1 1 0 1 0 1 1 1 1 0 1 1 0 0 1 0 1 0 0 0 1 0 0 1 1 1 1 1 1 0 0 1 0 1 0 1 0 1 0 0 0 0 0 0 1 0 0 0 0 1 0 0 1 1 1 0