250 1980 5
0 1
0 2
1 2
0 3
1 3
2 3
0 4
1 4
2 4
3 4
3 5
4 5
1 5
0 5
0 6
2 6
4 6
1 6
3 7
4 7
2 7
1 7
5 8
3 8
7 8
4 8
3 9
5 9
2 9
8 9
7 10
4 10
6 10
9 10
4 11
0 11
1 11
7 11
11 12
0 12
6 12
1 12
0 13
4 13
1 13
5 13
0 14
11 14
12 14
5 14
13 15
1 15
2 15
3 15
4 16
5 16
11 16
1 16
6 17
5 17
8 17
13 17
9 18
7 18
8 18
11 18
12 19
16 19
6 19
0 19
18 20
8 20
2 20
3 20
11 21
1 21
12 21
10 21
1 22
0 22
7 22
13 22
2 23
0 23
9 23
12 23
6 24
2 24
15 24
20 24
2 25
17 25
12 25
3 25
6 26
4 26
22 26
15 26
3 27
4 27
13 27
2 27
24 28
0 28
12 28
17 28
7 29
3 29
0 29
1 29
3 30
15 30
20 30
10 30
0 31
6 31
3 31
5 31
2 32
30 32
24 32
31 32
9 33
13 33
17 33
10 33
13 34
1 34
9 34
32 34
12 35
1 35
5 35
2 35
10 36
24 36
1 36
33 36
8 37
0 37
7 37
4 37
27 38
0 38
13 38
7 38
26 39
24 39
10 39
0 39
2 40
28 40
8 40
35 40
17 41
1 41
5 41
0 41
13 42
35 42
16 42
32 42
16 43
20 43
9 43
24 43
8 44
18 44
2 44
1 44
40 45
12 45
35 45
28 45
40 46
17 46
29 46
4 46
13 47
20 47
7 47
45 47
45 48
5 48
22 48
2 48
40 49
29 49
13 49
38 49
12 50
36 50
43 50
35 50
1 51
44 51
41 51
40 51
6 52
23 52
29 52
13 52
10 53
43 53
7 53
1 53
8 54
0 54
25 54
1 54
54 55
4 55
2 55
6 55
22 56
2 56
10 56
29 56
7 57
14 57
38 57
27 57
29 58
45 58
12 58
9 58
58 59
2 59
5 59
16 59
9 60
5 60
4 60
0 60
12 61
9 61
38 61
10 61
35 62
18 62
16 62
39 62
3 63
7 63
45 63
24 63
63 64
9 64
49 64
28 64
17 65
2 65
15 65
1 65
33 66
17 66
53 66
45 66
45 67
9 67
8 67
43 67
12 68
59 68
56 68
53 68
59 69
2 69
16 69
24 69
1 70
58 70
59 70
9 70
12 71
18 71
14 71
25 71
22 72
18 72
60 72
17 72
9 73
23 73
17 73
5 73
11 74
35 74
56 74
9 74
72 75
36 75
41 75
40 75
57 76
0 76
74 76
75 76
2 77
60 77
57 77
37 77
15 78
1 78
16 78
2 78
68 79
9 79
12 79
41 79
53 80
68 80
35 80
6 80
24 81
2 81
0 81
47 81
0 82
31 82
32 82
72 82
55 83
28 83
29 83
8 83
61 84
68 84
15 84
18 84
0 85
8 85
2 85
39 85
4 86
1 86
2 86
57 86
40 87
11 87
36 87
7 87
20 88
6 88
15 88
14 88
18 89
6 89
17 89
27 89
13 90
49 90
10 90
77 90
10 91
35 91
0 91
84 91
36 92
15 92
30 92
39 92
40 93
25 93
36 93
16 93
18 94
59 94
69 94
84 94
35 95
4 95
61 95
15 95
26 96
61 96
20 96
42 96
17 97
58 97
61 97
69 97
16 98
15 98
26 98
10 98
58 99
0 99
68 99
33 99
74 100
18 100
16 100
36 100
9 101
0 101
27 101
72 101
12 102
3 102
78 102
44 102
21 103
18 103
67 103
3 103
72 104
6 104
57 104
8 104
80 105
64 105
24 105
2 105
18 106
37 106
0 106
89 106
4 107
39 107
2 107
24 107
12 108
0 108
5 108
6 108
5 109
1 109
35 109
24 109
109 110
47 110
0 110
83 110
42 111
101 111
6 111
21 111
30 112
91 112
24 112
46 112
72 113
86 113
78 113
108 113
15 114
18 114
63 114
5 114
51 115
57 115
10 115
60 115
43 116
59 116
29 116
3 116
18 117
44 117
55 117
29 117
41 118
3 118
92 118
43 118
96 119
15 119
40 119
9 119
37 120
12 120
36 120
7 120
46 121
8 121
100 121
2 121
22 122
8 122
99 122
75 122
46 123
11 123
97 123
61 123
43 124
14 124
66 124
9 124
31 125
8 125
0 125
11 125
5 126
38 126
40 126
112 126
107 127
11 127
50 127
119 127
0 128
120 128
62 128
13 128
13 129
24 129
68 129
17 129
113 130
14 130
115 130
22 130
118 131
93 131
42 131
5 131
10 132
99 132
28 132
68 132
73 133
127 133
16 133
40 133
32 134
39 134
47 134
35 134
116 135
0 135
60 135
45 135
105 136
93 136
12 136
36 136
109 137
13 137
40 137
91 137
30 138
5 138
78 138
0 138
71 139
11 139
36 139
95 139
91 140
81 140
21 140
53 140
4 141
113 141
15 141
0 141
101 142
113 142
12 142
81 142
12 143
44 143
57 143
18 143
18 144
22 144
130 144
137 144
117 145
30 145
31 145
142 145
40 146
14 146
69 146
30 146
86 147
138 147
25 147
79 147
109 148
6 148
71 148
50 148
1 149
124 149
144 149
103 149
24 150
144 150
15 150
45 150
126 151
22 151
125 151
15 151
22 152
10 152
61 152
5 152
117 153
99 153
20 153
15 153
90 154
21 154
12 154
37 154
27 155
102 155
97 155
10 155
16 156
36 156
8 156
101 156
85 157
26 157
23 157
10 157
108 158
128 158
149 158
77 158
44 159
23 159
33 159
102 159
53 160
7 160
136 160
141 160
155 161
75 161
5 161
79 161
72 162
49 162
127 162
128 162
0 163
41 163
22 163
18 163
97 164
69 164
16 164
22 164
31 165
147 165
44 165
164 165
35 166
3 166
98 166
0 166
19 167
16 167
137 167
113 167
108 168
98 168
167 168
107 168
3 169
45 169
138 169
146 169
1 170
68 170
107 170
4 170
156 171
47 171
16 171
20 171
118 172
71 172
24 172
165 172
110 173
171 173
14 173
91 173
5 174
29 174
141 174
142 174
92 175
13 175
107 175
68 175
14 176
29 176
60 176
101 176
68 177
25 177
0 177
159 177
36 178
171 178
176 178
18 178
1 179
135 179
154 179
40 179
150 180
0 180
39 180
69 180
37 181
0 181
51 181
45 181
36 182
46 182
42 182
10 182
18 183
26 183
117 183
82 183
91 184
39 184
36 184
1 184
10 185
148 185
2 185
61 185
9 186
125 186
79 186
183 186
15 187
84 187
68 187
135 187
96 188
158 188
174 188
6 188
3 189
71 189
48 189
1 189
17 190
102 190
28 190
18 190
77 191
132 191
12 191
0 191
121 192
142 192
104 192
122 192
52 193
18 193
61 193
12 193
17 194
5 194
9 194
187 194
7 195
72 195
101 195
112 195
63 196
42 196
126 196
158 196
2 197
0 197
99 197
52 197
59 198
128 198
29 198
73 198
36 199
143 199
186 199
53 199
144 200
178 200
133 200
168 200
2 201
5 201
29 201
45 201
1 202
58 202
8 202
13 202
6 203
56 203
89 203
125 203
127 204
24 204
116 204
181 204
178 205
33 205
51 205
13 205
125 206
8 206
47 206
10 206
26 207
15 207
153 207
69 207
124 208
47 208
80 208
17 208
10 209
24 209
124 209
146 209
7 210
43 210
3 210
10 210
128 211
46 211
42 211
190 211
109 212
36 212
180 212
113 212
29 213
30 213
69 213
162 213
123 214
29 214
37 214
5 214
44 215
192 215
4 215
113 215
113 216
43 216
193 216
5 216
110 217
52 217
0 217
1 217
53 218
116 218
14 218
106 218
72 219
154 219
12 219
79 219
55 220
201 220
4 220
190 220
152 221
2 221
57 221
132 221
101 222
117 222
39 222
164 222
2 223
0 223
30 223
56 223
8 224
158 224
132 224
16 224
9 225
167 225
47 225
16 225
2 226
22 226
151 226
191 226
214 227
37 227
29 227
8 227
2 228
60 228
117 228
7 228
1 229
93 229
72 229
172 229
220 230
13 230
32 230
47 230
69 231
0 231
218 231
2 231
34 232
60 232
222 232
1 232
13 233
0 233
2 233
61 233
109 234
89 234
74 234
144 234
125 235
196 235
2 235
5 235
10 236
77 236
75 236
217 236
10 237
24 237
56 237
3 237
10 238
88 238
13 238
32 238
188 239
183 239
61 239
192 239
48 240
239 240
89 240
72 240
35 241
146 241
13 241
39 241
211 242
219 242
197 242
10 242
148 243
192 243
41 243
160 243
60 244
195 244
12 244
35 244
140 245
68 245
102 245
204 245
0 246
9 246
1 246
52 246
35 247
204 247
0 247
70 247
24 248
17 248
5 248
57 248
199 249
69 249
107 249
30 249
1 0
2 0
2 1
3 0
3 1
3 2
4 0
4 1
4 2
4 3
5 3
5 4
5 1
5 0
6 0
6 2
6 4
6 1
7 3
7 4
7 2
7 1
8 5
8 3
8 7
8 4
9 3
9 5
9 2
9 8
10 7
10 4
10 6
10 9
11 4
11 0
11 1
11 7
12 11
12 0
12 6
12 1
13 0
13 4
13 1
13 5
14 0
14 11
14 12
14 5
15 13
15 1
15 2
15 3
16 4
16 5
16 11
16 1
17 6
17 5
17 8
17 13
18 9
18 7
18 8
18 11
19 12
19 16
19 6
19 0
20 18
20 8
20 2
20 3
21 11
21 1
21 12
21 10
22 1
22 0
22 7
22 13
23 2
23 0
23 9
23 12
24 6
24 2
24 15
24 20
25 2
25 17
25 12
25 3
26 6
26 4
26 22
26 15
27 3
27 4
27 13
27 2
28 24
28 0
28 12
28 17
29 7
29 3
29 0
29 1
30 3
30 15
30 20
30 10
31 0
31 6
31 3
31 5
32 2
32 30
32 24
32 31
33 9
33 13
33 17
33 10
34 13
34 1
34 9
34 32
35 12
35 1
35 5
35 2
36 10
36 24
36 1
36 33
37 8
37 0
37 7
37 4
38 27
38 0
38 13
38 7
39 26
39 24
39 10
39 0
40 2
40 28
40 8
40 35
41 17
41 1
41 5
41 0
42 13
42 35
42 16
42 32
43 16
43 20
43 9
43 24
44 8
44 18
44 2
44 1
45 40
45 12
45 35
45 28
46 40
46 17
46 29
46 4
47 13
47 20
47 7
47 45
48 45
48 5
48 22
48 2
49 40
49 29
49 13
49 38
50 12
50 36
50 43
50 35
51 1
51 44
51 41
51 40
52 6
52 23
52 29
52 13
53 10
53 43
53 7
53 1
54 8
54 0
54 25
54 1
55 54
55 4
55 2
55 6
56 22
56 2
56 10
56 29
57 7
57 14
57 38
57 27
58 29
58 45
58 12
58 9
59 58
59 2
59 5
59 16
60 9
60 5
60 4
60 0
61 12
61 9
61 38
61 10
62 35
62 18
62 16
62 39
63 3
63 7
63 45
63 24
64 63
64 9
64 49
64 28
65 17
65 2
65 15
65 1
66 33
66 17
66 53
66 45
67 45
67 9
67 8
67 43
68 12
68 59
68 56
68 53
69 59
69 2
69 16
69 24
70 1
70 58
70 59
70 9
71 12
71 18
71 14
71 25
72 22
72 18
72 60
72 17
73 9
73 23
73 17
73 5
74 11
74 35
74 56
74 9
75 72
75 36
75 41
75 40
76 57
76 0
76 74
76 75
77 2
77 60
77 57
77 37
78 15
78 1
78 16
78 2
79 68
79 9
79 12
79 41
80 53
80 68
80 35
80 6
81 24
81 2
81 0
81 47
82 0
82 31
82 32
82 72
83 55
83 28
83 29
83 8
84 61
84 68
84 15
84 18
85 0
85 8
85 2
85 39
86 4
86 1
86 2
86 57
87 40
87 11
87 36
87 7
88 20
88 6
88 15
88 14
89 18
89 6
89 17
89 27
90 13
90 49
90 10
90 77
91 10
91 35
91 0
91 84
92 36
92 15
92 30
92 39
93 40
93 25
93 36
93 16
94 18
94 59
94 69
94 84
95 35
95 4
95 61
95 15
96 26
96 61
96 20
96 42
97 17
97 58
97 61
97 69
98 16
98 15
98 26
98 10
99 58
99 0
99 68
99 33
100 74
100 18
100 16
100 36
101 9
101 0
101 27
101 72
102 12
102 3
102 78
102 44
103 21
103 18
103 67
103 3
104 72
104 6
104 57
104 8
105 80
105 64
105 24
105 2
106 18
106 37
106 0
106 89
107 4
107 39
107 2
107 24
108 12
108 0
108 5
108 6
109 5
109 1
109 35
109 24
110 109
110 47
110 0
110 83
111 42
111 101
111 6
111 21
112 30
112 91
112 24
112 46
113 72
113 86
113 78
113 108
114 15
114 18
114 63
114 5
115 51
115 57
115 10
115 60
116 43
116 59
116 29
116 3
117 18
117 44
117 55
117 29
118 41
118 3
118 92
118 43
119 96
119 15
119 40
119 9
120 37
120 12
120 36
120 7
121 46
121 8
121 100
121 2
122 22
122 8
122 99
122 75
123 46
123 11
123 97
123 61
124 43
124 14
124 66
124 9
125 31
125 8
125 0
125 11
126 5
126 38
126 40
126 112
127 107
127 11
127 50
127 119
128 0
128 120
128 62
128 13
129 13
129 24
129 68
129 17
130 113
130 14
130 115
130 22
131 118
131 93
131 42
131 5
132 10
132 99
132 28
132 68
133 73
133 127
133 16
133 40
134 32
134 39
134 47
134 35
135 116
135 0
135 60
135 45
136 105
136 93
136 12
136 36
137 109
137 13
137 40
137 91
138 30
138 5
138 78
138 0
139 71
139 11
139 36
139 95
140 91
140 81
140 21
140 53
141 4
141 113
141 15
141 0
142 101
142 113
142 12
142 81
143 12
143 44
143 57
143 18
144 18
144 22
144 130
144 137
145 117
145 30
145 31
145 142
146 40
146 14
146 69
146 30
147 86
147 138
147 25
147 79
148 109
148 6
148 71
148 50
149 1
149 124
149 144
149 103
150 24
150 144
150 15
150 45
151 126
151 22
151 125
151 15
152 22
152 10
152 61
152 5
153 117
153 99
153 20
153 15
154 90
154 21
154 12
154 37
155 27
155 102
155 97
155 10
156 16
156 36
156 8
156 101
157 85
157 26
157 23
157 10
158 108
158 128
158 149
158 77
159 44
159 23
159 33
159 102
160 53
160 7
160 136
160 141
161 155
161 75
161 5
161 79
162 72
162 49
162 127
162 128
163 0
163 41
163 22
163 18
164 97
164 69
164 16
164 22
165 31
165 147
165 44
165 164
166 35
166 3
166 98
166 0
167 19
167 16
167 137
167 113
168 108
168 98
168 167
168 107
169 3
169 45
169 138
169 146
170 1
170 68
170 107
170 4
171 156
171 47
171 16
171 20
172 118
172 71
172 24
172 165
173 110
173 171
173 14
173 91
174 5
174 29
174 141
174 142
175 92
175 13
175 107
175 68
176 14
176 29
176 60
176 101
177 68
177 25
177 0
177 159
178 36
178 171
178 176
178 18
179 1
179 135
179 154
179 40
180 150
180 0
180 39
180 69
181 37
181 0
181 51
181 45
182 36
182 46
182 42
182 10
183 18
183 26
183 117
183 82
184 91
184 39
184 36
184 1
185 10
185 148
185 2
185 61
186 9
186 125
186 79
186 183
187 15
187 84
187 68
187 135
188 96
188 158
188 174
188 6
189 3
189 71
189 48
189 1
190 17
190 102
190 28
190 18
191 77
191 132
191 12
191 0
192 121
192 142
192 104
192 122
193 52
193 18
193 61
193 12
194 17
194 5
194 9
194 187
195 7
195 72
195 101
195 112
196 63
196 42
196 126
196 158
197 2
197 0
197 99
197 52
198 59
198 128
198 29
198 73
199 36
199 143
199 186
199 53
200 144
200 178
200 133
200 168
201 2
201 5
201 29
201 45
202 1
202 58
202 8
202 13
203 6
203 56
203 89
203 125
204 127
204 24
204 116
204 181
205 178
205 33
205 51
205 13
206 125
206 8
206 47
206 10
207 26
207 15
207 153
207 69
208 124
208 47
208 80
208 17
209 10
209 24
209 124
209 146
210 7
210 43
210 3
210 10
211 128
211 46
211 42
211 190
212 109
212 36
212 180
212 113
213 29
213 30
213 69
213 162
214 123
214 29
214 37
214 5
215 44
215 192
215 4
215 113
216 113
216 43
216 193
216 5
217 110
217 52
217 0
217 1
218 53
218 116
218 14
218 106
219 72
219 154
219 12
219 79
220 55
220 201
220 4
220 190
221 152
221 2
221 57
221 132
222 101
222 117
222 39
222 164
223 2
223 0
223 30
223 56
224 8
224 158
224 132
224 16
225 9
225 167
225 47
225 16
226 2
226 22
226 151
226 191
227 214
227 37
227 29
227 8
228 2
228 60
228 117
228 7
229 1
229 93
229 72
229 172
230 220
230 13
230 32
230 47
231 69
231 0
231 218
231 2
232 34
232 60
232 222
232 1
233 13
233 0
233 2
233 61
234 109
234 89
234 74
234 144
235 125
235 196
235 2
235 5
236 10
236 77
236 75
236 217
237 10
237 24
237 56
237 3
238 10
238 88
238 13
238 32
239 188
239 183
239 61
239 192
240 48
240 239
240 89
240 72
241 35
241 146
241 13
241 39
242 211
242 219
242 197
242 10
243 148
243 192
243 41
243 160
244 60
244 195
244 12
244 35
245 140
245 68
245 102
245 204
246 0
246 9
246 1
246 52
247 35
247 204
247 0
247 70
248 24
248 17
248 5
248 57
249 199
249 69
249 107
249 30
1 0 0 1 0 0 0 0 0 0 1 0 1 1 1 1 1 1 1 1 0 1 1 0 1 1 1 1 1 0 0 1 1 1 1 1 1 0 0 0 0 0 0 0 0 0 1 0 1 1 1 0 1 1 1 1 1 0 1 1 1 0 0 1 1 0 0 0 0 0 1 1 1 0 0 0 1 1 1 1 0 0 1 0 1 0 0 0 1 0 1 1 1 1 0 1 1 1 1 0 1 1 1 1 1 1 0 1 0 0 1 1 0 1 1 0 0 1 1 0 0 0 1 0 1 1 1 0 1 0 0 0 0 0 1 1 0 0 0 0 0 1 1 0 0 1 1 0 0 0 0 1 0 1 1 1 1 0 1 0 0 0 1 0 1 0 1 0 1 0 1 1 0 0 1 0 1 0 1 0 0 1 0 1 0 1 1 0 1 0 0 0 0 1 0 1 1 1 0 1 1 0 0 1 0 0 1 0 0 1 0 1 0 1 1 0 1 1 1 1 1 1 0 0 1 0 1 1 0 0 1 1 1 0 1 0 1 1 0 1 1 1 0 1 0 0 1 0 1 1
0 0 1 0 0 0 0 0 1 0 1 1 1 0 0 1 1 0 1 1 0 0 0 0 1 0 1 1 0 1 0 0 0 1 1 0 0 1 1 1 1 1 0 1 1 0 0 1 1 1 1 1 0 0 0 1 0 0 1 0 1 0 0 0 1 0 0 1 0 0 0 0 1 0 1 1 0 1 1 0 1 1 1 1 0 1 0 0 1 0 1 0 1 0 1 0 1 1 1 0 0 0 0 0 0 1 1 1 1 0 0 0 0 1 0 0 1 0 1 1 0 0 1 1 1 0 0 1 0 1 1 0 1 0 0 1 1 0 0 0 0 0 1 0 1 0 1 0 0 1 1 1 0 1 0 1 1 1 1 0 0 0 1 1 1 0 0 1 0 0 0 0 1 0 1 1 1 1 0 0 0 1 0 0 0 0 1 1 0 1 1 0 0 1 1 0 0 1 1 1 0 1 1 1 0 0 0 1 1 1 1 1 1 0 1 1 0 0 0 0 1 1 1 0 0 1 1 1 0 1 0 0 0 0 1 0 1 1 0 1 1 0 1 0 1 0 0 1 0 0
1 0 0 0 0 1 1 1 1 1 0 0 1 1 0 1 0 0 1 0 1 1 0 0 0 0 1 1 0 1 1 0 0 0 1 1 0 0 1 1 0 1 1 0 0 0 0 1 1 0 0 1 1 0 0 0 1 1 0 0 0 1 0 1 0 1 0 0 1 1 0 1 1 1 1 0 0 1 1 1 1 0 0 1 0 0 0 0 0 0 0 0 1 1 0 0 1 1 0 0 0 1 0 1 1 0 1 0 1 0 1 0 1 0 0 1 0 0 0 1 1 1 0 1 0 0 1 0 0 0 0 1 0 1 1 0 1 1 1 0 0 1 0 0 0 0 1 1 0 1 1 0 1 1 0 0 1 1 1 0 1 0 1 1 1 0 1 0 1 1 1 0 0 1 1 1 0 1 1 1 0 0 1 1 1 0 1 1 1 1 0 0 0 0 1 1 0 1 1 1 0 1 1 0 0 0 0 1 0 0 0 0 0 1 0 1 1 1 1 1 0 1 0 1 1 1 0 0 0 0 1 0 0 0 0 0 0 0 1 1 0 0 1 0 0 0 1 0 1 0
0 1 1 0 1 1 1 1 0 1 1 0 1 0 0 0 0 1 1 0 0 0 0 1 0 0 0 1 1 1 1 1 0 1 1 1 1 0 1 0 1 0 0 1 0 0 1 0 0 0 1 0 0 1 0 1 0 0 1 1 0 0 1 0 0 1 1 0 0 1 1 0 1 0 1 1 0 0 0 0 0 1 0 1 0 1 1 0 1 0 0 0 1 0 0 0 1 0 1 0 0 0 1 0 1 0 1 0 0 0 1 0 1 0 0 0 1 0 1 0 0 0 0 0 0 1 1 0 0 0 1 1 0 1 1 0 1 0 0 0 1 0 0 1 1 1 0 1 1 0 0 0 1 0 0 0 0 0 0 0 0 1 1 0 0 0 1 1 1 1 0 1 0 1 0 0 0 1 1 1 0 1 1 0 0 1 1 0 1 1 0 0 0 1 1 1 0 0 0 1 0 1 0 1 1 0 0 0 0 1 0 1 1 0 0 1 0 0 0 1 1 0 0 0 0 0 0 0 1 1 1 1 1 0 1 1 1 0 1 1 1 0 1 1 0 0 1 1 0 1
0 1 1 0 1 1 0 1 0 0 0 1 0 1 0 0 1 0 0 1 1 0 0 0 0 0 0 1 1 0 0 1 1 0 0 1 0 0 0 0 0 0 1 1 0 1 0 1 0 0 0 0 1 1 1 1 1 0 0 0 1 1 0 1 0 1 0 0 1 0 1 0 0 0 1 1 1 0 1 1 0 1 1 0 0 1 0 1 0 1 1 0 1 1 1 0 0 0 0 1 0 0 1 0 0 0 0 0 0 0 0 1 1 1 1 0 0 0 0 0 1 0 0 1 0 1 0 1 1 1 1 1 1 1 1 0 1 1 0 1 0 0 1 1 0 1 0 0 0 0 0 0 0 0 1 0 1 0 0 1 1 0 1 0 0 1 1 1 1 1 0 0 0 1 1 1 1 1 1 0 0 0 1 1 1 1 0 1 1 0 1 1 0 1 1 0 0 0 1 0 1 0 0 1 1 1 0 0 0 0 1 0 0 1 1 1 1 0 1 1 0 0 0 0 0 1 0 1 1 1 1 1 1 0 1 1 0 0 1 1 0 0 0 1 0 1 1 0 1 0