100 780 5
0 1
0 2
1 2
0 3
1 3
2 3
0 4
1 4
2 4
3 4
0 5
3 5
1 5
2 5
0 6
4 6
2 6
3 6
0 7
3 7
2 7
6 7
7 8
3 8
2 8
6 8
2 9
0 9
3 9
7 9
0 10
6 10
2 10
1 10
10 11
3 11
1 11
6 11
2 12
7 12
3 12
0 12
2 13
11 13
3 13
10 13
2 14
4 14
3 14
8 14
6 15
2 15
13 15
12 15
12 16
3 16
8 16
13 16
6 17
14 17
4 17
3 17
16 18
10 18
3 18
1 18
6 19
11 19
16 19
10 19
12 20
2 20
1 20
9 20
3 21
16 21
6 21
10 21
1 22
4 22
16 22
3 22
19 23
20 23
12 23
6 23
4 24
3 24
0 24
13 24
11 25
24 25
20 25
17 25
6 26
8 26
10 26
24 26
0 27
7 27
2 27
14 27
3 28
1 28
0 28
8 28
10 29
0 29
11 29
27 29
10 30
12 30
23 30
3 30
20 31
28 31
4 31
12 31
12 32
10 32
3 32
16 32
10 33
16 33
8 33
12 33
3 34
10 34
0 34
26 34
6 35
8 35
29 35
19 35
3 36
0 36
2 36
1 36
16 37
33 37
30 37
26 37
0 38
14 38
13 38
28 38
20 39
0 39
12 39
25 39
2 40
26 40
19 40
0 40
2 41
3 41
13 41
11 41
12 42
3 42
25 42
13 42
19 43
7 43
10 43
16 43
30 44
10 44
35 44
3 44
37 45
29 45
4 45
6 45
22 46
18 46
3 46
12 46
3 47
10 47
20 47
46 47
15 48
31 48
17 48
26 48
12 49
4 49
1 49
35 49
14 50
46 50
0 50
3 50
14 51
20 51
25 51
3 51
10 52
12 52
25 52
29 52
1 53
46 53
18 53
4 53
0 54
2 54
1 54
47 54
35 55
2 55
50 55
26 55
7 56
13 56
55 56
17 56
25 57
9 57
10 57
27 57
2 58
23 58
13 58
35 58
27 59
15 59
10 59
3 59
10 60
17 60
3 60
48 60
7 61
49 61
24 61
3 61
6 62
16 62
59 62
27 62
15 63
14 63
19 63
38 63
8 64
23 64
26 64
43 64
34 65
24 65
6 65
14 65
7 66
2 66
37 66
40 66
25 67
61 67
11 67
35 67
32 68
49 68
8 68
60 68
10 69
9 69
0 69
12 69
11 70
8 70
28 70
16 70
0 71
59 71
48 71
50 71
10 72
8 72
25 72
7 72
12 73
13 73
3 73
38 73
10 74
9 74
57 74
50 74
0 75
1 75
27 75
4 75
7 76
4 76
74 76
64 76
32 77
38 77
1 77
10 77
33 78
16 78
35 78
28 78
12 79
8 79
10 79
78 79
68 80
59 80
2 80
42 80
21 81
16 81
3 81
57 81
43 82
14 82
32 82
59 82
27 83
1 83
44 83
47 83
9 84
26 84
16 84
2 84
32 85
20 85
28 85
21 85
46 86
16 86
6 86
68 86
42 87
22 87
19 87
46 87
6 88
35 88
50 88
14 88
42 89
7 89
19 89
2 89
33 90
31 90
13 90
6 90
3 91
29 91
82 91
77 91
2 92
10 92
49 92
3 92
13 93
31 93
10 93
16 93
33 94
3 94
19 94
20 94
67 95
19 95
32 95
52 95
1 96
4 96
0 96
31 96
2 97
23 97
25 97
12 97
49 98
28 98
3 98
15 98
60 99
37 99
4 99
97 99
1 0
2 0
2 1
3 0
3 1
3 2
4 0
4 1
4 2
4 3
5 0
5 3
5 1
5 2
6 0
6 4
6 2
6 3
7 0
7 3
7 2
7 6
8 7
8 3
8 2
8 6
9 2
9 0
9 3
9 7
10 0
10 6
10 2
10 1
11 10
11 3
11 1
11 6
12 2
12 7
12 3
12 0
13 2
13 11
13 3
13 10
14 2
14 4
14 3
14 8
15 6
15 2
15 13
15 12
16 12
16 3
16 8
16 13
17 6
17 14
17 4
17 3
18 16
18 10
18 3
18 1
19 6
19 11
19 16
19 10
20 12
20 2
20 1
20 9
21 3
21 16
21 6
21 10
22 1
22 4
22 16
22 3
23 19
23 20
23 12
23 6
24 4
24 3
24 0
24 13
25 11
25 24
25 20
25 17
26 6
26 8
26 10
26 24
27 0
27 7
27 2
27 14
28 3
28 1
28 0
28 8
29 10
29 0
29 11
29 27
30 10
30 12
30 23
30 3
31 20
31 28
31 4
31 12
32 12
32 10
32 3
32 16
33 10
33 16
33 8
33 12
34 3
34 10
34 0
34 26
35 6
35 8
35 29
35 19
36 3
36 0
36 2
36 1
37 16
37 33
37 30
37 26
38 0
38 14
38 13
38 28
39 20
39 0
39 12
39 25
40 2
40 26
40 19
40 0
41 2
41 3
41 13
41 11
42 12
42 3
42 25
42 13
43 19
43 7
43 10
43 16
44 30
44 10
44 35
44 3
45 37
45 29
45 4
45 6
46 22
46 18
46 3
46 12
47 3
47 10
47 20
47 46
48 15
48 31
48 17
48 26
49 12
49 4
49 1
49 35
50 14
50 46
50 0
50 3
51 14
51 20
51 25
51 3
52 10
52 12
52 25
52 29
53 1
53 46
53 18
53 4
54 0
54 2
54 1
54 47
55 35
55 2
55 50
55 26
56 7
56 13
56 55
56 17
57 25
57 9
57 10
57 27
58 2
58 23
58 13
58 35
59 27
59 15
59 10
59 3
60 10
60 17
60 3
60 48
61 7
61 49
61 24
61 3
62 6
62 16
62 59
62 27
63 15
63 14
63 19
63 38
64 8
64 23
64 26
64 43
65 34
65 24
65 6
65 14
66 7
66 2
66 37
66 40
67 25
67 61
67 11
67 35
68 32
68 49
68 8
68 60
69 10
69 9
69 0
69 12
70 11
70 8
70 28
70 16
71 0
71 59
71 48
71 50
72 10
72 8
72 25
72 7
73 12
73 13
73 3
73 38
74 10
74 9
74 57
74 50
75 0
75 1
75 27
75 4
76 7
76 4
76 74
76 64
77 32
77 38
77 1
77 10
78 33
78 16
78 35
78 28
79 12
79 8
79 10
79 78
80 68
80 59
80 2
80 42
81 21
81 16
81 3
81 57
82 43
82 14
82 32
82 59
83 27
83 1
83 44
83 47
84 9
84 26
84 16
84 2
85 32
85 20
85 28
85 21
86 46
86 16
86 6
86 68
87 42
87 22
87 19
87 46
88 6
88 35
88 50
88 14
89 42
89 7
89 19
89 2
90 33
90 31
90 13
90 6
91 3
91 29
91 82
91 77
92 2
92 10
92 49
92 3
93 13
93 31
93 10
93 16
94 33
94 3
94 19
94 20
95 67
95 19
95 32
95 52
96 1
96 4
96 0
96 31
97 2
97 23
97 25
97 12
98 49
98 28
98 3
98 15
99 60
99 37
99 4
99 97
0 1 1 0 1 0 0 1 1 0 0 1 1 0 0 0 1 1 1 1 0 1 0 0 1 0 1 1 0 1 1 0 1 0 0 1 0 1 1 0 0 0 1 0 0 0 0 1 0 1 1 1 1 0 1 0 0 1 1 1 1 1 1 0 1 0 1 0 1 1 1 0 1 0 1 1 1 0 1 0 1 0 0 1 1 0 1 0 1 1 0 1 0 1 1 1 0 1 1 1
0 1 0 0 1 1 1 1 0 1 0 0 1 1 0 1 0 1 0 0 1 1 1 1 0 1 0 1 0 0 1 1 0 1 1 0 1 1 1 1 0 0 0 1 1 1 0 0 0 1 1 0 0 0 0 1 0 1 1 0 1 1 0 0 0 0 0 1 1 0 0 1 1 1 0 0 1 1 0 0 0 0 1 0 1 1 0 0 1 1 1 1 1 1 1 0 0 0 0 1
0 1 1 1 0 0 0 0 0 1 1 0 1 1 1 1 1 1 0 0 1 0 1 1 1 1 0 1 1 1 1 0 1 1 0 0 1 1 0 0 1 1 0 0 1 0 0 1 1 0 1 0 0 0 0 0 1 1 0 0 1 1 0 0 1 1 1 0 0 1 0 0 1 1 0 1 0 1 1 1 1 0 1 1 1 1 0 1 1 0 1 1 1 0 0 0 1 1 0 1
1 1 0 1 1 0 0 0 1 0 0 0 0 0 0 0 1 1 0 1 1 1 0 1 0 1 1 0 1 0 0 1 0 0 1 1 1 0 1 1 1 1 0 1 0 0 1 1 0 0 1 1 1 0 1 0 0 1 0 0 1 0 1 1 1 1 1 1 1 0 1 1 0 0 1 1 1 0 1 0 0 1 1 0 0 0 0 0 1 0 1 1 1 1 1 1 1 0 0 1
0 0 1 0 0 0 0 1 1 0 1 1 1 0 0 1 0 0 0 0 1 1 1 0 0 0 1 1 0 0 1 0 0 0 0 0 0 1 0 0 0 1 0 0 0 1 0 1 0 0 0 0 0 1 0 1 1 1 0 1 1 1 0 1 0 0 1 1 1 0 0 0 1 1 1 0 0 1 1 0 1 1 1 0 1 1 0 0 1 0 0 0 0 1 0 1 1 1 1 1