250 1488 5
0 1
0 2
1 2
0 3
1 3
2 3
1 4
3 4
0 4
2 5
1 5
0 5
4 6
0 6
5 6
0 7
5 7
2 7
5 8
3 8
0 8
4 9
6 9
0 9
3 10
5 10
9 10
3 11
5 11
7 11
8 12
10 12
2 12
0 13
2 13
9 13
0 14
13 14
2 14
0 15
12 15
10 15
7 16
4 16
6 16
4 17
1 17
9 17
8 18
17 18
11 18
2 19
7 19
5 19
6 20
19 20
0 20
6 21
2 21
0 21
16 22
15 22
6 22
4 23
13 23
5 23
6 24
5 24
11 24
0 25
12 25
8 25
12 26
7 26
4 26
14 27
26 27
21 27
24 28
4 28
19 28
0 29
23 29
6 29
8 30
18 30
24 30
24 31
8 31
2 31
29 32
2 32
8 32
3 33
17 33
19 33
6 34
0 34
5 34
5 35
31 35
12 35
2 36
0 36
13 36
21 37
15 37
3 37
13 38
25 38
20 38
2 39
1 39
38 39
13 40
14 40
0 40
16 41
0 41
40 41
13 42
6 42
34 42
2 43
36 43
13 43
32 44
2 44
30 44
9 45
36 45
19 45
34 46
7 46
6 46
10 47
41 47
17 47
19 48
2 48
16 48
19 49
5 49
35 49
13 50
45 50
23 50
11 51
17 51
46 51
20 52
15 52
45 52
5 53
19 53
51 53
5 54
32 54
47 54
19 55
22 55
42 55
5 56
8 56
18 56
28 57
5 57
4 57
15 58
50 58
16 58
10 59
34 59
24 59
55 60
6 60
2 60
5 61
2 61
31 61
0 62
17 62
2 62
2 63
23 63
3 63
41 64
36 64
63 64
18 65
11 65
23 65
48 66
0 66
3 66
2 67
20 67
14 67
8 68
22 68
14 68
31 69
12 69
67 69
63 70
2 70
51 70
0 71
59 71
6 71
67 72
61 72
24 72
63 73
25 73
13 73
0 74
22 74
15 74
4 75
19 75
44 75
4 76
2 76
29 76
53 77
0 77
64 77
14 78
73 78
72 78
58 79
66 79
49 79
46 80
19 80
23 80
16 81
14 81
75 81
28 82
10 82
41 82
37 83
9 83
25 83
35 84
15 84
7 84
12 85
10 85
20 85
16 86
78 86
12 86
4 87
40 87
67 87
1 88
36 88
74 88
67 89
2 89
43 89
2 90
66 90
29 90
73 91
7 91
19 91
23 92
63 92
22 92
15 93
30 93
37 93
14 94
5 94
73 94
92 95
9 95
11 95
0 96
83 96
46 96
64 97
19 97
7 97
80 98
2 98
62 98
85 99
61 99
49 99
19 100
60 100
59 100
3 101
72 101
8 101
9 102
73 102
8 102
72 103
49 103
12 103
48 104
60 104
71 104
0 105
5 105
104 105
34 106
9 106
12 106
5 107
14 107
0 107
20 108
3 108
2 108
0 109
52 109
67 109
73 110
55 110
72 110
58 111
77 111
67 111
57 112
29 112
0 112
18 113
4 113
0 113
89 114
61 114
10 114
11 115
43 115
67 115
14 116
23 116
67 116
14 117
22 117
44 117
27 118
41 118
61 118
50 119
14 119
1 119
0 120
104 120
20 120
0 121
55 121
13 121
29 122
98 122
2 122
24 123
8 123
94 123
8 124
89 124
36 124
62 125
117 125
2 125
57 126
0 126
5 126
11 127
16 127
23 127
38 128
71 128
8 128
82 129
3 129
49 129
122 130
96 130
32 130
8 131
114 131
47 131
55 132
67 132
81 132
0 133
35 133
56 133
21 134
5 134
9 134
93 135
49 135
40 135
63 136
26 136
92 136
112 137
82 137
3 137
38 138
111 138
65 138
88 139
105 139
127 139
133 140
0 140
30 140
128 141
64 141
49 141
120 142
107 142
1 142
26 143
37 143
114 143
11 144
9 144
80 144
38 145
89 145
113 145
120 146
136 146
16 146
35 147
116 147
8 147
8 148
86 148
10 148
13 149
20 149
10 149
141 150
97 150
20 150
108 151
36 151
38 151
77 152
36 152
30 152
23 153
6 153
141 153
51 154
25 154
103 154
110 155
137 155
5 155
3 156
75 156
86 156
93 157
104 157
103 157
5 158
123 158
0 158
47 159
13 159
157 159
30 160
98 160
7 160
132 161
116 161
8 161
19 162
64 162
141 162
127 163
32 163
83 163
59 164
24 164
88 164
94 165
69 165
23 165
91 166
112 166
35 166
58 167
44 167
63 167
109 168
49 168
6 168
2 169
10 169
152 169
163 170
0 170
10 170
103 171
49 171
115 171
166 172
100 172
85 172
154 173
9 173
4 173
12 174
36 174
111 174
111 175
118 175
78 175
85 176
12 176
106 176
2 177
121 177
8 177
40 178
157 178
86 178
155 179
0 179
44 179
19 180
8 180
6 180
8 181
3 181
33 181
7 182
24 182
43 182
42 183
47 183
1 183
142 184
51 184
0 184
4 185
135 185
86 185
147 186
86 186
4 186
135 187
43 187
36 187
99 188
145 188
15 188
60 189
19 189
5 189
9 190
152 190
106 190
58 191
155 191
107 191
118 192
14 192
67 192
134 193
185 193
72 193
172 194
5 194
70 194
113 195
43 195
21 195
10 196
64 196
165 196
42 197
109 197
97 197
113 198
145 198
86 198
141 199
122 199
0 199
5 200
13 200
56 200
50 201
38 201
62 201
72 202
88 202
82 202
48 203
116 203
104 203
14 204
8 204
136 204
14 205
69 205
19 205
44 206
24 206
34 206
83 207
101 207
153 207
41 208
11 208
112 208
21 209
54 209
104 209
49 210
157 210
136 210
181 211
142 211
42 211
16 212
36 212
110 212
101 213
18 213
89 213
69 214
38 214
49 214
3 215
55 215
2 215
96 216
153 216
99 216
5 217
80 217
2 217
4 218
16 218
92 218
1 219
35 219
23 219
21 220
81 220
152 220
52 221
71 221
27 221
38 222
65 222
189 222
5 223
155 223
38 223
196 224
106 224
4 224
102 225
204 225
42 225
0 226
109 226
29 226
117 227
63 227
153 227
104 228
72 228
179 228
206 229
139 229
47 229
41 230
2 230
3 230
63 231
154 231
5 231
190 232
120 232
205 232
108 233
5 233
167 233
174 234
71 234
215 234
207 235
78 235
206 235
75 236
7 236
224 236
215 237
166 237
40 237
218 238
24 238
33 238
46 239
55 239
82 239
152 240
5 240
46 240
21 241
217 241
87 241
213 242
2 242
94 242
0 243
63 243
51 243
197 244
118 244
51 244
203 245
243 245
108 245
1 246
12 246
81 246
174 247
0 247
16 247
37 248
60 248
122 248
243 249
201 249
82 249
1 0
2 0
2 1
3 0
3 1
3 2
4 1
4 3
4 0
5 2
5 1
5 0
6 4
6 0
6 5
7 0
7 5
7 2
8 5
8 3
8 0
9 4
9 6
9 0
10 3
10 5
10 9
11 3
11 5
11 7
12 8
12 10
12 2
13 0
13 2
13 9
14 0
14 13
14 2
15 0
15 12
15 10
16 7
16 4
16 6
17 4
17 1
17 9
18 8
18 17
18 11
19 2
19 7
19 5
20 6
20 19
20 0
21 6
21 2
21 0
22 16
22 15
22 6
23 4
23 13
23 5
24 6
24 5
24 11
25 0
25 12
25 8
26 12
26 7
26 4
27 14
27 26
27 21
28 24
28 4
28 19
29 0
29 23
29 6
30 8
30 18
30 24
31 24
31 8
31 2
32 29
32 2
32 8
33 3
33 17
33 19
34 6
34 0
34 5
35 5
35 31
35 12
36 2
36 0
36 13
37 21
37 15
37 3
38 13
38 25
38 20
39 2
39 1
39 38
40 13
40 14
40 0
41 16
41 0
41 40
42 13
42 6
42 34
43 2
43 36
43 13
44 32
44 2
44 30
45 9
45 36
45 19
46 34
46 7
46 6
47 10
47 41
47 17
48 19
48 2
48 16
49 19
49 5
49 35
50 13
50 45
50 23
51 11
51 17
51 46
52 20
52 15
52 45
53 5
53 19
53 51
54 5
54 32
54 47
55 19
55 22
55 42
56 5
56 8
56 18
57 28
57 5
57 4
58 15
58 50
58 16
59 10
59 34
59 24
60 55
60 6
60 2
61 5
61 2
61 31
62 0
62 17
62 2
63 2
63 23
63 3
64 41
64 36
64 63
65 18
65 11
65 23
66 48
66 0
66 3
67 2
67 20
67 14
68 8
68 22
68 14
69 31
69 12
69 67
70 63
70 2
70 51
71 0
71 59
71 6
72 67
72 61
72 24
73 63
73 25
73 13
74 0
74 22
74 15
75 4
75 19
75 44
76 4
76 2
76 29
77 53
77 0
77 64
78 14
78 73
78 72
79 58
79 66
79 49
80 46
80 19
80 23
81 16
81 14
81 75
82 28
82 10
82 41
83 37
83 9
83 25
84 35
84 15
84 7
85 12
85 10
85 20
86 16
86 78
86 12
87 4
87 40
87 67
88 1
88 36
88 74
89 67
89 2
89 43
90 2
90 66
90 29
91 73
91 7
91 19
92 23
92 63
92 22
93 15
93 30
93 37
94 14
94 5
94 73
95 92
95 9
95 11
96 0
96 83
96 46
97 64
97 19
97 7
98 80
98 2
98 62
99 85
99 61
99 49
100 19
100 60
100 59
101 3
101 72
101 8
102 9
102 73
102 8
103 72
103 49
103 12
104 48
104 60
104 71
105 0
105 5
105 104
106 34
106 9
106 12
107 5
107 14
107 0
108 20
108 3
108 2
109 0
109 52
109 67
110 73
110 55
110 72
111 58
111 77
111 67
112 57
112 29
112 0
113 18
113 4
113 0
114 89
114 61
114 10
115 11
115 43
115 67
116 14
116 23
116 67
117 14
117 22
117 44
118 27
118 41
118 61
119 50
119 14
119 1
120 0
120 104
120 20
121 0
121 55
121 13
122 29
122 98
122 2
123 24
123 8
123 94
124 8
124 89
124 36
125 62
125 117
125 2
126 57
126 0
126 5
127 11
127 16
127 23
128 38
128 71
128 8
129 82
129 3
129 49
130 122
130 96
130 32
131 8
131 114
131 47
132 55
132 67
132 81
133 0
133 35
133 56
134 21
134 5
134 9
135 93
135 49
135 40
136 63
136 26
136 92
137 112
137 82
137 3
138 38
138 111
138 65
139 88
139 105
139 127
140 133
140 0
140 30
141 128
141 64
141 49
142 120
142 107
142 1
143 26
143 37
143 114
144 11
144 9
144 80
145 38
145 89
145 113
146 120
146 136
146 16
147 35
147 116
147 8
148 8
148 86
148 10
149 13
149 20
149 10
150 141
150 97
150 20
151 108
151 36
151 38
152 77
152 36
152 30
153 23
153 6
153 141
154 51
154 25
154 103
155 110
155 137
155 5
156 3
156 75
156 86
157 93
157 104
157 103
158 5
158 123
158 0
159 47
159 13
159 157
160 30
160 98
160 7
161 132
161 116
161 8
162 19
162 64
162 141
163 127
163 32
163 83
164 59
164 24
164 88
165 94
165 69
165 23
166 91
166 112
166 35
167 58
167 44
167 63
168 109
168 49
168 6
169 2
169 10
169 152
170 163
170 0
170 10
171 103
171 49
171 115
172 166
172 100
172 85
173 154
173 9
173 4
174 12
174 36
174 111
175 111
175 118
175 78
176 85
176 12
176 106
177 2
177 121
177 8
178 40
178 157
178 86
179 155
179 0
179 44
180 19
180 8
180 6
181 8
181 3
181 33
182 7
182 24
182 43
183 42
183 47
183 1
184 142
184 51
184 0
185 4
185 135
185 86
186 147
186 86
186 4
187 135
187 43
187 36
188 99
188 145
188 15
189 60
189 19
189 5
190 9
190 152
190 106
191 58
191 155
191 107
192 118
192 14
192 67
193 134
193 185
193 72
194 172
194 5
194 70
195 113
195 43
195 21
196 10
196 64
196 165
197 42
197 109
197 97
198 113
198 145
198 86
199 141
199 122
199 0
200 5
200 13
200 56
201 50
201 38
201 62
202 72
202 88
202 82
203 48
203 116
203 104
204 14
204 8
204 136
205 14
205 69
205 19
206 44
206 24
206 34
207 83
207 101
207 153
208 41
208 11
208 112
209 21
209 54
209 104
210 49
210 157
210 136
211 181
211 142
211 42
212 16
212 36
212 110
213 101
213 18
213 89
214 69
214 38
214 49
215 3
215 55
215 2
216 96
216 153
216 99
217 5
217 80
217 2
218 4
218 16
218 92
219 1
219 35
219 23
220 21
220 81
220 152
221 52
221 71
221 27
222 38
222 65
222 189
223 5
223 155
223 38
224 196
224 106
224 4
225 102
225 204
225 42
226 0
226 109
226 29
227 117
227 63
227 153
228 104
228 72
228 179
229 206
229 139
229 47
230 41
230 2
230 3
231 63
231 154
231 5
232 190
232 120
232 205
233 108
233 5
233 167
234 174
234 71
234 215
235 207
235 78
235 206
236 75
236 7
236 224
237 215
237 166
237 40
238 218
238 24
238 33
239 46
239 55
239 82
240 152
240 5
240 46
241 21
241 217
241 87
242 213
242 2
242 94
243 0
243 63
243 51
244 197
244 118
244 51
245 203
245 243
245 108
246 1
246 12
246 81
247 174
247 0
247 16
248 37
248 60
248 122
249 243
249 201
249 82
1 0 0 1 1 0 1 1 0 1 0 1 0 1 1 1 0 1 0 1 0 1 0 0 1 0 0 1 0 1 1 0 0 1 0 1 1 1 0 1 1 0 1 0 0 1 0 0 1 0 1 1 0 0 0 1 0 0 1 1 0 0 1 0 1 0 0 1 0 1 0 0 0 1 0 0 0 0 1 0 1 1 0 1 0 0 0 1 0 0 1 1 1 1 1 1 1 0 0 1 1 1 0 1 0 0 1 1 1 0 0 0 0 0 1 0 0 0 1 0 1 0 0 0 1 0 1 1 0 0 0 1 1 0 1 1 1 0 0 1 0 1 1 0 0 1 1 0 0 0 0 0 0 1 1 1 1 1 0 1 1 0 0 0 1 0 0 1 1 0 0 1 1 0 0 0 1 1 0 0 1 1 0 1 1 0 0 0 1 1 1 0 1 1 1 1 0 1 1 0 1 0 1 0 0 1 1 1 1 1 1 0 0 1 1 1 0 1 1 0 0 1 1 1 1 0 0 1 0 0 1 1 0 0 1 1 0 0 0 1 0 1 1 1 1 0 0 0 1 0
0 0 1 1 1 1 0 1 0 1 0 1 0 0 0 0 0 0 0 1 1 0 1 1 1 0 0 0 0 0 1 0 1 0 1 0 0 1 0 1 0 1 0 1 1 0 1 0 0 1 0 1 1 0 0 1 1 0 0 0 0 0 0 1 0 1 0 1 0 1 1 1 0 1 0 0 0 0 0 0 1 0 0 1 0 1 0 1 0 1 0 0 0 0 0 1 1 1 1 1 0 0 0 1 1 0 0 1 1 1 1 1 0 1 1 0 1 0 0 1 0 1 0 1 0 0 1 0 0 1 1 0 0 1 0 1 0 1 0 0 0 0 1 0 0 0 1 1 1 0 1 0 0 0 1 1 0 0 1 1 1 1 0 0 0 1 1 1 0 1 0 1 1 0 1 0 0 0 0 0 1 1 0 0 0 1 0 1 1 1 0 0 1 0 0 0 0 0 1 1 1 1 1 1 0 1 1 1 1 1 1 1 1 1 1 1 0 1 0 0 1 0 0 0 1 1 1 0 1 0 0 0 0 1 1 0 0 1 1 1 1 0 1 0 0 0 0 1 1 0
0 0 1 0 0 1 0 1 1 0 0 1 1 0 1 0 0 1 0 1 0 0 1 0 1 1 0 0 1 0 0 1 0 0 1 1 1 1 0 0 0 1 0 0 1 0 0 1 0 1 1 0 0 0 1 0 1 0 0 0 0 1 1 0 1 1 1 1 0 1 0 0 0 0 0 0 1 1 1 0 1 1 1 1 0 0 1 1 0 0 1 0 1 0 1 1 1 0 1 0 0 0 1 0 1 0 0 1 0 0 0 1 0 0 0 0 1 0 0 0 1 0 1 0 1 1 1 1 1 0 1 0 1 1 0 0 0 1 1 0 1 1 0 0 0 1 0 0 0 0 1 0 1 1 1 0 0 1 1 1 1 0 0 1 0 1 1 0 1 0 0 0 1 0 0 1 0 0 1 1 1 1 0 0 0 1 0 0 0 0 1 0 1 0 0 1 0 1 0 0 0 0 0 0 0 0 0 0 1 1 0 1 0 0 0 0 1 0 1 1 0 1 1 1 1 0 1 1 0 0 1 0 1 1 1 0 1 0 1 1 1 0 0 1 1 1 0 0 0 1
1 0 0 1 1 1 0 1 1 1 0 1 0 0 0 0 0 0 1 1 0 0 1 1 1 1 1 0 0 1 0 1 0 0 1 1 1 0 0 1 0 0 0 1 0 0 1 1 1 1 0 1 0 0 1 1 1 1 0 1 0 0 0 0 0 0 1 1 1 0 0 0 0 1 0 1 0 0 1 0 0 1 0 1 0 1 0 1 1 1 1 1 0 0 0 0 0 1 0 0 0 1 0 0 0 0 1 0 1 0 0 1 1 0 1 0 0 0 0 1 1 1 0 1 1 1 1 0 0 0 1 1 0 0 1 1 1 0 1 1 1 0 0 1 0 0 1 0 1 1 0 0 1 1 0 0 1 1 0 1 1 1 1 0 0 1 1 0 1 0 1 0 0 0 1 1 0 0 1 0 1 0 0 0 0 0 0 0 0 0 1 0 1 0 0 1 0 1 1 1 1 0 0 1 1 0 1 0 0 0 0 0 1 1 1 0 1 0 0 0 0 0 1 1 0 0 0 1 0 0 0 1 0 1 0 0 1 0 1 1 1 1 0 1 1 0 1 0 0 1
1 0 0 0 1 0 1 0 1 1 1 1 0 1 1 1 1 0 1 0 0 1 0 1 1 0 1 0 0 1 0 1 1 1 0 1 1 0 1 1 1 1 0 0 1 0 1 1 0 1 1 0 0 0 0 0 1 1 1 0 1 0 1 0 0 1 1 0 0 0 0 0 1 1 1 1 1 1 1 1 1 0 1 0 1 0 0 0 0 0 0 1 0 0 1 1 0 0 1 1 0 1 0 0 1 0 0 1 0 1 1 0 1 0 0 1 0 0 0 0 1 1 1 0 1 0 0 0 0 1 1 0 1 1 1 1 1 0 0 0 0 1 1 0 1 1 0 1 1 1 0 1 0 1 0 1 1 1 0 1 0 0 0 1 1 0 1 0 0 0 0 1 1 1 0 0 1 0 1 0 1 0 0 0 1 1 0 0 0 0 1 0 0 1 1 0 1 1 1 0 1 0 1 0 0 1 0 0 1 1 1 0 1 1 0 1 1 0 0 0 1 0 0 1 0 0 1 0 0 1 1 1 0 1 0 0 1 1 0 1 1 0 0 1 1 0 0 0 0 0