50 380 5
0 1
0 2
1 2
0 3
1 3
2 3
0 4
1 4
2 4
3 4
0 5
3 5
1 5
4 5
4 6
0 6
3 6
1 6
3 7
1 7
6 7
0 7
1 8
0 8
6 8
2 8
1 9
8 9
3 9
2 9
8 10
1 10
6 10
0 10
2 11
3 11
1 11
9 11
0 12
10 12
8 12
6 12
9 13
3 13
1 13
4 13
6 14
1 14
9 14
8 14
13 15
2 15
14 15
11 15
6 16
8 16
15 16
4 16
2 17
6 17
14 17
16 17
4 18
11 18
15 18
0 18
3 19
14 19
10 19
12 19
1 20
17 20
0 20
14 20
20 21
19 21
11 21
3 21
6 22
0 22
5 22
21 22
9 23
13 23
0 23
4 23
3 24
23 24
5 24
4 24
6 25
15 25
17 25
3 25
2 26
15 26
19 26
3 26
22 27
3 27
15 27
21 27
13 28
14 28
20 28
16 28
9 29
28 29
11 29
7 29
19 30
21 30
1 30
15 30
7 31
16 31
6 31
24 31
16 32
9 32
11 32
20 32
1 33
24 33
32 33
10 33
15 34
6 34
29 34
23 34
16 35
4 35
10 35
7 35
24 36
22 36
6 36
4 36
4 37
26 37
6 37
3 37
6 38
23 38
4 38
15 38
24 39
21 39
14 39
12 39
9 40
0 40
7 40
16 40
17 41
8 41
26 41
15 41
25 42
28 42
12 42
35 42
22 43
42 43
19 43
6 43
15 44
34 44
33 44
26 44
33 45
42 45
41 45
15 45
33 46
22 46
16 46
6 46
8 47
16 47
6 47
15 47
11 48
0 48
35 48
7 48
33 49
23 49
22 49
29 49
1 0
2 0
2 1
3 0
3 1
3 2
4 0
4 1
4 2
4 3
5 0
5 3
5 1
5 4
6 4
6 0
6 3
6 1
7 3
7 1
7 6
7 0
8 1
8 0
8 6
8 2
9 1
9 8
9 3
9 2
10 8
10 1
10 6
10 0
11 2
11 3
11 1
11 9
12 0
12 10
12 8
12 6
13 9
13 3
13 1
13 4
14 6
14 1
14 9
14 8
15 13
15 2
15 14
15 11
16 6
16 8
16 15
16 4
17 2
17 6
17 14
17 16
18 4
18 11
18 15
18 0
19 3
19 14
19 10
19 12
20 1
20 17
20 0
20 14
21 20
21 19
21 11
21 3
22 6
22 0
22 5
22 21
23 9
23 13
23 0
23 4
24 3
24 23
24 5
24 4
25 6
25 15
25 17
25 3
26 2
26 15
26 19
26 3
27 22
27 3
27 15
27 21
28 13
28 14
28 20
28 16
29 9
29 28
29 11
29 7
30 19
30 21
30 1
30 15
31 7
31 16
31 6
31 24
32 16
32 9
32 11
32 20
33 1
33 24
33 32
33 10
34 15
34 6
34 29
34 23
35 16
35 4
35 10
35 7
36 24
36 22
36 6
36 4
37 4
37 26
37 6
37 3
38 6
38 23
38 4
38 15
39 24
39 21
39 14
39 12
40 9
40 0
40 7
40 16
41 17
41 8
41 26
41 15
42 25
42 28
42 12
42 35
43 22
43 42
43 19
43 6
44 15
44 34
44 33
44 26
45 33
45 42
45 41
45 15
46 33
46 22
46 16
46 6
47 8
47 16
47 6
47 15
48 11
48 0
48 35
48 7
49 33
49 23
49 22
49 29
1 1 1 1 1 1 1 0 1 1 1 0 1 0 1 0 1 1 1 1 0 0 0 1 0 0 0 0 1 1 0 0 0 1 1 1 1 0 1 0 0 1 0 0 1 0 1 0 0 0
1 0 1 0 1 1 1 1 0 0 1 0 0 1 0 1 0 0 1 1 0 0 1 1 1 0 0 0 1 0 1 0 1 1 1 1 0 1 0 1 1 1 1 0 1 0 1 1 0 1
1 1 1 0 1 0 1 0 1 1 1 1 1 0 1 1 1 1 1 1 0 0 0 0 0 1 0 0 0 0 1 0 0 0 0 1 1 1 1 0 1 1 0 1 1 0 0 1 1 0
1 1 1 0 0 1 1 0 0 0 1 0 0 0 1 1 1 0 0 1 1 1 0 1 1 1 0 1 0 0 1 0 1 1 0 0 1 0 1 0 0 0 0 0 0 1 1 0 1 0
1 0 1 1 0 0 0 1 1 1 0 0 1 1 0 1 0 1 0 1 1 1 0 1 0 0 1 1 0 0 1 0 0 1 0 1 0 0 0 0 0 1 0 0 0 1 0 0 1 1