100 780 5
0 1
0 2
1 2
0 3
1 3
2 3
0 4
1 4
2 4
3 4
4 5
3 5
0 5
1 5
4 6
3 6
1 6
2 6
3 7
6 7
0 7
1 7
1 8
5 8
0 8
7 8
7 9
5 9
4 9
3 9
2 10
3 10
4 10
5 10
4 11
0 11
2 11
8 11
7 12
11 12
1 12
4 12
6 13
9 13
2 13
10 13
13 14
4 14
10 14
3 14
9 15
6 15
3 15
0 15
11 16
9 16
4 16
12 16
3 17
12 17
5 17
0 17
2 18
9 18
6 18
3 18
12 19
9 19
7 19
0 19
17 20
12 20
6 20
4 20
5 21
11 21
18 21
16 21
2 22
19 22
3 22
18 22
7 23
3 23
19 23
0 23
18 24
10 24
3 24
5 24
2 25
7 25
3 25
14 25
3 26
20 26
12 26
13 26
19 27
12 27
3 27
7 27
17 28
1 28
7 28
0 28
0 29
3 29
18 29
13 29
15 30
29 30
20 30
6 30
9 31
0 31
3 31
13 31
19 32
3 32
24 32
5 32
18 33
20 33
12 33
26 33
11 34
6 34
4 34
0 34
10 35
0 35
21 35
32 35
16 36
31 36
10 36
35 36
9 37
20 37
21 37
18 37
0 38
33 38
21 38
7 38
4 39
33 39
18 39
5 39
17 40
3 40
7 40
13 40
12 41
28 41
1 41
38 41
37 42
28 42
40 42
2 42
36 43
0 43
23 43
2 43
3 44
0 44
19 44
31 44
0 45
5 45
21 45
30 45
21 46
9 46
24 46
39 46
25 47
44 47
7 47
11 47
23 48
1 48
4 48
47 48
1 49
27 49
36 49
3 49
33 50
26 50
12 50
19 50
31 51
10 51
27 51
49 51
26 52
13 52
45 52
48 52
18 53
46 53
36 53
13 53
8 54
17 54
32 54
14 54
39 55
0 55
52 55
20 55
13 56
0 56
22 56
3 56
15 57
50 57
37 57
55 57
18 58
26 58
48 58
1 58
3 59
5 59
57 59
34 59
25 60
45 60
57 60
12 60
14 61
52 61
1 61
42 61
27 62
28 62
0 62
36 62
26 63
11 63
21 63
1 63
34 64
6 64
0 64
51 64
55 65
6 65
7 65
31 65
38 66
22 66
23 66
0 66
28 67
25 67
44 67
61 67
4 68
8 68
18 68
50 68
27 69
3 69
13 69
0 69
33 70
30 70
19 70
61 70
68 71
11 71
30 71
26 71
37 72
38 72
59 72
25 72
7 73
46 73
0 73
9 73
19 74
18 74
35 74
3 74
3 75
59 75
35 75
46 75
26 76
3 76
52 76
68 76
39 77
20 77
19 77
18 77
3 78
0 78
13 78
72 78
54 79
42 79
24 79
0 79
0 80
41 80
55 80
3 80
38 81
6 81
15 81
26 81
77 82
13 82
27 82
17 82
41 83
47 83
67 83
76 83
9 84
7 84
50 84
25 84
35 85
79 85
38 85
51 85
15 86
72 86
42 86
5 86
1 87
11 87
46 87
13 87
7 88
1 88
66 88
26 88
11 89
13 89
14 89
25 89
62 90
25 90
12 90
19 90
7 91
86 91
19 91
84 91
17 92
40 92
19 92
10 92
71 93
4 93
26 93
27 93
42 94
57 94
72 94
62 94
6 95
55 95
34 95
72 95
31 96
63 96
93 96
40 96
73 97
38 97
4 97
49 97
77 98
25 98
41 98
95 98
1 99
3 99
7 99
17 99
1 0
2 0
2 1
3 0
3 1
3 2
4 0
4 1
4 2
4 3
5 4
5 3
5 0
5 1
6 4
6 3
6 1
6 2
7 3
7 6
7 0
7 1
8 1
8 5
8 0
8 7
9 7
9 5
9 4
9 3
10 2
10 3
10 4
10 5
11 4
11 0
11 2
11 8
12 7
12 11
12 1
12 4
13 6
13 9
13 2
13 10
14 13
14 4
14 10
14 3
15 9
15 6
15 3
15 0
16 11
16 9
16 4
16 12
17 3
17 12
17 5
17 0
18 2
18 9
18 6
18 3
19 12
19 9
19 7
19 0
20 17
20 12
20 6
20 4
21 5
21 11
21 18
21 16
22 2
22 19
22 3
22 18
23 7
23 3
23 19
23 0
24 18
24 10
24 3
24 5
25 2
25 7
25 3
25 14
26 3
26 20
26 12
26 13
27 19
27 12
27 3
27 7
28 17
28 1
28 7
28 0
29 0
29 3
29 18
29 13
30 15
30 29
30 20
30 6
31 9
31 0
31 3
31 13
32 19
32 3
32 24
32 5
33 18
33 20
33 12
33 26
34 11
34 6
34 4
34 0
35 10
35 0
35 21
35 32
36 16
36 31
36 10
36 35
37 9
37 20
37 21
37 18
38 0
38 33
38 21
38 7
39 4
39 33
39 18
39 5
40 17
40 3
40 7
40 13
41 12
41 28
41 1
41 38
42 37
42 28
42 40
42 2
43 36
43 0
43 23
43 2
44 3
44 0
44 19
44 31
45 0
45 5
45 21
45 30
46 21
46 9
46 24
46 39
47 25
47 44
47 7
47 11
48 23
48 1
48 4
48 47
49 1
49 27
49 36
49 3
50 33
50 26
50 12
50 19
51 31
51 10
51 27
51 49
52 26
52 13
52 45
52 48
53 18
53 46
53 36
53 13
54 8
54 17
54 32
54 14
55 39
55 0
55 52
55 20
56 13
56 0
56 22
56 3
57 15
57 50
57 37
57 55
58 18
58 26
58 48
58 1
59 3
59 5
59 57
59 34
60 25
60 45
60 57
60 12
61 14
61 52
61 1
61 42
62 27
62 28
62 0
62 36
63 26
63 11
63 21
63 1
64 34
64 6
64 0
64 51
65 55
65 6
65 7
65 31
66 38
66 22
66 23
66 0
67 28
67 25
67 44
67 61
68 4
68 8
68 18
68 50
69 27
69 3
69 13
69 0
70 33
70 30
70 19
70 61
71 68
71 11
71 30
71 26
72 37
72 38
72 59
72 25
73 7
73 46
73 0
73 9
74 19
74 18
74 35
74 3
75 3
75 59
75 35
75 46
76 26
76 3
76 52
76 68
77 39
77 20
77 19
77 18
78 3
78 0
78 13
78 72
79 54
79 42
79 24
79 0
80 0
80 41
80 55
80 3
81 38
81 6
81 15
81 26
82 77
82 13
82 27
82 17
83 41
83 47
83 67
83 76
84 9
84 7
84 50
84 25
85 35
85 79
85 38
85 51
86 15
86 72
86 42
86 5
87 1
87 11
87 46
87 13
88 7
88 1
88 66
88 26
89 11
89 13
89 14
89 25
90 62
90 25
90 12
90 19
91 7
91 86
91 19
91 84
92 17
92 40
92 19
92 10
93 71
93 4
93 26
93 27
94 42
94 57
94 72
94 62
95 6
95 55
95 34
95 72
96 31
96 63
96 93
96 40
97 73
97 38
97 4
97 49
98 77
98 25
98 41
98 95
99 1
99 3
99 7
99 17
0 1 1 0 1 1 1 1 0 0 1 0 1 1 0 1 0 0 0 0 0 0 0 1 0 1 1 0 0 0 0 1 0 0 1 1 0 1 0 0 0 0 0 1 1 1 0 1 1 1 0 1 0 1 1 1 1 0 1 1 1 1 1 0 0 1 0 1 0 0 1 1 1 1 1 1 0 0 1 0 1 0 0 1 0 0 0 1 1 0 1 1 0 0 0 0 1 0 0 0
0 1 1 0 0 1 1 0 0 1 1 1 0 0 0 0 1 1 1 1 1 1 0 1 1 1 1 1 1 0 1 1 0 1 0 1 1 0 0 1 1 1 0 0 1 1 1 1 1 1 1 1 0 1 1 0 0 1 0 0 0 1 1 1 0 0 0 1 1 1 0 0 1 0 0 1 1 0 1 1 1 1 0 0 0 0 1 1 1 0 1 1 1 1 0 1 0 1 1 0
1 0 1 1 1 1 1 0 1 1 0 1 0 1 0 0 0 0 1 1 0 1 1 0 0 0 0 0 1 1 0 0 1 1 0 1 1 1 1 0 0 1 0 0 0 1 0 0 1 1 1 0 0 0 0 0 1 1 0 1 1 0 0 0 1 0 1 1 1 0 1 0 0 1 0 1 0 1 1 0 1 1 0 1 0 0 0 0 0 0 1 1 1 1 0 0 1 0 0 0
1 0 1 1 1 0 1 1 1 0 1 1 1 1 1 0 0 0 1 0 0 0 1 1 1 1 1 0 1 0 0 0 1 1 1 1 1 1 0 0 0 1 0 1 1 1 0 0 1 1 0 0 0 0 0 1 1 0 0 0 1 0 1 0 1 0 0 1 1 1 0 1 1 0 1 0 0 1 1 1 0 1 0 1 1 0 1 0 1 1 0 0 1 0 1 0 1 0 1 1
0 1 0 1 1 1 1 0 1 1 1 1 1 1 1 1 1 0 1 0 1 1 0 0 0 1 1 0 0 1 1 0 1 1 1 0 0 1 1 1 0 0 0 0 1 0 1 1 0 0 1 0 1 1 1 1 0 1 1 0 0 0 0 1 1 0 0 0 0 1 1 1 1 1 1 1 1 1 1 1 1 0 1 0 1 1 1 1 0 0 1 0 0 0 0 0 0 1 0 1