100 588 5
0 1
0 2
1 2
0 3
1 3
2 3
0 4
2 4
3 4
2 5
0 5
3 5
4 6
1 6
2 6
0 7
5 7
2 7
1 8
0 8
3 8
0 9
3 9
5 9
6 10
0 10
1 10
7 11
0 11
9 11
0 12
3 12
2 12
2 13
0 13
3 13
1 14
6 14
7 14
10 15
1 15
0 15
1 16
0 16
3 16
3 17
0 17
2 17
0 18
5 18
1 18
15 19
16 19
10 19
0 20
17 20
3 20
4 21
0 21
18 21
20 22
18 22
1 22
0 23
10 23
17 23
15 24
11 24
21 24
1 25
13 25
21 25
1 26
2 26
3 26
0 27
15 27
11 27
25 28
15 28
1 28
1 29
26 29
3 29
0 30
9 30
17 30
15 31
2 31
1 31
15 32
12 32
21 32
6 33
11 33
15 33
22 34
28 34
0 34
6 35
8 35
0 35
30 36
11 36
1 36
36 37
1 37
18 37
28 38
7 38
1 38
11 39
3 39
22 39
11 40
37 40
31 40
9 41
20 41
0 41
3 42
19 42
0 42
15 43
4 43
23 43
4 44
12 44
5 44
44 45
19 45
12 45
43 46
14 46
17 46
22 47
20 47
21 47
16 48
13 48
0 48
2 49
26 49
15 49
12 50
28 50
3 50
25 51
38 51
1 51
0 52
26 52
13 52
38 53
1 53
48 53
1 54
6 54
17 54
27 55
1 55
34 55
21 56
20 56
5 56
50 57
12 57
3 57
2 58
27 58
11 58
24 59
55 59
35 59
18 60
49 60
35 60
13 61
23 61
50 61
34 62
3 62
1 62
16 63
2 63
50 63
0 64
17 64
3 64
28 65
0 65
20 65
19 66
32 66
0 66
14 67
55 67
18 67
0 68
65 68
5 68
53 69
11 69
38 69
13 70
66 70
19 70
15 71
5 71
33 71
8 72
39 72
12 72
5 73
14 73
23 73
64 74
50 74
2 74
23 75
13 75
70 75
65 76
0 76
20 76
0 77
15 77
42 77
19 78
67 78
62 78
1 79
14 79
58 79
37 80
53 80
0 80
30 81
1 81
35 81
47 82
17 82
62 82
20 83
55 83
48 83
39 84
36 84
58 84
74 85
27 85
72 85
74 86
40 86
10 86
51 87
42 87
82 87
0 88
62 88
16 88
13 89
9 89
68 89
0 90
24 90
82 90
30 91
72 91
75 91
25 92
44 92
1 92
13 93
20 93
5 93
63 94
28 94
20 94
65 95
44 95
28 95
68 96
15 96
50 96
83 97
86 97
46 97
3 98
73 98
21 98
31 99
26 99
3 99
1 0
2 0
2 1
3 0
3 1
3 2
4 0
4 2
4 3
5 2
5 0
5 3
6 4
6 1
6 2
7 0
7 5
7 2
8 1
8 0
8 3
9 0
9 3
9 5
10 6
10 0
10 1
11 7
11 0
11 9
12 0
12 3
12 2
13 2
13 0
13 3
14 1
14 6
14 7
15 10
15 1
15 0
16 1
16 0
16 3
17 3
17 0
17 2
18 0
18 5
18 1
19 15
19 16
19 10
20 0
20 17
20 3
21 4
21 0
21 18
22 20
22 18
22 1
23 0
23 10
23 17
24 15
24 11
24 21
25 1
25 13
25 21
26 1
26 2
26 3
27 0
27 15
27 11
28 25
28 15
28 1
29 1
29 26
29 3
30 0
30 9
30 17
31 15
31 2
31 1
32 15
32 12
32 21
33 6
33 11
33 15
34 22
34 28
34 0
35 6
35 8
35 0
36 30
36 11
36 1
37 36
37 1
37 18
38 28
38 7
38 1
39 11
39 3
39 22
40 11
40 37
40 31
41 9
41 20
41 0
42 3
42 19
42 0
43 15
43 4
43 23
44 4
44 12
44 5
45 44
45 19
45 12
46 43
46 14
46 17
47 22
47 20
47 21
48 16
48 13
48 0
49 2
49 26
49 15
50 12
50 28
50 3
51 25
51 38
51 1
52 0
52 26
52 13
53 38
53 1
53 48
54 1
54 6
54 17
55 27
55 1
55 34
56 21
56 20
56 5
57 50
57 12
57 3
58 2
58 27
58 11
59 24
59 55
59 35
60 18
60 49
60 35
61 13
61 23
61 50
62 34
62 3
62 1
63 16
63 2
63 50
64 0
64 17
64 3
65 28
65 0
65 20
66 19
66 32
66 0
67 14
67 55
67 18
68 0
68 65
68 5
69 53
69 11
69 38
70 13
70 66
70 19
71 15
71 5
71 33
72 8
72 39
72 12
73 5
73 14
73 23
74 64
74 50
74 2
75 23
75 13
75 70
76 65
76 0
76 20
77 0
77 15
77 42
78 19
78 67
78 62
79 1
79 14
79 58
80 37
80 53
80 0
81 30
81 1
81 35
82 47
82 17
82 62
83 20
83 55
83 48
84 39
84 36
84 58
85 74
85 27
85 72
86 74
86 40
86 10
87 51
87 42
87 82
88 0
88 62
88 16
89 13
89 9
89 68
90 0
90 24
90 82
91 30
91 72
91 75
92 25
92 44
92 1
93 13
93 20
93 5
94 63
94 28
94 20
95 65
95 44
95 28
96 68
96 15
96 50
97 83
97 86
97 46
98 3
98 73
98 21
99 31
99 26
99 3
0 1 0 0 1 0 0 1 1 0 0 0 0 1 1 1 1 0 1 1 1 1 1 1 1 0 0 1 0 1 0 1 0 0 0 1 0 0 1 1 0 0 1 1 0 0 0 1 0 0 1 0 0 0 1 1 1 1 0 0 1 0 0 1 0 1 1 1 0 1 1 1 1 0 0 0 1 0 1 1 1 0 1 1 0 1 0 1 1 0 0 1 0 1 1 0 0 1 0 1
0 1 0 0 1 0 1 1 0 0 1 0 1 1 1 1 0 0 0 0 0 0 1 0 0 1 0 1 1 1 1 0 0 0 0 0 0 1 0 1 1 1 0 0 0 0 1 0 0 1 1 1 0 0 0 0 1 0 0 1 1 1 1 0 1 1 0 1 1 0 0 0 1 0 1 0 1 0 1 1 0 0 0 1 0 0 1 1 0 0 1 1 0 1 1 0 1 0 1 0
0 0 1 1 0 0 1 0 0 0 0 0 0 1 0 1 1 1 1 0 0 0 0 1 1 0 1 1 0 0 1 0 0 0 0 1 0 0 0 0 1 1 0 0 0 1 1 1 1 0 0 0 0 1 1 1 1 0 0 0 1 0 1 0 1 0 0 0 0 0 0 0 1 0 1 1 1 0 0 1 1 1 0 0 1 1 1 1 1 1 0 0 1 1 1 1 1 0 1 0
0 1 0 0 1 1 1 0 0 1 0 0 1 0 1 0 0 1 1 0 1 0 0 0 1 1 1 1 0 0 1 1 0 1 0 0 1 1 1 0 1 0 1 0 1 0 1 0 1 1 0 1 1 0 1 1 1 0 1 1 1 0 0 1 0 0 1 0 1 0 0 0 1 0 1 1 0 1 0 1 1 1 0 0 1 0 1 1 0 1 0 0 0 0 0 1 0 0 1 0
1 0 0 1 0 1 0 0 0 0 0 1 0 0 0 1 1 0 0 0 0 1 0 0 1 0 1 0 1 0 1 1 1 0 0 0 0 1 0 1 0 0 0 1 0 1 1 1 0 1 0 0 1 0 1 0 1 1 1 1 1 0 0 0 0 1 0 1 0 1 0 0 1 0 0 0 1 0 0 1 1 0 1 0 1 0 0 1 0 0 0 0 0 0 1 1 0 0 1 1