100 780 5
0 1
0 2
1 2
0 3
1 3
2 3
0 4
1 4
2 4
3 4
1 5
4 5
0 5
3 5
0 6
3 6
1 6
4 6
0 7
5 7
3 7
6 7
7 8
3 8
6 8
0 8
0 9
6 9
4 9
3 9
6 10
7 10
3 10
5 10
3 11
5 11
0 11
8 11
5 12
11 12
0 12
3 12
6 13
11 13
3 13
4 13
10 14
3 14
7 14
5 14
3 15
8 15
0 15
13 15
9 16
4 16
13 16
1 16
3 17
6 17
8 17
4 17
1 18
8 18
10 18
6 18
8 19
18 19
2 19
4 19
10 20
5 20
2 20
0 20
11 21
2 21
3 21
16 21
10 22
2 22
1 22
17 22
0 23
7 23
17 23
12 23
7 24
0 24
8 24
12 24
17 25
8 25
3 25
21 25
4 26
17 26
19 26
20 26
0 27
10 27
2 27
11 27
23 28
8 28
3 28
24 28
13 29
7 29
11 29
8 29
29 30
5 30
25 30
8 30
9 31
6 31
16 31
29 31
23 32
3 32
5 32
27 32
14 33
31 33
8 33
29 33
10 34
3 34
26 34
30 34
25 35
4 35
10 35
0 35
23 36
12 36
0 36
35 36
24 37
4 37
33 37
35 37
8 38
6 38
25 38
23 38
0 39
4 39
38 39
19 39
4 40
12 40
33 40
11 40
12 41
10 41
4 41
19 41
0 42
37 42
8 42
29 42
31 43
12 43
0 43
3 43
32 44
37 44
26 44
2 44
19 45
43 45
14 45
39 45
8 46
3 46
11 46
39 46
38 47
41 47
13 47
23 47
8 48
25 48
34 48
4 48
23 49
26 49
4 49
11 49
6 50
15 50
34 50
21 50
40 51
2 51
3 51
4 51
51 52
23 52
13 52
8 52
10 53
13 53
16 53
17 53
3 54
12 54
0 54
32 54
39 55
33 55
43 55
26 55
32 56
20 56
2 56
0 56
8 57
3 57
0 57
14 57
50 58
23 58
38 58
40 58
38 59
32 59
53 59
39 59
47 60
43 60
11 60
25 60
12 61
9 61
38 61
27 61
8 62
23 62
33 62
0 62
5 63
3 63
21 63
8 63
33 64
21 64
2 64
25 64
10 65
0 65
6 65
39 65
23 66
52 66
22 66
59 66
3 67
6 67
12 67
13 67
12 68
10 68
17 68
9 68
54 69
15 69
47 69
2 69
54 70
6 70
32 70
1 70
0 71
6 71
62 71
4 71
3 72
12 72
24 72
55 72
2 73
39 73
33 73
0 73
52 74
2 74
7 74
38 74
46 75
0 75
47 75
9 75
59 76
4 76
34 76
58 76
66 77
72 77
29 77
4 77
12 78
55 78
10 78
68 78
76 79
23 79
56 79
46 79
31 80
40 80
4 80
3 80
13 81
10 81
37 81
22 81
8 82
18 82
29 82
69 82
62 83
0 83
31 83
81 83
25 84
75 84
58 84
55 84
35 85
64 85
27 85
72 85
38 86
12 86
29 86
83 86
38 87
7 87
46 87
37 87
5 88
0 88
47 88
4 88
27 89
72 89
3 89
81 89
11 90
76 90
0 90
4 90
1 91
58 91
69 91
84 91
25 92
43 92
23 92
41 92
58 93
12 93
37 93
11 93
47 94
38 94
91 94
93 94
3 95
93 95
66 95
51 95
18 96
7 96
0 96
60 96
33 97
60 97
58 97
57 97
16 98
41 98
8 98
2 98
33 99
39 99
4 99
35 99
1 0
2 0
2 1
3 0
3 1
3 2
4 0
4 1
4 2
4 3
5 1
5 4
5 0
5 3
6 0
6 3
6 1
6 4
7 0
7 5
7 3
7 6
8 7
8 3
8 6
8 0
9 0
9 6
9 4
9 3
10 6
10 7
10 3
10 5
11 3
11 5
11 0
11 8
12 5
12 11
12 0
12 3
13 6
13 11
13 3
13 4
14 10
14 3
14 7
14 5
15 3
15 8
15 0
15 13
16 9
16 4
16 13
16 1
17 3
17 6
17 8
17 4
18 1
18 8
18 10
18 6
19 8
19 18
19 2
19 4
20 10
20 5
20 2
20 0
21 11
21 2
21 3
21 16
22 10
22 2
22 1
22 17
23 0
23 7
23 17
23 12
24 7
24 0
24 8
24 12
25 17
25 8
25 3
25 21
26 4
26 17
26 19
26 20
27 0
27 10
27 2
27 11
28 23
28 8
28 3
28 24
29 13
29 7
29 11
29 8
30 29
30 5
30 25
30 8
31 9
31 6
31 16
31 29
32 23
32 3
32 5
32 27
33 14
33 31
33 8
33 29
34 10
34 3
34 26
34 30
35 25
35 4
35 10
35 0
36 23
36 12
36 0
36 35
37 24
37 4
37 33
37 35
38 8
38 6
38 25
38 23
39 0
39 4
39 38
39 19
40 4
40 12
40 33
40 11
41 12
41 10
41 4
41 19
42 0
42 37
42 8
42 29
43 31
43 12
43 0
43 3
44 32
44 37
44 26
44 2
45 19
45 43
45 14
45 39
46 8
46 3
46 11
46 39
47 38
47 41
47 13
47 23
48 8
48 25
48 34
48 4
49 23
49 26
49 4
49 11
50 6
50 15
50 34
50 21
51 40
51 2
51 3
51 4
52 51
52 23
52 13
52 8
53 10
53 13
53 16
53 17
54 3
54 12
54 0
54 32
55 39
55 33
55 43
55 26
56 32
56 20
56 2
56 0
57 8
57 3
57 0
57 14
58 50
58 23
58 38
58 40
59 38
59 32
59 53
59 39
60 47
60 43
60 11
60 25
61 12
61 9
61 38
61 27
62 8
62 23
62 33
62 0
63 5
63 3
63 21
63 8
64 33
64 21
64 2
64 25
65 10
65 0
65 6
65 39
66 23
66 52
66 22
66 59
67 3
67 6
67 12
67 13
68 12
68 10
68 17
68 9
69 54
69 15
69 47
69 2
70 54
70 6
70 32
70 1
71 0
71 6
71 62
71 4
72 3
72 12
72 24
72 55
73 2
73 39
73 33
73 0
74 52
74 2
74 7
74 38
75 46
75 0
75 47
75 9
76 59
76 4
76 34
76 58
77 66
77 72
77 29
77 4
78 12
78 55
78 10
78 68
79 76
79 23
79 56
79 46
80 31
80 40
80 4
80 3
81 13
81 10
81 37
81 22
82 8
82 18
82 29
82 69
83 62
83 0
83 31
83 81
84 25
84 75
84 58
84 55
85 35
85 64
85 27
85 72
86 38
86 12
86 29
86 83
87 38
87 7
87 46
87 37
88 5
88 0
88 47
88 4
89 27
89 72
89 3
89 81
90 11
90 76
90 0
90 4
91 1
91 58
91 69
91 84
92 25
92 43
92 23
92 41
93 58
93 12
93 37
93 11
94 47
94 38
94 91
94 93
95 3
95 93
95 66
95 51
96 18
96 7
96 0
96 60
97 33
97 60
97 58
97 57
98 16
98 41
98 8
98 2
99 33
99 39
99 4
99 35
1 0 0 0 1 1 0 1 0 1 1 0 1 1 0 1 1 0 1 1 1 0 1 1 1 1 1 0 1 0 0 0 0 0 1 1 0 0 1 0 1 0 1 0 1 0 1 1 0 0 0 0 1 1 0 1 1 0 0 1 1 0 1 0 1 0 0 1 1 1 1 1 1 0 0 0 1 0 0 0 1 0 0 1 0 0 0 1 1 0 0 1 0 0 1 0 1 1 0 1
1 1 0 0 1 0 0 0 0 0 0 0 0 0 0 0 1 0 1 0 0 1 0 1 0 0 0 0 0 0 1 1 1 1 1 0 0 1 0 1 1 1 1 1 1 0 0 1 0 0 1 1 0 1 0 1 0 0 1 1 1 1 1 1 0 0 0 1 0 1 1 1 0 1 1 0 1 0 0 0 0 1 1 0 1 0 0 0 1 0 0 0 1 1 0 1 0 0 0 1
0 1 1 0 0 1 0 0 1 0 0 1 1 0 0 1 0 1 0 1 0 1 1 1 1 0 1 1 0 0 0 1 0 1 1 0 1 1 1 1 1 0 1 1 0 0 0 0 1 1 1 1 1 0 1 0 0 1 1 1 1 0 0 0 1 0 1 1 1 1 0 1 1 0 1 0 0 1 1 1 0 1 1 0 0 0 0 1 1 1 1 0 1 0 0 1 1 1 1 0
0 1 1 0 1 0 0 1 1 0 1 0 0 0 1 1 1 1 1 0 0 1 1 1 1 0 0 1 0 1 0 0 0 1 1 1 1 1 1 0 0 0 0 1 0 1 0 0 1 0 0 1 0 1 1 0 1 1 1 1 1 1 1 0 1 1 0 0 0 1 0 0 1 0 0 0 1 1 0 0 1 0 1 1 0 1 1 1 1 0 0 0 0 1 0 0 1 0 0 0
1 0 0 0 1 0 0 0 0 0 0 0 1 0 1 0 0 1 0 0 0 1 1 1 0 1 1 0 1 1 0 0 1 0 1 1 1 1 0 1 1 1 1 0 1 1 0 0 1 1 0 1 0 0 1 0 1 0 0 0 0 0 1 1 0 0 0 0 1 1 0 0 1 1 0 1 1 1 1 0 1 1 0 1 1 1 1 0 0 0 0 0 1 0 0 0 0 1 1 0