100 780 5
0 1
0 2
1 2
0 3
1 3
2 3
0 4
1 4
2 4
3 4
2 5
0 5
1 5
3 5
2 6
0 6
5 6
4 6
2 7
1 7
3 7
5 7
0 8
5 8
6 8
3 8
2 9
5 9
0 9
4 9
3 10
5 10
0 10
2 10
2 11
0 11
3 11
5 11
1 12
9 12
6 12
0 12
8 13
7 13
1 13
3 13
10 14
5 14
8 14
6 14
5 15
13 15
3 15
0 15
9 16
5 16
10 16
11 16
5 17
1 17
13 17
8 17
9 18
5 18
0 18
6 18
8 19
0 19
11 19
10 19
10 20
2 20
7 20
0 20
5 21
13 21
1 21
0 21
19 22
5 22
14 22
3 22
20 23
8 23
19 23
13 23
19 24
18 24
7 24
21 24
18 25
23 25
11 25
20 25
13 26
2 26
5 26
12 26
3 27
5 27
22 27
26 27
0 28
27 28
25 28
21 28
0 29
22 29
21 29
9 29
0 30
14 30
11 30
2 30
19 31
9 31
10 31
5 31
21 32
16 32
0 32
5 32
5 33
2 33
22 33
9 33
27 34
9 34
8 34
22 34
1 35
14 35
2 35
5 35
26 36
8 36
5 36
0 36
2 37
1 37
20 37
4 37
4 38
7 38
11 38
37 38
0 39
38 39
26 39
31 39
11 40
21 40
5 40
2 40
11 41
36 41
5 41
16 41
31 42
27 42
3 42
7 42
8 43
18 43
20 43
14 43
1 44
27 44
11 44
39 44
21 45
5 45
37 45
40 45
23 46
35 46
4 46
42 46
8 47
12 47
2 47
20 47
47 48
27 48
18 48
14 48
39 49
0 49
11 49
5 49
5 50
6 50
12 50
1 50
37 51
27 51
29 51
43 51
5 52
15 52
1 52
0 52
46 53
30 53
32 53
5 53
6 54
7 54
3 54
13 54
9 55
19 55
2 55
5 55
8 56
20 56
3 56
47 56
10 57
16 57
31 57
20 57
20 58
22 58
19 58
2 58
18 59
46 59
13 59
49 59
5 60
19 60
40 60
31 60
7 61
55 61
3 61
8 61
16 62
8 62
26 62
38 62
39 63
20 63
14 63
46 63
0 64
61 64
12 64
11 64
7 65
18 65
36 65
43 65
18 66
54 66
1 66
43 66
2 67
59 67
44 67
37 67
63 68
2 68
52 68
30 68
38 69
4 69
53 69
0 69
18 70
7 70
1 70
62 70
33 71
8 71
29 71
52 71
5 72
7 72
1 72
9 72
3 73
15 73
32 73
4 73
55 74
39 74
16 74
11 74
7 75
29 75
4 75
21 75
70 76
6 76
7 76
69 76
11 77
9 77
30 77
75 77
20 78
0 78
74 78
6 78
22 79
37 79
46 79
8 79
75 80
14 80
0 80
5 80
1 81
17 81
4 81
24 81
53 82
23 82
9 82
58 82
63 83
59 83
44 83
82 83
4 84
13 84
0 84
7 84
76 85
69 85
12 85
73 85
24 86
82 86
51 86
27 86
12 87
3 87
25 87
47 87
5 88
82 88
7 88
0 88
11 89
72 89
49 89
6 89
82 90
50 90
18 90
67 90
87 91
13 91
9 91
31 91
66 92
67 92
7 92
73 92
0 93
12 93
39 93
19 93
11 94
22 94
12 94
69 94
13 95
94 95
62 95
67 95
10 96
0 96
54 96
75 96
84 97
29 97
21 97
16 97
85 98
93 98
83 98
49 98
50 99
25 99
31 99
5 99
1 0
2 0
2 1
3 0
3 1
3 2
4 0
4 1
4 2
4 3
5 2
5 0
5 1
5 3
6 2
6 0
6 5
6 4
7 2
7 1
7 3
7 5
8 0
8 5
8 6
8 3
9 2
9 5
9 0
9 4
10 3
10 5
10 0
10 2
11 2
11 0
11 3
11 5
12 1
12 9
12 6
12 0
13 8
13 7
13 1
13 3
14 10
14 5
14 8
14 6
15 5
15 13
15 3
15 0
16 9
16 5
16 10
16 11
17 5
17 1
17 13
17 8
18 9
18 5
18 0
18 6
19 8
19 0
19 11
19 10
20 10
20 2
20 7
20 0
21 5
21 13
21 1
21 0
22 19
22 5
22 14
22 3
23 20
23 8
23 19
23 13
24 19
24 18
24 7
24 21
25 18
25 23
25 11
25 20
26 13
26 2
26 5
26 12
27 3
27 5
27 22
27 26
28 0
28 27
28 25
28 21
29 0
29 22
29 21
29 9
30 0
30 14
30 11
30 2
31 19
31 9
31 10
31 5
32 21
32 16
32 0
32 5
33 5
33 2
33 22
33 9
34 27
34 9
34 8
34 22
35 1
35 14
35 2
35 5
36 26
36 8
36 5
36 0
37 2
37 1
37 20
37 4
38 4
38 7
38 11
38 37
39 0
39 38
39 26
39 31
40 11
40 21
40 5
40 2
41 11
41 36
41 5
41 16
42 31
42 27
42 3
42 7
43 8
43 18
43 20
43 14
44 1
44 27
44 11
44 39
45 21
45 5
45 37
45 40
46 23
46 35
46 4
46 42
47 8
47 12
47 2
47 20
48 47
48 27
48 18
48 14
49 39
49 0
49 11
49 5
50 5
50 6
50 12
50 1
51 37
51 27
51 29
51 43
52 5
52 15
52 1
52 0
53 46
53 30
53 32
53 5
54 6
54 7
54 3
54 13
55 9
55 19
55 2
55 5
56 8
56 20
56 3
56 47
57 10
57 16
57 31
57 20
58 20
58 22
58 19
58 2
59 18
59 46
59 13
59 49
60 5
60 19
60 40
60 31
61 7
61 55
61 3
61 8
62 16
62 8
62 26
62 38
63 39
63 20
63 14
63 46
64 0
64 61
64 12
64 11
65 7
65 18
65 36
65 43
66 18
66 54
66 1
66 43
67 2
67 59
67 44
67 37
68 63
68 2
68 52
68 30
69 38
69 4
69 53
69 0
70 18
70 7
70 1
70 62
71 33
71 8
71 29
71 52
72 5
72 7
72 1
72 9
73 3
73 15
73 32
73 4
74 55
74 39
74 16
74 11
75 7
75 29
75 4
75 21
76 70
76 6
76 7
76 69
77 11
77 9
77 30
77 75
78 20
78 0
78 74
78 6
79 22
79 37
79 46
79 8
80 75
80 14
80 0
80 5
81 1
81 17
81 4
81 24
82 53
82 23
82 9
82 58
83 63
83 59
83 44
83 82
84 4
84 13
84 0
84 7
85 76
85 69
85 12
85 73
86 24
86 82
86 51
86 27
87 12
87 3
87 25
87 47
88 5
88 82
88 7
88 0
89 11
89 72
89 49
89 6
90 82
90 50
90 18
90 67
91 87
91 13
91 9
91 31
92 66
92 67
92 7
92 73
93 0
93 12
93 39
93 19
94 11
94 22
94 12
94 69
95 13
95 94
95 62
95 67
96 10
96 0
96 54
96 75
97 84
97 29
97 21
97 16
98 85
98 93
98 83
98 49
99 50
99 25
99 31
99 5
1 0 1 0 0 0 1 0 1 1 0 0 0 0 0 0 0 0 1 1 0 0 1 1 0 1 1 0 1 0 1 0 0 1 0 0 1 0 1 0 0 0 0 0 0 1 1 1 1 1 1 1 1 0 0 0 0 1 1 1 0 1 1 1 1 0 1 1 0 1 0 1 1 1 0 0 1 1 1 0 0 1 0 1 1 1 1 0 0 0 0 1 1 1 1 0 1 1 0 0
1 0 0 0 0 0 1 1 0 0 0 1 0 0 0 0 0 1 1 0 0 1 0 0 0 0 0 1 1 0 1 0 0 0 1 0 1 1 1 1 1 0 1 0 0 0 1 0 1 1 0 1 0 1 0 0 1 0 1 0 1 0 1 1 0 0 0 1 1 0 1 1 1 0 1 0 1 1 1 0 1 1 0 1 0 1 0 0 1 1 0 1 0 1 1 0 0 0 1 0
0 0 1 0 1 1 1 1 1 1 1 0 0 1 0 0 1 1 1 0 1 0 1 1 0 0 1 0 0 1 0 1 0 0 1 0 1 1 1 0 1 1 0 1 0 1 0 0 1 0 1 0 0 0 1 1 1 1 1 1 0 0 0 0 0 0 1 0 0 1 0 1 1 0 1 1 0 1 0 0 0 0 1 0 1 0 1 1 0 1 1 0 0 0 1 0 1 0 1 1
0 0 1 0 1 1 1 1 0 0 1 0 1 0 0 0 1 0 0 0 1 1 1 1 0 0 1 1 1 1 1 1 0 0 1 0 0 0 1 0 0 0 0 1 1 0 0 1 1 1 1 0 1 1 0 0 1 0 1 1 0 0 0 1 1 1 0 0 0 0 1 1 1 0 0 1 1 1 0 0 1 1 1 0 1 1 0 1 1 0 1 0 1 0 0 1 0 0 0 0
1 1 1 1 1 0 0 0 1 1 1 0 1 1 1 0 1 1 1 1 0 1 1 1 1 0 1 0 1 0 0 0 0 0 0 0 0 1 0 1 0 1 0 1 1 1 0 1 1 0 1 1 0 0 0 1 1 0 0 1 1 1 1 1 1 0 0 0 0 0 0 1 0 0 1 0 1 0 0 0 0 1 1 1 0 0 1 1 1 0 0 1 1 1 1 0 1 0 1 1