250 1980 5
0 1
0 2
1 2
0 3
1 3
2 3
0 4
1 4
2 4
3 4
4 5
2 5
1 5
0 5
1 6
5 6
2 6
0 6
1 7
2 7
6 7
3 7
2 8
3 8
1 8
4 8
0 9
1 9
8 9
4 9
4 10
1 10
9 10
3 10
0 11
1 11
10 11
7 11
4 12
6 12
8 12
0 12
2 13
12 13
1 13
0 13
3 14
11 14
1 14
4 14
6 15
11 15
2 15
7 15
2 16
8 16
12 16
3 16
4 17
9 17
0 17
3 17
17 18
3 18
1 18
2 18
2 19
3 19
9 19
7 19
7 20
15 20
2 20
5 20
17 21
11 21
6 21
1 21
16 22
15 22
9 22
4 22
20 23
2 23
1 23
10 23
2 24
4 24
9 24
20 24
12 25
2 25
22 25
23 25
10 26
9 26
11 26
2 26
1 27
18 27
13 27
11 27
24 28
11 28
16 28
2 28
14 29
12 29
9 29
19 29
2 30
7 30
8 30
5 30
25 31
24 31
11 31
8 31
24 32
16 32
21 32
8 32
25 33
1 33
4 33
17 33
11 34
13 34
5 34
22 34
13 35
6 35
16 35
17 35
22 36
15 36
11 36
2 36
9 37
20 37
11 37
13 37
1 38
9 38
3 38
18 38
3 39
4 39
9 39
38 39
36 40
2 40
34 40
19 40
22 41
36 41
1 41
35 41
11 42
4 42
41 42
35 42
31 43
19 43
3 43
7 43
2 44
3 44
8 44
4 44
24 45
33 45
3 45
38 45
23 46
17 46
36 46
2 46
21 47
32 47
39 47
16 47
0 48
35 48
13 48
15 48
18 49
12 49
6 49
41 49
3 50
24 50
27 50
8 50
27 51
35 51
9 51
10 51
15 52
46 52
14 52
11 52
7 53
48 53
29 53
3 53
8 54
9 54
2 54
12 54
18 55
11 55
8 55
6 55
20 56
32 56
9 56
24 56
37 57
17 57
3 57
42 57
55 58
11 58
7 58
12 58
45 59
4 59
42 59
49 59
5 60
35 60
47 60
36 60
41 61
7 61
6 61
24 61
35 62
23 62
60 62
12 62
14 63
8 63
17 63
37 63
6 64
25 64
9 64
15 64
19 65
22 65
6 65
15 65
20 66
24 66
2 66
52 66
8 67
15 67
38 67
46 67
41 68
7 68
48 68
32 68
10 69
56 69
7 69
13 69
27 70
23 70
41 70
57 70
20 71
1 71
3 71
10 71
24 72
11 72
17 72
55 72
31 73
6 73
71 73
67 73
47 74
11 74
4 74
3 74
66 75
34 75
40 75
73 75
36 76
5 76
38 76
7 76
0 77
21 77
3 77
12 77
13 78
11 78
75 78
60 78
62 79
23 79
0 79
43 79
27 80
63 80
10 80
2 80
37 81
3 81
60 81
0 81
75 82
34 82
38 82
24 82
20 83
34 83
24 83
62 83
52 84
30 84
21 84
83 84
2 85
66 85
1 85
49 85
55 86
4 86
33 86
31 86
17 87
4 87
11 87
15 87
50 88
75 88
15 88
73 88
56 89
11 89
8 89
0 89
16 90
78 90
60 90
63 90
12 91
3 91
46 91
13 91
4 92
86 92
24 92
75 92
80 93
18 93
20 93
84 93
78 94
69 94
24 94
60 94
38 95
28 95
31 95
55 95
0 96
9 96
53 96
70 96
8 97
47 97
49 97
3 97
23 98
55 98
77 98
12 98
85 99
20 99
17 99
28 99
38 100
25 100
23 100
20 100
48 101
16 101
46 101
8 101
14 102
55 102
85 102
94 102
5 103
64 103
17 103
4 103
69 104
30 104
4 104
2 104
21 105
2 105
20 105
8 105
90 106
74 106
48 106
47 106
21 107
0 107
11 107
4 107
75 108
15 108
107 108
34 108
9 109
77 109
18 109
61 109
51 110
23 110
84 110
0 110
3 111
91 111
2 111
64 111
11 112
4 112
13 112
10 112
63 113
0 113
4 113
49 113
15 114
80 114
33 114
10 114
17 115
24 115
86 115
84 115
24 116
105 116
60 116
3 116
64 117
36 117
11 117
54 117
116 118
44 118
0 118
9 118
12 119
59 119
17 119
0 119
68 120
34 120
53 120
113 120
85 121
9 121
50 121
12 121
22 122
53 122
16 122
94 122
105 123
95 123
11 123
106 123
95 124
47 124
122 124
25 124
14 125
3 125
69 125
2 125
118 126
9 126
61 126
104 126
120 127
60 127
44 127
108 127
24 128
16 128
20 128
120 128
47 129
119 129
54 129
16 129
27 130
38 130
29 130
33 130
75 131
57 131
94 131
2 131
99 132
26 132
3 132
75 132
85 133
5 133
21 133
64 133
7 134
16 134
94 134
65 134
62 135
3 135
63 135
55 135
96 136
86 136
55 136
2 136
62 137
0 137
85 137
102 137
13 138
22 138
134 138
1 138
117 139
56 139
2 139
4 139
3 140
25 140
2 140
123 140
2 141
122 141
30 141
13 141
27 142
89 142
55 142
1 142
5 143
49 143
62 143
35 143
0 144
39 144
125 144
72 144
2 145
9 145
4 145
16 145
45 146
15 146
29 146
34 146
4 147
34 147
38 147
2 147
85 148
119 148
31 148
63 148
10 149
45 149
44 149
92 149
72 150
48 150
55 150
17 150
90 151
2 151
136 151
1 151
6 152
0 152
42 152
1 152
23 153
105 153
126 153
142 153
49 154
3 154
4 154
12 154
24 155
60 155
109 155
48 155
151 156
82 156
75 156
77 156
60 157
44 157
2 157
16 157
84 158
51 158
9 158
65 158
11 159
112 159
1 159
9 159
37 160
24 160
55 160
14 160
85 161
5 161
9 161
1 161
45 162
115 162
89 162
25 162
22 163
42 163
2 163
159 163
27 164
0 164
2 164
142 164
81 165
74 165
36 165
63 165
97 166
110 166
48 166
11 166
133 167
132 167
63 167
57 167
56 168
2 168
102 168
8 168
71 169
3 169
23 169
122 169
109 170
16 170
0 170
1 170
11 171
2 171
140 171
64 171
97 172
110 172
142 172
24 172
47 173
135 173
64 173
155 173
11 174
82 174
70 174
2 174
23 175
69 175
9 175
62 175
120 176
55 176
54 176
169 176
65 177
23 177
140 177
9 177
8 178
9 178
4 178
2 178
128 179
27 179
166 179
20 179
147 180
4 180
45 180
91 180
144 181
3 181
7 181
101 181
41 182
174 182
84 182
4 182
29 183
42 183
167 183
111 183
100 184
2 184
108 184
167 184
156 185
142 185
73 185
111 185
26 186
58 186
6 186
75 186
99 187
31 187
85 187
34 187
56 188
23 188
31 188
4 188
45 189
84 189
181 189
66 189
3 190
6 190
31 190
58 190
78 191
74 191
28 191
48 191
163 192
169 192
2 192
3 192
6 193
3 193
91 193
47 193
62 194
130 194
139 194
4 194
4 195
19 195
31 195
73 195
99 196
116 196
82 196
4 196
53 197
37 197
159 197
51 197
185 198
61 198
2 198
174 198
126 199
175 199
5 199
15 199
65 200
34 200
137 200
25 200
185 201
54 201
120 201
123 201
2 202
46 202
167 202
101 202
11 203
161 203
121 203
20 203
139 204
89 204
136 204
179 204
77 205
85 205
23 205
125 205
24 206
184 206
17 206
32 206
151 207
108 207
199 207
127 207
2 208
184 208
63 208
3 208
99 209
13 209
179 209
18 209
4 210
1 210
133 210
70 210
107 211
47 211
26 211
97 211
21 212
59 212
159 212
101 212
88 213
41 213
167 213
182 213
10 214
89 214
4 214
154 214
88 215
173 215
10 215
181 215
151 216
63 216
97 216
67 216
47 217
1 217
11 217
60 217
2 218
40 218
27 218
22 218
25 219
193 219
144 219
106 219
192 220
12 220
17 220
5 220
159 221
72 221
5 221
24 221
83 222
0 222
56 222
157 222
54 223
12 223
27 223
84 223
33 224
86 224
170 224
188 224
36 225
0 225
75 225
141 225
5 226
28 226
11 226
23 226
1 227
69 227
213 227
19 227
57 228
11 228
148 228
49 228
11 229
36 229
24 229
205 229
105 230
24 230
226 230
117 230
94 231
20 231
119 231
17 231
3 232
131 232
227 232
41 232
177 233
29 233
175 233
141 233
89 234
0 234
3 234
148 234
99 235
193 235
69 235
222 235
5 236
25 236
169 236
23 236
5 237
232 237
100 237
54 237
6 238
8 238
166 238
9 238
183 239
72 239
236 239
1 239
142 240
173 240
96 240
124 240
91 241
193 241
235 241
43 241
16 242
2 242
191 242
181 242
150 243
178 243
44 243
123 243
192 244
35 244
110 244
62 244
19 245
10 245
4 245
217 245
44 246
43 246
23 246
56 246
0 247
10 247
123 247
243 247
161 248
45 248
218 248
81 248
9 249
89 249
98 249
188 249
1 0
2 0
2 1
3 0
3 1
3 2
4 0
4 1
4 2
4 3
5 4
5 2
5 1
5 0
6 1
6 5
6 2
6 0
7 1
7 2
7 6
7 3
8 2
8 3
8 1
8 4
9 0
9 1
9 8
9 4
10 4
10 1
10 9
10 3
11 0
11 1
11 10
11 7
12 4
12 6
12 8
12 0
13 2
13 12
13 1
13 0
14 3
14 11
14 1
14 4
15 6
15 11
15 2
15 7
16 2
16 8
16 12
16 3
17 4
17 9
17 0
17 3
18 17
18 3
18 1
18 2
19 2
19 3
19 9
19 7
20 7
20 15
20 2
20 5
21 17
21 11
21 6
21 1
22 16
22 15
22 9
22 4
23 20
23 2
23 1
23 10
24 2
24 4
24 9
24 20
25 12
25 2
25 22
25 23
26 10
26 9
26 11
26 2
27 1
27 18
27 13
27 11
28 24
28 11
28 16
28 2
29 14
29 12
29 9
29 19
30 2
30 7
30 8
30 5
31 25
31 24
31 11
31 8
32 24
32 16
32 21
32 8
33 25
33 1
33 4
33 17
34 11
34 13
34 5
34 22
35 13
35 6
35 16
35 17
36 22
36 15
36 11
36 2
37 9
37 20
37 11
37 13
38 1
38 9
38 3
38 18
39 3
39 4
39 9
39 38
40 36
40 2
40 34
40 19
41 22
41 36
41 1
41 35
42 11
42 4
42 41
42 35
43 31
43 19
43 3
43 7
44 2
44 3
44 8
44 4
45 24
45 33
45 3
45 38
46 23
46 17
46 36
46 2
47 21
47 32
47 39
47 16
48 0
48 35
48 13
48 15
49 18
49 12
49 6
49 41
50 3
50 24
50 27
50 8
51 27
51 35
51 9
51 10
52 15
52 46
52 14
52 11
53 7
53 48
53 29
53 3
54 8
54 9
54 2
54 12
55 18
55 11
55 8
55 6
56 20
56 32
56 9
56 24
57 37
57 17
57 3
57 42
58 55
58 11
58 7
58 12
59 45
59 4
59 42
59 49
60 5
60 35
60 47
60 36
61 41
61 7
61 6
61 24
62 35
62 23
62 60
62 12
63 14
63 8
63 17
63 37
64 6
64 25
64 9
64 15
65 19
65 22
65 6
65 15
66 20
66 24
66 2
66 52
67 8
67 15
67 38
67 46
68 41
68 7
68 48
68 32
69 10
69 56
69 7
69 13
70 27
70 23
70 41
70 57
71 20
71 1
71 3
71 10
72 24
72 11
72 17
72 55
73 31
73 6
73 71
73 67
74 47
74 11
74 4
74 3
75 66
75 34
75 40
75 73
76 36
76 5
76 38
76 7
77 0
77 21
77 3
77 12
78 13
78 11
78 75
78 60
79 62
79 23
79 0
79 43
80 27
80 63
80 10
80 2
81 37
81 3
81 60
81 0
82 75
82 34
82 38
82 24
83 20
83 34
83 24
83 62
84 52
84 30
84 21
84 83
85 2
85 66
85 1
85 49
86 55
86 4
86 33
86 31
87 17
87 4
87 11
87 15
88 50
88 75
88 15
88 73
89 56
89 11
89 8
89 0
90 16
90 78
90 60
90 63
91 12
91 3
91 46
91 13
92 4
92 86
92 24
92 75
93 80
93 18
93 20
93 84
94 78
94 69
94 24
94 60
95 38
95 28
95 31
95 55
96 0
96 9
96 53
96 70
97 8
97 47
97 49
97 3
98 23
98 55
98 77
98 12
99 85
99 20
99 17
99 28
100 38
100 25
100 23
100 20
101 48
101 16
101 46
101 8
102 14
102 55
102 85
102 94
103 5
103 64
103 17
103 4
104 69
104 30
104 4
104 2
105 21
105 2
105 20
105 8
106 90
106 74
106 48
106 47
107 21
107 0
107 11
107 4
108 75
108 15
108 107
108 34
109 9
109 77
109 18
109 61
110 51
110 23
110 84
110 0
111 3
111 91
111 2
111 64
112 11
112 4
112 13
112 10
113 63
113 0
113 4
113 49
114 15
114 80
114 33
114 10
115 17
115 24
115 86
115 84
116 24
116 105
116 60
116 3
117 64
117 36
117 11
117 54
118 116
118 44
118 0
118 9
119 12
119 59
119 17
119 0
120 68
120 34
120 53
120 113
121 85
121 9
121 50
121 12
122 22
122 53
122 16
122 94
123 105
123 95
123 11
123 106
124 95
124 47
124 122
124 25
125 14
125 3
125 69
125 2
126 118
126 9
126 61
126 104
127 120
127 60
127 44
127 108
128 24
128 16
128 20
128 120
129 47
129 119
129 54
129 16
130 27
130 38
130 29
130 33
131 75
131 57
131 94
131 2
132 99
132 26
132 3
132 75
133 85
133 5
133 21
133 64
134 7
134 16
134 94
134 65
135 62
135 3
135 63
135 55
136 96
136 86
136 55
136 2
137 62
137 0
137 85
137 102
138 13
138 22
138 134
138 1
139 117
139 56
139 2
139 4
140 3
140 25
140 2
140 123
141 2
141 122
141 30
141 13
142 27
142 89
142 55
142 1
143 5
143 49
143 62
143 35
144 0
144 39
144 125
144 72
145 2
145 9
145 4
145 16
146 45
146 15
146 29
146 34
147 4
147 34
147 38
147 2
148 85
148 119
148 31
148 63
149 10
149 45
149 44
149 92
150 72
150 48
150 55
150 17
151 90
151 2
151 136
151 1
152 6
152 0
152 42
152 1
153 23
153 105
153 126
153 142
154 49
154 3
154 4
154 12
155 24
155 60
155 109
155 48
156 151
156 82
156 75
156 77
157 60
157 44
157 2
157 16
158 84
158 51
158 9
158 65
159 11
159 112
159 1
159 9
160 37
160 24
160 55
160 14
161 85
161 5
161 9
161 1
162 45
162 115
162 89
162 25
163 22
163 42
163 2
163 159
164 27
164 0
164 2
164 142
165 81
165 74
165 36
165 63
166 97
166 110
166 48
166 11
167 133
167 132
167 63
167 57
168 56
168 2
168 102
168 8
169 71
169 3
169 23
169 122
170 109
170 16
170 0
170 1
171 11
171 2
171 140
171 64
172 97
172 110
172 142
172 24
173 47
173 135
173 64
173 155
174 11
174 82
174 70
174 2
175 23
175 69
175 9
175 62
176 120
176 55
176 54
176 169
177 65
177 23
177 140
177 9
178 8
178 9
178 4
178 2
179 128
179 27
179 166
179 20
180 147
180 4
180 45
180 91
181 144
181 3
181 7
181 101
182 41
182 174
182 84
182 4
183 29
183 42
183 167
183 111
184 100
184 2
184 108
184 167
185 156
185 142
185 73
185 111
186 26
186 58
186 6
186 75
187 99
187 31
187 85
187 34
188 56
188 23
188 31
188 4
189 45
189 84
189 181
189 66
190 3
190 6
190 31
190 58
191 78
191 74
191 28
191 48
192 163
192 169
192 2
192 3
193 6
193 3
193 91
193 47
194 62
194 130
194 139
194 4
195 4
195 19
195 31
195 73
196 99
196 116
196 82
196 4
197 53
197 37
197 159
197 51
198 185
198 61
198 2
198 174
199 126
199 175
199 5
199 15
200 65
200 34
200 137
200 25
201 185
201 54
201 120
201 123
202 2
202 46
202 167
202 101
203 11
203 161
203 121
203 20
204 139
204 89
204 136
204 179
205 77
205 85
205 23
205 125
206 24
206 184
206 17
206 32
207 151
207 108
207 199
207 127
208 2
208 184
208 63
208 3
209 99
209 13
209 179
209 18
210 4
210 1
210 133
210 70
211 107
211 47
211 26
211 97
212 21
212 59
212 159
212 101
213 88
213 41
213 167
213 182
214 10
214 89
214 4
214 154
215 88
215 173
215 10
215 181
216 151
216 63
216 97
216 67
217 47
217 1
217 11
217 60
218 2
218 40
218 27
218 22
219 25
219 193
219 144
219 106
220 192
220 12
220 17
220 5
221 159
221 72
221 5
221 24
222 83
222 0
222 56
222 157
223 54
223 12
223 27
223 84
224 33
224 86
224 170
224 188
225 36
225 0
225 75
225 141
226 5
226 28
226 11
226 23
227 1
227 69
227 213
227 19
228 57
228 11
228 148
228 49
229 11
229 36
229 24
229 205
230 105
230 24
230 226
230 117
231 94
231 20
231 119
231 17
232 3
232 131
232 227
232 41
233 177
233 29
233 175
233 141
234 89
234 0
234 3
234 148
235 99
235 193
235 69
235 222
236 5
236 25
236 169
236 23
237 5
237 232
237 100
237 54
238 6
238 8
238 166
238 9
239 183
239 72
239 236
239 1
240 142
240 173
240 96
240 124
241 91
241 193
241 235
241 43
242 16
242 2
242 191
242 181
243 150
243 178
243 44
243 123
244 192
244 35
244 110
244 62
245 19
245 10
245 4
245 217
246 44
246 43
246 23
246 56
247 0
247 10
247 123
247 243
248 161
248 45
248 218
248 81
249 9
249 89
249 98
249 188
0 0 0 0 1 1 1 1 0 1 1 0 1 0 0 0 0 1 1 1 0 0 0 1 0 1 0 1 0 0 0 0 0 0 1 0 1 0 1 1 1 0 0 1 0 0 1 1 1 1 1 0 0 1 0 1 1 0 1 0 1 0 0 0 1 1 1 1 1 0 0 0 1 0 0 1 1 0 1 0 0 0 1 1 1 0 0 0 1 0 0 1 0 0 0 1 1 1 1 1 1 0 1 1 1 0 1 1 1 1 0 0 1 1 0 1 0 0 1 0 0 0 0 0 0 1 1 1 1 1 0 1 0 0 0 1 1 0 1 0 0 1 1 0 1 1 0 0 0 0 0 1 1 0 0 0 1 1 1 0 0 1 0 1 0 0 0 1 1 1 0 1 1 0 1 1 1 1 1 1 0 1 1 0 1 0 1 1 1 0 0 0 1 1 1 0 1 1 1 1 0 0 1 1 0 0 1 1 0 1 1 0 1 1 1 1 1 0 1 1 1 0 1 1 0 1 1 1 1 1 1 0 1 1 0 1 1 0 1 1 1 0 0 1 0 0 0 0 1 0
1 1 1 0 1 1 1 0 1 1 1 1 1 0 1 1 0 1 1 1 0 1 0 1 0 1 1 0 0 0 1 1 0 1 0 1 1 1 0 0 1 1 0 1 0 0 0 1 0 0 1 0 0 0 0 0 0 1 0 0 1 0 1 1 0 0 0 0 1 0 0 0 0 0 1 1 1 1 0 1 0 0 0 0 0 0 1 1 1 1 1 1 0 0 0 1 0 0 1 1 0 1 1 1 0 0 0 0 1 0 1 0 0 1 1 0 1 1 1 0 0 0 1 1 1 1 1 1 1 0 0 0 1 1 0 0 1 0 0 1 0 0 1 1 1 0 0 0 0 1 0 0 1 0 1 0 0 1 0 1 0 1 0 1 1 0 1 0 1 1 0 0 0 1 0 0 1 1 1 1 1 1 0 0 1 1 0 0 1 1 0 0 0 0 0 1 0 0 0 0 1 0 0 0 0 0 0 1 0 0 1 0 1 1 0 0 1 1 1 0 1 1 1 0 1 0 1 1 0 1 1 1 0 1 1 0 0 0 0 1 0 1 1 0 1 1 0 0 1 0
0 1 0 0 1 0 0 0 1 1 1 0 0 1 0 0 0 1 1 1 0 0 1 1 0 0 0 1 1 1 1 1 0 0 0 1 1 0 0 1 1 0 0 0 1 1 1 0 1 1 1 0 0 0 0 0 1 1 0 1 0 1 1 1 1 0 0 0 0 0 0 1 1 0 1 0 0 1 0 0 0 1 1 1 0 1 0 1 1 1 0 1 0 0 1 1 0 1 1 0 0 0 0 1 0 1 0 0 0 1 0 0 0 0 0 1 1 1 0 0 0 0 1 0 1 0 0 0 1 0 0 0 0 0 1 1 1 0 0 1 0 0 0 1 0 0 0 0 1 0 0 1 0 1 0 1 1 0 0 0 1 1 0 0 1 0 1 0 0 0 1 1 1 0 0 1 1 1 1 1 0 0 1 0 1 0 1 1 1 0 0 1 0 1 1 0 1 0 1 1 1 1 1 1 1 1 1 1 0 0 0 0 0 0 1 1 0 0 1 1 1 0 1 0 0 1 1 1 1 1 1 0 0 0 0 0 1 1 0 0 1 0 1 0 0 1 0 0 1 0
0 1 1 1 1 1 0 0 1 1 1 1 1 1 0 1 0 0 0 0 0 1 0 1 1 1 1 0 1 0 1 1 1 1 1 1 0 0 0 0 1 1 1 0 1 0 1 0 0 0 1 1 1 1 0 1 0 0 0 1 1 0 0 0 0 1 1 1 1 1 0 1 1 0 1 0 1 0 1 0 1 0 0 1 0 1 0 0 1 0 1 1 1 1 0 1 1 1 0 1 0 0 1 1 0 0 0 0 0 0 1 1 0 1 1 1 1 1 0 1 1 0 0 1 0 0 0 0 0 1 0 1 1 1 0 0 1 0 0 0 1 0 0 1 1 0 1 0 0 1 0 1 1 1 1 1 1 1 0 1 1 0 1 0 0 0 0 0 0 0 1 1 0 0 0 1 0 1 1 0 0 0 1 1 0 1 0 0 0 1 1 1 0 1 0 0 1 0 0 1 0 0 1 0 1 1 0 1 1 1 0 0 0 0 1 1 1 0 0 1 1 1 0 1 1 0 0 1 1 0 1 1 1 1 0 0 0 1 1 1 0 0 1 0 0 1 0 0 1 1
0 1 1 1 1 1 1 0 1 0 1 1 0 0 0 1 0 1 1 0 0 1 1 0 0 1 1 0 0 1 0 1 1 0 1 1 1 1 1 0 0 0 1 1 0 0 1 0 0 1 1 1 0 1 1 0 0 1 1 0 1 1 1 0 0 1 0 1 0 0 0 1 1 0 0 1 0 0 1 1 0 1 1 0 1 1 0 0 0 0 1 0 0 0 1 1 1 1 1 1 0 1 0 1 0 0 1 0 1 0 1 1 1 1 1 1 0 1 1 0 1 0 0 1 0 0 1 1 0 0 0 0 0 1 0 1 0 0 1 0 1 0 1 1 0 1 0 0 0 1 0 0 0 1 0 1 1 1 1 1 1 1 1 1 1 0 1 1 1 0 1 1 1 0 1 1 0 0 1 0 1 0 1 0 1 0 1 0 0 0 0 1 1 1 1 1 1 0 1 0 0 1 0 0 0 0 0 1 1 0 1 0 0 0 1 0 1 0 1 0 1 1 1 0 0 0 1 0 0 1 0 0 1 1 0 0 1 0 1 0 1 0 0 1 0 1 1 0 1 0