50 288 5
0 1
0 2
1 2
0 3
1 3
2 3
1 4
2 4
0 4
0 5
3 5
2 5
1 6
4 6
2 6
0 7
2 7
5 7
6 8
5 8
1 8
8 9
7 9
1 9
7 10
8 10
2 10
1 11
10 11
5 11
3 12
9 12
1 12
7 13
8 13
0 13
5 14
7 14
0 14
12 15
9 15
7 15
2 16
4 16
0 16
12 17
9 17
3 17
5 18
0 18
3 18
7 19
5 19
17 19
4 20
15 20
8 20
8 21
18 21
0 21
3 22
6 22
18 22
8 23
3 23
14 23
7 24
2 24
5 24
0 25
7 25
3 25
9 26
24 26
18 26
8 27
11 27
14 27
2 28
8 28
17 28
19 29
9 29
0 29
1 30
10 30
14 30
2 31
30 31
7 31
15 32
4 32
3 32
7 33
5 33
4 33
0 34
19 34
30 34
1 35
29 35
9 35
25 36
12 36
2 36
0 37
29 37
23 37
8 38
29 38
4 38
33 39
25 39
1 39
32 40
33 40
18 40
25 41
22 41
8 41
1 42
2 42
19 42
7 43
42 43
35 43
4 44
15 44
24 44
19 45
25 45
18 45
3 46
11 46
18 46
38 47
10 47
44 47
32 48
34 48
46 48
21 49
1 49
46 49
1 0
2 0
2 1
3 0
3 1
3 2
4 1
4 2
4 0
5 0
5 3
5 2
6 1
6 4
6 2
7 0
7 2
7 5
8 6
8 5
8 1
9 8
9 7
9 1
10 7
10 8
10 2
11 1
11 10
11 5
12 3
12 9
12 1
13 7
13 8
13 0
14 5
14 7
14 0
15 12
15 9
15 7
16 2
16 4
16 0
17 12
17 9
17 3
18 5
18 0
18 3
19 7
19 5
19 17
20 4
20 15
20 8
21 8
21 18
21 0
22 3
22 6
22 18
23 8
23 3
23 14
24 7
24 2
24 5
25 0
25 7
25 3
26 9
26 24
26 18
27 8
27 11
27 14
28 2
28 8
28 17
29 19
29 9
29 0
30 1
30 10
30 14
31 2
31 30
31 7
32 15
32 4
32 3
33 7
33 5
33 4
34 0
34 19
34 30
35 1
35 29
35 9
36 25
36 12
36 2
37 0
37 29
37 23
38 8
38 29
38 4
39 33
39 25
39 1
40 32
40 33
40 18
41 25
41 22
41 8
42 1
42 2
42 19
43 7
43 42
43 35
44 4
44 15
44 24
45 19
45 25
45 18
46 3
46 11
46 18
47 38
47 10
47 44
48 32
48 34
48 46
49 21
49 1
49 46
0 1 1 0 1 0 1 0 0 0 0 1 1 0 0 1 1 1 1 0 1 1 0 1 1 1 1 0 1 1 0 1 1 0 0 0 0 1 1 1 0 0 0 0 0 0 0 1 0 1
1 1 0 1 1 1 0 1 1 0 1 0 0 1 1 1 1 0 1 1 1 0 1 1 1 1 1 1 1 1 1 1 1 1 0 1 0 1 1 0 0 0 1 0 1 0 1 1 1 1
0 0 0 1 0 1 0 0 0 0 1 0 1 0 0 1 0 1 1 0 1 1 0 1 1 0 0 0 1 0 1 0 1 1 1 0 1 0 0 0 0 0 1 1 0 1 1 0 1 0
0 0 0 1 0 1 1 1 1 0 0 1 1 1 0 0 1 0 1 0 1 0 0 0 0 1 0 0 0 1 0 0 0 1 1 1 0 0 0 1 0 1 1 1 1 1 0 0 0 0
1 0 0 0 1 1 0 1 0 1 1 1 0 0 0 0 0 1 1 0 1 0 0 0 1 1 1 1 0 0 1 1 1 0 0 1 1 1 1 0 1 1 1 0 0 1 1 1 0 0