250 994 5
0 1
0 2
1 2
1 3
0 3
2 4
0 4
3 5
0 5
1 6
0 6
6 7
1 7
6 8
2 8
3 9
2 9
4 10
1 10
1 11
9 11
3 12
6 12
0 13
9 13
1 14
0 14
10 15
3 15
9 16
7 16
2 17
16 17
14 18
3 18
18 19
8 19
10 20
7 20
10 21
3 21
20 22
3 22
0 23
13 23
11 24
7 24
10 25
4 25
3 26
4 26
8 27
0 27
0 28
22 28
11 29
25 29
29 30
15 30
4 31
16 31
19 32
26 32
3 33
14 33
26 34
16 34
4 35
0 35
24 36
3 36
0 37
3 37
17 38
2 38
23 39
4 39
20 40
16 40
13 41
30 41
14 42
3 42
23 43
3 43
1 44
23 44
16 45
18 45
18 46
10 46
11 47
32 47
35 48
14 48
7 49
30 49
19 50
20 50
10 51
14 51
18 52
9 52
45 53
10 53
1 54
24 54
14 55
6 55
19 56
1 56
16 57
3 57
25 58
1 58
7 59
18 59
14 60
9 60
52 61
19 61
23 62
4 62
1 63
42 63
23 64
3 64
13 65
33 65
24 66
50 66
61 67
30 67
10 68
0 68
57 69
41 69
23 70
32 70
18 71
25 71
4 72
46 72
0 73
3 73
1 74
8 74
37 75
32 75
19 76
0 76
16 77
7 77
1 78
14 78
9 79
21 79
13 80
2 80
33 81
56 81
2 82
38 82
81 83
4 83
2 84
62 84
30 85
18 85
84 86
52 86
42 87
9 87
26 88
53 88
11 89
68 89
25 90
19 90
56 91
16 91
70 92
12 92
3 93
10 93
35 94
85 94
13 95
44 95
54 96
79 96
69 97
90 97
80 98
87 98
4 99
15 99
53 100
54 100
51 101
24 101
33 102
41 102
43 103
92 103
10 104
18 104
26 105
94 105
65 106
77 106
15 107
1 107
16 108
96 108
69 109
9 109
20 110
64 110
13 111
68 111
22 112
46 112
8 113
73 113
10 114
54 114
113 115
33 115
14 116
111 116
41 117
113 117
0 118
4 118
70 119
94 119
9 120
3 120
0 121
59 121
41 122
75 122
23 123
81 123
2 124
14 124
4 125
92 125
119 126
81 126
0 127
76 127
34 128
126 128
51 129
8 129
41 130
12 130
3 131
114 131
92 132
13 132
99 133
75 133
74 134
128 134
47 135
14 135
130 136
0 136
31 137
118 137
1 138
5 138
92 139
132 139
29 140
73 140
20 141
10 141
7 142
122 142
139 143
3 143
17 144
7 144
10 145
41 145
120 146
94 146
11 147
70 147
98 148
25 148
15 149
10 149
38 150
132 150
0 151
25 151
78 152
132 152
120 153
60 153
76 154
45 154
3 155
10 155
134 156
88 156
39 157
11 157
105 158
24 158
155 159
120 159
38 160
146 160
124 161
106 161
39 162
138 162
75 163
12 163
23 164
26 164
45 165
164 165
61 166
76 166
1 167
91 167
17 168
98 168
60 169
167 169
24 170
9 170
128 171
28 171
66 172
3 172
14 173
81 173
92 174
155 174
23 175
4 175
157 176
149 176
31 177
2 177
129 178
33 178
144 179
97 179
33 180
76 180
83 181
172 181
8 182
18 182
4 183
14 183
78 184
8 184
119 185
1 185
138 186
167 186
78 187
10 187
51 188
181 188
153 189
179 189
0 190
163 190
33 191
9 191
29 192
189 192
11 193
76 193
181 194
106 194
9 195
41 195
49 196
30 196
114 197
48 197
9 198
189 198
18 199
122 199
189 200
83 200
82 201
75 201
114 202
36 202
70 203
170 203
16 204
45 204
103 205
96 205
3 206
50 206
190 207
0 207
179 208
165 208
87 209
182 209
167 210
128 210
22 211
174 211
181 212
183 212
23 213
97 213
153 214
4 214
182 215
65 215
6 216
65 216
1 217
184 217
78 218
74 218
9 219
165 219
125 220
24 220
97 221
7 221
220 222
168 222
61 223
41 223
83 224
221 224
47 225
60 225
167 226
54 226
62 227
107 227
41 228
220 228
20 229
6 229
120 230
0 230
2 231
36 231
149 232
20 232
206 233
1 233
27 234
18 234
20 235
68 235
206 236
191 236
224 237
25 237
111 238
87 238
30 239
231 239
0 240
14 240
86 241
207 241
39 242
16 242
23 243
130 243
142 244
129 244
143 245
141 245
47 246
79 246
78 247
224 247
17 248
237 248
7 249
247 249
1 0
2 0
2 1
3 1
3 0
4 2
4 0
5 3
5 0
6 1
6 0
7 6
7 1
8 6
8 2
9 3
9 2
10 4
10 1
11 1
11 9
12 3
12 6
13 0
13 9
14 1
14 0
15 10
15 3
16 9
16 7
17 2
17 16
18 14
18 3
19 18
19 8
20 10
20 7
21 10
21 3
22 20
22 3
23 0
23 13
24 11
24 7
25 10
25 4
26 3
26 4
27 8
27 0
28 0
28 22
29 11
29 25
30 29
30 15
31 4
31 16
32 19
32 26
33 3
33 14
34 26
34 16
35 4
35 0
36 24
36 3
37 0
37 3
38 17
38 2
39 23
39 4
40 20
40 16
41 13
41 30
42 14
42 3
43 23
43 3
44 1
44 23
45 16
45 18
46 18
46 10
47 11
47 32
48 35
48 14
49 7
49 30
50 19
50 20
51 10
51 14
52 18
52 9
53 45
53 10
54 1
54 24
55 14
55 6
56 19
56 1
57 16
57 3
58 25
58 1
59 7
59 18
60 14
60 9
61 52
61 19
62 23
62 4
63 1
63 42
64 23
64 3
65 13
65 33
66 24
66 50
67 61
67 30
68 10
68 0
69 57
69 41
70 23
70 32
71 18
71 25
72 4
72 46
73 0
73 3
74 1
74 8
75 37
75 32
76 19
76 0
77 16
77 7
78 1
78 14
79 9
79 21
80 13
80 2
81 33
81 56
82 2
82 38
83 81
83 4
84 2
84 62
85 30
85 18
86 84
86 52
87 42
87 9
88 26
88 53
89 11
89 68
90 25
90 19
91 56
91 16
92 70
92 12
93 3
93 10
94 35
94 85
95 13
95 44
96 54
96 79
97 69
97 90
98 80
98 87
99 4
99 15
100 53
100 54
101 51
101 24
102 33
102 41
103 43
103 92
104 10
104 18
105 26
105 94
106 65
106 77
107 15
107 1
108 16
108 96
109 69
109 9
110 20
110 64
111 13
111 68
112 22
112 46
113 8
113 73
114 10
114 54
115 113
115 33
116 14
116 111
117 41
117 113
118 0
118 4
119 70
119 94
120 9
120 3
121 0
121 59
122 41
122 75
123 23
123 81
124 2
124 14
125 4
125 92
126 119
126 81
127 0
127 76
128 34
128 126
129 51
129 8
130 41
130 12
131 3
131 114
132 92
132 13
133 99
133 75
134 74
134 128
135 47
135 14
136 130
136 0
137 31
137 118
138 1
138 5
139 92
139 132
140 29
140 73
141 20
141 10
142 7
142 122
143 139
143 3
144 17
144 7
145 10
145 41
146 120
146 94
147 11
147 70
148 98
148 25
149 15
149 10
150 38
150 132
151 0
151 25
152 78
152 132
153 120
153 60
154 76
154 45
155 3
155 10
156 134
156 88
157 39
157 11
158 105
158 24
159 155
159 120
160 38
160 146
161 124
161 106
162 39
162 138
163 75
163 12
164 23
164 26
165 45
165 164
166 61
166 76
167 1
167 91
168 17
168 98
169 60
169 167
170 24
170 9
171 128
171 28
172 66
172 3
173 14
173 81
174 92
174 155
175 23
175 4
176 157
176 149
177 31
177 2
178 129
178 33
179 144
179 97
180 33
180 76
181 83
181 172
182 8
182 18
183 4
183 14
184 78
184 8
185 119
185 1
186 138
186 167
187 78
187 10
188 51
188 181
189 153
189 179
190 0
190 163
191 33
191 9
192 29
192 189
193 11
193 76
194 181
194 106
195 9
195 41
196 49
196 30
197 114
197 48
198 9
198 189
199 18
199 122
200 189
200 83
201 82
201 75
202 114
202 36
203 70
203 170
204 16
204 45
205 103
205 96
206 3
206 50
207 190
207 0
208 179
208 165
209 87
209 182
210 167
210 128
211 22
211 174
212 181
212 183
213 23
213 97
214 153
214 4
215 182
215 65
216 6
216 65
217 1
217 184
218 78
218 74
219 9
219 165
220 125
220 24
221 97
221 7
222 220
222 168
223 61
223 41
224 83
224 221
225 47
225 60
226 167
226 54
227 62
227 107
228 41
228 220
229 20
229 6
230 120
230 0
231 2
231 36
232 149
232 20
233 206
233 1
234 27
234 18
235 20
235 68
236 206
236 191
237 224
237 25
238 111
238 87
239 30
239 231
240 0
240 14
241 86
241 207
242 39
242 16
243 23
243 130
244 142
244 129
245 143
245 141
246 47
246 79
247 78
247 224
248 17
248 237
249 7
249 247
1 1 0 1 0 1 0 1 0 0 0 0 0 0 1 1 1 1 1 0 0 0 1 1 1 1 0 0 1 1 0 1 1 0 0 0 0 0 0 1 1 0 0 1 1 0 1 1 1 0 1 1 1 0 0 0 0 0 1 1 1 1 1 0 0 0 0 1 1 0 1 0 0 0 0 0 0 1 1 0 1 0 0 1 0 1 1 0 0 1 0 1 1 0 0 1 1 1 0 0 1 0 1 1 0 1 0 0 1 0 1 0 1 0 1 1 0 1 1 1 0 1 1 1 0 0 1 1 0 0 0 0 1 1 0 0 0 1 1 1 0 1 1 0 0 0 0 1 1 0 1 1 1 1 1 1 1 0 0 0 0 1 0 1 0 0 1 0 1 0 0 0 0 0 1 1 1 1 1 1 0 0 0 1 1 1 1 0 0 0 1 1 1 1 1 0 0 1 1 0 0 1 0 0 0 0 1 1 0 0 0 1 0 0 0 1 0 1 1 1 0 1 1 1 1 0 0 0 0 0 1 1 0 1 1 0 1 1 1 0 1 1 1 0 1 0 1 0 0 0
0 1 0 1 1 1 0 0 1 0 0 0 1 1 0 0 0 1 0 0 1 0 0 0 0 0 1 0 1 1 1 1 1 0 0 1 0 1 0 1 0 1 0 1 1 1 0 1 0 0 0 0 0 1 0 1 0 0 1 0 1 1 1 0 0 0 1 1 0 1 0 1 1 0 1 1 1 1 0 0 0 0 0 0 1 1 0 0 1 1 0 0 0 1 1 1 1 1 0 1 0 1 0 0 0 0 1 0 1 0 1 0 1 0 0 0 0 1 1 1 1 0 0 1 0 1 1 0 0 0 1 0 0 0 0 1 0 0 1 0 1 1 1 0 1 0 0 0 0 0 1 1 0 0 1 0 0 1 0 0 1 1 0 1 1 1 1 1 1 1 1 1 1 1 1 0 0 0 0 1 0 0 1 1 1 1 0 1 0 1 1 0 0 1 1 1 1 0 0 1 0 1 1 1 1 1 0 1 0 1 1 0 0 1 0 1 0 1 1 1 0 0 0 1 1 1 0 1 0 1 1 1 0 1 0 1 0 1 0 0 1 0 1 1 1 0 0 1 0 0
0 1 1 0 0 1 1 1 1 0 0 0 1 0 1 1 1 1 0 0 0 1 0 0 0 1 1 0 1 0 0 1 1 1 1 1 1 0 1 0 1 1 1 1 1 1 1 1 1 1 0 1 0 0 0 1 1 0 0 1 0 1 0 1 0 1 0 0 1 0 0 0 0 1 0 1 0 0 0 0 0 0 0 1 0 1 0 0 1 1 0 0 1 1 0 1 0 1 1 0 1 0 0 1 1 1 0 1 0 1 1 0 1 0 0 0 1 0 0 0 1 0 1 1 1 0 1 1 1 0 1 0 0 0 1 1 1 1 1 0 1 1 0 1 0 0 1 1 0 0 1 0 0 0 0 0 1 1 0 1 0 0 1 0 0 0 1 1 1 0 1 0 0 1 1 0 0 1 0 0 1 0 0 1 1 0 0 0 1 0 1 1 1 0 0 1 0 1 1 0 1 0 1 1 0 1 0 1 1 1 1 1 0 1 1 1 1 1 0 1 0 1 1 0 1 1 1 1 1 1 0 1 1 0 0 1 0 1 0 0 0 1 1 1 1 0 0 0 1 1
0 1 1 1 1 1 1 0 0 0 1 1 0 0 0 1 0 1 0 1 1 0 1 0 1 1 0 0 1 0 1 1 1 1 0 0 0 1 1 1 1 1 1 0 0 0 1 0 0 1 0 1 0 0 1 0 0 1 1 0 0 1 1 1 1 0 1 0 0 1 0 0 1 1 1 1 1 1 0 1 0 0 0 1 0 1 1 0 0 0 0 1 1 0 0 1 1 1 1 1 1 0 0 1 1 0 0 0 0 0 1 0 0 0 1 1 0 0 0 1 1 0 0 0 1 1 0 1 0 0 1 0 0 1 0 0 0 1 0 0 0 0 0 0 0 0 0 1 0 1 0 1 1 0 1 0 0 0 1 1 1 1 1 0 1 0 0 0 1 0 1 0 1 1 1 1 1 0 1 1 0 1 0 0 0 0 1 1 1 0 1 1 1 1 0 0 0 1 1 0 0 1 0 1 0 0 0 1 0 0 1 0 1 1 0 0 0 0 0 0 1 0 0 1 0 1 1 0 0 1 1 0 1 1 0 0 0 0 0 0 1 0 1 0 0 1 0 0 1 1
1 1 1 0 0 0 1 0 1 1 0 0 0 1 0 1 0 1 1 1 0 0 1 1 0 1 1 1 0 0 1 0 1 0 1 0 0 0 0 0 1 0 1 1 1 1 0 0 0 1 1 0 0 1 1 0 0 1 1 1 1 1 1 0 1 0 0 0 0 0 0 1 1 0 0 0 1 0 0 0 1 1 1 1 0 1 0 1 1 0 0 0 1 1 1 1 0 0 0 1 1 1 1 1 1 1 0 0 0 0 1 0 0 1 0 0 1 1 0 1 1 1 0 0 0 1 1 0 0 0 1 1 1 1 1 1 0 1 1 1 0 0 1 1 0 0 1 1 0 0 0 0 0 0 1 1 1 1 0 0 0 0 1 1 1 1 1 0 1 0 1 0 0 1 0 0 1 1 1 1 0 1 1 0 0 0 1 0 0 1 0 0 1 0 1 0 1 0 1 0 1 0 1 1 1 1 0 0 1 1 1 0 0 0 0 1 0 1 1 1 1 1 0 0 0 1 1 1 1 0 1 1 1 1 0 1 1 0 0 1 1 1 1 1 0 1 0 1 1 1