50 380 5
0 1
0 2
1 2
0 3
1 3
2 3
0 4
1 4
2 4
3 4
4 5
1 5
2 5
3 5
5 6
1 6
0 6
4 6
4 7
1 7
2 7
0 7
1 8
4 8
2 8
3 8
1 9
5 9
3 9
4 9
3 10
8 10
1 10
7 10
5 11
4 11
0 11
8 11
4 12
10 12
2 12
8 12
8 13
3 13
9 13
4 13
3 14
4 14
13 14
9 14
14 15
3 15
2 15
1 15
2 16
11 16
7 16
4 16
1 17
3 17
9 17
16 17
0 18
17 18
7 18
16 18
16 19
13 19
3 19
1 19
16 20
0 20
11 20
18 20
7 21
1 21
5 21
11 21
17 22
19 22
18 22
13 22
4 23
19 23
8 23
7 23
6 24
15 24
2 24
21 24
10 25
5 25
21 25
0 25
0 26
2 26
13 26
18 26
7 27
17 27
14 27
9 27
13 28
9 28
19 28
15 28
4 29
8 29
9 29
14 29
3 30
16 30
4 30
13 30
9 31
4 31
27 31
30 31
20 32
13 32
14 32
1 32
20 33
3 33
25 33
28 33
20 34
13 34
30 34
31 34
34 35
18 35
0 35
32 35
2 36
9 36
11 36
20 36
31 37
2 37
21 37
7 37
1 38
27 38
4 38
21 38
0 39
2 39
9 39
4 39
13 40
3 40
1 40
7 40
27 41
12 41
7 41
24 41
28 42
23 42
1 42
8 42
14 43
3 43
20 43
1 43
2 44
37 44
4 44
20 44
18 45
33 45
26 45
2 45
9 46
43 46
34 46
2 46
39 47
28 47
3 47
20 47
47 48
33 48
28 48
1 48
3 49
1 49
9 49
0 49
1 0
2 0
2 1
3 0
3 1
3 2
4 0
4 1
4 2
4 3
5 4
5 1
5 2
5 3
6 5
6 1
6 0
6 4
7 4
7 1
7 2
7 0
8 1
8 4
8 2
8 3
9 1
9 5
9 3
9 4
10 3
10 8
10 1
10 7
11 5
11 4
11 0
11 8
12 4
12 10
12 2
12 8
13 8
13 3
13 9
13 4
14 3
14 4
14 13
14 9
15 14
15 3
15 2
15 1
16 2
16 11
16 7
16 4
17 1
17 3
17 9
17 16
18 0
18 17
18 7
18 16
19 16
19 13
19 3
19 1
20 16
20 0
20 11
20 18
21 7
21 1
21 5
21 11
22 17
22 19
22 18
22 13
23 4
23 19
23 8
23 7
24 6
24 15
24 2
24 21
25 10
25 5
25 21
25 0
26 0
26 2
26 13
26 18
27 7
27 17
27 14
27 9
28 13
28 9
28 19
28 15
29 4
29 8
29 9
29 14
30 3
30 16
30 4
30 13
31 9
31 4
31 27
31 30
32 20
32 13
32 14
32 1
33 20
33 3
33 25
33 28
34 20
34 13
34 30
34 31
35 34
35 18
35 0
35 32
36 2
36 9
36 11
36 20
37 31
37 2
37 21
37 7
38 1
38 27
38 4
38 21
39 0
39 2
39 9
39 4
40 13
40 3
40 1
40 7
41 27
41 12
41 7
41 24
42 28
42 23
42 1
42 8
43 14
43 3
43 20
43 1
44 2
44 37
44 4
44 20
45 18
45 33
45 26
45 2
46 9
46 43
46 34
46 2
47 39
47 28
47 3
47 20
48 47
48 33
48 28
48 1
49 3
49 1
49 9
49 0
0 1 1 1 1 1 1 1 1 1 1 1 1 0 1 0 0 1 1 1 1 1 0 0 1 1 0 0 1 1 0 0 1 0 0 0 1 1 1 1 0 0 0 1 1 1 0 1 1 1
0 1 1 1 1 0 0 0 0 0 1 0 1 1 1 1 0 1 1 0 0 1 1 0 1 1 0 0 1 1 1 0 1 0 1 0 0 1 0 0 0 0 1 0 1 0 1 0 0 0
1 1 1 0 1 1 1 0 0 0 0 0 1 1 1 1 1 0 0 0 1 0 0 1 0 0 1 0 0 1 1 0 1 1 1 0 0 0 0 1 1 1 0 1 0 1 1 0 0 0
0 1 0 1 0 0 1 0 0 1 1 1 0 0 0 1 1 0 1 0 1 0 0 1 0 0 0 0 0 1 1 1 1 0 0 1 0 1 1 1 0 1 0 1 1 1 1 1 0 1
0 1 0 1 1 1 1 1 0 0 0 1 0 1 0 0 0 0 0 1 0 0 1 0 0 1 0 1 1 1 0 0 0 0 1 0 0 1 1 1 1 0 1 1 1 1 1 0 0 1