250 1488 5
0 1
0 2
1 2
0 3
1 3
2 3
2 4
3 4
1 4
3 5
4 5
2 5
3 6
0 6
5 6
2 7
4 7
3 7
2 8
5 8
3 8
3 9
2 9
5 9
1 10
2 10
0 10
7 11
3 11
5 11
2 12
7 12
1 12
0 13
5 13
3 13
3 14
5 14
2 14
5 15
3 15
0 15
7 16
2 16
3 16
1 17
3 17
7 17
6 18
0 18
9 18
5 19
0 19
18 19
3 20
15 20
5 20
18 21
19 21
3 21
5 22
7 22
21 22
2 23
5 23
9 23
5 24
3 24
18 24
21 25
16 25
15 25
3 26
24 26
9 26
18 27
7 27
17 27
25 28
3 28
10 28
24 29
5 29
23 29
21 30
1 30
19 30
4 31
0 31
3 31
3 32
0 32
27 32
18 33
3 33
30 33
0 34
20 34
17 34
5 35
7 35
9 35
9 36
20 36
4 36
19 37
4 37
22 37
25 38
5 38
33 38
19 39
23 39
2 39
24 40
3 40
12 40
17 41
20 41
5 41
10 42
17 42
21 42
4 43
10 43
42 43
18 44
20 44
41 44
6 45
14 45
39 45
14 46
6 46
16 46
13 47
19 47
43 47
21 48
20 48
43 48
20 49
14 49
9 49
41 50
21 50
35 50
0 51
24 51
16 51
0 52
3 52
33 52
51 53
3 53
2 53
14 54
3 54
1 54
9 55
11 55
34 55
10 56
31 56
43 56
36 57
3 57
5 57
3 58
18 58
10 58
42 59
36 59
29 59
11 60
3 60
5 60
39 61
27 61
3 61
48 62
45 62
17 62
25 63
49 63
9 63
16 64
0 64
18 64
12 65
1 65
35 65
4 66
20 66
5 66
25 67
5 67
32 67
67 68
11 68
21 68
31 69
27 69
28 69
6 70
67 70
5 70
2 71
50 71
18 71
20 72
16 72
49 72
6 73
10 73
32 73
50 74
39 74
5 74
41 75
25 75
66 75
5 76
3 76
41 76
11 77
0 77
30 77
35 78
71 78
3 78
2 79
4 79
48 79
10 80
50 80
43 80
23 81
39 81
14 81
74 82
63 82
69 82
10 83
67 83
34 83
41 84
6 84
29 84
4 85
77 85
50 85
0 86
81 86
1 86
16 87
4 87
15 87
61 88
21 88
6 88
4 89
41 89
0 89
31 90
23 90
3 90
0 91
85 91
50 91
29 92
48 92
75 92
30 93
14 93
0 93
4 94
3 94
67 94
5 95
32 95
3 95
70 96
60 96
14 96
37 97
18 97
32 97
58 98
30 98
39 98
1 99
44 99
31 99
3 100
2 100
41 100
34 101
61 101
15 101
67 102
18 102
74 102
20 103
4 103
84 103
73 104
4 104
5 104
3 105
16 105
2 105
88 106
7 106
79 106
24 107
5 107
46 107
2 108
10 108
81 108
13 109
85 109
0 109
71 110
4 110
23 110
39 111
36 111
95 111
73 112
103 112
61 112
73 113
2 113
21 113
39 114
84 114
3 114
3 115
9 115
28 115
42 116
2 116
50 116
28 117
46 117
17 117
31 118
86 118
17 118
25 119
5 119
36 119
118 120
20 120
11 120
53 121
66 121
31 121
27 122
90 122
16 122
84 123
9 123
2 123
58 124
4 124
83 124
94 125
1 125
89 125
3 126
33 126
32 126
3 127
0 127
109 127
2 128
95 128
0 128
97 129
94 129
5 129
16 130
3 130
62 130
94 131
79 131
92 131
37 132
3 132
85 132
14 133
65 133
81 133
75 134
93 134
48 134
70 135
114 135
116 135
104 136
54 136
12 136
37 137
2 137
31 137
38 138
68 138
2 138
23 139
9 139
52 139
80 140
3 140
34 140
3 141
112 141
117 141
4 142
44 142
6 142
50 143
58 143
31 143
3 144
140 144
38 144
122 145
62 145
0 145
113 146
20 146
34 146
39 147
1 147
58 147
98 148
135 148
3 148
4 149
68 149
137 149
5 150
91 150
39 150
73 151
3 151
100 151
3 152
103 152
118 152
74 153
11 153
94 153
16 154
84 154
4 154
99 155
67 155
21 155
11 156
152 156
3 156
3 157
20 157
80 157
103 158
2 158
57 158
71 159
5 159
1 159
35 160
118 160
123 160
12 161
62 161
127 161
26 162
156 162
52 162
46 163
4 163
42 163
127 164
8 164
4 164
21 165
125 165
34 165
5 166
39 166
4 166
152 167
14 167
67 167
167 168
80 168
148 168
120 169
107 169
3 169
24 170
3 170
22 170
52 171
71 171
32 171
2 172
4 172
0 172
0 173
95 173
41 173
123 174
0 174
3 174
172 175
10 175
22 175
19 176
114 176
9 176
3 177
2 177
91 177
143 178
32 178
58 178
162 179
129 179
18 179
72 180
170 180
99 180
18 181
120 181
140 181
135 182
163 182
14 182
18 183
132 183
47 183
24 184
19 184
98 184
57 185
178 185
160 185
44 186
91 186
177 186
163 187
10 187
33 187
84 188
2 188
22 188
131 189
3 189
37 189
16 190
26 190
70 190
42 191
105 191
85 191
67 192
26 192
0 192
32 193
98 193
3 193
2 194
5 194
3 194
113 195
134 195
65 195
88 196
166 196
39 196
1 197
193 197
118 197
169 198
67 198
27 198
77 199
3 199
112 199
9 200
38 200
110 200
35 201
117 201
64 201
70 202
52 202
22 202
18 203
2 203
1 203
18 204
32 204
22 204
53 205
18 205
73 205
90 206
51 206
35 206
152 207
158 207
17 207
73 208
92 208
5 208
112 209
9 209
65 209
29 210
39 210
45 210
138 211
5 211
6 211
163 212
0 212
128 212
35 213
95 213
2 213
6 214
172 214
152 214
182 215
210 215
0 215
130 216
159 216
93 216
0 217
53 217
120 217
5 218
34 218
130 218
106 219
20 219
201 219
27 220
172 220
49 220
3 221
144 221
16 221
0 222
24 222
66 222
197 223
120 223
16 223
179 224
91 224
20 224
196 225
189 225
58 225
5 226
18 226
59 226
8 227
3 227
32 227
143 228
101 228
3 228
9 229
219 229
51 229
223 230
14 230
89 230
3 231
64 231
80 231
156 232
137 232
41 232
75 233
50 233
66 233
8 234
10 234
16 234
70 235
41 235
84 235
52 236
43 236
62 236
228 237
172 237
9 237
135 238
5 238
152 238
121 239
165 239
1 239
94 240
142 240
11 240
64 241
238 241
5 241
91 242
23 242
228 242
113 243
51 243
179 243
118 244
142 244
57 244
32 245
62 245
69 245
97 246
4 246
112 246
177 247
211 247
94 247
96 248
3 248
109 248
204 249
200 249
4 249
1 0
2 0
2 1
3 0
3 1
3 2
4 2
4 3
4 1
5 3
5 4
5 2
6 3
6 0
6 5
7 2
7 4
7 3
8 2
8 5
8 3
9 3
9 2
9 5
10 1
10 2
10 0
11 7
11 3
11 5
12 2
12 7
12 1
13 0
13 5
13 3
14 3
14 5
14 2
15 5
15 3
15 0
16 7
16 2
16 3
17 1
17 3
17 7
18 6
18 0
18 9
19 5
19 0
19 18
20 3
20 15
20 5
21 18
21 19
21 3
22 5
22 7
22 21
23 2
23 5
23 9
24 5
24 3
24 18
25 21
25 16
25 15
26 3
26 24
26 9
27 18
27 7
27 17
28 25
28 3
28 10
29 24
29 5
29 23
30 21
30 1
30 19
31 4
31 0
31 3
32 3
32 0
32 27
33 18
33 3
33 30
34 0
34 20
34 17
35 5
35 7
35 9
36 9
36 20
36 4
37 19
37 4
37 22
38 25
38 5
38 33
39 19
39 23
39 2
40 24
40 3
40 12
41 17
41 20
41 5
42 10
42 17
42 21
43 4
43 10
43 42
44 18
44 20
44 41
45 6
45 14
45 39
46 14
46 6
46 16
47 13
47 19
47 43
48 21
48 20
48 43
49 20
49 14
49 9
50 41
50 21
50 35
51 0
51 24
51 16
52 0
52 3
52 33
53 51
53 3
53 2
54 14
54 3
54 1
55 9
55 11
55 34
56 10
56 31
56 43
57 36
57 3
57 5
58 3
58 18
58 10
59 42
59 36
59 29
60 11
60 3
60 5
61 39
61 27
61 3
62 48
62 45
62 17
63 25
63 49
63 9
64 16
64 0
64 18
65 12
65 1
65 35
66 4
66 20
66 5
67 25
67 5
67 32
68 67
68 11
68 21
69 31
69 27
69 28
70 6
70 67
70 5
71 2
71 50
71 18
72 20
72 16
72 49
73 6
73 10
73 32
74 50
74 39
74 5
75 41
75 25
75 66
76 5
76 3
76 41
77 11
77 0
77 30
78 35
78 71
78 3
79 2
79 4
79 48
80 10
80 50
80 43
81 23
81 39
81 14
82 74
82 63
82 69
83 10
83 67
83 34
84 41
84 6
84 29
85 4
85 77
85 50
86 0
86 81
86 1
87 16
87 4
87 15
88 61
88 21
88 6
89 4
89 41
89 0
90 31
90 23
90 3
91 0
91 85
91 50
92 29
92 48
92 75
93 30
93 14
93 0
94 4
94 3
94 67
95 5
95 32
95 3
96 70
96 60
96 14
97 37
97 18
97 32
98 58
98 30
98 39
99 1
99 44
99 31
100 3
100 2
100 41
101 34
101 61
101 15
102 67
102 18
102 74
103 20
103 4
103 84
104 73
104 4
104 5
105 3
105 16
105 2
106 88
106 7
106 79
107 24
107 5
107 46
108 2
108 10
108 81
109 13
109 85
109 0
110 71
110 4
110 23
111 39
111 36
111 95
112 73
112 103
112 61
113 73
113 2
113 21
114 39
114 84
114 3
115 3
115 9
115 28
116 42
116 2
116 50
117 28
117 46
117 17
118 31
118 86
118 17
119 25
119 5
119 36
120 118
120 20
120 11
121 53
121 66
121 31
122 27
122 90
122 16
123 84
123 9
123 2
124 58
124 4
124 83
125 94
125 1
125 89
126 3
126 33
126 32
127 3
127 0
127 109
128 2
128 95
128 0
129 97
129 94
129 5
130 16
130 3
130 62
131 94
131 79
131 92
132 37
132 3
132 85
133 14
133 65
133 81
134 75
134 93
134 48
135 70
135 114
135 116
136 104
136 54
136 12
137 37
137 2
137 31
138 38
138 68
138 2
139 23
139 9
139 52
140 80
140 3
140 34
141 3
141 112
141 117
142 4
142 44
142 6
143 50
143 58
143 31
144 3
144 140
144 38
145 122
145 62
145 0
146 113
146 20
146 34
147 39
147 1
147 58
148 98
148 135
148 3
149 4
149 68
149 137
150 5
150 91
150 39
151 73
151 3
151 100
152 3
152 103
152 118
153 74
153 11
153 94
154 16
154 84
154 4
155 99
155 67
155 21
156 11
156 152
156 3
157 3
157 20
157 80
158 103
158 2
158 57
159 71
159 5
159 1
160 35
160 118
160 123
161 12
161 62
161 127
162 26
162 156
162 52
163 46
163 4
163 42
164 127
164 8
164 4
165 21
165 125
165 34
166 5
166 39
166 4
167 152
167 14
167 67
168 167
168 80
168 148
169 120
169 107
169 3
170 24
170 3
170 22
171 52
171 71
171 32
172 2
172 4
172 0
173 0
173 95
173 41
174 123
174 0
174 3
175 172
175 10
175 22
176 19
176 114
176 9
177 3
177 2
177 91
178 143
178 32
178 58
179 162
179 129
179 18
180 72
180 170
180 99
181 18
181 120
181 140
182 135
182 163
182 14
183 18
183 132
183 47
184 24
184 19
184 98
185 57
185 178
185 160
186 44
186 91
186 177
187 163
187 10
187 33
188 84
188 2
188 22
189 131
189 3
189 37
190 16
190 26
190 70
191 42
191 105
191 85
192 67
192 26
192 0
193 32
193 98
193 3
194 2
194 5
194 3
195 113
195 134
195 65
196 88
196 166
196 39
197 1
197 193
197 118
198 169
198 67
198 27
199 77
199 3
199 112
200 9
200 38
200 110
201 35
201 117
201 64
202 70
202 52
202 22
203 18
203 2
203 1
204 18
204 32
204 22
205 53
205 18
205 73
206 90
206 51
206 35
207 152
207 158
207 17
208 73
208 92
208 5
209 112
209 9
209 65
210 29
210 39
210 45
211 138
211 5
211 6
212 163
212 0
212 128
213 35
213 95
213 2
214 6
214 172
214 152
215 182
215 210
215 0
216 130
216 159
216 93
217 0
217 53
217 120
218 5
218 34
218 130
219 106
219 20
219 201
220 27
220 172
220 49
221 3
221 144
221 16
222 0
222 24
222 66
223 197
223 120
223 16
224 179
224 91
224 20
225 196
225 189
225 58
226 5
226 18
226 59
227 8
227 3
227 32
228 143
228 101
228 3
229 9
229 219
229 51
230 223
230 14
230 89
231 3
231 64
231 80
232 156
232 137
232 41
233 75
233 50
233 66
234 8
234 10
234 16
235 70
235 41
235 84
236 52
236 43
236 62
237 228
237 172
237 9
238 135
238 5
238 152
239 121
239 165
239 1
240 94
240 142
240 11
241 64
241 238
241 5
242 91
242 23
242 228
243 113
243 51
243 179
244 118
244 142
244 57
245 32
245 62
245 69
246 97
246 4
246 112
247 177
247 211
247 94
248 96
248 3
248 109
249 204
249 200
249 4
0 0 1 1 1 0 1 1 1 0 1 0 1 1 1 0 1 0 1 0 0 0 0 1 0 0 0 1 0 1 0 1 0 1 1 1 0 0 1 1 1 0 1 1 1 1 0 1 1 1 1 0 1 1 1 0 1 0 0 1 1 0 0 0 1 1 0 1 0 1 0 1 1 0 1 0 1 0 0 0 0 1 1 0 0 0 1 1 0 0 0 1 0 0 0 0 1 0 0 1 0 0 1 0 1 0 1 1 0 1 0 0 1 1 1 1 0 1 1 0 0 0 1 1 1 0 1 1 1 0 1 1 1 1 0 0 0 1 0 0 0 1 1 0 0 1 1 0 1 1 1 1 0 1 0 1 0 0 1 1 1 0 1 1 1 0 0 0 0 1 0 1 1 0 0 1 1 1 0 0 0 0 0 1 1 1 1 1 1 1 0 1 0 0 1 0 0 0 1 0 0 0 1 0 0 1 1 1 1 0 0 1 1 1 1 0 1 0 1 1 0 0 1 0 0 0 1 1 1 1 0 0 1 0 0 1 0 1 0 1 0 1 1 0 1 0 1 0 0 0
1 1 0 0 1 1 1 0 1 1 0 0 1 1 0 1 1 0 0 0 0 1 0 0 1 0 0 0 0 0 1 1 0 0 0 1 1 1 1 0 0 1 0 1 1 0 0 1 0 1 1 0 1 1 1 0 0 1 1 0 1 0 1 0 0 1 0 1 0 1 1 1 1 1 0 0 1 1 1 1 1 0 1 0 0 1 0 1 1 1 1 1 1 0 1 1 0 1 0 1 1 1 1 1 0 0 1 0 1 1 1 1 0 0 1 1 1 1 1 1 1 0 1 0 0 0 1 0 1 1 0 1 1 0 1 1 1 0 0 1 0 0 0 1 1 0 1 0 1 0 1 1 0 0 1 0 1 0 0 0 0 1 0 1 1 0 0 1 0 1 0 1 0 1 1 0 0 0 1 1 1 1 0 1 0 0 0 1 0 0 0 1 0 0 0 0 1 1 0 1 0 1 0 1 1 0 0 1 0 1 0 0 1 0 1 1 1 0 0 0 0 0 0 0 0 1 0 1 0 1 1 1 0 1 1 0 0 0 1 1 1 0 0 0 1 1 0 1 0 1
1 1 0 0 0 0 1 0 1 0 1 0 1 0 0 1 0 1 0 0 1 1 0 0 0 1 0 0 0 0 1 1 0 1 0 0 0 1 1 1 1 0 1 1 1 0 0 1 1 0 1 1 0 0 1 1 0 0 0 0 1 1 1 1 0 0 0 1 0 0 1 1 1 1 1 1 1 1 1 1 1 1 0 0 1 1 1 0 1 0 0 0 0 0 0 1 1 0 0 0 0 1 1 1 1 1 0 1 0 1 0 0 1 1 1 0 0 1 1 1 1 1 0 1 0 0 0 0 0 1 1 0 0 1 0 0 0 0 1 1 0 1 0 0 0 0 1 0 1 0 0 0 1 1 0 1 1 1 0 1 0 1 0 1 0 1 0 0 1 0 0 1 1 1 1 1 1 0 0 1 0 1 1 1 1 0 1 1 1 0 0 0 1 0 0 0 1 0 0 1 1 1 0 0 1 1 0 1 0 0 1 0 1 1 1 1 0 1 0 1 1 1 1 1 1 1 0 1 0 0 0 1 1 0 0 0 1 0 1 0 0 1 0 1 1 0 0 0 0 1
0 0 0 1 1 1 0 1 0 1 1 0 0 1 1 0 0 0 0 0 1 1 1 0 0 1 1 1 1 0 0 1 1 1 0 0 1 1 1 0 1 0 0 1 1 0 1 0 0 1 1 0 0 1 1 1 0 1 1 0 0 1 0 0 0 0 0 0 1 0 1 0 0 1 0 1 0 0 0 1 1 1 1 0 1 1 1 1 0 1 0 1 0 1 0 0 1 1 1 0 1 1 1 0 1 1 1 0 0 1 1 0 1 1 1 1 0 1 0 1 1 1 0 1 0 0 0 0 1 0 1 1 1 0 0 0 1 1 1 0 1 1 1 0 0 0 0 0 0 1 1 0 0 1 1 0 0 0 0 1 0 1 1 1 1 0 0 1 1 1 0 1 1 1 1 0 1 0 1 0 1 1 0 0 0 0 1 1 0 1 1 0 0 0 1 1 0 1 0 1 0 1 1 0 0 0 1 1 0 1 1 0 0 0 1 0 0 1 1 1 1 1 0 1 0 1 0 0 0 0 0 1 1 0 1 0 1 1 0 0 0 0 1 1 1 1 1 1 0 1
0 0 1 1 1 1 0 0 1 0 0 1 0 1 0 0 0 1 0 0 1 1 1 0 0 0 1 0 0 0 1 0 0 1 0 0 1 0 1 1 0 0 0 1 1 1 1 0 0 1 0 1 1 1 1 0 1 1 0 0 0 1 1 0 1 0 1 0 1 0 1 0 0 0 0 1 1 0 0 1 1 1 0 1 1 1 0 0 1 1 0 0 1 1 1 0 1 0 1 1 1 1 1 0 0 1 0 0 0 0 0 0 0 0 0 1 1 1 1 0 0 1 1 0 0 1 1 1 0 1 1 1 1 0 1 1 0 1 1 1 1 1 1 0 1 1 1 0 1 0 1 1 1 0 0 1 1 0 1 0 1 0 0 0 0 1 1 0 1 0 1 1 0 0 0 0 1 0 1 1 0 0 1 1 1 0 1 1 0 1 1 1 0 1 0 0 0 1 0 1 0 1 1 1 0 0 0 0 0 0 0 1 0 1 1 1 0 0 1 1 1 0 1 0 0 0 0 0 0 0 1 0 0 1 1 1 1 1 1 1 1 1 1 1 0 0 0 0 1 0