100 390 5
0 1
0 2
1 2
0 3
1 3
2 3
0 4
1 4
2 4
3 4
3 5
1 5
0 5
4 5
4 6
1 6
2 6
5 6
2 7
5 7
1 7
4 7
0 8
4 8
1 8
6 8
1 9
4 9
0 9
8 9
1 10
0 10
4 10
9 10
0 11
6 11
5 11
4 11
4 12
1 12
9 12
8 12
8 13
0 13
4 13
6 13
8 14
5 14
6 14
12 14
4 15
2 15
1 15
9 15
6 16
0 16
3 16
1 16
12 17
0 17
7 17
4 17
1 18
7 18
4 18
13 18
13 19
4 19
1 19
6 19
11 20
3 20
4 20
8 20
4 21
1 21
14 21
5 21
8 22
19 22
7 22
11 22
18 23
8 23
4 23
1 23
1 24
6 24
5 24
9 24
6 25
1 25
10 25
16 25
6 26
4 26
8 26
22 26
1 27
2 27
8 27
15 27
4 28
0 28
6 28
5 28
28 29
2 29
4 29
24 29
29 30
27 30
24 30
8 30
8 31
18 31
21 31
2 31
13 32
28 32
8 32
1 32
8 33
15 33
6 33
21 33
12 34
9 34
0 34
25 34
2 35
13 35
4 35
0 35
6 36
5 36
7 36
15 36
26 37
19 37
15 37
27 37
11 38
29 38
6 38
27 38
34 39
10 39
4 39
32 39
5 40
3 40
11 40
12 40
11 41
8 41
19 41
37 41
2 42
8 42
26 42
17 42
25 43
11 43
36 43
39 43
9 44
34 44
3 44
4 44
13 45
10 45
21 45
35 45
43 46
40 46
6 46
37 46
9 47
1 47
24 47
26 47
2 48
9 48
13 48
8 48
12 49
19 49
17 49
18 49
4 50
48 50
9 50
17 50
15 51
43 51
14 51
18 51
46 52
4 52
9 52
1 52
17 53
34 53
8 53
9 53
6 54
35 54
1 54
3 54
1 55
31 55
3 55
18 55
28 56
19 56
37 56
6 56
6 57
30 57
37 57
12 57
29 58
43 58
8 58
11 58
28 59
12 59
18 59
23 59
42 60
19 60
12 60
48 60
34 61
13 61
30 61
52 61
1 62
25 62
11 62
19 62
21 63
51 63
0 63
8 63
3 64
8 64
31 64
29 64
53 65
2 65
61 65
47 65
8 66
1 66
46 66
13 66
6 67
34 67
24 67
57 67
21 68
67 68
4 68
5 68
1 69
48 69
6 69
49 69
9 70
30 70
14 70
24 70
1 71
0 71
6 71
45 71
56 72
37 72
55 72
25 72
51 73
27 73
11 73
19 73
8 74
51 74
5 74
6 74
69 75
55 75
6 75
60 75
43 76
55 76
66 76
33 76
6 77
15 77
8 77
30 77
18 78
56 78
17 78
26 78
19 79
69 79
32 79
1 79
35 80
2 80
73 80
13 80
36 81
22 81
9 81
52 81
69 82
59 82
77 82
27 82
24 83
48 83
10 83
4 83
0 84
12 84
1 84
77 84
52 85
5 85
1 85
39 85
0 86
54 86
32 86
28 86
2 87
14 87
6 87
24 87
10 88
77 88
4 88
83 88
48 89
62 89
57 89
19 89
34 90
78 90
21 90
39 90
13 91
2 91
77 91
5 91
30 92
29 92
57 92
37 92
1 93
29 93
4 93
13 93
0 94
49 94
37 94
21 94
42 95
48 95
11 95
89 95
70 96
26 96
83 96
64 96
2 97
1 97
21 97
29 97
62 98
77 98
12 98
37 98
11 99
94 99
18 99
5 99
0 0 0 0 0 0 0 1 1 1 0 1 0 0 0 0 1 0 1 0 0 0 0 0 0 1 1 0 0 1 0 0 1 0 1 0 0 0 0 0 1 0 1 0 0 1 1 1 0 1 1 0 1 1 1 1 0 0 0 0 1 0 1 1 1 0 1 1 0 1 0 1 1 1 0 0 0 0 0 0 0 0 1 1 0 0 1 0 1 0 0 1 1 0 0 0 1 1 0 1
0 1 0 0 0 0 1 1 1 0 1 0 1 0 1 0 0 1 1 0 1 0 0 1 0 1 1 1 0 1 1 0 0 0 1 0 0 1 0 0 0 0 0 1 1 1 1 1 1 1 0 0 0 0 0 1 0 1 1 0 1 1 0 1 1 0 1 1 1 1 1 0 0 0 1 0 1 1 0 1 1 1 0 0 1 0 0 0 0 0 0 1 1 1 1 0 0 1 0 1
1 1 1 0 0 0 1 0 1 1 0 0 1 1 0 1 1 1 1 1 0 0 0 1 0 1 0 1 0 0 0 0 1 1 0 1 1 1 0 0 0 0 1 0 0 1 0 1 0 0 0 0 1 1 0 0 1 1 1 1 1 0 0 1 1 0 1 0 1 1 0 1 0 0 1 0 0 1 1 1 0 1 0 1 0 1 1 0 1 0 0 0 1 0 0 1 1 0 1 1
0 1 0 0 1 0 0 1 1 1 0 1 0 1 1 0 0 0 1 1 1 1 1 1 0 1 1 1 0 1 0 0 1 0 0 0 0 1 1 1 1 1 0 1 1 0 0 0 0 1 0 1 1 0 0 0 0 1 1 0 1 0 1 0 0 1 0 0 1 1 1 1 1 1 0 0 0 1 1 1 1 0 0 1 1 1 1 0 0 0 0 0 0 1 1 0 1 0 1 0
1 1 1 0 0 0 1 0 0 1 1 1 0 0 0 0 1 1 1 0 1 1 1 0 0 1 0 0 0 0 1 0 0 1 0 0 1 1 1 1 1 1 1 0 1 0 0 0 1 0 1 0 1 1 0 0 0 0 1 0 0 1 1 0 1 0 1 1 1 0 0 1 0 1 1 0 1 1 1 0 0 1 0 1 1 0 0 0 0 0 0 0 1 1 1 1 1 1 0 1