100 780 5
0 1
0 2
1 2
0 3
1 3
2 3
0 4
1 4
2 4
3 4
0 5
3 5
2 5
1 5
0 6
3 6
1 6
2 6
3 7
1 7
0 7
5 7
3 8
5 8
4 8
0 8
1 9
0 9
6 9
7 9
9 10
5 10
1 10
0 10
4 11
0 11
6 11
2 11
9 12
8 12
0 12
2 12
12 13
1 13
9 13
5 13
12 14
4 14
0 14
9 14
2 15
1 15
0 15
9 15
9 16
0 16
11 16
12 16
3 17
5 17
0 17
10 17
9 18
4 18
2 18
1 18
0 19
5 19
1 19
8 19
1 20
4 20
7 20
11 20
2 21
4 21
1 21
9 21
21 22
9 22
20 22
12 22
0 23
12 23
20 23
3 23
16 24
15 24
21 24
0 24
5 25
11 25
24 25
2 25
2 26
24 26
12 26
8 26
1 27
4 27
10 27
20 27
5 28
9 28
4 28
2 28
0 29
10 29
19 29
21 29
12 30
6 30
5 30
10 30
12 31
29 31
10 31
9 31
14 32
4 32
0 32
5 32
9 33
23 33
28 33
5 33
6 34
5 34
4 34
24 34
26 35
17 35
3 35
1 35
19 36
4 36
17 36
21 36
31 37
13 37
28 37
12 37
26 38
21 38
29 38
6 38
0 39
27 39
30 39
28 39
21 40
20 40
2 40
1 40
31 41
15 41
18 41
4 41
0 42
24 42
11 42
1 42
0 43
5 43
2 43
28 43
23 44
19 44
18 44
4 44
6 45
0 45
30 45
24 45
10 46
8 46
1 46
28 46
12 47
24 47
9 47
39 47
28 48
12 48
1 48
32 48
5 49
1 49
32 49
33 49
35 50
18 50
46 50
10 50
28 51
31 51
32 51
18 51
5 52
20 52
49 52
12 52
28 53
1 53
9 53
0 53
44 54
3 54
48 54
49 54
39 55
26 55
12 55
4 55
0 56
48 56
22 56
33 56
17 57
0 57
32 57
3 57
2 58
46 58
1 58
35 58
39 59
52 59
7 59
0 59
21 60
9 60
26 60
42 60
43 61
0 61
1 61
48 61
16 62
33 62
42 62
0 62
9 63
51 63
55 63
29 63
4 64
51 64
23 64
49 64
20 65
51 65
56 65
6 65
3 66
61 66
21 66
47 66
5 67
44 67
9 67
32 67
2 68
19 68
28 68
1 68
0 69
26 69
20 69
35 69
21 70
13 70
28 70
1 70
8 71
47 71
3 71
38 71
7 72
31 72
58 72
39 72
53 73
39 73
67 73
36 73
60 74
40 74
12 74
48 74
19 75
2 75
55 75
22 75
31 76
19 76
8 76
4 76
69 77
39 77
50 77
59 77
23 78
56 78
5 78
19 78
13 79
39 79
0 79
44 79
27 80
4 80
68 80
1 80
48 81
26 81
40 81
56 81
28 82
3 82
23 82
31 82
70 83
24 83
39 83
2 83
3 84
69 84
35 84
38 84
66 85
78 85
42 85
24 85
3 86
49 86
1 86
34 86
44 87
57 87
47 87
72 87
26 88
44 88
67 88
25 88
0 89
5 89
18 89
54 89
40 90
39 90
27 90
26 90
0 91
66 91
32 91
54 91
51 92
25 92
35 92
28 92
5 93
68 93
43 93
0 93
9 94
47 94
12 94
75 94
23 95
36 95
12 95
55 95
4 96
34 96
79 96
68 96
10 97
11 97
0 97
51 97
70 98
9 98
47 98
1 98
93 99
53 99
28 99
29 99
1 0
2 0
2 1
3 0
3 1
3 2
4 0
4 1
4 2
4 3
5 0
5 3
5 2
5 1
6 0
6 3
6 1
6 2
7 3
7 1
7 0
7 5
8 3
8 5
8 4
8 0
9 1
9 0
9 6
9 7
10 9
10 5
10 1
10 0
11 4
11 0
11 6
11 2
12 9
12 8
12 0
12 2
13 12
13 1
13 9
13 5
14 12
14 4
14 0
14 9
15 2
15 1
15 0
15 9
16 9
16 0
16 11
16 12
17 3
17 5
17 0
17 10
18 9
18 4
18 2
18 1
19 0
19 5
19 1
19 8
20 1
20 4
20 7
20 11
21 2
21 4
21 1
21 9
22 21
22 9
22 20
22 12
23 0
23 12
23 20
23 3
24 16
24 15
24 21
24 0
25 5
25 11
25 24
25 2
26 2
26 24
26 12
26 8
27 1
27 4
27 10
27 20
28 5
28 9
28 4
28 2
29 0
29 10
29 19
29 21
30 12
30 6
30 5
30 10
31 12
31 29
31 10
31 9
32 14
32 4
32 0
32 5
33 9
33 23
33 28
33 5
34 6
34 5
34 4
34 24
35 26
35 17
35 3
35 1
36 19
36 4
36 17
36 21
37 31
37 13
37 28
37 12
38 26
38 21
38 29
38 6
39 0
39 27
39 30
39 28
40 21
40 20
40 2
40 1
41 31
41 15
41 18
41 4
42 0
42 24
42 11
42 1
43 0
43 5
43 2
43 28
44 23
44 19
44 18
44 4
45 6
45 0
45 30
45 24
46 10
46 8
46 1
46 28
47 12
47 24
47 9
47 39
48 28
48 12
48 1
48 32
49 5
49 1
49 32
49 33
50 35
50 18
50 46
50 10
51 28
51 31
51 32
51 18
52 5
52 20
52 49
52 12
53 28
53 1
53 9
53 0
54 44
54 3
54 48
54 49
55 39
55 26
55 12
55 4
56 0
56 48
56 22
56 33
57 17
57 0
57 32
57 3
58 2
58 46
58 1
58 35
59 39
59 52
59 7
59 0
60 21
60 9
60 26
60 42
61 43
61 0
61 1
61 48
62 16
62 33
62 42
62 0
63 9
63 51
63 55
63 29
64 4
64 51
64 23
64 49
65 20
65 51
65 56
65 6
66 3
66 61
66 21
66 47
67 5
67 44
67 9
67 32
68 2
68 19
68 28
68 1
69 0
69 26
69 20
69 35
70 21
70 13
70 28
70 1
71 8
71 47
71 3
71 38
72 7
72 31
72 58
72 39
73 53
73 39
73 67
73 36
74 60
74 40
74 12
74 48
75 19
75 2
75 55
75 22
76 31
76 19
76 8
76 4
77 69
77 39
77 50
77 59
78 23
78 56
78 5
78 19
79 13
79 39
79 0
79 44
80 27
80 4
80 68
80 1
81 48
81 26
81 40
81 56
82 28
82 3
82 23
82 31
83 70
83 24
83 39
83 2
84 3
84 69
84 35
84 38
85 66
85 78
85 42
85 24
86 3
86 49
86 1
86 34
87 44
87 57
87 47
87 72
88 26
88 44
88 67
88 25
89 0
89 5
89 18
89 54
90 40
90 39
90 27
90 26
91 0
91 66
91 32
91 54
92 51
92 25
92 35
92 28
93 5
93 68
93 43
93 0
94 9
94 47
94 12
94 75
95 23
95 36
95 12
95 55
96 4
96 34
96 79
96 68
97 10
97 11
97 0
97 51
98 70
98 9
98 47
98 1
99 93
99 53
99 28
99 29
0 1 1 1 1 0 0 0 1 0 1 0 1 1 0 1 1 1 1 0 1 0 0 0 1 1 0 0 0 0 1 1 1 0 1 0 0 0 1 0 0 0 0 0 0 0 0 1 1 0 1 1 1 1 0 0 1 1 1 1 1 0 0 0 0 0 1 0 1 0 1 1 1 1 0 0 1 0 1 1 0 0 1 0 1 0 1 0 1 0 1 1 1 1 1 0 0 1 1 1
0 0 1 0 0 0 1 0 1 0 1 0 1 0 0 0 1 1 0 0 1 0 1 1 0 0 1 1 1 0 0 1 0 1 0 1 0 1 0 1 1 0 0 0 0 0 0 1 1 0 0 0 0 1 1 1 1 0 0 0 1 1 0 0 1 0 0 1 0 1 0 0 0 1 0 1 0 0 1 1 1 0 0 0 0 1 1 1 1 1 1 0 0 0 1 0 1 1 1 1
0 1 1 1 0 1 1 0 0 1 1 0 1 1 0 1 0 0 0 0 1 0 0 0 1 0 0 1 1 1 0 0 0 0 1 0 1 0 0 1 0 0 0 1 0 1 0 1 1 0 1 0 0 1 1 0 1 1 0 1 0 0 1 0 1 1 1 0 1 1 0 0 0 0 0 1 1 0 1 0 0 1 1 0 0 1 0 0 1 0 1 0 0 0 0 1 1 0 1 1
1 0 0 0 1 1 0 1 0 1 0 1 0 1 0 0 1 0 0 1 0 1 1 0 0 1 0 1 1 0 0 1 0 0 0 0 1 1 1 1 0 1 0 0 1 0 0 1 0 1 0 0 0 1 0 1 0 1 0 0 1 1 1 1 0 0 0 1 0 1 1 1 1 0 0 0 0 1 0 1 0 1 0 1 0 0 0 0 1 0 0 1 0 0 1 1 1 1 1 0
1 0 1 1 0 0 1 0 1 1 0 1 1 1 0 1 1 0 0 1 1 1 1 1 1 1 0 0 0 0 1 1 1 1 0 0 1 0 0 0 0 1 1 1 0 1 1 0 0 1 1 0 1 1 1 0 0 1 1 1 1 1 0 1 0 0 1 0 1 0 1 1 0 1 0 0 1 1 0 1 0 1 0 1 1 1 0 1 1 0 1 1 1 1 0 1 1 0 0 1