50 288 5
0 1
0 2
1 2
0 3
1 3
2 3
3 4
1 4
0 4
1 5
3 5
0 5
3 6
0 6
1 6
5 7
0 7
2 7
4 8
5 8
2 8
8 9
1 9
6 9
0 10
6 10
7 10
6 11
9 11
1 11
5 12
9 12
6 12
1 13
4 13
12 13
6 14
7 14
12 14
8 15
13 15
4 15
14 16
4 16
7 16
11 17
15 17
16 17
7 18
8 18
2 18
18 19
0 19
1 19
7 20
5 20
0 20
0 21
4 21
7 21
11 22
0 22
13 22
19 23
10 23
20 23
4 24
3 24
18 24
17 25
13 25
5 25
3 26
7 26
4 26
11 27
3 27
8 27
20 28
1 28
9 28
26 29
2 29
16 29
12 30
7 30
23 30
29 31
5 31
16 31
4 32
24 32
3 32
5 33
4 33
0 33
28 34
0 34
21 34
0 35
1 35
6 35
5 36
30 36
17 36
1 37
5 37
23 37
10 38
23 38
7 38
25 39
35 39
3 39
6 40
33 40
20 40
16 41
15 41
1 41
25 42
15 42
0 42
6 43
18 43
36 43
39 44
7 44
4 44
24 45
36 45
43 45
43 46
6 46
19 46
2 47
7 47
18 47
17 48
2 48
38 48
0 49
42 49
44 49
1 0
2 0
2 1
3 0
3 1
3 2
4 3
4 1
4 0
5 1
5 3
5 0
6 3
6 0
6 1
7 5
7 0
7 2
8 4
8 5
8 2
9 8
9 1
9 6
10 0
10 6
10 7
11 6
11 9
11 1
12 5
12 9
12 6
13 1
13 4
13 12
14 6
14 7
14 12
15 8
15 13
15 4
16 14
16 4
16 7
17 11
17 15
17 16
18 7
18 8
18 2
19 18
19 0
19 1
20 7
20 5
20 0
21 0
21 4
21 7
22 11
22 0
22 13
23 19
23 10
23 20
24 4
24 3
24 18
25 17
25 13
25 5
26 3
26 7
26 4
27 11
27 3
27 8
28 20
28 1
28 9
29 26
29 2
29 16
30 12
30 7
30 23
31 29
31 5
31 16
32 4
32 24
32 3
33 5
33 4
33 0
34 28
34 0
34 21
35 0
35 1
35 6
36 5
36 30
36 17
37 1
37 5
37 23
38 10
38 23
38 7
39 25
39 35
39 3
40 6
40 33
40 20
41 16
41 15
41 1
42 25
42 15
42 0
43 6
43 18
43 36
44 39
44 7
44 4
45 24
45 36
45 43
46 43
46 6
46 19
47 2
47 7
47 18
48 17
48 2
48 38
49 0
49 42
49 44
0 1 0 1 0 1 0 0 0 1 1 0 0 1 0 1 0 0 1 1 0 1 0 0 1 0 0 0 1 1 1 1 1 1 0 1 0 0 1 1 0 0 0 0 1 1 0 1 0 1
0 1 1 0 1 1 1 1 1 0 0 0 0 0 0 1 1 1 0 0 1 1 1 0 0 1 0 0 1 1 0 0 1 0 0 1 1 0 0 1 1 1 0 1 0 1 0 0 1 1
0 0 1 0 1 0 0 0 1 0 1 0 0 0 0 0 0 1 0 0 0 1 1 1 1 0 0 1 0 0 0 0 1 0 0 1 0 1 0 0 1 0 0 1 0 1 1 0 0 1
1 0 0 0 0 0 1 1 1 0 0 0 0 1 1 1 1 1 1 0 0 0 1 0 1 0 0 0 1 0 0 1 0 0 1 0 0 1 0 0 1 0 1 0 0 1 1 0 0 1
1 0 1 0 1 0 0 0 0 1 1 0 0 0 0 1 0 0 1 0 0 1 0 1 1 0 1 0 1 0 0 1 0 0 1 1 1 0 0 0 0 0 0 1 0 1 0 0 1 1