250 498 5
0 1
1 2
1 3
0 4
1 5
1 6
3 7
0 8
6 9
3 10
7 11
4 12
5 13
3 14
5 15
1 16
5 17
8 18
1 19
9 20
6 21
4 22
5 23
3 24
3 25
1 26
16 27
0 28
9 29
13 30
9 31
31 32
17 33
4 34
26 35
3 36
0 37
3 38
31 39
21 40
19 41
6 42
21 43
13 44
31 45
39 46
32 47
5 48
3 49
44 50
9 51
3 52
13 53
26 54
44 55
9 56
54 57
32 58
47 59
19 60
0 61
22 62
32 63
29 64
3 65
5 66
1 67
16 68
22 69
21 70
68 71
13 72
3 73
20 74
12 75
9 76
27 77
53 78
52 79
31 80
75 81
70 82
11 83
40 84
31 85
21 86
2 87
9 88
76 89
2 90
22 91
26 92
47 93
29 94
43 95
29 96
90 97
55 98
3 99
11 100
68 101
9 102
101 103
1 104
84 105
80 106
45 107
28 108
53 109
9 110
21 111
6 112
3 113
32 114
83 115
2 116
47 117
107 118
87 119
65 120
112 121
70 122
66 123
9 124
100 125
8 126
57 127
68 128
70 129
101 130
105 131
9 132
31 133
117 134
3 135
49 136
120 137
1 138
111 139
107 140
5 141
1 142
66 143
55 144
122 145
97 146
70 147
118 148
11 149
134 150
123 151
117 152
53 153
2 154
1 155
26 156
70 157
100 158
76 159
28 160
74 161
104 162
13 163
155 164
43 165
8 166
144 167
46 168
22 169
122 170
100 171
49 172
97 173
112 174
1 175
73 176
65 177
48 178
4 179
26 180
91 181
101 182
126 183
127 184
96 185
96 186
3 187
43 188
23 189
11 190
48 191
150 192
1 193
165 194
41 195
141 196
101 197
21 198
70 199
3 200
185 201
65 202
127 203
26 204
119 205
12 206
161 207
146 208
23 209
96 210
148 211
148 212
193 213
99 214
47 215
60 216
1 217
57 218
113 219
25 220
127 221
5 222
76 223
3 224
104 225
17 226
21 227
7 228
29 229
70 230
59 231
132 232
20 233
31 234
44 235
24 236
3 237
110 238
62 239
205 240
96 241
38 242
180 243
48 244
241 245
82 246
234 247
110 248
81 249
1 0
2 1
3 1
4 0
5 1
6 1
7 3
8 0
9 6
10 3
11 7
12 4
13 5
14 3
15 5
16 1
17 5
18 8
19 1
20 9
21 6
22 4
23 5
24 3
25 3
26 1
27 16
28 0
29 9
30 13
31 9
32 31
33 17
34 4
35 26
36 3
37 0
38 3
39 31
40 21
41 19
42 6
43 21
44 13
45 31
46 39
47 32
48 5
49 3
50 44
51 9
52 3
53 13
54 26
55 44
56 9
57 54
58 32
59 47
60 19
61 0
62 22
63 32
64 29
65 3
66 5
67 1
68 16
69 22
70 21
71 68
72 13
73 3
74 20
75 12
76 9
77 27
78 53
79 52
80 31
81 75
82 70
83 11
84 40
85 31
86 21
87 2
88 9
89 76
90 2
91 22
92 26
93 47
94 29
95 43
96 29
97 90
98 55
99 3
100 11
101 68
102 9
103 101
104 1
105 84
106 80
107 45
108 28
109 53
110 9
111 21
112 6
113 3
114 32
115 83
116 2
117 47
118 107
119 87
120 65
121 112
122 70
123 66
124 9
125 100
126 8
127 57
128 68
129 70
130 101
131 105
132 9
133 31
134 117
135 3
136 49
137 120
138 1
139 111
140 107
141 5
142 1
143 66
144 55
145 122
146 97
147 70
148 118
149 11
150 134
151 123
152 117
153 53
154 2
155 1
156 26
157 70
158 100
159 76
160 28
161 74
162 104
163 13
164 155
165 43
166 8
167 144
168 46
169 22
170 122
171 100
172 49
173 97
174 112
175 1
176 73
177 65
178 48
179 4
180 26
181 91
182 101
183 126
184 127
185 96
186 96
187 3
188 43
189 23
190 11
191 48
192 150
193 1
194 165
195 41
196 141
197 101
198 21
199 70
200 3
201 185
202 65
203 127
204 26
205 119
206 12
207 161
208 146
209 23
210 96
211 148
212 148
213 193
214 99
215 47
216 60
217 1
218 57
219 113
220 25
221 127
222 5
223 76
224 3
225 104
226 17
227 21
228 7
229 29
230 70
231 59
232 132
233 20
234 31
235 44
236 24
237 3
238 110
239 62
240 205
241 96
242 38
243 180
244 48
245 241
246 82
247 234
248 110
249 81
1 0 1 1 0 1 0 1 0 0 1 1 1 0 1 1 0 1 1 1 1 1 1 1 1 1 1 0 0 1 1 0 0 1 1 1 1 0 0 1 0 1 0 1 0 0 0 1 0 1 0 0 1 1 0 1 1 0 0 1 0 0 1 0 0 1 1 1 0 0 0 0 0 0 1 0 1 1 1 0 0 1 1 1 1 1 1 0 1 1 0 1 1 1 0 0 1 1 1 0 0 0 0 1 1 0 1 0 0 1 1 0 0 0 1 1 1 1 0 0 0 1 1 0 0 1 0 1 1 1 1 0 1 1 0 0 0 1 1 1 1 0 0 0 0 0 0 0 1 0 1 0 1 1 1 1 0 1 1 0 1 1 0 0 1 1 1 0 0 1 0 0 0 1 0 0 0 0 0 0 1 1 0 1 1 0 0 1 0 0 1 0 0 0 1 1 1 1 1 1 0 1 0 0 0 0 1 0 0 0 0 1 1 0 1 0 1 1 1 0 1 0 1 0 0 1 0 1 0 1 1 1 1 0 0 0 0 1 1 1 0 1 0 1 0 1 0 0 1 1
0 0 1 1 1 0 0 1 0 0 0 0 1 1 1 0 0 1 1 1 0 0 1 0 0 1 1 0 1 0 1 1 0 0 1 0 0 1 1 1 1 1 1 1 0 1 1 1 0 1 1 1 1 1 1 1 1 0 1 0 0 0 0 0 1 0 1 0 1 1 0 1 1 0 1 0 1 0 0 1 1 1 1 0 1 1 0 0 0 1 0 0 1 1 1 0 1 1 1 1 0 0 0 0 0 1 0 0 1 0 0 0 1 0 0 0 0 0 0 0 1 1 1 1 1 1 0 0 1 1 1 0 0 1 0 1 1 1 1 0 1 1 0 1 0 1 1 0 0 1 0 1 1 0 0 0 1 1 1 0 0 0 0 1 1 1 1 1 0 0 0 0 1 0 0 1 0 1 1 1 0 0 1 0 0 0 1 0 0 0 1 0 0 0 0 0 0 0 1 0 0 0 1 1 0 1 0 0 0 1 1 0 1 0 1 0 0 1 0 1 1 1 0 1 0 0 0 1 0 1 1 1 1 1 0 0 1 0 1 0 0 1 1 0 1 1 0 0 1 1
0 1 1 0 0 1 0 0 0 1 0 0 1 0 1 1 0 0 1 0 0 0 0 0 1 1 0 1 0 1 1 0 1 0 1 0 0 0 1 1 1 1 1 0 1 0 1 0 0 1 0 1 1 0 0 0 1 0 0 0 1 0 0 0 1 0 1 0 1 0 1 1 0 1 0 1 0 0 0 1 1 1 1 1 0 1 0 1 1 0 1 1 0 0 0 0 0 1 1 0 1 0 1 1 1 1 1 1 1 0 1 1 0 0 0 0 0 0 0 0 0 0 0 0 1 1 0 1 0 1 0 1 0 0 0 0 0 0 1 0 1 0 0 1 1 1 0 1 0 1 1 1 1 1 0 0 1 0 0 1 0 1 1 1 1 1 0 1 0 1 1 0 0 0 1 0 0 1 0 0 0 1 0 0 1 1 1 0 0 1 0 0 1 0 0 1 1 1 1 0 0 0 0 0 1 0 0 1 0 1 1 1 1 1 0 1 1 1 1 0 1 0 0 1 0 0 1 0 0 1 1 0 1 1 1 0 0 0 0 0 1 0 0 1 1 1 0 0 0 1
0 0 0 0 0 0 0 1 0 0 0 0 1 0 0 0 1 1 1 1 1 0 0 1 0 0 1 1 0 0 0 1 1 0 0 0 0 0 1 1 1 1 0 0 0 1 1 0 0 1 0 1 0 0 0 0 1 0 0 1 1 1 1 0 0 0 1 0 0 0 0 0 1 1 1 1 0 0 1 1 1 0 0 1 0 0 0 1 1 0 0 0 0 0 0 0 0 1 0 1 0 0 0 0 0 0 0 0 0 0 0 0 1 1 1 0 1 0 1 0 1 0 1 0 1 0 1 1 1 1 0 1 1 0 1 1 0 0 1 1 0 1 1 1 0 0 0 0 1 1 1 1 1 1 0 0 1 0 0 1 0 0 0 0 1 0 0 1 1 0 0 0 0 0 1 1 0 0 0 1 0 0 0 1 0 1 0 1 1 0 0 1 0 0 1 1 0 0 1 0 1 0 0 1 0 1 0 0 0 1 1 0 0 1 0 0 1 0 0 0 1 1 1 0 0 1 0 0 0 0 1 1 0 0 1 0 1 1 1 1 1 0 1 0 0 0 0 1 0 0
1 0 0 1 0 1 0 1 0 0 0 1 1 0 0 1 0 0 0 1 0 0 1 1 1 1 1 0 1 1 1 0 1 0 1 0 0 0 1 1 0 0 0 0 0 0 1 1 0 1 1 1 0 0 0 1 0 0 0 1 1 0 0 0 1 0 1 1 1 1 1 0 1 1 1 0 0 0 0 1 1 0 0 1 0 1 0 0 0 1 1 1 1 0 0 1 1 0 1 0 1 1 1 0 1 0 0 0 1 0 1 0 1 0 1 1 1 0 1 1 1 1 0 1 1 0 0 1 0 1 0 1 0 0 0 0 1 0 0 1 0 1 1 1 1 1 1 1 1 1 1 1 1 1 1 1 1 1 1 1 0 1 0 0 0 0 0 1 0 1 1 1 1 1 1 1 0 1 1 1 0 0 1 1 0 1 0 0 0 0 1 0 1 0 1 0 0 1 0 0 0 1 0 1 0 0 1 1 0 1 0 1 1 1 1 1 0 0 0 0 0 1 0 1 0 1 1 0 1 0 1 1 0 1 0 1 0 1 1 0 0 0 1 0 1 0 0 1 1 0