100 390 5
1 0 0 0 1 1 1 1 1 0 1 0 0 0 1 0 0 0 0 0 0 1 0 0 0 1 1 0 1 1 1 1 1 0 0 0 0 1 0 0 0 0 1 0 1 0 1 0 0 1 0 0 1 1 0 0 0 0 0 1 1 0 0 1 0 0 1 1 1 1 1 1 0 1 1 0 1 1 1 0 1 0 0 1 0 1 0 1 1 1 0 0 0 0 1 1 1 0 0 0
1 0 1 0 0 0 0 1 1 1 1 1 0 1 0 1 1 1 1 1 1 1 0 1 1 1 0 1 1 0 1 0 0 0 0 1 0 1 1 0 1 1 0 1 0 0 1 0 1 0 0 0 0 1 0 0 1 0 0 0 0 0 1 0 1 0 0 0 0 0 0 1 0 1 1 0 1 0 1 0 0 0 1 0 1 1 1 0 1 0 0 1 1 0 0 0 0 1 0 0
0 0 0 0 1 1 1 0 1 1 0 0 1 1 1 0 0 1 0 0 0 1 1 1 1 0 0 0 0 0 0 1 0 1 0 1 1 1 1 0 0 0 1 1 1 1 1 1 1 0 1 1 1 0 0 0 0 1 1 1 1 0 1 1 1 1 1 1 0 0 0 0 0 0 0 1 1 0 0 0 0 1 1 1 1 1 1 1 0 0 1 0 1 1 0 0 1 0 1 1
1 0 1 0 0 1 0 0 1 0 1 1 0 0 0 0 0 0 0 1 0 1 1 1 0 0 1 0 1 1 1 0 1 1 0 0 1 0 1 1 1 0 1 0 1 0 0 1 1 1 1 0 0 0 1 0 0 0 1 1 1 1 1 1 1 1 0 0 0 0 1 0 1 0 0 1 1 1 1 0 0 0 1 0 0 0 0 1 0 1 1 1 0 1 1 0 1 0 1 0
1 1 1 1 0 1 1 1 1 1 1 1 0 1 1 0 1 0 1 1 1 0 1 0 0 0 1 0 1 1 0 1 1 0 0 1 0 0 0 1 1 1 1 0 0 1 1 0 1 1 0 0 1 1 0 1 0 0 1 0 0 0 1 0 0 1 0 0 0 1 0 1 0 1 0 0 1 1 0 1 1 1 0 0 0 1 1 1 1 1 0 0 1 0 0 0 0 0 0 0
0 1
0 2
1 2
0 3
1 3
2 3
0 4
1 4
2 4
3 4
1 5
3 5
4 5
0 5
2 6
1 6
0 6
4 6
0 7
6 7
4 7
1 7
0 8
3 8
1 8
2 8
0 9
5 9
1 9
4 9
5 10
0 10
2 10
1 10
7 11
1 11
0 11
3 11
4 12
5 12
2 12
1 12
1 13
2 13
4 13
3 13
6 14
0 14
7 14
5 14
11 15
0 15
4 15
2 15
0 16
10 16
1 16
13 16
1 17
10 17
11 17
4 17
3 18
17 18
1 18
15 18
5 19
10 19
14 19
0 19
1 20
12 20
9 20
3 20
4 21
8 21
7 21
9 21
3 22
4 22
5 22
2 22
5 23
7 23
3 23
15 23
0 24
7 24
19 24
22 24
24 25
21 25
14 25
0 25
14 26
3 26
7 26
0 26
25 27
10 27
1 27
3 27
22 28
1 28
18 28
7 28
24 29
0 29
1 29
19 29
15 30
14 30
4 30
16 30
2 31
16 31
4 31
24 31
7 32
4 32
1 32
24 32
2 33
18 33
4 33
22 33
11 34
1 34
12 34
19 34
0 35
21 35
4 35
6 35
17 36
20 36
0 36
8 36
20 37
26 37
13 37
23 37
35 38
2 38
15 38
16 38
21 39
27 39
36 39
19 39
0 40
33 40
2 40
7 40
3 41
15 41
0 41
23 41
16 42
35 42
34 42
0 42
30 43
11 43
22 43
0 43
4 44
0 44
10 44
23 44
10 45
24 45
22 45
32 45
35 46
1 46
2 46
30 46
44 47
12 47
7 47
31 47
22 48
2 48
4 48
6 48
43 49
5 49
14 49
12 49
7 50
10 50
41 50
8 50
8 51
10 51
32 51
45 51
13 52
23 52
45 52
33 52
4 53
10 53
35 53
22 53
2 54
45 54
8 54
3 54
24 55
15 55
48 55
54 55
54 56
7 56
13 56
18 56
47 57
23 57
21 57
45 57
54 58
4 58
19 58
33 58
16 59
38 59
35 59
3 59
22 60
48 60
46 60
7 60
56 61
16 61
17 61
0 61
17 62
10 62
2 62
36 62
38 63
15 63
4 63
48 63
20 64
39 64
1 64
45 64
1 65
33 65
34 65
48 65
33 66
0 66
17 66
29 66
1 67
19 67
22 67
7 67
7 68
57 68
64 68
4 68
36 69
26 69
24 69
52 69
59 70
1 70
3 70
32 70
8 71
47 71
5 71
25 71
24 72
32 72
4 72
26 72
54 73
45 73
7 73
65 73
64 74
4 74
45 74
6 74
1 75
0 75
23 75
48 75
3 76
72 76
21 76
57 76
22 77
65 77
1 77
47 77
66 78
1 78
15 78
67 78
62 79
65 79
1 79
47 79
40 80
57 80
4 80
9 80
22 81
4 81
72 81
50 81
67 82
2 82
36 82
65 82
2 83
78 83
60 83
48 83
20 84
0 84
79 84
32 84
15 85
81 85
24 85
56 85
37 86
34 86
1 86
15 86
18 87
28 87
21 87
64 87
11 88
20 88
17 88
60 88
33 89
67 89
62 89
20 89
34 90
4 90
0 90
25 90
80 91
65 91
69 91
33 91
0 92
13 92
34 92
19 92
55 93
58 93
13 93
20 93
55 94
17 94
66 94
1 94
33 95
23 95
82 95
22 95
14 96
68 96
21 96
54 96
35 97
32 97
52 97
56 97
86 98
24 98
4 98
0 98
52 99
93 99
13 99
24 99