50 98 5
0 1
1 2
2 3
1 4
3 5
4 6
5 7
5 8
1 9
5 10
10 11
1 12
4 13
7 14
12 15
5 16
5 17
6 18
4 19
8 20
9 21
4 22
2 23
5 24
8 25
10 26
2 27
7 28
5 29
0 30
24 31
2 32
4 33
28 34
15 35
10 36
0 37
12 38
3 39
2 40
34 41
26 42
10 43
41 44
40 45
1 46
9 47
35 48
30 49
1 0
2 1
3 2
4 1
5 3
6 4
7 5
8 5
9 1
10 5
11 10
12 1
13 4
14 7
15 12
16 5
17 5
18 6
19 4
20 8
21 9
22 4
23 2
24 5
25 8
26 10
27 2
28 7
29 5
30 0
31 24
32 2
33 4
34 28
35 15
36 10
37 0
38 12
39 3
40 2
41 34
42 26
43 10
44 41
45 40
46 1
47 9
48 35
49 30
1 0 0 1 0 0 0 1 0 0 0 1 0 1 0 1 0 0 1 0 1 0 0 0 0 1 1 1 1 1 0 0 0 1 0 1 1 0 1 1 0 0 0 0 0 1 1 1 0 0
1 0 1 0 0 1 0 0 0 1 1 0 0 1 0 1 0 0 0 1 0 1 0 1 1 1 0 1 1 0 0 0 0 0 1 1 0 0 1 0 0 0 1 0 0 1 1 1 1 0
0 1 1 0 0 0 1 1 1 0 0 0 0 0 0 0 0 0 1 0 1 0 1 1 1 0 1 1 0 0 1 1 1 1 1 0 0 0 1 0 0 0 1 0 0 1 0 0 0 0
1 1 0 0 1 1 0 0 0 1 1 0 0 1 0 0 0 0 0 1 1 0 0 1 1 0 0 1 1 0 0 1 0 1 1 1 1 0 1 1 1 0 1 1 1 1 1 1 1 1
1 0 1 1 1 0 0 1 0 1 0 0 0 0 0 0 1 0 1 0 0 0 1 0 0 1 1 1 1 1 0 0 1 0 0 1 0 1 1 0 0 1 0 1 1 0 1 1 0 1