100 588 5
0 1
0 2
1 2
0 3
1 3
2 3
2 4
1 4
0 4
0 5
1 5
3 5
3 6
0 6
4 6
5 7
4 7
3 7
1 8
6 8
7 8
1 9
6 9
2 9
1 10
0 10
4 10
8 11
4 11
1 11
1 12
0 12
7 12
1 13
12 13
10 13
3 14
0 14
6 14
9 15
6 15
2 15
7 16
1 16
14 16
0 17
5 17
8 17
1 18
5 18
8 18
9 19
0 19
4 19
2 20
11 20
1 20
13 21
3 21
0 21
12 22
2 22
3 22
19 23
2 23
21 23
2 24
9 24
0 24
22 25
12 25
17 25
11 26
4 26
17 26
25 27
4 27
6 27
1 28
23 28
7 28
3 29
2 29
1 29
2 30
8 30
17 30
1 31
8 31
2 31
0 32
29 32
2 32
8 33
3 33
21 33
16 34
26 34
31 34
9 35
4 35
12 35
25 36
3 36
19 36
25 37
15 37
3 37
2 38
13 38
7 38
23 39
0 39
36 39
2 40
31 40
10 40
38 41
2 41
22 41
2 42
25 42
9 42
18 43
2 43
37 43
19 44
18 44
15 44
31 45
13 45
30 45
29 46
24 46
39 46
23 47
9 47
46 47
12 48
30 48
9 48
20 49
2 49
7 49
38 50
33 50
7 50
3 51
2 51
32 51
26 52
46 52
2 52
43 53
23 53
26 53
46 54
44 54
36 54
36 55
10 55
42 55
18 56
25 56
1 56
19 57
7 57
52 57
9 58
5 58
22 58
26 59
30 59
58 59
27 60
12 60
1 60
11 61
41 61
60 61
60 62
12 62
15 62
31 63
44 63
0 63
0 64
8 64
33 64
60 65
17 65
26 65
14 66
49 66
26 66
7 67
15 67
24 67
60 68
23 68
3 68
63 69
13 69
34 69
26 70
14 70
31 70
6 71
18 71
1 71
11 72
48 72
31 72
53 73
12 73
25 73
26 74
2 74
53 74
35 75
19 75
42 75
65 76
9 76
19 76
3 77
7 77
2 77
2 78
39 78
25 78
67 79
36 79
23 79
39 80
1 80
17 80
4 81
13 81
75 81
62 82
61 82
6 82
51 83
4 83
2 83
46 84
18 84
14 84
69 85
1 85
33 85
13 86
38 86
4 86
15 87
31 87
11 87
1 88
82 88
18 88
23 89
38 89
75 89
76 90
34 90
7 90
64 91
39 91
12 91
24 92
91 92
25 92
12 93
2 93
24 93
29 94
75 94
24 94
52 95
1 95
48 95
18 96
81 96
2 96
66 97
22 97
1 97
1 98
3 98
31 98
30 99
83 99
11 99
1 0
2 0
2 1
3 0
3 1
3 2
4 2
4 1
4 0
5 0
5 1
5 3
6 3
6 0
6 4
7 5
7 4
7 3
8 1
8 6
8 7
9 1
9 6
9 2
10 1
10 0
10 4
11 8
11 4
11 1
12 1
12 0
12 7
13 1
13 12
13 10
14 3
14 0
14 6
15 9
15 6
15 2
16 7
16 1
16 14
17 0
17 5
17 8
18 1
18 5
18 8
19 9
19 0
19 4
20 2
20 11
20 1
21 13
21 3
21 0
22 12
22 2
22 3
23 19
23 2
23 21
24 2
24 9
24 0
25 22
25 12
25 17
26 11
26 4
26 17
27 25
27 4
27 6
28 1
28 23
28 7
29 3
29 2
29 1
30 2
30 8
30 17
31 1
31 8
31 2
32 0
32 29
32 2
33 8
33 3
33 21
34 16
34 26
34 31
35 9
35 4
35 12
36 25
36 3
36 19
37 25
37 15
37 3
38 2
38 13
38 7
39 23
39 0
39 36
40 2
40 31
40 10
41 38
41 2
41 22
42 2
42 25
42 9
43 18
43 2
43 37
44 19
44 18
44 15
45 31
45 13
45 30
46 29
46 24
46 39
47 23
47 9
47 46
48 12
48 30
48 9
49 20
49 2
49 7
50 38
50 33
50 7
51 3
51 2
51 32
52 26
52 46
52 2
53 43
53 23
53 26
54 46
54 44
54 36
55 36
55 10
55 42
56 18
56 25
56 1
57 19
57 7
57 52
58 9
58 5
58 22
59 26
59 30
59 58
60 27
60 12
60 1
61 11
61 41
61 60
62 60
62 12
62 15
63 31
63 44
63 0
64 0
64 8
64 33
65 60
65 17
65 26
66 14
66 49
66 26
67 7
67 15
67 24
68 60
68 23
68 3
69 63
69 13
69 34
70 26
70 14
70 31
71 6
71 18
71 1
72 11
72 48
72 31
73 53
73 12
73 25
74 26
74 2
74 53
75 35
75 19
75 42
76 65
76 9
76 19
77 3
77 7
77 2
78 2
78 39
78 25
79 67
79 36
79 23
80 39
80 1
80 17
81 4
81 13
81 75
82 62
82 61
82 6
83 51
83 4
83 2
84 46
84 18
84 14
85 69
85 1
85 33
86 13
86 38
86 4
87 15
87 31
87 11
88 1
88 82
88 18
89 23
89 38
89 75
90 76
90 34
90 7
91 64
91 39
91 12
92 24
92 91
92 25
93 12
93 2
93 24
94 29
94 75
94 24
95 52
95 1
95 48
96 18
96 81
96 2
97 66
97 22
97 1
98 1
98 3
98 31
99 30
99 83
99 11
0 1 1 0 1 0 1 0 0 0 0 1 0 1 0 1 0 1 1 1 0 1 1 0 1 0 0 0 1 1 0 1 1 0 1 1 0 1 0 0 0 1 1 0 0 1 1 1 1 0 1 1 0 1 1 0 1 1 0 0 1 1 0 0 0 0 0 1 1 0 0 0 1 0 0 0 0 1 0 1 0 0 0 0 0 1 1 0 1 0 0 1 0 0 1 1 1 0 1 0
1 0 1 1 1 0 1 0 1 0 1 1 1 1 0 0 1 0 1 1 1 0 0 1 1 0 1 1 0 0 1 0 0 0 1 0 1 0 1 1 0 1 1 1 1 0 1 0 1 0 0 1 1 0 0 0 0 0 1 0 0 1 1 0 0 1 0 0 1 0 1 0 1 1 1 1 0 1 1 0 1 0 1 1 0 1 1 1 1 0 1 1 0 1 1 1 0 1 0 0
1 0 1 0 0 1 0 1 1 1 0 1 0 0 0 1 0 0 0 1 0 0 1 0 0 0 1 1 0 1 0 0 0 1 1 0 0 0 1 0 0 0 0 0 1 1 0 0 1 1 0 1 1 0 0 1 1 0 0 0 0 0 1 1 0 0 0 1 0 0 0 1 1 1 1 1 0 1 0 1 0 1 0 0 1 1 1 0 0 1 1 0 1 0 0 1 0 1 0 0
0 0 1 0 0 0 0 0 0 1 1 0 1 1 1 0 0 0 0 1 1 0 1 1 0 0 1 1 1 0 0 0 1 1 1 1 0 0 0 1 1 1 1 1 1 1 1 0 1 0 1 1 0 0 0 0 1 1 1 1 1 0 0 1 1 0 0 0 1 1 1 1 0 1 0 1 1 1 0 0 1 0 0 1 0 1 0 1 0 1 1 1 0 1 1 0 1 1 1 1
1 1 1 0 0 1 1 1 0 1 1 1 1 1 0 0 1 0 0 1 0 0 0 1 0 1 0 1 1 1 0 0 0 0 0 0 0 0 1 0 0 0 0 1 1 1 0 1 0 0 1 1 0 0 1 0 0 0 1 1 0 0 0 1 1 1 1 1 0 1 0 1 1 0 1 0 1 1 1 0 1 1 0 0 0 0 0 1 0 1 1 0 0 0 0 1 0 1 0 1