100 780 5
0 1
0 2
1 2
0 3
1 3
2 3
0 4
1 4
2 4
3 4
3 5
0 5
4 5
2 5
1 6
2 6
3 6
0 6
6 7
4 7
3 7
0 7
5 8
1 8
4 8
7 8
4 9
3 9
6 9
2 9
7 10
0 10
6 10
1 10
7 11
10 11
9 11
6 11
10 12
9 12
6 12
4 12
2 13
4 13
1 13
5 13
3 14
6 14
7 14
1 14
3 15
7 15
6 15
10 15
0 16
6 16
2 16
7 16
4 17
6 17
12 17
0 17
12 18
11 18
4 18
7 18
3 19
16 19
14 19
2 19
7 20
2 20
1 20
16 20
3 21
1 21
18 21
12 21
2 22
0 22
8 22
10 22
12 23
5 23
4 23
3 23
10 24
3 24
12 24
6 24
3 25
10 25
16 25
2 25
6 26
1 26
7 26
5 26
5 27
3 27
20 27
6 27
25 28
1 28
16 28
20 28
12 29
22 29
11 29
3 29
26 30
6 30
21 30
16 30
16 31
24 31
2 31
20 31
0 32
7 32
25 32
29 32
24 33
3 33
5 33
12 33
21 34
27 34
15 34
4 34
22 35
11 35
20 35
31 35
22 36
7 36
19 36
6 36
0 37
2 37
16 37
17 37
30 38
1 38
19 38
3 38
7 39
0 39
21 39
19 39
8 40
19 40
15 40
5 40
1 41
0 41
11 41
6 41
1 42
10 42
23 42
3 42
3 43
21 43
2 43
10 43
6 44
19 44
35 44
14 44
24 45
2 45
23 45
1 45
6 46
0 46
23 46
7 46
30 47
6 47
44 47
26 47
6 48
2 48
4 48
11 48
2 49
3 49
5 49
0 49
49 50
6 50
19 50
12 50
43 51
3 51
16 51
6 51
22 52
31 52
24 52
32 52
20 53
32 53
29 53
19 53
29 54
46 54
24 54
39 54
38 55
7 55
4 55
29 55
27 56
16 56
5 56
23 56
3 57
13 57
10 57
7 57
57 58
4 58
40 58
9 58
6 59
7 59
0 59
5 59
3 60
10 60
25 60
4 60
60 61
26 61
1 61
18 61
24 62
26 62
47 62
0 62
6 63
22 63
56 63
3 63
6 64
0 64
21 64
7 64
4 65
61 65
16 65
6 65
23 66
20 66
39 66
4 66
25 67
24 67
21 67
52 67
19 68
17 68
2 68
30 68
21 69
59 69
14 69
19 69
0 70
18 70
25 70
48 70
47 71
4 71
19 71
12 71
30 72
7 72
4 72
5 72
0 73
3 73
1 73
5 73
40 74
32 74
5 74
62 74
62 75
8 75
39 75
38 75
38 76
6 76
36 76
27 76
72 77
18 77
1 77
52 77
0 78
47 78
1 78
20 78
32 79
55 79
57 79
53 79
3 80
51 80
48 80
37 80
71 81
29 81
63 81
7 81
34 82
69 82
60 82
72 82
4 83
36 83
0 83
22 83
74 84
5 84
6 84
80 84
79 85
81 85
4 85
38 85
47 86
61 86
22 86
3 86
38 87
44 87
27 87
59 87
4 88
6 88
3 88
29 88
18 89
74 89
3 89
41 89
20 90
8 90
60 90
23 90
16 91
59 91
78 91
0 91
52 92
48 92
12 92
73 92
77 93
59 93
30 93
71 93
30 94
28 94
24 94
73 94
12 95
37 95
71 95
7 95
16 96
9 96
67 96
17 96
49 97
38 97
20 97
3 97
6 98
0 98
89 98
21 98
75 99
78 99
1 99
39 99
1 0
2 0
2 1
3 0
3 1
3 2
4 0
4 1
4 2
4 3
5 3
5 0
5 4
5 2
6 1
6 2
6 3
6 0
7 6
7 4
7 3
7 0
8 5
8 1
8 4
8 7
9 4
9 3
9 6
9 2
10 7
10 0
10 6
10 1
11 7
11 10
11 9
11 6
12 10
12 9
12 6
12 4
13 2
13 4
13 1
13 5
14 3
14 6
14 7
14 1
15 3
15 7
15 6
15 10
16 0
16 6
16 2
16 7
17 4
17 6
17 12
17 0
18 12
18 11
18 4
18 7
19 3
19 16
19 14
19 2
20 7
20 2
20 1
20 16
21 3
21 1
21 18
21 12
22 2
22 0
22 8
22 10
23 12
23 5
23 4
23 3
24 10
24 3
24 12
24 6
25 3
25 10
25 16
25 2
26 6
26 1
26 7
26 5
27 5
27 3
27 20
27 6
28 25
28 1
28 16
28 20
29 12
29 22
29 11
29 3
30 26
30 6
30 21
30 16
31 16
31 24
31 2
31 20
32 0
32 7
32 25
32 29
33 24
33 3
33 5
33 12
34 21
34 27
34 15
34 4
35 22
35 11
35 20
35 31
36 22
36 7
36 19
36 6
37 0
37 2
37 16
37 17
38 30
38 1
38 19
38 3
39 7
39 0
39 21
39 19
40 8
40 19
40 15
40 5
41 1
41 0
41 11
41 6
42 1
42 10
42 23
42 3
43 3
43 21
43 2
43 10
44 6
44 19
44 35
44 14
45 24
45 2
45 23
45 1
46 6
46 0
46 23
46 7
47 30
47 6
47 44
47 26
48 6
48 2
48 4
48 11
49 2
49 3
49 5
49 0
50 49
50 6
50 19
50 12
51 43
51 3
51 16
51 6
52 22
52 31
52 24
52 32
53 20
53 32
53 29
53 19
54 29
54 46
54 24
54 39
55 38
55 7
55 4
55 29
56 27
56 16
56 5
56 23
57 3
57 13
57 10
57 7
58 57
58 4
58 40
58 9
59 6
59 7
59 0
59 5
60 3
60 10
60 25
60 4
61 60
61 26
61 1
61 18
62 24
62 26
62 47
62 0
63 6
63 22
63 56
63 3
64 6
64 0
64 21
64 7
65 4
65 61
65 16
65 6
66 23
66 20
66 39
66 4
67 25
67 24
67 21
67 52
68 19
68 17
68 2
68 30
69 21
69 59
69 14
69 19
70 0
70 18
70 25
70 48
71 47
71 4
71 19
71 12
72 30
72 7
72 4
72 5
73 0
73 3
73 1
73 5
74 40
74 32
74 5
74 62
75 62
75 8
75 39
75 38
76 38
76 6
76 36
76 27
77 72
77 18
77 1
77 52
78 0
78 47
78 1
78 20
79 32
79 55
79 57
79 53
80 3
80 51
80 48
80 37
81 71
81 29
81 63
81 7
82 34
82 69
82 60
82 72
83 4
83 36
83 0
83 22
84 74
84 5
84 6
84 80
85 79
85 81
85 4
85 38
86 47
86 61
86 22
86 3
87 38
87 44
87 27
87 59
88 4
88 6
88 3
88 29
89 18
89 74
89 3
89 41
90 20
90 8
90 60
90 23
91 16
91 59
91 78
91 0
92 52
92 48
92 12
92 73
93 77
93 59
93 30
93 71
94 30
94 28
94 24
94 73
95 12
95 37
95 71
95 7
96 16
96 9
96 67
96 17
97 49
97 38
97 20
97 3
98 6
98 0
98 89
98 21
99 75
99 78
99 1
99 39
1 0 0 0 1 0 0 1 1 1 1 0 0 1 0 0 1 1 1 0 1 1 1 0 0 1 1 0 1 1 0 0 1 0 1 0 1 0 1 1 0 0 1 1 1 0 1 0 0 0 0 1 1 1 1 1 1 0 1 0 1 1 0 0 0 0 1 1 1 0 1 0 1 0 0 1 0 1 0 1 1 1 1 0 0 0 0 0 1 0 1 0 1 1 0 0 0 1 0 1
0 0 1 0 0 1 0 1 0 1 1 1 1 1 1 1 1 1 0 1 1 0 1 0 1 0 0 0 0 0 0 1 0 1 0 0 0 0 0 1 1 1 0 1 1 1 1 1 0 0 0 0 1 1 0 0 1 0 1 0 0 0 0 1 1 0 0 0 0 1 0 0 1 1 0 0 0 1 0 1 0 0 1 0 1 0 1 1 1 0 1 0 1 0 0 1 0 0 0 0
0 0 0 0 1 1 0 1 1 1 1 1 0 0 1 1 0 1 0 0 1 1 1 0 0 0 1 0 1 1 0 0 0 1 0 1 0 1 0 1 1 0 1 0 1 0 0 1 0 1 0 0 1 0 1 1 1 1 1 0 0 0 0 1 1 1 0 0 1 0 0 0 0 1 0 1 1 1 1 0 1 0 1 0 0 1 0 0 1 1 0 0 1 0 1 1 1 1 1 1
0 1 1 0 0 1 1 0 1 0 1 0 1 1 1 0 1 1 1 1 1 1 1 0 1 1 0 0 1 0 0 0 0 1 1 1 1 0 1 0 1 1 0 0 1 0 1 0 0 0 1 1 1 0 1 0 0 0 1 0 0 1 1 1 1 0 1 0 0 1 1 0 1 1 1 1 1 0 0 1 0 0 0 0 1 0 0 0 0 0 0 1 1 1 1 1 1 1 1 1
0 0 0 0 1 0 0 1 1 0 1 0 0 0 1 0 1 0 0 1 0 0 0 1 1 1 1 1 0 1 1 1 0 1 1 0 0 1 0 1 0 1 0 1 0 0 0 1 1 1 1 0 0 1 1 1 1 0 1 0 1 0 0 0 0 0 0 0 0 1 0 0 1 0 0 0 1 0 1 0 0 0 0 1 0 0 0 0 0 1 1 0 0 1 1 0 0 1 0 1