100 780 5
0 1
0 2
1 2
0 3
1 3
2 3
0 4
1 4
2 4
3 4
3 5
2 5
1 5
0 5
4 6
5 6
1 6
0 6
4 7
6 7
1 7
3 7
6 8
1 8
4 8
3 8
0 9
1 9
7 9
5 9
7 10
5 10
1 10
4 10
3 11
5 11
4 11
10 11
8 12
3 12
6 12
0 12
0 13
8 13
1 13
3 13
4 14
3 14
5 14
0 14
9 15
4 15
3 15
2 15
4 16
3 16
10 16
5 16
3 17
7 17
4 17
0 17
0 18
17 18
16 18
4 18
1 19
3 19
9 19
12 19
3 20
10 20
0 20
4 20
1 21
3 21
14 21
4 21
5 22
11 22
10 22
9 22
20 23
10 23
15 23
19 23
4 24
1 24
0 24
7 24
0 25
14 25
12 25
8 25
10 26
0 26
25 26
8 26
3 27
5 27
22 27
25 27
26 28
24 28
7 28
1 28
22 29
12 29
10 29
28 29
2 30
26 30
3 30
8 30
1 31
11 31
26 31
12 31
5 32
28 32
14 32
0 32
1 33
15 33
7 33
5 33
14 34
30 34
1 34
5 34
14 35
12 35
9 35
0 35
5 36
35 36
9 36
17 36
3 37
6 37
8 37
29 37
1 38
7 38
25 38
12 38
37 39
21 39
8 39
17 39
38 40
6 40
0 40
22 40
24 41
1 41
9 41
29 41
27 42
8 42
6 42
32 42
26 43
3 43
29 43
19 43
12 44
9 44
20 44
0 44
44 45
22 45
26 45
15 45
38 46
25 46
33 46
2 46
36 47
10 47
24 47
37 47
0 48
1 48
36 48
8 48
34 49
0 49
3 49
26 49
40 50
8 50
3 50
9 50
11 51
36 51
3 51
21 51
3 52
15 52
22 52
31 52
48 53
30 53
15 53
40 53
7 54
53 54
27 54
18 54
10 55
1 55
34 55
52 55
9 56
2 56
18 56
3 56
56 57
3 57
29 57
50 57
56 58
3 58
22 58
50 58
47 59
3 59
11 59
43 59
10 60
4 60
14 60
0 60
0 61
3 61
41 61
5 61
10 62
6 62
21 62
9 62
1 63
21 63
6 63
20 63
6 64
5 64
4 64
8 64
38 65
22 65
0 65
7 65
25 66
5 66
9 66
65 66
24 67
29 67
28 67
8 67
18 68
5 68
28 68
38 68
9 69
27 69
34 69
52 69
5 70
20 70
8 70
41 70
63 71
70 71
9 71
40 71
0 72
22 72
34 72
7 72
56 73
54 73
47 73
31 73
40 74
10 74
6 74
7 74
7 75
12 75
50 75
10 75
3 76
39 76
25 76
64 76
29 77
5 77
63 77
12 77
0 78
47 78
48 78
3 78
73 79
65 79
4 79
10 79
6 80
4 80
28 80
64 80
80 81
38 81
10 81
4 81
4 82
57 82
5 82
22 82
21 83
1 83
34 83
38 83
38 84
10 84
6 84
52 84
75 85
34 85
32 85
47 85
57 86
7 86
26 86
41 86
75 87
40 87
3 87
0 87
75 88
39 88
28 88
3 88
3 89
26 89
28 89
71 89
48 90
10 90
14 90
1 90
69 91
12 91
0 91
38 91
20 92
79 92
0 92
38 92
33 93
46 93
7 93
17 93
3 94
50 94
88 94
53 94
37 95
17 95
89 95
73 95
3 96
12 96
73 96
37 96
6 97
20 97
92 97
81 97
40 98
77 98
12 98
44 98
3 99
5 99
97 99
68 99
1 0
2 0
2 1
3 0
3 1
3 2
4 0
4 1
4 2
4 3
5 3
5 2
5 1
5 0
6 4
6 5
6 1
6 0
7 4
7 6
7 1
7 3
8 6
8 1
8 4
8 3
9 0
9 1
9 7
9 5
10 7
10 5
10 1
10 4
11 3
11 5
11 4
11 10
12 8
12 3
12 6
12 0
13 0
13 8
13 1
13 3
14 4
14 3
14 5
14 0
15 9
15 4
15 3
15 2
16 4
16 3
16 10
16 5
17 3
17 7
17 4
17 0
18 0
18 17
18 16
18 4
19 1
19 3
19 9
19 12
20 3
20 10
20 0
20 4
21 1
21 3
21 14
21 4
22 5
22 11
22 10
22 9
23 20
23 10
23 15
23 19
24 4
24 1
24 0
24 7
25 0
25 14
25 12
25 8
26 10
26 0
26 25
26 8
27 3
27 5
27 22
27 25
28 26
28 24
28 7
28 1
29 22
29 12
29 10
29 28
30 2
30 26
30 3
30 8
31 1
31 11
31 26
31 12
32 5
32 28
32 14
32 0
33 1
33 15
33 7
33 5
34 14
34 30
34 1
34 5
35 14
35 12
35 9
35 0
36 5
36 35
36 9
36 17
37 3
37 6
37 8
37 29
38 1
38 7
38 25
38 12
39 37
39 21
39 8
39 17
40 38
40 6
40 0
40 22
41 24
41 1
41 9
41 29
42 27
42 8
42 6
42 32
43 26
43 3
43 29
43 19
44 12
44 9
44 20
44 0
45 44
45 22
45 26
45 15
46 38
46 25
46 33
46 2
47 36
47 10
47 24
47 37
48 0
48 1
48 36
48 8
49 34
49 0
49 3
49 26
50 40
50 8
50 3
50 9
51 11
51 36
51 3
51 21
52 3
52 15
52 22
52 31
53 48
53 30
53 15
53 40
54 7
54 53
54 27
54 18
55 10
55 1
55 34
55 52
56 9
56 2
56 18
56 3
57 56
57 3
57 29
57 50
58 56
58 3
58 22
58 50
59 47
59 3
59 11
59 43
60 10
60 4
60 14
60 0
61 0
61 3
61 41
61 5
62 10
62 6
62 21
62 9
63 1
63 21
63 6
63 20
64 6
64 5
64 4
64 8
65 38
65 22
65 0
65 7
66 25
66 5
66 9
66 65
67 24
67 29
67 28
67 8
68 18
68 5
68 28
68 38
69 9
69 27
69 34
69 52
70 5
70 20
70 8
70 41
71 63
71 70
71 9
71 40
72 0
72 22
72 34
72 7
73 56
73 54
73 47
73 31
74 40
74 10
74 6
74 7
75 7
75 12
75 50
75 10
76 3
76 39
76 25
76 64
77 29
77 5
77 63
77 12
78 0
78 47
78 48
78 3
79 73
79 65
79 4
79 10
80 6
80 4
80 28
80 64
81 80
81 38
81 10
81 4
82 4
82 57
82 5
82 22
83 21
83 1
83 34
83 38
84 38
84 10
84 6
84 52
85 75
85 34
85 32
85 47
86 57
86 7
86 26
86 41
87 75
87 40
87 3
87 0
88 75
88 39
88 28
88 3
89 3
89 26
89 28
89 71
90 48
90 10
90 14
90 1
91 69
91 12
91 0
91 38
92 20
92 79
92 0
92 38
93 33
93 46
93 7
93 17
94 3
94 50
94 88
94 53
95 37
95 17
95 89
95 73
96 3
96 12
96 73
96 37
97 6
97 20
97 92
97 81
98 40
98 77
98 12
98 44
99 3
99 5
99 97
99 68
0 1 0 0 0 1 1 0 1 1 0 1 1 1 0 1 0 1 1 0 0 0 1 0 0 1 1 1 0 0 0 1 0 1 1 1 0 1 1 1 1 0 1 1 1 0 1 0 0 1 0 1 0 1 1 1 0 0 1 1 0 0 1 0 1 1 1 0 1 0 1 1 1 0 1 1 1 0 0 0 0 0 1 1 1 0 0 0 0 0 1 1 1 0 0 1 1 1 1 1
1 0 0 0 0 0 0 0 1 1 1 1 0 0 1 0 1 0 1 1 0 0 1 1 0 1 0 0 0 0 0 1 1 1 1 1 0 0 1 0 0 0 0 0 1 0 1 0 1 1 0 1 1 1 1 0 1 0 0 1 0 1 0 0 1 0 1 0 1 1 1 1 0 1 1 0 0 1 0 1 0 0 0 1 1 1 1 1 1 1 0 0 0 1 1 1 0 0 1 0
0 0 0 0 0 0 0 1 0 1 0 1 1 1 0 0 0 1 1 0 1 0 0 0 0 1 1 0 1 0 1 0 1 0 1 1 0 1 0 1 0 1 1 1 0 0 1 0 0 0 1 0 1 1 0 0 0 1 0 0 0 0 0 0 0 0 1 1 1 0 0 1 1 0 1 1 1 1 1 1 1 0 0 1 1 1 0 0 1 1 1 1 1 1 1 0 0 0 0 1
0 0 0 1 0 1 1 1 1 1 0 0 0 0 0 1 0 0 0 0 1 0 1 1 1 0 0 0 0 0 1 0 1 0 0 1 0 0 0 1 0 0 1 0 0 1 0 0 1 1 1 1 1 0 0 1 1 0 0 1 1 0 1 0 0 1 1 1 0 0 0 0 0 0 1 1 0 1 0 0 0 1 1 0 1 1 1 1 0 0 0 0 1 1 0 1 1 1 1 0
0 0 1 1 1 1 0 0 0 0 1 0 1 1 1 0 1 0 1 1 1 0 0 1 1 0 1 1 0 0 0 0 1 0 0 0 0 1 0 0 1 0 0 1 1 1 0 1 0 1 0 1 1 1 1 0 1 1 1 0 1 1 0 0 1 1 1 1 1 1 1 0 0 1 0 0 1 1 1 0 0 1 1 0 1 0 0 0 1 0 0 0 0 1 0 0 1 0 1 1