250 1488 5
0 1
0 2
1 2
0 3
1 3
2 3
3 4
2 4
1 4
0 5
3 5
1 5
1 6
0 6
4 6
1 7
3 7
2 7
7 8
3 8
0 8
7 9
4 9
0 9
0 10
4 10
9 10
0 11
1 11
10 11
7 12
5 12
4 12
1 13
4 13
11 13
5 14
6 14
9 14
4 15
13 15
10 15
4 16
5 16
7 16
5 17
3 17
0 17
9 18
4 18
14 18
5 19
0 19
10 19
0 20
5 20
1 20
3 21
17 21
6 21
15 22
18 22
5 22
7 23
4 23
5 23
1 24
17 24
19 24
2 25
3 25
19 25
3 26
15 26
13 26
5 27
1 27
22 27
1 28
5 28
0 28
5 29
8 29
0 29
4 30
9 30
20 30
22 31
4 31
16 31
13 32
3 32
5 32
0 33
12 33
19 33
12 34
16 34
7 34
15 35
13 35
4 35
2 36
26 36
13 36
7 37
16 37
13 37
33 38
27 38
12 38
2 39
36 39
30 39
17 40
2 40
4 40
36 41
20 41
27 41
1 42
26 42
27 42
11 43
4 43
16 43
0 44
19 44
13 44
7 45
43 45
40 45
24 46
2 46
0 46
39 47
38 47
2 47
9 48
1 48
13 48
7 49
22 49
23 49
14 50
0 50
28 50
6 51
39 51
8 51
27 52
4 52
2 52
45 53
22 53
7 53
19 54
41 54
4 54
33 55
8 55
48 55
0 56
18 56
7 56
4 57
22 57
49 57
17 58
5 58
19 58
27 59
3 59
38 59
3 60
9 60
26 60
22 61
55 61
0 61
0 62
49 62
4 62
16 63
17 63
37 63
0 64
18 64
7 64
57 65
5 65
12 65
20 66
1 66
53 66
18 67
39 67
45 67
17 68
28 68
0 68
4 69
60 69
0 69
1 70
0 70
9 70
0 71
63 71
15 71
58 72
0 72
40 72
59 73
35 73
0 73
49 74
33 74
13 74
52 75
68 75
35 75
3 76
31 76
0 76
63 77
0 77
49 77
4 78
28 78
42 78
37 79
67 79
29 79
55 80
22 80
38 80
38 81
13 81
7 81
40 82
22 82
72 82
63 83
16 83
1 83
53 84
23 84
0 84
25 85
51 85
11 85
0 86
44 86
5 86
0 87
22 87
34 87
22 88
15 88
79 88
5 89
32 89
19 89
17 90
47 90
76 90
0 91
37 91
80 91
39 92
10 92
11 92
19 93
0 93
22 93
45 94
65 94
33 94
1 95
45 95
5 95
12 96
57 96
40 96
94 97
35 97
19 97
57 98
82 98
42 98
94 99
10 99
37 99
22 100
11 100
3 100
30 101
31 101
46 101
9 102
65 102
40 102
10 103
52 103
36 103
13 104
50 104
69 104
44 105
40 105
31 105
4 106
5 106
40 106
18 107
26 107
39 107
81 108
18 108
4 108
5 109
39 109
32 109
1 110
8 110
23 110
5 111
71 111
52 111
67 112
1 112
56 112
57 113
11 113
80 113
34 114
70 114
9 114
21 115
49 115
96 115
24 116
5 116
22 116
0 117
6 117
4 117
91 118
2 118
17 118
0 119
94 119
93 119
68 120
42 120
12 120
34 121
5 121
62 121
0 122
16 122
14 122
105 123
36 123
13 123
123 124
87 124
81 124
47 125
56 125
9 125
124 126
115 126
105 126
19 127
47 127
86 127
0 128
12 128
16 128
4 129
13 129
33 129
45 130
67 130
2 130
103 131
5 131
116 131
58 132
48 132
10 132
7 133
42 133
28 133
27 134
115 134
18 134
33 135
60 135
45 135
73 136
106 136
126 136
31 137
83 137
33 137
39 138
109 138
58 138
3 139
80 139
58 139
37 140
113 140
110 140
75 141
117 141
14 141
127 142
72 142
21 142
115 143
4 143
45 143
44 144
50 144
9 144
107 145
4 145
10 145
110 146
51 146
36 146
30 147
7 147
78 147
147 148
14 148
146 148
49 149
139 149
83 149
80 150
32 150
54 150
42 151
100 151
76 151
7 152
81 152
19 152
44 153
137 153
17 153
7 154
2 154
54 154
72 155
3 155
10 155
79 156
20 156
47 156
50 157
0 157
106 157
111 158
119 158
51 158
14 159
82 159
106 159
8 160
0 160
37 160
61 161
128 161
90 161
11 162
7 162
107 162
112 163
10 163
0 163
28 164
9 164
49 164
105 165
141 165
49 165
11 166
78 166
115 166
7 167
90 167
142 167
34 168
28 168
104 168
12 169
139 169
33 169
15 170
129 170
5 170
96 171
15 171
9 171
81 172
0 172
47 172
36 173
9 173
52 173
80 174
156 174
149 174
156 175
0 175
16 175
7 176
24 176
16 176
23 177
9 177
3 177
57 178
119 178
139 178
23 179
20 179
90 179
13 180
141 180
23 180
23 181
19 181
35 181
37 182
137 182
0 182
31 183
115 183
117 183
93 184
4 184
49 184
73 185
156 185
15 185
157 186
26 186
32 186
61 187
11 187
1 187
16 188
144 188
1 188
31 189
80 189
52 189
34 190
19 190
123 190
7 191
75 191
96 191
149 192
141 192
4 192
0 193
7 193
10 193
90 194
112 194
117 194
1 195
107 195
147 195
44 196
190 196
137 196
33 197
92 197
124 197
42 198
145 198
151 198
175 199
197 199
31 199
2 200
52 200
49 200
97 201
8 201
10 201
92 202
81 202
11 202
186 203
156 203
103 203
24 204
0 204
11 204
196 205
112 205
151 205
27 206
198 206
0 206
191 207
51 207
157 207
158 208
19 208
137 208
126 209
171 209
22 209
75 210
93 210
63 210
20 211
50 211
0 211
205 212
75 212
1 212
7 213
85 213
20 213
49 214
40 214
191 214
118 215
148 215
13 215
111 216
72 216
4 216
1 217
115 217
140 217
11 218
112 218
148 218
205 219
191 219
28 219
184 220
20 220
141 220
20 221
33 221
44 221
1 222
18 222
136 222
7 223
72 223
82 223
41 224
69 224
106 224
1 225
75 225
3 225
186 226
19 226
13 226
42 227
10 227
126 227
0 228
173 228
146 228
9 229
199 229
14 229
34 230
49 230
95 230
104 231
5 231
1 231
150 232
60 232
72 232
115 233
147 233
14 233
85 234
35 234
61 234
1 235
156 235
180 235
3 236
130 236
216 236
119 237
0 237
58 237
139 238
47 238
0 238
3 239
33 239
156 239
139 240
6 240
136 240
118 241
7 241
18 241
119 242
146 242
0 242
39 243
47 243
123 243
190 244
44 244
0 244
198 245
10 245
242 245
50 246
156 246
85 246
49 247
45 247
1 247
49 248
242 248
172 248
228 249
21 249
31 249
1 0
2 0
2 1
3 0
3 1
3 2
4 3
4 2
4 1
5 0
5 3
5 1
6 1
6 0
6 4
7 1
7 3
7 2
8 7
8 3
8 0
9 7
9 4
9 0
10 0
10 4
10 9
11 0
11 1
11 10
12 7
12 5
12 4
13 1
13 4
13 11
14 5
14 6
14 9
15 4
15 13
15 10
16 4
16 5
16 7
17 5
17 3
17 0
18 9
18 4
18 14
19 5
19 0
19 10
20 0
20 5
20 1
21 3
21 17
21 6
22 15
22 18
22 5
23 7
23 4
23 5
24 1
24 17
24 19
25 2
25 3
25 19
26 3
26 15
26 13
27 5
27 1
27 22
28 1
28 5
28 0
29 5
29 8
29 0
30 4
30 9
30 20
31 22
31 4
31 16
32 13
32 3
32 5
33 0
33 12
33 19
34 12
34 16
34 7
35 15
35 13
35 4
36 2
36 26
36 13
37 7
37 16
37 13
38 33
38 27
38 12
39 2
39 36
39 30
40 17
40 2
40 4
41 36
41 20
41 27
42 1
42 26
42 27
43 11
43 4
43 16
44 0
44 19
44 13
45 7
45 43
45 40
46 24
46 2
46 0
47 39
47 38
47 2
48 9
48 1
48 13
49 7
49 22
49 23
50 14
50 0
50 28
51 6
51 39
51 8
52 27
52 4
52 2
53 45
53 22
53 7
54 19
54 41
54 4
55 33
55 8
55 48
56 0
56 18
56 7
57 4
57 22
57 49
58 17
58 5
58 19
59 27
59 3
59 38
60 3
60 9
60 26
61 22
61 55
61 0
62 0
62 49
62 4
63 16
63 17
63 37
64 0
64 18
64 7
65 57
65 5
65 12
66 20
66 1
66 53
67 18
67 39
67 45
68 17
68 28
68 0
69 4
69 60
69 0
70 1
70 0
70 9
71 0
71 63
71 15
72 58
72 0
72 40
73 59
73 35
73 0
74 49
74 33
74 13
75 52
75 68
75 35
76 3
76 31
76 0
77 63
77 0
77 49
78 4
78 28
78 42
79 37
79 67
79 29
80 55
80 22
80 38
81 38
81 13
81 7
82 40
82 22
82 72
83 63
83 16
83 1
84 53
84 23
84 0
85 25
85 51
85 11
86 0
86 44
86 5
87 0
87 22
87 34
88 22
88 15
88 79
89 5
89 32
89 19
90 17
90 47
90 76
91 0
91 37
91 80
92 39
92 10
92 11
93 19
93 0
93 22
94 45
94 65
94 33
95 1
95 45
95 5
96 12
96 57
96 40
97 94
97 35
97 19
98 57
98 82
98 42
99 94
99 10
99 37
100 22
100 11
100 3
101 30
101 31
101 46
102 9
102 65
102 40
103 10
103 52
103 36
104 13
104 50
104 69
105 44
105 40
105 31
106 4
106 5
106 40
107 18
107 26
107 39
108 81
108 18
108 4
109 5
109 39
109 32
110 1
110 8
110 23
111 5
111 71
111 52
112 67
112 1
112 56
113 57
113 11
113 80
114 34
114 70
114 9
115 21
115 49
115 96
116 24
116 5
116 22
117 0
117 6
117 4
118 91
118 2
118 17
119 0
119 94
119 93
120 68
120 42
120 12
121 34
121 5
121 62
122 0
122 16
122 14
123 105
123 36
123 13
124 123
124 87
124 81
125 47
125 56
125 9
126 124
126 115
126 105
127 19
127 47
127 86
128 0
128 12
128 16
129 4
129 13
129 33
130 45
130 67
130 2
131 103
131 5
131 116
132 58
132 48
132 10
133 7
133 42
133 28
134 27
134 115
134 18
135 33
135 60
135 45
136 73
136 106
136 126
137 31
137 83
137 33
138 39
138 109
138 58
139 3
139 80
139 58
140 37
140 113
140 110
141 75
141 117
141 14
142 127
142 72
142 21
143 115
143 4
143 45
144 44
144 50
144 9
145 107
145 4
145 10
146 110
146 51
146 36
147 30
147 7
147 78
148 147
148 14
148 146
149 49
149 139
149 83
150 80
150 32
150 54
151 42
151 100
151 76
152 7
152 81
152 19
153 44
153 137
153 17
154 7
154 2
154 54
155 72
155 3
155 10
156 79
156 20
156 47
157 50
157 0
157 106
158 111
158 119
158 51
159 14
159 82
159 106
160 8
160 0
160 37
161 61
161 128
161 90
162 11
162 7
162 107
163 112
163 10
163 0
164 28
164 9
164 49
165 105
165 141
165 49
166 11
166 78
166 115
167 7
167 90
167 142
168 34
168 28
168 104
169 12
169 139
169 33
170 15
170 129
170 5
171 96
171 15
171 9
172 81
172 0
172 47
173 36
173 9
173 52
174 80
174 156
174 149
175 156
175 0
175 16
176 7
176 24
176 16
177 23
177 9
177 3
178 57
178 119
178 139
179 23
179 20
179 90
180 13
180 141
180 23
181 23
181 19
181 35
182 37
182 137
182 0
183 31
183 115
183 117
184 93
184 4
184 49
185 73
185 156
185 15
186 157
186 26
186 32
187 61
187 11
187 1
188 16
188 144
188 1
189 31
189 80
189 52
190 34
190 19
190 123
191 7
191 75
191 96
192 149
192 141
192 4
193 0
193 7
193 10
194 90
194 112
194 117
195 1
195 107
195 147
196 44
196 190
196 137
197 33
197 92
197 124
198 42
198 145
198 151
199 175
199 197
199 31
200 2
200 52
200 49
201 97
201 8
201 10
202 92
202 81
202 11
203 186
203 156
203 103
204 24
204 0
204 11
205 196
205 112
205 151
206 27
206 198
206 0
207 191
207 51
207 157
208 158
208 19
208 137
209 126
209 171
209 22
210 75
210 93
210 63
211 20
211 50
211 0
212 205
212 75
212 1
213 7
213 85
213 20
214 49
214 40
214 191
215 118
215 148
215 13
216 111
216 72
216 4
217 1
217 115
217 140
218 11
218 112
218 148
219 205
219 191
219 28
220 184
220 20
220 141
221 20
221 33
221 44
222 1
222 18
222 136
223 7
223 72
223 82
224 41
224 69
224 106
225 1
225 75
225 3
226 186
226 19
226 13
227 42
227 10
227 126
228 0
228 173
228 146
229 9
229 199
229 14
230 34
230 49
230 95
231 104
231 5
231 1
232 150
232 60
232 72
233 115
233 147
233 14
234 85
234 35
234 61
235 1
235 156
235 180
236 3
236 130
236 216
237 119
237 0
237 58
238 139
238 47
238 0
239 3
239 33
239 156
240 139
240 6
240 136
241 118
241 7
241 18
242 119
242 146
242 0
243 39
243 47
243 123
244 190
244 44
244 0
245 198
245 10
245 242
246 50
246 156
246 85
247 49
247 45
247 1
248 49
248 242
248 172
249 228
249 21
249 31
0 1 0 1 0 0 1 1 1 1 1 0 1 0 0 0 1 1 1 0 1 1 1 0 1 1 0 0 0 0 1 1 1 1 0 0 1 1 1 1 1 1 1 1 1 0 0 1 0 0 0 1 1 1 0 1 1 0 1 0 0 0 0 0 0 1 0 1 0 0 0 1 1 0 1 0 0 0 0 0 1 1 0 1 0 1 0 0 1 0 0 0 0 1 1 1 1 0 1 1 0 0 1 0 0 0 0 1 1 0 0 1 0 1 1 1 0 1 1 1 1 1 0 1 0 0 1 0 1 1 1 1 1 0 0 0 1 1 1 1 0 1 1 0 1 0 1 0 0 0 1 0 0 0 1 1 0 0 0 0 0 1 0 1 1 1 0 0 0 0 0 0 0 0 1 1 1 0 1 1 1 0 0 0 0 0 0 1 1 0 1 0 0 1 0 0 0 0 1 1 1 1 1 1 0 1 1 1 1 1 1 1 0 1 1 1 0 1 0 0 0 0 1 0 0 1 0 1 0 0 0 0 0 1 0 0 0 0 0 0 1 0 1 0 1 0 0 1 1 1
1 1 0 0 1 0 0 0 1 0 0 1 1 0 0 0 0 0 0 0 0 0 0 1 1 1 0 1 0 0 0 1 0 1 1 1 1 0 1 1 0 1 0 1 1 0 0 1 0 1 1 0 1 0 1 1 1 0 0 1 1 1 1 0 0 0 0 1 1 0 0 1 0 1 0 0 1 0 0 0 0 0 0 0 1 1 1 1 1 0 1 0 0 0 0 0 1 1 1 0 0 1 0 0 0 0 0 0 1 1 0 1 1 1 1 1 0 1 1 1 1 0 1 1 0 1 1 1 0 1 0 1 0 1 0 0 1 0 0 0 1 1 1 1 1 0 0 1 0 0 1 1 0 1 0 1 1 0 1 1 1 0 0 0 0 1 1 1 1 1 1 0 1 0 0 1 1 1 1 1 1 1 0 1 1 0 1 0 0 1 0 1 0 0 0 0 0 1 1 0 1 0 1 0 0 1 0 1 0 0 0 0 1 0 1 0 1 1 1 0 1 1 1 0 1 0 0 0 0 0 0 0 0 0 1 0 1 0 0 0 1 0 1 1 1 1 0 1 1 1
0 0 0 1 1 1 1 0 0 1 0 1 1 0 0 0 0 1 1 1 0 0 0 1 1 0 1 0 1 1 1 0 1 1 0 0 1 0 0 1 0 0 0 1 0 0 1 1 0 1 1 1 0 0 1 1 0 1 1 0 1 0 0 0 0 1 0 1 0 1 0 1 1 0 0 1 0 0 1 0 0 0 1 1 1 0 0 1 0 1 1 1 0 1 0 0 0 0 0 0 1 1 1 1 0 1 0 0 0 1 0 0 1 1 1 0 0 0 0 0 0 1 0 1 1 0 0 0 0 1 1 0 1 0 0 0 1 1 1 1 0 0 1 1 0 1 1 1 1 0 1 1 1 0 1 0 1 0 1 1 0 1 0 1 0 0 1 1 1 0 1 0 1 0 0 1 1 0 0 1 0 0 1 0 1 0 0 1 0 1 1 1 1 1 0 0 1 0 0 0 0 0 1 0 0 0 1 1 0 0 1 1 0 1 0 0 1 1 0 0 1 0 1 0 0 1 1 0 0 1 1 1 1 0 0 0 1 0 1 1 1 1 1 1 1 1 0 1 0 1
0 0 1 0 0 0 1 1 0 1 1 0 0 0 0 1 1 0 0 1 0 0 0 0 1 1 1 0 0 0 0 0 1 0 0 0 0 0 1 1 1 0 1 1 1 0 0 1 0 0 0 1 1 0 1 0 0 0 0 1 0 0 0 0 1 1 0 0 1 1 0 1 1 1 1 1 0 0 0 1 1 0 0 0 1 1 1 0 0 1 1 1 1 1 1 1 0 0 1 1 0 0 1 1 1 0 0 1 0 0 0 0 0 0 0 0 0 0 1 1 1 0 1 1 1 0 0 0 1 1 1 1 0 1 0 0 1 0 0 1 0 0 0 0 1 0 1 1 0 1 0 1 1 0 1 1 0 1 1 1 1 0 1 1 1 1 0 0 0 1 1 1 1 0 0 0 0 0 1 1 0 0 1 1 1 1 1 1 0 1 1 1 1 0 1 1 1 1 0 1 1 0 0 1 0 0 0 1 1 1 1 1 1 1 0 1 0 0 1 1 0 0 0 0 1 0 0 0 1 0 1 1 1 0 1 1 0 0 1 0 0 1 0 0 0 1 1 0 0 1
0 0 0 0 0 1 1 0 0 1 1 0 0 1 0 1 0 0 1 1 0 0 0 1 1 0 1 1 1 1 0 1 0 0 0 0 0 0 1 0 0 0 1 1 1 0 0 1 0 0 0 0 0 1 1 0 0 1 1 1 1 1 1 1 1 0 0 0 0 1 0 0 0 0 1 1 1 1 0 0 0 1 1 0 1 0 0 0 1 1 1 0 1 1 0 1 0 0 0 1 0 1 0 1 1 0 1 0 1 1 0 0 1 1 1 0 1 0 1 0 1 1 1 0 1 0 0 0 0 0 1 1 1 0 1 1 0 1 1 1 0 0 1 0 0 0 0 1 0 0 0 0 1 0 1 0 0 0 0 0 0 1 1 1 1 0 0 1 0 1 0 1 0 0 1 0 1 0 0 1 0 0 0 1 1 0 1 1 1 0 1 0 1 0 1 0 0 1 1 1 1 1 1 1 0 1 0 0 0 0 1 1 0 0 0 1 0 1 1 1 1 1 0 1 0 1 1 0 0 0 0 0 0 0 1 0 0 1 1 0 1 1 0 1 1 0 1 1 1 0