50 380 5
0 1
0 2
1 2
0 3
1 3
2 3
0 4
1 4
2 4
3 4
1 5
4 5
2 5
0 5
4 6
0 6
1 6
3 6
1 7
2 7
0 7
3 7
5 8
6 8
7 8
3 8
7 9
6 9
2 9
1 9
9 10
0 10
3 10
6 10
0 11
2 11
7 11
10 11
6 12
1 12
5 12
7 12
0 13
4 13
12 13
3 13
7 14
0 14
12 14
3 14
6 15
10 15
0 15
11 15
11 16
2 16
12 16
0 16
10 17
2 17
11 17
15 17
7 18
13 18
9 18
12 18
2 19
1 19
6 19
7 19
9 20
7 20
5 20
12 20
1 21
12 21
11 21
2 21
6 22
12 22
21 22
19 22
15 23
10 23
14 23
1 23
17 24
9 24
12 24
18 24
16 25
7 25
10 25
1 25
8 26
6 26
4 26
9 26
0 27
23 27
7 27
2 27
14 28
24 28
26 28
19 28
13 29
27 29
11 29
4 29
2 30
7 30
20 30
1 30
2 31
19 31
24 31
6 31
12 32
28 32
8 32
26 32
29 33
11 33
0 33
18 33
15 34
22 34
6 34
7 34
10 35
19 35
4 35
0 35
18 36
3 36
11 36
0 36
12 37
4 37
16 37
26 37
13 38
12 38
27 38
37 38
35 39
0 39
8 39
12 39
1 40
17 40
31 40
3 40
3 41
35 41
39 41
15 41
15 42
9 42
0 42
28 42
19 43
27 43
11 43
9 43
7 44
10 44
3 44
21 44
6 45
17 45
1 45
13 45
7 46
18 46
24 46
5 46
37 47
32 47
21 47
34 47
13 48
11 48
28 48
41 48
36 49
2 49
7 49
35 49
1 0
2 0
2 1
3 0
3 1
3 2
4 0
4 1
4 2
4 3
5 1
5 4
5 2
5 0
6 4
6 0
6 1
6 3
7 1
7 2
7 0
7 3
8 5
8 6
8 7
8 3
9 7
9 6
9 2
9 1
10 9
10 0
10 3
10 6
11 0
11 2
11 7
11 10
12 6
12 1
12 5
12 7
13 0
13 4
13 12
13 3
14 7
14 0
14 12
14 3
15 6
15 10
15 0
15 11
16 11
16 2
16 12
16 0
17 10
17 2
17 11
17 15
18 7
18 13
18 9
18 12
19 2
19 1
19 6
19 7
20 9
20 7
20 5
20 12
21 1
21 12
21 11
21 2
22 6
22 12
22 21
22 19
23 15
23 10
23 14
23 1
24 17
24 9
24 12
24 18
25 16
25 7
25 10
25 1
26 8
26 6
26 4
26 9
27 0
27 23
27 7
27 2
28 14
28 24
28 26
28 19
29 13
29 27
29 11
29 4
30 2
30 7
30 20
30 1
31 2
31 19
31 24
31 6
32 12
32 28
32 8
32 26
33 29
33 11
33 0
33 18
34 15
34 22
34 6
34 7
35 10
35 19
35 4
35 0
36 18
36 3
36 11
36 0
37 12
37 4
37 16
37 26
38 13
38 12
38 27
38 37
39 35
39 0
39 8
39 12
40 1
40 17
40 31
40 3
41 3
41 35
41 39
41 15
42 15
42 9
42 0
42 28
43 19
43 27
43 11
43 9
44 7
44 10
44 3
44 21
45 6
45 17
45 1
45 13
46 7
46 18
46 24
46 5
47 37
47 32
47 21
47 34
48 13
48 11
48 28
48 41
49 36
49 2
49 7
49 35
1 0 0 0 0 0 1 1 0 1 1 1 1 1 1 0 0 1 1 1 1 0 1 0 0 0 1 1 1 1 0 1 1 0 0 1 0 0 1 1 1 0 1 1 0 1 0 0 1 1
1 0 1 1 0 0 1 1 1 1 1 1 1 1 0 0 0 0 0 1 1 0 0 0 0 1 0 0 0 0 0 1 1 1 1 1 0 0 0 0 1 1 0 0 1 0 1 1 0 1
1 0 1 0 1 0 0 1 1 0 0 0 1 0 0 1 1 1 0 0 0 1 0 1 1 0 0 0 0 0 1 0 1 0 0 1 0 0 0 0 1 1 0 0 1 1 1 0 1 0
0 1 0 1 1 0 0 0 1 1 0 1 1 1 0 1 1 1 0 0 0 1 0 0 0 1 1 0 0 0 1 0 0 0 0 1 0 1 0 1 1 0 0 0 1 1 0 1 1 0
0 1 0 0 1 0 1 0 0 1 1 0 1 0 1 1 0 1 1 1 0 1 1 0 0 1 1 0 1 0 0 1 1 0 1 1 0 0 0 0 1 0 1 0 0 1 1 1 1 1