250 1980 5
0 1
0 2
1 2
0 3
1 3
2 3
0 4
1 4
2 4
3 4
4 5
1 5
0 5
3 5
1 6
3 6
0 6
4 6
0 7
2 7
1 7
6 7
5 8
4 8
1 8
6 8
3 9
8 9
2 9
5 9
0 10
5 10
4 10
3 10
2 11
10 11
4 11
5 11
11 12
7 12
10 12
0 12
12 13
3 13
8 13
11 13
8 14
4 14
12 14
1 14
14 15
5 15
9 15
7 15
8 16
2 16
7 16
5 16
9 17
12 17
8 17
3 17
12 18
3 18
11 18
2 18
4 19
11 19
5 19
2 19
5 20
7 20
0 20
6 20
9 21
5 21
15 21
16 21
0 22
9 22
11 22
10 22
20 23
12 23
21 23
18 23
2 24
13 24
8 24
9 24
18 25
9 25
4 25
2 25
22 26
13 26
2 26
25 26
8 27
10 27
6 27
5 27
13 28
0 28
4 28
12 28
10 29
8 29
0 29
5 29
0 30
3 30
4 30
6 30
20 31
4 31
25 31
7 31
30 32
10 32
9 32
27 32
2 33
12 33
21 33
0 33
8 34
30 34
3 34
9 34
21 35
32 35
30 35
4 35
6 36
21 36
22 36
16 36
5 37
12 37
29 37
0 37
12 38
19 38
3 38
5 38
6 39
2 39
16 39
4 39
6 40
30 40
28 40
21 40
38 41
20 41
2 41
24 41
3 42
21 42
33 42
26 42
2 43
38 43
17 43
26 43
35 44
3 44
11 44
28 44
15 45
10 45
9 45
35 45
35 46
12 46
9 46
20 46
9 47
15 47
5 47
46 47
17 48
24 48
34 48
16 48
44 49
28 49
18 49
45 49
34 50
2 50
11 50
20 50
9 51
41 51
26 51
7 51
7 52
10 52
38 52
18 52
4 53
17 53
10 53
8 53
3 54
50 54
35 54
9 54
0 55
46 55
32 55
29 55
2 56
4 56
54 56
14 56
34 57
48 57
13 57
22 57
21 58
36 58
54 58
19 58
9 59
11 59
33 59
20 59
9 60
0 60
4 60
12 60
8 61
9 61
4 61
41 61
26 62
16 62
3 62
0 62
50 63
42 63
1 63
2 63
6 64
47 64
41 64
56 64
0 65
1 65
4 65
37 65
23 66
9 66
50 66
17 66
49 67
22 67
27 67
62 67
42 68
8 68
35 68
10 68
46 69
20 69
52 69
9 69
26 70
68 70
0 70
30 70
67 71
60 71
34 71
68 71
20 72
42 72
14 72
19 72
30 73
53 73
9 73
8 73
21 74
27 74
44 74
16 74
11 75
14 75
20 75
30 75
5 76
33 76
4 76
25 76
0 77
41 77
53 77
10 77
10 78
5 78
37 78
60 78
0 79
25 79
21 79
13 79
63 80
42 80
36 80
22 80
48 81
61 81
13 81
11 81
3 82
22 82
0 82
41 82
15 83
2 83
35 83
8 83
9 84
63 84
12 84
3 84
11 85
77 85
51 85
63 85
24 86
21 86
20 86
74 86
47 87
13 87
64 87
11 87
7 88
8 88
41 88
27 88
38 89
6 89
8 89
21 89
4 90
5 90
20 90
22 90
23 91
48 91
2 91
30 91
23 92
44 92
52 92
37 92
10 93
62 93
0 93
69 93
10 94
43 94
87 94
0 94
3 95
5 95
23 95
32 95
63 96
9 96
73 96
20 96
26 97
92 97
2 97
3 97
49 98
7 98
39 98
62 98
49 99
90 99
97 99
79 99
68 100
76 100
0 100
10 100
7 101
26 101
38 101
22 101
39 102
56 102
15 102
53 102
8 103
49 103
7 103
14 103
12 104
9 104
52 104
3 104
42 105
3 105
41 105
5 105
18 106
65 106
30 106
1 106
37 107
13 107
71 107
5 107
62 108
34 108
60 108
107 108
23 109
8 109
92 109
33 109
65 110
55 110
29 110
106 110
10 111
80 111
72 111
12 111
22 112
40 112
89 112
20 112
79 113
103 113
30 113
56 113
66 114
97 114
4 114
8 114
65 115
41 115
47 115
80 115
20 116
76 116
16 116
0 116
14 117
53 117
2 117
0 117
77 118
109 118
72 118
40 118
24 119
58 119
62 119
22 119
20 120
11 120
3 120
46 120
74 121
8 121
29 121
5 121
99 122
55 122
25 122
16 122
59 123
33 123
56 123
6 123
118 124
0 124
46 124
88 124
37 125
28 125
112 125
74 125
32 126
96 126
18 126
69 126
34 127
2 127
9 127
39 127
12 128
94 128
9 128
118 128
60 129
118 129
86 129
32 129
57 130
26 130
18 130
37 130
18 131
8 131
5 131
88 131
30 132
54 132
10 132
22 132
14 133
58 133
127 133
29 133
25 134
37 134
115 134
23 134
17 135
89 135
121 135
77 135
60 136
6 136
21 136
35 136
21 137
3 137
27 137
34 137
35 138
50 138
19 138
80 138
47 139
95 139
85 139
91 139
37 140
56 140
17 140
36 140
1 141
78 141
14 141
4 141
42 142
13 142
1 142
16 142
81 143
113 143
14 143
121 143
76 144
32 144
68 144
25 144
144 145
86 145
32 145
76 145
22 146
78 146
56 146
34 146
101 147
143 147
9 147
36 147
19 148
65 148
118 148
66 148
33 149
22 149
96 149
109 149
38 150
13 150
25 150
60 150
20 151
70 151
37 151
141 151
119 152
44 152
11 152
9 152
12 153
124 153
9 153
107 153
101 154
36 154
68 154
0 154
115 155
44 155
48 155
93 155
147 156
54 156
141 156
6 156
125 157
104 157
133 157
8 157
96 158
47 158
11 158
86 158
118 159
45 159
93 159
2 159
141 160
132 160
60 160
28 160
12 161
72 161
57 161
53 161
155 162
5 162
96 162
32 162
10 163
1 163
86 163
128 163
20 164
57 164
10 164
85 164
8 165
138 165
109 165
15 165
156 166
18 166
0 166
130 166
11 167
127 167
5 167
49 167
4 168
70 168
63 168
153 168
141 169
27 169
4 169
148 169
43 170
148 170
34 170
58 170
60 171
155 171
156 171
170 171
61 172
17 172
27 172
5 172
66 173
4 173
74 173
89 173
24 174
12 174
48 174
159 174
134 175
2 175
55 175
43 175
118 176
127 176
148 176
174 176
17 177
20 177
118 177
89 177
8 178
30 178
0 178
45 178
44 179
66 179
71 179
74 179
6 180
50 180
49 180
92 180
79 181
61 181
73 181
141 181
139 182
20 182
132 182
46 182
95 183
182 183
65 183
8 183
93 184
57 184
21 184
40 184
57 185
148 185
65 185
45 185
9 186
166 186
104 186
16 186
76 187
77 187
59 187
93 187
169 188
70 188
182 188
85 188
2 189
121 189
39 189
78 189
0 190
63 190
49 190
4 190
12 191
8 191
17 191
11 191
19 192
141 192
40 192
95 192
93 193
162 193
72 193
4 193
60 194
139 194
86 194
32 194
30 195
110 195
3 195
4 195
12 196
4 196
46 196
142 196
42 197
131 197
100 197
13 197
160 198
182 198
9 198
96 198
191 199
73 199
108 199
166 199
13 200
43 200
139 200
80 200
88 201
3 201
25 201
37 201
3 202
132 202
35 202
7 202
3 203
97 203
75 203
179 203
54 204
29 204
140 204
107 204
95 205
54 205
201 205
49 205
0 206
37 206
8 206
25 206
87 207
9 207
114 207
64 207
78 208
11 208
127 208
113 208
1 209
2 209
34 209
109 209
130 210
61 210
198 210
4 210
1 211
39 211
164 211
2 211
138 212
23 212
164 212
30 212
9 213
152 213
157 213
127 213
3 214
127 214
22 214
30 214
42 215
32 215
58 215
0 215
84 216
27 216
3 216
5 216
19 217
150 217
5 217
127 217
50 218
162 218
83 218
38 218
61 219
167 219
129 219
131 219
74 220
174 220
102 220
12 220
28 221
217 221
98 221
66 221
56 222
146 222
46 222
69 222
11 223
9 223
134 223
6 223
116 224
15 224
87 224
157 224
49 225
199 225
119 225
124 225
148 226
20 226
3 226
37 226
109 227
171 227
64 227
178 227
169 228
27 228
138 228
9 228
27 229
32 229
35 229
84 229
36 230
177 230
25 230
101 230
64 231
156 231
86 231
62 231
169 232
10 232
4 232
68 232
41 233
141 233
108 233
48 233
124 234
119 234
46 234
181 234
108 235
12 235
3 235
96 235
201 236
89 236
224 236
45 236
166 237
20 237
8 237
73 237
73 238
77 238
60 238
32 238
172 239
42 239
44 239
2 239
49 240
219 240
23 240
139 240
63 241
9 241
164 241
142 241
69 242
127 242
70 242
32 242
117 243
154 243
0 243
242 243
126 244
11 244
232 244
208 244
198 245
57 245
53 245
12 245
8 246
4 246
31 246
9 246
86 247
12 247
11 247
191 247
12 248
54 248
2 248
62 248
61 249
85 249
8 249
207 249
1 0
2 0
2 1
3 0
3 1
3 2
4 0
4 1
4 2
4 3
5 4
5 1
5 0
5 3
6 1
6 3
6 0
6 4
7 0
7 2
7 1
7 6
8 5
8 4
8 1
8 6
9 3
9 8
9 2
9 5
10 0
10 5
10 4
10 3
11 2
11 10
11 4
11 5
12 11
12 7
12 10
12 0
13 12
13 3
13 8
13 11
14 8
14 4
14 12
14 1
15 14
15 5
15 9
15 7
16 8
16 2
16 7
16 5
17 9
17 12
17 8
17 3
18 12
18 3
18 11
18 2
19 4
19 11
19 5
19 2
20 5
20 7
20 0
20 6
21 9
21 5
21 15
21 16
22 0
22 9
22 11
22 10
23 20
23 12
23 21
23 18
24 2
24 13
24 8
24 9
25 18
25 9
25 4
25 2
26 22
26 13
26 2
26 25
27 8
27 10
27 6
27 5
28 13
28 0
28 4
28 12
29 10
29 8
29 0
29 5
30 0
30 3
30 4
30 6
31 20
31 4
31 25
31 7
32 30
32 10
32 9
32 27
33 2
33 12
33 21
33 0
34 8
34 30
34 3
34 9
35 21
35 32
35 30
35 4
36 6
36 21
36 22
36 16
37 5
37 12
37 29
37 0
38 12
38 19
38 3
38 5
39 6
39 2
39 16
39 4
40 6
40 30
40 28
40 21
41 38
41 20
41 2
41 24
42 3
42 21
42 33
42 26
43 2
43 38
43 17
43 26
44 35
44 3
44 11
44 28
45 15
45 10
45 9
45 35
46 35
46 12
46 9
46 20
47 9
47 15
47 5
47 46
48 17
48 24
48 34
48 16
49 44
49 28
49 18
49 45
50 34
50 2
50 11
50 20
51 9
51 41
51 26
51 7
52 7
52 10
52 38
52 18
53 4
53 17
53 10
53 8
54 3
54 50
54 35
54 9
55 0
55 46
55 32
55 29
56 2
56 4
56 54
56 14
57 34
57 48
57 13
57 22
58 21
58 36
58 54
58 19
59 9
59 11
59 33
59 20
60 9
60 0
60 4
60 12
61 8
61 9
61 4
61 41
62 26
62 16
62 3
62 0
63 50
63 42
63 1
63 2
64 6
64 47
64 41
64 56
65 0
65 1
65 4
65 37
66 23
66 9
66 50
66 17
67 49
67 22
67 27
67 62
68 42
68 8
68 35
68 10
69 46
69 20
69 52
69 9
70 26
70 68
70 0
70 30
71 67
71 60
71 34
71 68
72 20
72 42
72 14
72 19
73 30
73 53
73 9
73 8
74 21
74 27
74 44
74 16
75 11
75 14
75 20
75 30
76 5
76 33
76 4
76 25
77 0
77 41
77 53
77 10
78 10
78 5
78 37
78 60
79 0
79 25
79 21
79 13
80 63
80 42
80 36
80 22
81 48
81 61
81 13
81 11
82 3
82 22
82 0
82 41
83 15
83 2
83 35
83 8
84 9
84 63
84 12
84 3
85 11
85 77
85 51
85 63
86 24
86 21
86 20
86 74
87 47
87 13
87 64
87 11
88 7
88 8
88 41
88 27
89 38
89 6
89 8
89 21
90 4
90 5
90 20
90 22
91 23
91 48
91 2
91 30
92 23
92 44
92 52
92 37
93 10
93 62
93 0
93 69
94 10
94 43
94 87
94 0
95 3
95 5
95 23
95 32
96 63
96 9
96 73
96 20
97 26
97 92
97 2
97 3
98 49
98 7
98 39
98 62
99 49
99 90
99 97
99 79
100 68
100 76
100 0
100 10
101 7
101 26
101 38
101 22
102 39
102 56
102 15
102 53
103 8
103 49
103 7
103 14
104 12
104 9
104 52
104 3
105 42
105 3
105 41
105 5
106 18
106 65
106 30
106 1
107 37
107 13
107 71
107 5
108 62
108 34
108 60
108 107
109 23
109 8
109 92
109 33
110 65
110 55
110 29
110 106
111 10
111 80
111 72
111 12
112 22
112 40
112 89
112 20
113 79
113 103
113 30
113 56
114 66
114 97
114 4
114 8
115 65
115 41
115 47
115 80
116 20
116 76
116 16
116 0
117 14
117 53
117 2
117 0
118 77
118 109
118 72
118 40
119 24
119 58
119 62
119 22
120 20
120 11
120 3
120 46
121 74
121 8
121 29
121 5
122 99
122 55
122 25
122 16
123 59
123 33
123 56
123 6
124 118
124 0
124 46
124 88
125 37
125 28
125 112
125 74
126 32
126 96
126 18
126 69
127 34
127 2
127 9
127 39
128 12
128 94
128 9
128 118
129 60
129 118
129 86
129 32
130 57
130 26
130 18
130 37
131 18
131 8
131 5
131 88
132 30
132 54
132 10
132 22
133 14
133 58
133 127
133 29
134 25
134 37
134 115
134 23
135 17
135 89
135 121
135 77
136 60
136 6
136 21
136 35
137 21
137 3
137 27
137 34
138 35
138 50
138 19
138 80
139 47
139 95
139 85
139 91
140 37
140 56
140 17
140 36
141 1
141 78
141 14
141 4
142 42
142 13
142 1
142 16
143 81
143 113
143 14
143 121
144 76
144 32
144 68
144 25
145 144
145 86
145 32
145 76
146 22
146 78
146 56
146 34
147 101
147 143
147 9
147 36
148 19
148 65
148 118
148 66
149 33
149 22
149 96
149 109
150 38
150 13
150 25
150 60
151 20
151 70
151 37
151 141
152 119
152 44
152 11
152 9
153 12
153 124
153 9
153 107
154 101
154 36
154 68
154 0
155 115
155 44
155 48
155 93
156 147
156 54
156 141
156 6
157 125
157 104
157 133
157 8
158 96
158 47
158 11
158 86
159 118
159 45
159 93
159 2
160 141
160 132
160 60
160 28
161 12
161 72
161 57
161 53
162 155
162 5
162 96
162 32
163 10
163 1
163 86
163 128
164 20
164 57
164 10
164 85
165 8
165 138
165 109
165 15
166 156
166 18
166 0
166 130
167 11
167 127
167 5
167 49
168 4
168 70
168 63
168 153
169 141
169 27
169 4
169 148
170 43
170 148
170 34
170 58
171 60
171 155
171 156
171 170
172 61
172 17
172 27
172 5
173 66
173 4
173 74
173 89
174 24
174 12
174 48
174 159
175 134
175 2
175 55
175 43
176 118
176 127
176 148
176 174
177 17
177 20
177 118
177 89
178 8
178 30
178 0
178 45
179 44
179 66
179 71
179 74
180 6
180 50
180 49
180 92
181 79
181 61
181 73
181 141
182 139
182 20
182 132
182 46
183 95
183 182
183 65
183 8
184 93
184 57
184 21
184 40
185 57
185 148
185 65
185 45
186 9
186 166
186 104
186 16
187 76
187 77
187 59
187 93
188 169
188 70
188 182
188 85
189 2
189 121
189 39
189 78
190 0
190 63
190 49
190 4
191 12
191 8
191 17
191 11
192 19
192 141
192 40
192 95
193 93
193 162
193 72
193 4
194 60
194 139
194 86
194 32
195 30
195 110
195 3
195 4
196 12
196 4
196 46
196 142
197 42
197 131
197 100
197 13
198 160
198 182
198 9
198 96
199 191
199 73
199 108
199 166
200 13
200 43
200 139
200 80
201 88
201 3
201 25
201 37
202 3
202 132
202 35
202 7
203 3
203 97
203 75
203 179
204 54
204 29
204 140
204 107
205 95
205 54
205 201
205 49
206 0
206 37
206 8
206 25
207 87
207 9
207 114
207 64
208 78
208 11
208 127
208 113
209 1
209 2
209 34
209 109
210 130
210 61
210 198
210 4
211 1
211 39
211 164
211 2
212 138
212 23
212 164
212 30
213 9
213 152
213 157
213 127
214 3
214 127
214 22
214 30
215 42
215 32
215 58
215 0
216 84
216 27
216 3
216 5
217 19
217 150
217 5
217 127
218 50
218 162
218 83
218 38
219 61
219 167
219 129
219 131
220 74
220 174
220 102
220 12
221 28
221 217
221 98
221 66
222 56
222 146
222 46
222 69
223 11
223 9
223 134
223 6
224 116
224 15
224 87
224 157
225 49
225 199
225 119
225 124
226 148
226 20
226 3
226 37
227 109
227 171
227 64
227 178
228 169
228 27
228 138
228 9
229 27
229 32
229 35
229 84
230 36
230 177
230 25
230 101
231 64
231 156
231 86
231 62
232 169
232 10
232 4
232 68
233 41
233 141
233 108
233 48
234 124
234 119
234 46
234 181
235 108
235 12
235 3
235 96
236 201
236 89
236 224
236 45
237 166
237 20
237 8
237 73
238 73
238 77
238 60
238 32
239 172
239 42
239 44
239 2
240 49
240 219
240 23
240 139
241 63
241 9
241 164
241 142
242 69
242 127
242 70
242 32
243 117
243 154
243 0
243 242
244 126
244 11
244 232
244 208
245 198
245 57
245 53
245 12
246 8
246 4
246 31
246 9
247 86
247 12
247 11
247 191
248 12
248 54
248 2
248 62
249 61
249 85
249 8
249 207
0 1 1 0 0 1 0 0 0 0 1 1 0 1 1 1 1 0 0 0 0 0 0 1 1 1 1 0 1 0 1 1 0 1 0 1 0 1 1 0 0 0 0 0 0 1 0 1 0 0 1 0 1 1 1 0 0 1 1 0 1 0 0 0 0 1 0 1 0 0 1 1 1 0 1 1 1 1 1 0 1 1 1 0 0 0 0 0 0 0 0 1 1 0 0 0 0 0 1 1 0 1 0 1 1 1 1 1 0 0 1 0 1 0 0 0 1 1 1 1 0 1 1 1 1 1 0 0 0 1 0 1 1 1 1 1 0 0 0 0 1 1 1 0 0 0 0 0 1 1 1 0 1 0 1 1 0 1 0 1 1 0 0 1 0 0 0 1 0 0 1 0 0 1 0 0 1 0 0 1 0 0 0 1 0 1 0 1 1 1 0 0 1 1 0 1 0 1 0 0 0 0 0 1 1 1 1 0 1 1 0 0 1 0 0 0 0 0 1 0 1 0 1 1 1 1 1 1 1 0 0 0 1 0 1 1 0 0 1 1 1 1 1 0 1 1 1 0 1 0
1 1 1 1 0 1 0 1 1 1 1 0 1 1 0 1 0 0 1 1 0 1 1 0 0 0 0 1 0 0 0 1 0 0 0 0 0 1 0 0 1 0 0 0 1 1 0 0 0 0 0 0 0 0 0 1 0 1 1 1 0 1 0 1 1 0 1 1 0 0 0 1 0 1 0 1 0 0 0 0 0 1 1 1 0 0 0 0 1 0 1 1 1 0 1 0 1 1 1 1 1 1 0 1 0 0 0 0 0 1 1 1 0 0 0 1 0 0 1 1 0 0 1 1 1 0 0 1 1 0 0 0 0 1 0 0 1 1 1 1 1 1 0 0 0 0 0 0 0 0 0 0 1 0 0 0 1 0 0 1 0 1 0 1 1 1 0 0 0 1 0 0 0 0 1 1 0 0 1 0 1 0 0 0 0 0 1 1 0 1 0 0 0 0 0 0 0 0 0 1 0 0 0 0 1 1 0 0 1 1 0 1 1 1 0 1 0 0 1 0 0 1 1 0 0 0 0 0 0 1 1 0 0 0 1 1 0 0 1 1 0 1 0 1 1 0 1 0 0 0
0 0 0 0 1 1 1 1 1 1 0 0 0 0 0 0 1 1 0 1 1 1 0 1 1 1 1 0 0 0 0 1 1 0 0 1 0 1 0 1 0 1 0 0 0 1 0 0 1 0 0 1 1 1 0 1 1 1 0 1 0 0 1 0 0 1 0 1 1 1 1 1 1 1 1 0 0 1 1 0 1 1 1 0 0 0 0 0 0 1 0 0 1 1 1 0 0 1 0 1 0 1 1 0 1 1 0 0 1 1 1 1 1 0 0 0 0 1 1 0 0 0 0 1 1 1 1 1 1 1 1 0 1 0 1 1 1 1 0 1 0 1 0 0 1 0 0 0 0 0 1 1 1 1 1 1 0 0 1 0 1 0 0 0 0 1 1 1 1 1 0 0 0 0 1 0 0 1 1 1 0 0 0 1 1 1 1 1 1 0 1 1 1 0 0 0 1 1 0 1 0 1 1 1 0 0 1 1 0 1 1 1 1 0 0 1 1 1 1 1 1 0 0 1 1 1 1 0 1 0 0 1 1 0 1 0 1 0 0 0 0 0 0 1 1 1 1 0 0 0
0 0 0 0 0 0 1 1 0 1 0 1 1 1 0 0 1 1 0 1 0 1 0 0 0 0 0 0 1 1 0 0 0 0 0 1 1 0 1 0 1 1 1 0 1 0 1 0 0 1 1 0 1 0 1 1 0 0 0 0 0 1 0 0 1 1 0 0 0 1 0 0 1 1 1 0 0 0 1 1 1 1 0 0 1 1 0 1 1 0 1 1 1 0 1 1 1 1 0 0 0 0 0 1 1 0 0 1 0 1 0 1 1 0 0 0 0 0 0 0 1 0 0 1 1 1 0 0 1 1 1 0 0 0 0 1 1 0 0 0 1 0 1 1 1 0 0 1 1 1 1 1 0 0 0 1 0 0 0 0 0 0 1 1 1 0 1 1 0 0 0 0 0 1 1 0 0 0 1 1 0 1 0 0 0 1 0 1 0 0 1 0 0 0 0 0 0 1 1 0 0 0 0 1 0 0 0 1 0 1 0 0 0 1 0 0 1 0 0 0 0 0 1 1 1 0 0 1 1 1 0 1 1 1 1 0 0 0 1 1 0 1 0 0 0 0 1 0 1 1
0 0 1 1 1 1 1 0 1 0 1 1 0 1 1 0 0 0 1 1 0 1 1 1 1 1 0 0 1 0 1 0 0 0 1 0 0 1 1 0 0 0 1 0 0 1 1 1 0 0 0 1 1 0 0 1 1 1 1 1 0 0 0 0 0 1 0 0 0 1 1 1 0 1 0 1 1 0 0 0 0 1 1 1 0 1 1 1 0 1 1 0 1 0 0 0 1 0 0 1 1 1 0 1 0 1 1 0 0 0 0 1 1 0 1 0 0 0 1 1 0 1 1 1 0 1 0 1 1 1 1 1 1 1 1 1 0 1 1 0 0 0 1 1 0 1 0 0 1 1 1 0 0 1 0 0 1 1 0 0 1 1 0 0 1 1 0 1 0 0 0 1 1 0 1 0 1 1 1 1 1 1 1 0 1 0 0 0 1 1 0 1 1 1 0 1 0 1 0 0 1 0 1 0 1 1 1 0 0 0 1 0 1 0 1 0 1 0 1 0 1 0 0 1 1 1 1 1 0 0 0 0 0 0 1 1 1 1 0 0 0 0 0 0 0 0 0 0 1 0