100 780 5
0 1
0 2
1 2
0 3
1 3
2 3
0 4
1 4
2 4
3 4
4 5
3 5
2 5
0 5
5 6
0 6
2 6
1 6
5 7
1 7
6 7
0 7
1 8
3 8
0 8
6 8
8 9
6 9
1 9
2 9
2 10
4 10
8 10
3 10
7 11
8 11
0 11
2 11
0 12
1 12
8 12
3 12
8 13
0 13
5 13
2 13
11 14
3 14
1 14
8 14
8 15
3 15
1 15
0 15
8 16
11 16
4 16
12 16
3 17
15 17
6 17
1 17
7 18
17 18
1 18
8 18
0 19
5 19
8 19
1 19
1 20
2 20
5 20
8 20
1 21
11 21
13 21
4 21
18 22
1 22
6 22
0 22
17 23
11 23
9 23
18 23
8 24
11 24
17 24
12 24
0 25
17 25
21 25
8 25
4 26
11 26
0 26
25 26
1 27
4 27
13 27
25 27
23 28
10 28
13 28
8 28
25 29
20 29
12 29
6 29
11 30
5 30
12 30
1 30
13 31
8 31
24 31
29 31
26 32
3 32
1 32
21 32
8 33
12 33
30 33
5 33
1 34
21 34
20 34
2 34
22 35
33 35
4 35
1 35
33 36
0 36
13 36
27 36
13 37
30 37
11 37
24 37
6 38
24 38
10 38
7 38
34 39
1 39
0 39
13 39
38 40
27 40
0 40
8 40
15 41
26 41
0 41
10 41
13 42
1 42
26 42
31 42
23 43
0 43
18 43
19 43
6 44
12 44
43 44
34 44
13 45
6 45
36 45
10 45
8 46
6 46
36 46
31 46
25 47
23 47
12 47
0 47
18 48
39 48
0 48
1 48
12 49
13 49
11 49
20 49
31 50
33 50
4 50
10 50
14 51
44 51
18 51
49 51
41 52
6 52
37 52
21 52
0 53
10 53
32 53
44 53
1 54
4 54
18 54
35 54
24 55
9 55
2 55
28 55
2 56
1 56
20 56
41 56
44 57
26 57
12 57
8 57
55 58
57 58
56 58
33 58
58 59
51 59
31 59
5 59
1 60
0 60
28 60
17 60
37 61
0 61
39 61
12 61
31 62
22 62
9 62
58 62
36 63
24 63
20 63
11 63
50 64
19 64
24 64
10 64
35 65
20 65
14 65
9 65
8 66
0 66
42 66
24 66
20 67
9 67
3 67
44 67
67 68
58 68
4 68
10 68
38 69
45 69
62 69
54 69
26 70
15 70
42 70
4 70
1 71
38 71
46 71
18 71
45 72
46 72
3 72
12 72
24 73
51 73
13 73
12 73
63 74
69 74
36 74
18 74
74 75
22 75
71 75
32 75
13 76
0 76
23 76
45 76
5 77
8 77
54 77
56 77
9 78
37 78
35 78
16 78
65 79
30 79
3 79
4 79
54 80
56 80
37 80
57 80
16 81
80 81
9 81
27 81
22 82
65 82
16 82
17 82
23 83
40 83
8 83
38 83
24 84
42 84
59 84
26 84
23 85
56 85
0 85
62 85
54 86
43 86
76 86
27 86
24 87
0 87
1 87
13 87
6 88
23 88
28 88
47 88
53 89
8 89
15 89
44 89
87 90
77 90
10 90
54 90
59 91
35 91
17 91
58 91
36 92
31 92
0 92
47 92
12 93
16 93
54 93
28 93
58 94
3 94
0 94
55 94
26 95
25 95
15 95
11 95
37 96
8 96
90 96
24 96
20 97
12 97
26 97
43 97
74 98
24 98
17 98
10 98
51 99
5 99
13 99
70 99
1 0
2 0
2 1
3 0
3 1
3 2
4 0
4 1
4 2
4 3
5 4
5 3
5 2
5 0
6 5
6 0
6 2
6 1
7 5
7 1
7 6
7 0
8 1
8 3
8 0
8 6
9 8
9 6
9 1
9 2
10 2
10 4
10 8
10 3
11 7
11 8
11 0
11 2
12 0
12 1
12 8
12 3
13 8
13 0
13 5
13 2
14 11
14 3
14 1
14 8
15 8
15 3
15 1
15 0
16 8
16 11
16 4
16 12
17 3
17 15
17 6
17 1
18 7
18 17
18 1
18 8
19 0
19 5
19 8
19 1
20 1
20 2
20 5
20 8
21 1
21 11
21 13
21 4
22 18
22 1
22 6
22 0
23 17
23 11
23 9
23 18
24 8
24 11
24 17
24 12
25 0
25 17
25 21
25 8
26 4
26 11
26 0
26 25
27 1
27 4
27 13
27 25
28 23
28 10
28 13
28 8
29 25
29 20
29 12
29 6
30 11
30 5
30 12
30 1
31 13
31 8
31 24
31 29
32 26
32 3
32 1
32 21
33 8
33 12
33 30
33 5
34 1
34 21
34 20
34 2
35 22
35 33
35 4
35 1
36 33
36 0
36 13
36 27
37 13
37 30
37 11
37 24
38 6
38 24
38 10
38 7
39 34
39 1
39 0
39 13
40 38
40 27
40 0
40 8
41 15
41 26
41 0
41 10
42 13
42 1
42 26
42 31
43 23
43 0
43 18
43 19
44 6
44 12
44 43
44 34
45 13
45 6
45 36
45 10
46 8
46 6
46 36
46 31
47 25
47 23
47 12
47 0
48 18
48 39
48 0
48 1
49 12
49 13
49 11
49 20
50 31
50 33
50 4
50 10
51 14
51 44
51 18
51 49
52 41
52 6
52 37
52 21
53 0
53 10
53 32
53 44
54 1
54 4
54 18
54 35
55 24
55 9
55 2
55 28
56 2
56 1
56 20
56 41
57 44
57 26
57 12
57 8
58 55
58 57
58 56
58 33
59 58
59 51
59 31
59 5
60 1
60 0
60 28
60 17
61 37
61 0
61 39
61 12
62 31
62 22
62 9
62 58
63 36
63 24
63 20
63 11
64 50
64 19
64 24
64 10
65 35
65 20
65 14
65 9
66 8
66 0
66 42
66 24
67 20
67 9
67 3
67 44
68 67
68 58
68 4
68 10
69 38
69 45
69 62
69 54
70 26
70 15
70 42
70 4
71 1
71 38
71 46
71 18
72 45
72 46
72 3
72 12
73 24
73 51
73 13
73 12
74 63
74 69
74 36
74 18
75 74
75 22
75 71
75 32
76 13
76 0
76 23
76 45
77 5
77 8
77 54
77 56
78 9
78 37
78 35
78 16
79 65
79 30
79 3
79 4
80 54
80 56
80 37
80 57
81 16
81 80
81 9
81 27
82 22
82 65
82 16
82 17
83 23
83 40
83 8
83 38
84 24
84 42
84 59
84 26
85 23
85 56
85 0
85 62
86 54
86 43
86 76
86 27
87 24
87 0
87 1
87 13
88 6
88 23
88 28
88 47
89 53
89 8
89 15
89 44
90 87
90 77
90 10
90 54
91 59
91 35
91 17
91 58
92 36
92 31
92 0
92 47
93 12
93 16
93 54
93 28
94 58
94 3
94 0
94 55
95 26
95 25
95 15
95 11
96 37
96 8
96 90
96 24
97 20
97 12
97 26
97 43
98 74
98 24
98 17
98 10
99 51
99 5
99 13
99 70
1 1 1 1 1 1 1 0 0 0 1 0 1 1 1 0 0 0 0 0 0 0 1 0 0 0 0 1 0 1 1 0 1 0 0 1 0 0 1 1 0 0 1 0 1 0 1 0 1 0 1 1 0 0 1 0 1 0 1 0 0 0 1 0 0 1 1 0 1 1 1 1 0 0 1 0 0 0 0 1 0 1 1 0 0 1 0 1 1 0 0 1 0 0 1 0 1 1 0 1
0 1 0 0 1 0 1 1 1 0 0 0 1 0 1 1 0 0 1 0 0 0 0 1 1 0 1 1 1 0 1 0 1 1 1 0 1 1 1 1 1 0 0 1 1 1 0 1 0 1 1 0 1 0 1 0 1 1 1 0 1 1 0 1 1 0 1 1 1 0 0 0 0 1 0 1 1 1 1 0 0 1 1 1 0 1 0 1 1 1 0 0 1 0 1 0 0 0 0 0
0 1 0 0 1 0 1 0 1 0 0 0 1 0 1 0 1 0 0 0 1 1 1 0 0 1 0 1 1 1 0 0 0 0 1 1 1 0 0 0 1 1 1 0 1 1 1 1 1 0 0 0 1 0 0 1 1 0 0 1 0 0 0 1 0 0 0 1 1 1 1 1 1 0 1 0 0 0 1 1 0 1 0 1 1 1 1 1 0 0 1 0 1 1 1 1 0 0 0 1
1 0 0 0 1 1 0 0 0 0 0 1 0 1 0 1 0 1 1 1 0 0 1 1 0 1 0 1 1 0 0 0 0 0 1 1 1 0 0 0 0 0 0 1 0 1 0 0 0 0 1 0 1 0 0 0 0 0 1 0 0 0 1 1 1 1 0 1 0 1 1 1 0 1 1 0 0 1 0 0 0 1 1 1 0 1 1 1 1 1 0 1 0 0 0 0 1 1 0 0
0 1 1 0 0 1 0 0 1 1 1 1 1 1 1 1 0 1 1 1 0 0 1 0 0 1 0 0 0 1 0 1 1 0 1 1 0 1 1 1 1 0 1 1 1 0 1 1 0 1 1 1 0 0 1 0 0 0 0 0 0 0 1 1 1 0 1 0 0 1 0 0 0 0 1 1 0 1 0 0 1 0 1 1 1 1 0 1 0 1 1 0 1 1 1 0 0 1 1 0