250 498 5
0 1
1 2
0 3
1 4
3 5
0 6
6 7
6 8
4 9
7 10
1 11
6 12
8 13
6 14
2 15
5 16
6 17
6 18
17 19
1 20
7 21
0 22
5 23
17 24
20 25
2 26
8 27
0 28
16 29
3 30
17 31
5 32
24 33
15 34
6 35
14 36
14 37
8 38
0 39
21 40
6 41
34 42
28 43
32 44
35 45
24 46
43 47
8 48
25 49
6 50
29 51
46 52
3 53
28 54
18 55
6 56
6 57
6 58
6 59
38 60
8 61
12 62
28 63
3 64
62 65
38 66
5 67
9 68
14 69
6 70
25 71
1 72
24 73
72 74
41 75
1 76
12 77
61 78
78 79
43 80
17 81
4 82
3 83
47 84
1 85
7 86
68 87
37 88
0 89
37 90
6 91
24 92
45 93
24 94
0 95
87 96
3 97
13 98
3 99
30 100
80 101
3 102
35 103
3 104
3 105
24 106
35 107
21 108
28 109
73 110
46 111
63 112
6 113
66 114
9 115
2 116
37 117
110 118
115 119
6 120
119 121
42 122
5 123
6 124
118 125
26 126
66 127
26 128
0 129
83 130
8 131
26 132
20 133
8 134
1 135
71 136
37 137
115 138
34 139
0 140
121 141
95 142
123 143
121 144
126 145
4 146
24 147
45 148
24 149
94 150
95 151
80 152
51 153
136 154
138 155
62 156
155 157
6 158
62 159
155 160
61 161
0 162
81 163
93 164
123 165
148 166
91 167
38 168
71 169
121 170
143 171
17 172
120 173
15 174
41 175
120 176
72 177
133 178
174 179
7 180
3 181
164 182
33 183
54 184
123 185
17 186
128 187
130 188
115 189
24 190
41 191
110 192
1 193
96 194
89 195
67 196
8 197
179 198
174 199
65 200
4 201
17 202
43 203
33 204
37 205
120 206
125 207
2 208
9 209
189 210
6 211
111 212
6 213
119 214
12 215
37 216
117 217
147 218
44 219
124 220
103 221
184 222
31 223
2 224
6 225
129 226
124 227
35 228
184 229
78 230
103 231
103 232
156 233
24 234
116 235
196 236
61 237
6 238
8 239
219 240
203 241
12 242
103 243
59 244
155 245
196 246
1 247
20 248
156 249
1 0
2 1
3 0
4 1
5 3
6 0
7 6
8 6
9 4
10 7
11 1
12 6
13 8
14 6
15 2
16 5
17 6
18 6
19 17
20 1
21 7
22 0
23 5
24 17
25 20
26 2
27 8
28 0
29 16
30 3
31 17
32 5
33 24
34 15
35 6
36 14
37 14
38 8
39 0
40 21
41 6
42 34
43 28
44 32
45 35
46 24
47 43
48 8
49 25
50 6
51 29
52 46
53 3
54 28
55 18
56 6
57 6
58 6
59 6
60 38
61 8
62 12
63 28
64 3
65 62
66 38
67 5
68 9
69 14
70 6
71 25
72 1
73 24
74 72
75 41
76 1
77 12
78 61
79 78
80 43
81 17
82 4
83 3
84 47
85 1
86 7
87 68
88 37
89 0
90 37
91 6
92 24
93 45
94 24
95 0
96 87
97 3
98 13
99 3
100 30
101 80
102 3
103 35
104 3
105 3
106 24
107 35
108 21
109 28
110 73
111 46
112 63
113 6
114 66
115 9
116 2
117 37
118 110
119 115
120 6
121 119
122 42
123 5
124 6
125 118
126 26
127 66
128 26
129 0
130 83
131 8
132 26
133 20
134 8
135 1
136 71
137 37
138 115
139 34
140 0
141 121
142 95
143 123
144 121
145 126
146 4
147 24
148 45
149 24
150 94
151 95
152 80
153 51
154 136
155 138
156 62
157 155
158 6
159 62
160 155
161 61
162 0
163 81
164 93
165 123
166 148
167 91
168 38
169 71
170 121
171 143
172 17
173 120
174 15
175 41
176 120
177 72
178 133
179 174
180 7
181 3
182 164
183 33
184 54
185 123
186 17
187 128
188 130
189 115
190 24
191 41
192 110
193 1
194 96
195 89
196 67
197 8
198 179
199 174
200 65
201 4
202 17
203 43
204 33
205 37
206 120
207 125
208 2
209 9
210 189
211 6
212 111
213 6
214 119
215 12
216 37
217 117
218 147
219 44
220 124
221 103
222 184
223 31
224 2
225 6
226 129
227 124
228 35
229 184
230 78
231 103
232 103
233 156
234 24
235 116
236 196
237 61
238 6
239 8
240 219
241 203
242 12
243 103
244 59
245 155
246 196
247 1
248 20
249 156
1 0 1 1 1 0 1 1 1 0 1 0 1 1 0 0 0 0 0 1 1 1 0 1 0 0 1 1 0 1 1 1 0 0 1 0 0 0 1 1 1 0 1 0 0 0 0 0 1 1 1 1 1 1 0 1 0 1 0 0 0 0 0 0 1 0 0 0 1 1 0 0 0 1 0 0 0 1 0 1 0 1 1 0 0 1 1 0 0 0 1 1 1 0 1 0 1 0 0 1 0 1 0 1 0 1 0 0 0 0 0 0 0 0 0 0 0 1 1 1 0 1 0 1 1 0 1 1 0 0 1 0 1 0 0 0 0 0 0 1 1 0 1 0 0 0 0 0 1 1 1 1 0 1 1 1 1 0 1 0 0 0 0 0 1 1 0 1 0 1 1 0 1 1 1 1 0 1 0 1 0 0 1 1 1 0 1 1 1 1 0 1 0 0 0 1 0 1 1 1 0 0 0 0 1 0 0 0 1 0 0 1 0 0 1 1 0 0 0 0 0 1 0 1 1 0 1 1 1 0 1 0 0 1 1 0 0 0 1 1 1 0 0 1 1 1 0 0 0 1
0 0 1 1 1 0 0 0 1 1 0 0 0 1 1 0 1 0 1 0 1 1 0 1 1 1 0 1 0 1 0 0 0 0 0 1 0 0 0 0 0 1 0 1 1 1 1 1 1 1 1 1 1 1 1 0 0 1 0 1 1 1 1 0 1 0 0 0 1 1 1 1 0 1 1 0 1 1 1 1 0 1 1 1 0 0 1 0 0 1 1 1 0 0 1 0 0 1 0 0 0 1 1 0 0 1 1 1 1 1 1 0 1 0 0 0 1 0 1 1 0 0 0 1 0 0 1 1 0 0 1 0 1 0 1 0 0 0 0 0 1 1 0 0 1 0 0 1 1 1 0 0 0 1 1 0 1 1 1 0 0 1 1 0 0 0 1 1 0 1 1 0 0 0 0 0 1 1 0 1 0 1 0 1 0 1 1 1 1 0 1 0 1 1 0 1 0 0 1 1 0 0 1 0 0 1 0 1 1 1 1 0 0 1 0 1 0 0 0 0 0 1 0 0 1 0 0 1 1 0 1 0 1 1 1 0 0 0 1 0 1 0 0 1 0 0 1 0 0 1
0 0 1 0 1 1 1 0 0 1 0 0 1 0 0 0 1 0 0 0 0 1 1 1 0 1 0 0 0 0 0 0 1 0 0 0 0 0 1 0 1 0 1 1 1 0 1 1 0 1 1 1 0 0 0 0 1 0 0 0 0 0 1 1 1 0 0 0 1 0 1 0 0 0 0 0 0 0 1 0 1 1 1 1 1 0 0 1 1 1 0 0 1 0 0 1 0 0 1 1 0 1 1 1 0 1 0 1 1 1 1 1 1 0 1 0 1 1 0 1 0 0 0 1 0 1 0 1 0 0 1 0 1 1 1 0 0 0 0 0 1 1 0 1 0 1 0 0 1 0 0 1 0 1 0 1 0 0 0 0 0 0 1 1 1 0 0 0 1 1 1 1 0 1 1 0 1 1 1 1 1 1 0 1 1 1 1 1 0 1 1 1 1 0 1 0 0 0 1 1 0 1 0 1 1 0 1 1 1 0 0 1 0 1 1 0 0 1 1 1 0 1 1 0 0 0 0 0 0 1 0 0 0 0 0 0 0 0 1 0 0 1 1 0 1 1 0 0 1 0
0 0 1 1 0 0 0 0 0 1 1 1 1 0 1 1 0 0 0 0 1 0 1 0 0 1 0 1 1 0 1 1 0 1 1 1 1 1 0 0 0 0 0 1 1 1 1 1 0 0 1 0 0 0 1 1 0 1 0 0 0 1 0 1 1 0 0 1 0 1 1 1 0 1 1 1 1 0 0 1 1 0 1 0 0 1 1 0 1 1 0 0 1 1 0 0 0 0 1 1 1 1 0 1 1 0 1 1 1 1 0 0 0 0 1 0 0 0 0 0 0 1 0 0 1 0 1 1 0 1 0 1 0 1 0 1 1 1 1 1 0 0 0 1 0 1 1 0 1 1 0 1 0 1 1 1 0 0 0 1 0 1 0 0 0 0 1 1 1 1 0 1 1 1 1 1 0 1 0 0 1 0 0 1 0 1 0 1 1 0 1 1 0 0 1 1 0 0 0 1 0 1 0 1 0 0 0 0 0 1 1 0 1 0 0 1 1 0 0 1 1 0 1 1 1 0 0 0 1 1 0 1 0 0 1 1 0 1 1 1 0 1 0 1 1 0 1 1 1 0
1 0 1 0 0 0 1 1 0 1 1 1 1 0 1 1 0 1 1 0 0 1 0 1 1 1 0 1 1 0 0 1 0 0 1 1 0 0 0 1 1 0 0 0 0 1 1 1 0 1 0 1 1 0 0 1 0 0 1 0 1 0 0 1 1 1 1 0 1 0 0 0 0 0 1 1 1 0 1 1 0 0 1 0 0 1 0 0 0 0 1 1 1 0 0 0 1 1 1 1 0 0 1 0 1 0 1 0 0 0 0 0 1 1 1 1 1 0 1 1 0 1 0 1 1 0 1 0 1 0 0 1 1 1 1 0 1 0 0 0 1 0 0 0 0 0 0 1 0 1 0 1 0 0 1 1 1 1 0 1 1 1 0 0 1 1 0 0 1 0 0 0 0 1 1 0 1 0 1 0 0 0 0 1 0 1 1 1 0 0 1 0 0 0 0 0 0 0 0 1 0 0 0 1 1 1 1 0 0 1 1 0 1 1 0 1 1 0 1 1 1 1 1 1 1 0 1 0 1 1 1 1 1 0 1 1 0 0 0 1 1 0 1 1 1 0 0 0 0 1