50 98 5
0 1
0 2
0 3
0 4
0 5
0 6
4 7
0 8
4 9
7 10
5 11
7 12
4 13
12 14
5 15
0 16
16 17
5 18
12 19
15 20
7 21
4 22
19 23
8 24
14 25
8 26
0 27
15 28
3 29
3 30
4 31
10 32
3 33
25 34
11 35
6 36
6 37
2 38
0 39
2 40
23 41
35 42
41 43
31 44
31 45
11 46
20 47
18 48
19 49
1 0
2 0
3 0
4 0
5 0
6 0
7 4
8 0
9 4
10 7
11 5
12 7
13 4
14 12
15 5
16 0
17 16
18 5
19 12
20 15
21 7
22 4
23 19
24 8
25 14
26 8
27 0
28 15
29 3
30 3
31 4
32 10
33 3
34 25
35 11
36 6
37 6
38 2
39 0
40 2
41 23
42 35
43 41
44 31
45 31
46 11
47 20
48 18
49 19
1 1 1 1 0 0 0 1 1 1 1 0 0 1 0 0 0 1 1 0 1 1 1 0 0 1 1 0 0 1 0 0 1 1 1 1 0 1 0 0 0 0 0 1 1 0 1 1 0 0
1 0 1 0 1 0 1 0 1 0 0 1 0 1 1 0 1 0 1 1 1 1 1 0 0 0 0 0 1 1 0 1 0 1 0 1 0 1 0 0 0 0 0 0 1 0 0 1 0 1
1 0 1 0 1 1 1 0 0 1 1 1 0 1 1 0 1 1 0 0 1 1 1 1 0 0 0 1 1 0 1 1 0 0 0 1 0 0 1 1 1 0 1 0 1 0 1 0 0 0
1 1 0 0 1 0 1 1 1 0 1 0 1 0 1 1 1 0 0 1 0 0 0 0 1 0 1 0 1 1 1 1 1 0 0 1 1 1 0 0 0 1 1 1 0 1 1 0 0 0
1 0 0 0 0 1 0 0 1 0 0 0 1 0 0 1 0 1 0 0 1 0 1 1 1 1 0 1 0 0 0 1 0 0 0 0 0 0 0 1 0 0 0 0 1 0 1 1 0 0