100 390 5
0 1
0 2
1 2
0 3
1 3
2 3
0 4
1 4
2 4
3 4
3 5
1 5
4 5
2 5
2 6
5 6
1 6
0 6
4 7
6 7
3 7
0 7
5 8
1 8
2 8
3 8
2 9
3 9
0 9
5 9
3 10
2 10
6 10
7 10
0 11
2 11
3 11
6 11
4 12
1 12
6 12
0 12
11 13
5 13
0 13
6 13
3 14
7 14
12 14
0 14
6 15
8 15
2 15
7 15
1 16
4 16
2 16
6 16
1 17
16 17
9 17
0 17
12 18
3 18
8 18
2 18
17 19
11 19
12 19
8 19
13 20
8 20
11 20
18 20
5 21
0 21
7 21
2 21
7 22
9 22
2 22
8 22
21 23
6 23
0 23
7 23
0 24
8 24
16 24
10 24
11 25
0 25
17 25
9 25
5 26
2 26
18 26
8 26
3 27
17 27
25 27
21 27
0 28
11 28
8 28
17 28
26 29
13 29
5 29
8 29
6 30
12 30
1 30
28 30
28 31
11 31
0 31
7 31
31 32
11 32
16 32
5 32
7 33
2 33
8 33
6 33
28 34
33 34
27 34
24 34
13 35
0 35
17 35
31 35
26 36
2 36
16 36
5 36
7 37
17 37
10 37
8 37
0 38
34 38
6 38
9 38
6 39
25 39
11 39
21 39
10 40
31 40
16 40
15 40
38 41
0 41
4 41
40 41
8 42
38 42
37 42
14 42
16 43
4 43
11 43
31 43
33 44
14 44
26 44
7 44
23 45
1 45
28 45
5 45
20 46
45 46
16 46
21 46
41 47
0 47
7 47
33 47
3 48
14 48
10 48
0 48
38 49
0 49
24 49
3 49
3 50
40 50
29 50
5 50
22 51
0 51
34 51
41 51
9 52
45 52
8 52
30 52
44 53
8 53
33 53
17 53
2 54
0 54
45 54
42 54
20 55
6 55
4 55
11 55
12 56
33 56
32 56
1 56
21 57
1 57
8 57
20 57
41 58
55 58
16 58
11 58
8 59
20 59
41 59
10 59
9 60
10 60
47 60
46 60
11 61
33 61
8 61
9 61
8 62
14 62
21 62
12 62
22 63
9 63
27 63
62 63
31 64
25 64
9 64
36 64
56 65
8 65
2 65
6 65
9 66
22 66
25 66
30 66
56 67
1 67
65 67
11 67
11 68
10 68
30 68
31 68
52 69
5 69
58 69
4 69
0 70
12 70
62 70
31 70
0 71
1 71
8 71
51 71
55 72
35 72
1 72
9 72
56 73
3 73
52 73
36 73
4 74
18 74
27 74
59 74
25 75
0 75
2 75
6 75
20 76
68 76
32 76
4 76
14 77
62 77
43 77
33 77
26 78
5 78
66 78
30 78
78 79
60 79
12 79
52 79
20 80
17 80
10 80
52 80
61 81
0 81
9 81
67 81
52 82
1 82
60 82
81 82
64 83
11 83
65 83
6 83
6 84
37 84
74 84
13 84
36 85
17 85
11 85
49 85
53 86
52 86
6 86
16 86
71 87
70 87
13 87
31 87
7 88
41 88
5 88
47 88
65 89
26 89
46 89
52 89
0 90
2 90
9 90
87 90
48 91
54 91
84 91
21 91
36 92
2 92
11 92
90 92
11 93
70 93
9 93
66 93
90 94
0 94
33 94
67 94
4 95
62 95
11 95
65 95
60 96
41 96
11 96
2 96
0 97
2 97
20 97
10 97
8 98
5 98
88 98
75 98
9 99
71 99
0 99
72 99
1 1 0 0 1 1 0 1 0 0 0 0 1 0 0 1 1 1 0 1 0 1 0 0 1 1 0 0 1 1 0 1 0 0 1 1 0 0 1 0 1 1 0 0 1 0 0 0 1 0 1 0 0 0 0 1 1 1 0 0 0 0 1 1 0 1 0 0 1 0 1 0 0 0 0 1 0 0 0 1 0 1 0 1 0 1 0 1 0 0 0 1 1 0 0 1 1 0 0 1
1 1 1 1 0 1 0 1 1 1 0 0 0 1 1 0 1 1 0 1 1 0 0 0 0 1 1 1 0 1 1 0 1 0 1 0 0 1 0 1 1 0 0 0 0 1 1 0 1 1 1 1 0 1 1 0 1 1 1 1 1 0 1 1 0 1 0 1 1 1 0 1 1 0 0 1 1 0 1 1 1 1 1 0 1 0 0 1 1 0 1 0 0 1 1 1 0 1 1 0
0 1 0 1 1 1 0 1 0 1 1 1 1 1 1 1 1 1 0 1 1 1 0 0 1 0 1 0 1 1 0 1 1 1 1 1 0 1 0 1 1 0 0 0 0 0 1 1 1 1 1 0 1 0 0 1 0 1 1 0 1 1 1 1 1 0 1 1 1 0 1 0 1 0 0 1 1 0 1 0 0 0 0 0 0 0 0 1 0 1 1 1 1 1 1 1 0 1 0 1
0 1 0 0 1 1 0 0 0 0 1 1 0 1 1 0 0 1 0 0 1 1 0 1 0 0 0 1 0 0 0 0 1 1 1 1 1 1 1 0 1 0 1 0 0 0 0 1 1 1 1 1 0 1 1 1 1 0 0 0 0 0 1 1 1 0 0 1 1 1 1 1 1 1 1 0 1 0 1 0 0 0 0 1 1 1 0 1 0 0 1 1 0 1 0 1 0 1 0 1
0 1 1 1 0 1 1 1 0 0 0 0 1 1 0 1 1 1 0 0 1 1 0 0 0 1 0 1 0 0 0 1 1 1 0 0 1 0 0 1 1 1 1 0 1 1 0 1 0 1 0 1 1 1 0 1 1 1 0 0 0 0 1 1 0 0 1 1 1 1 0 0 0 0 0 0 0 0 1 0 0 1 1 1 1 1 0 1 1 1 1 1 0 1 0 0 0 1 0 1