100 780 5
0 1
0 2
1 2
0 3
1 3
2 3
0 4
1 4
2 4
3 4
2 5
3 5
4 5
0 5
0 6
3 6
4 6
1 6
3 7
4 7
1 7
2 7
2 8
6 8
5 8
7 8
2 9
6 9
5 9
8 9
2 10
3 10
9 10
6 10
5 11
10 11
1 11
8 11
11 12
3 12
5 12
2 12
5 13
1 13
7 13
8 13
2 14
0 14
12 14
9 14
14 15
0 15
13 15
9 15
10 16
14 16
2 16
1 16
2 17
1 17
9 17
4 17
17 18
2 18
4 18
6 18
16 19
7 19
8 19
1 19
2 20
13 20
19 20
9 20
3 21
7 21
5 21
6 21
7 22
8 22
1 22
9 22
17 23
6 23
21 23
10 23
3 24
0 24
18 24
10 24
17 25
19 25
5 25
9 25
5 26
10 26
18 26
12 26
5 27
12 27
9 27
4 27
0 28
2 28
1 28
9 28
5 29
16 29
7 29
21 29
9 30
7 30
8 30
15 30
10 31
17 31
5 31
23 31
12 32
7 32
9 32
0 32
13 33
3 33
10 33
26 33
12 34
3 34
18 34
27 34
2 35
18 35
31 35
8 35
14 36
18 36
11 36
33 36
5 37
26 37
19 37
13 37
19 38
1 38
20 38
2 38
25 39
21 39
18 39
22 39
28 40
22 40
6 40
20 40
2 41
32 41
39 41
1 41
31 42
0 42
26 42
33 42
8 43
22 43
2 43
42 43
18 44
3 44
8 44
23 44
10 45
9 45
4 45
32 45
9 46
23 46
4 46
2 46
12 47
2 47
18 47
38 47
20 48
43 48
1 48
12 48
13 49
31 49
15 49
21 49
15 50
8 50
35 50
3 50
12 51
21 51
48 51
42 51
2 52
27 52
1 52
3 52
31 53
9 53
25 53
30 53
15 54
5 54
3 54
21 54
2 55
21 55
29 55
27 55
30 56
1 56
26 56
9 56
24 57
32 57
53 57
23 57
10 58
2 58
8 58
35 58
14 59
35 59
9 59
34 59
19 60
32 60
29 60
33 60
9 61
6 61
21 61
4 61
3 62
12 62
15 62
9 62
47 63
6 63
52 63
33 63
15 64
17 64
19 64
2 64
5 65
3 65
0 65
18 65
26 66
2 66
3 66
64 66
5 67
47 67
32 67
7 67
12 68
4 68
32 68
25 68
47 69
1 69
26 69
50 69
50 70
54 70
58 70
25 70
55 71
9 71
3 71
33 71
2 72
19 72
28 72
3 72
48 73
9 73
30 73
18 73
3 74
36 74
44 74
32 74
2 75
37 75
55 75
12 75
49 76
34 76
36 76
5 76
65 77
74 77
57 77
6 77
14 78
66 78
7 78
1 78
74 79
0 79
1 79
36 79
73 80
3 80
59 80
68 80
60 81
66 81
7 81
22 81
73 82
44 82
33 82
9 82
14 83
63 83
29 83
34 83
20 84
7 84
79 84
2 84
45 85
49 85
69 85
42 85
59 86
7 86
2 86
0 86
1 87
37 87
2 87
3 87
1 88
32 88
14 88
29 88
4 89
3 89
27 89
5 89
3 90
33 90
17 90
9 90
28 91
71 91
36 91
68 91
17 92
3 92
1 92
43 92
0 93
1 93
55 93
33 93
3 94
4 94
18 94
17 94
28 95
0 95
7 95
33 95
13 96
60 96
46 96
42 96
90 97
32 97
41 97
29 97
17 98
85 98
33 98
11 98
55 99
21 99
72 99
14 99
1 0
2 0
2 1
3 0
3 1
3 2
4 0
4 1
4 2
4 3
5 2
5 3
5 4
5 0
6 0
6 3
6 4
6 1
7 3
7 4
7 1
7 2
8 2
8 6
8 5
8 7
9 2
9 6
9 5
9 8
10 2
10 3
10 9
10 6
11 5
11 10
11 1
11 8
12 11
12 3
12 5
12 2
13 5
13 1
13 7
13 8
14 2
14 0
14 12
14 9
15 14
15 0
15 13
15 9
16 10
16 14
16 2
16 1
17 2
17 1
17 9
17 4
18 17
18 2
18 4
18 6
19 16
19 7
19 8
19 1
20 2
20 13
20 19
20 9
21 3
21 7
21 5
21 6
22 7
22 8
22 1
22 9
23 17
23 6
23 21
23 10
24 3
24 0
24 18
24 10
25 17
25 19
25 5
25 9
26 5
26 10
26 18
26 12
27 5
27 12
27 9
27 4
28 0
28 2
28 1
28 9
29 5
29 16
29 7
29 21
30 9
30 7
30 8
30 15
31 10
31 17
31 5
31 23
32 12
32 7
32 9
32 0
33 13
33 3
33 10
33 26
34 12
34 3
34 18
34 27
35 2
35 18
35 31
35 8
36 14
36 18
36 11
36 33
37 5
37 26
37 19
37 13
38 19
38 1
38 20
38 2
39 25
39 21
39 18
39 22
40 28
40 22
40 6
40 20
41 2
41 32
41 39
41 1
42 31
42 0
42 26
42 33
43 8
43 22
43 2
43 42
44 18
44 3
44 8
44 23
45 10
45 9
45 4
45 32
46 9
46 23
46 4
46 2
47 12
47 2
47 18
47 38
48 20
48 43
48 1
48 12
49 13
49 31
49 15
49 21
50 15
50 8
50 35
50 3
51 12
51 21
51 48
51 42
52 2
52 27
52 1
52 3
53 31
53 9
53 25
53 30
54 15
54 5
54 3
54 21
55 2
55 21
55 29
55 27
56 30
56 1
56 26
56 9
57 24
57 32
57 53
57 23
58 10
58 2
58 8
58 35
59 14
59 35
59 9
59 34
60 19
60 32
60 29
60 33
61 9
61 6
61 21
61 4
62 3
62 12
62 15
62 9
63 47
63 6
63 52
63 33
64 15
64 17
64 19
64 2
65 5
65 3
65 0
65 18
66 26
66 2
66 3
66 64
67 5
67 47
67 32
67 7
68 12
68 4
68 32
68 25
69 47
69 1
69 26
69 50
70 50
70 54
70 58
70 25
71 55
71 9
71 3
71 33
72 2
72 19
72 28
72 3
73 48
73 9
73 30
73 18
74 3
74 36
74 44
74 32
75 2
75 37
75 55
75 12
76 49
76 34
76 36
76 5
77 65
77 74
77 57
77 6
78 14
78 66
78 7
78 1
79 74
79 0
79 1
79 36
80 73
80 3
80 59
80 68
81 60
81 66
81 7
81 22
82 73
82 44
82 33
82 9
83 14
83 63
83 29
83 34
84 20
84 7
84 79
84 2
85 45
85 49
85 69
85 42
86 59
86 7
86 2
86 0
87 1
87 37
87 2
87 3
88 1
88 32
88 14
88 29
89 4
89 3
89 27
89 5
90 3
90 33
90 17
90 9
91 28
91 71
91 36
91 68
92 17
92 3
92 1
92 43
93 0
93 1
93 55
93 33
94 3
94 4
94 18
94 17
95 28
95 0
95 7
95 33
96 13
96 60
96 46
96 42
97 90
97 32
97 41
97 29
98 17
98 85
98 33
98 11
99 55
99 21
99 72
99 14
0 1 0 1 0 0 1 1 1 0 1 0 0 1 0 1 0 0 0 1 1 1 1 0 1 0 0 1 1 0 0 0 1 1 1 1 0 1 1 0 0 1 1 0 0 0 1 0 0 0 1 1 1 1 0 0 0 1 1 0 0 1 1 1 1 0 0 0 1 1 0 1 1 1 1 0 0 1 0 0 0 0 0 0 0 0 0 0 1 1 1 1 0 1 0 1 1 0 0 1
1 1 1 1 0 0 1 1 1 1 0 0 1 0 0 0 0 0 1 1 0 0 1 0 0 0 1 1 0 0 0 0 0 0 1 0 0 0 0 1 1 1 1 0 0 0 1 1 1 0 0 1 0 0 0 0 1 1 1 0 0 0 1 0 0 1 0 1 1 1 1 1 1 1 0 1 0 1 1 0 0 1 0 1 0 0 1 0 0 0 1 0 0 1 0 1 0 0 0 1
0 0 0 0 0 0 0 1 0 0 0 0 1 1 0 1 0 0 1 1 0 0 0 1 1 0 1 1 0 0 0 1 1 0 0 0 0 0 0 1 1 0 0 0 0 1 0 0 0 1 0 1 0 0 0 0 0 0 1 0 0 0 1 1 1 1 0 1 1 1 1 1 1 1 0 0 0 0 1 1 0 0 0 1 1 1 1 0 1 0 0 0 0 0 0 1 1 1 0 1
1 0 1 1 1 1 1 1 1 0 1 1 0 0 1 0 1 0 1 0 0 1 1 1 0 1 1 1 1 0 0 1 1 0 1 0 0 1 1 0 1 0 0 1 1 1 1 1 1 0 1 0 0 1 1 1 1 1 1 0 1 1 0 0 1 0 1 1 1 1 0 0 1 0 1 0 1 0 0 0 0 0 1 1 0 1 1 0 0 0 1 1 1 0 1 0 1 0 1 0
0 1 1 1 0 1 0 1 0 1 1 0 1 1 1 1 0 0 0 1 0 1 1 0 1 1 1 0 1 1 0 1 0 0 0 1 0 0 0 0 1 1 0 0 0 0 1 1 0 0 1 0 1 0 0 0 1 1 0 1 1 1 0 1 1 0 1 0 0 1 0 0 0 0 0 1 1 0 0 1 0 0 1 1 0 0 1 0 1 0 0 0 1 1 1 0 1 1 0 1