50 98 5
0 1
1 2
0 3
1 4
0 5
2 6
0 7
3 8
3 9
1 10
2 11
3 12
9 13
11 14
3 15
14 16
4 17
4 18
10 19
2 20
11 21
5 22
2 23
1 24
4 25
25 26
8 27
26 28
16 29
3 30
22 31
4 32
10 33
2 34
12 35
19 36
25 37
0 38
10 39
17 40
33 41
32 42
3 43
9 44
1 45
1 46
1 47
6 48
1 49
1 0
2 1
3 0
4 1
5 0
6 2
7 0
8 3
9 3
10 1
11 2
12 3
13 9
14 11
15 3
16 14
17 4
18 4
19 10
20 2
21 11
22 5
23 2
24 1
25 4
26 25
27 8
28 26
29 16
30 3
31 22
32 4
33 10
34 2
35 12
36 19
37 25
38 0
39 10
40 17
41 33
42 32
43 3
44 9
45 1
46 1
47 1
48 6
49 1
0 0 1 1 0 0 1 1 0 0 1 0 0 1 1 0 1 1 1 1 1 0 1 1 0 0 0 1 1 0 0 1 0 1 0 1 1 0 0 0 1 1 1 0 0 1 1 1 0 0
1 1 0 1 1 1 0 0 1 1 1 1 0 0 0 0 1 0 0 1 0 1 1 1 0 1 1 0 1 1 1 1 0 1 0 1 1 1 1 0 1 1 0 1 0 1 0 1 1 0
0 1 1 0 0 0 0 1 0 1 0 1 0 1 0 0 1 1 0 1 1 0 0 1 1 1 1 1 0 1 0 1 0 0 1 1 0 0 0 1 1 1 0 0 0 1 0 0 0 0
0 0 1 1 1 0 0 1 0 0 0 1 0 1 0 0 0 0 0 1 0 0 0 0 1 1 0 1 0 0 1 1 1 1 1 1 0 1 0 1 1 1 0 1 0 1 1 1 1 1
1 0 1 1 1 0 1 0 0 1 1 1 0 0 1 0 1 0 0 1 0 1 1 1 0 0 1 1 1 1 1 0 0 0 1 0 0 0 1 1 0 0 0 1 1 1 1 0 0 0