100 780 5
0 1
0 2
1 2
0 3
1 3
2 3
0 4
1 4
2 4
3 4
3 5
0 5
1 5
2 5
4 6
0 6
1 6
3 6
0 7
6 7
1 7
3 7
2 8
3 8
1 8
0 8
2 9
3 9
1 9
0 9
8 10
2 10
4 10
0 10
7 11
8 11
10 11
2 11
0 12
6 12
1 12
10 12
5 13
8 13
10 13
2 13
0 14
7 14
2 14
9 14
3 15
0 15
13 15
1 15
4 16
2 16
6 16
5 16
2 17
0 17
8 17
3 17
0 18
1 18
2 18
9 18
6 19
3 19
11 19
2 19
18 20
14 20
9 20
12 20
10 21
9 21
2 21
13 21
4 22
11 22
5 22
1 22
0 23
20 23
17 23
4 23
2 24
21 24
3 24
15 24
1 25
5 25
3 25
13 25
2 26
18 26
8 26
4 26
18 27
2 27
8 27
6 27
2 28
14 28
3 28
17 28
28 29
22 29
9 29
25 29
26 30
12 30
22 30
2 30
11 31
19 31
8 31
0 31
11 32
3 32
18 32
1 32
5 33
20 33
29 33
9 33
10 34
5 34
20 34
15 34
15 35
4 35
23 35
24 35
34 36
30 36
16 36
5 36
10 37
2 37
36 37
21 37
14 38
0 38
8 38
3 38
25 39
20 39
7 39
19 39
16 40
19 40
0 40
11 40
5 41
0 41
36 41
20 41
40 42
24 42
12 42
23 42
16 43
37 43
38 43
32 43
1 44
43 44
42 44
4 44
21 45
22 45
33 45
11 45
13 46
45 46
0 46
21 46
46 47
23 47
18 47
1 47
27 48
43 48
3 48
11 48
1 49
24 49
14 49
3 49
2 50
20 50
11 50
30 50
43 51
2 51
45 51
12 51
16 52
6 52
7 52
20 52
8 53
36 53
25 53
3 53
5 54
39 54
45 54
25 54
15 55
39 55
9 55
8 55
14 56
31 56
53 56
20 56
54 57
41 57
2 57
53 57
30 58
41 58
11 58
8 58
34 59
11 59
20 59
1 59
6 60
20 60
56 60
36 60
5 61
43 61
9 61
10 61
15 62
29 62
19 62
44 62
26 63
59 63
16 63
29 63
9 64
21 64
23 64
8 64
16 65
11 65
3 65
56 65
11 66
28 66
5 66
2 66
4 67
2 67
1 67
10 67
49 68
12 68
7 68
0 68
3 69
2 69
27 69
51 69
8 70
0 70
9 70
5 70
4 71
1 71
21 71
51 71
5 72
13 72
20 72
42 72
14 73
51 73
5 73
34 73
0 74
48 74
1 74
61 74
2 75
33 75
26 75
16 75
52 76
16 76
31 76
42 76
44 77
10 77
68 77
0 77
0 78
9 78
56 78
21 78
0 79
1 79
27 79
37 79
12 80
51 80
11 80
61 80
62 81
10 81
34 81
12 81
62 82
27 82
13 82
55 82
18 83
33 83
44 83
10 83
10 84
77 84
13 84
59 84
7 85
5 85
62 85
78 85
6 86
0 86
11 86
79 86
11 87
44 87
43 87
1 87
83 88
6 88
26 88
73 88
27 89
76 89
1 89
3 89
82 90
2 90
20 90
7 90
1 91
29 91
5 91
2 91
57 92
36 92
68 92
20 92
90 93
6 93
13 93
48 93
6 94
76 94
11 94
68 94
42 95
10 95
6 95
33 95
35 96
48 96
93 96
44 96
21 97
23 97
0 97
17 97
56 98
20 98
68 98
8 98
43 99
76 99
10 99
16 99
1 0
2 0
2 1
3 0
3 1
3 2
4 0
4 1
4 2
4 3
5 3
5 0
5 1
5 2
6 4
6 0
6 1
6 3
7 0
7 6
7 1
7 3
8 2
8 3
8 1
8 0
9 2
9 3
9 1
9 0
10 8
10 2
10 4
10 0
11 7
11 8
11 10
11 2
12 0
12 6
12 1
12 10
13 5
13 8
13 10
13 2
14 0
14 7
14 2
14 9
15 3
15 0
15 13
15 1
16 4
16 2
16 6
16 5
17 2
17 0
17 8
17 3
18 0
18 1
18 2
18 9
19 6
19 3
19 11
19 2
20 18
20 14
20 9
20 12
21 10
21 9
21 2
21 13
22 4
22 11
22 5
22 1
23 0
23 20
23 17
23 4
24 2
24 21
24 3
24 15
25 1
25 5
25 3
25 13
26 2
26 18
26 8
26 4
27 18
27 2
27 8
27 6
28 2
28 14
28 3
28 17
29 28
29 22
29 9
29 25
30 26
30 12
30 22
30 2
31 11
31 19
31 8
31 0
32 11
32 3
32 18
32 1
33 5
33 20
33 29
33 9
34 10
34 5
34 20
34 15
35 15
35 4
35 23
35 24
36 34
36 30
36 16
36 5
37 10
37 2
37 36
37 21
38 14
38 0
38 8
38 3
39 25
39 20
39 7
39 19
40 16
40 19
40 0
40 11
41 5
41 0
41 36
41 20
42 40
42 24
42 12
42 23
43 16
43 37
43 38
43 32
44 1
44 43
44 42
44 4
45 21
45 22
45 33
45 11
46 13
46 45
46 0
46 21
47 46
47 23
47 18
47 1
48 27
48 43
48 3
48 11
49 1
49 24
49 14
49 3
50 2
50 20
50 11
50 30
51 43
51 2
51 45
51 12
52 16
52 6
52 7
52 20
53 8
53 36
53 25
53 3
54 5
54 39
54 45
54 25
55 15
55 39
55 9
55 8
56 14
56 31
56 53
56 20
57 54
57 41
57 2
57 53
58 30
58 41
58 11
58 8
59 34
59 11
59 20
59 1
60 6
60 20
60 56
60 36
61 5
61 43
61 9
61 10
62 15
62 29
62 19
62 44
63 26
63 59
63 16
63 29
64 9
64 21
64 23
64 8
65 16
65 11
65 3
65 56
66 11
66 28
66 5
66 2
67 4
67 2
67 1
67 10
68 49
68 12
68 7
68 0
69 3
69 2
69 27
69 51
70 8
70 0
70 9
70 5
71 4
71 1
71 21
71 51
72 5
72 13
72 20
72 42
73 14
73 51
73 5
73 34
74 0
74 48
74 1
74 61
75 2
75 33
75 26
75 16
76 52
76 16
76 31
76 42
77 44
77 10
77 68
77 0
78 0
78 9
78 56
78 21
79 0
79 1
79 27
79 37
80 12
80 51
80 11
80 61
81 62
81 10
81 34
81 12
82 62
82 27
82 13
82 55
83 18
83 33
83 44
83 10
84 10
84 77
84 13
84 59
85 7
85 5
85 62
85 78
86 6
86 0
86 11
86 79
87 11
87 44
87 43
87 1
88 83
88 6
88 26
88 73
89 27
89 76
89 1
89 3
90 82
90 2
90 20
90 7
91 1
91 29
91 5
91 2
92 57
92 36
92 68
92 20
93 90
93 6
93 13
93 48
94 6
94 76
94 11
94 68
95 42
95 10
95 6
95 33
96 35
96 48
96 93
96 44
97 21
97 23
97 0
97 17
98 56
98 20
98 68
98 8
99 43
99 76
99 10
99 16
1 1 0 0 1 1 0 1 0 1 0 0 1 1 1 1 1 0 1 0 1 1 0 1 1 1 0 0 1 1 0 1 0 0 1 0 1 1 0 1 0 1 1 1 1 1 0 1 0 0 0 1 1 0 0 1 0 0 0 1 1 0 1 1 0 0 1 1 0 1 0 1 1 1 0 1 0 0 0 0 1 1 1 1 1 1 1 0 1 1 0 1 1 0 1 1 1 0 0 0
0 1 0 1 0 1 0 0 0 1 1 0 0 0 1 1 0 1 0 0 0 1 1 0 1 0 1 0 0 1 1 0 0 0 1 1 0 1 0 0 1 0 0 0 0 1 0 1 1 1 1 1 1 1 0 0 0 0 1 1 0 0 1 1 0 1 1 0 1 0 1 1 1 1 0 0 1 0 0 0 0 0 0 1 1 0 1 1 0 1 0 1 1 1 1 1 0 0 1 1
0 1 0 0 0 1 0 1 1 0 1 0 1 0 0 0 1 1 0 0 0 0 0 1 0 1 0 1 0 0 0 0 1 0 1 0 0 1 1 0 1 0 1 1 0 0 0 1 0 0 1 0 0 1 0 1 0 1 0 1 0 1 0 0 0 0 0 1 0 0 0 0 1 1 0 0 1 0 0 1 0 1 0 0 1 0 0 1 1 0 1 0 1 0 0 1 0 0 1 1
0 0 1 1 1 1 0 1 0 0 1 0 1 1 0 0 1 1 1 0 0 0 1 1 0 0 1 1 0 0 0 1 1 1 1 1 0 0 1 1 1 0 0 0 0 0 0 1 0 1 1 0 0 0 1 1 1 0 1 1 0 1 1 0 1 0 1 1 1 1 0 0 0 0 0 0 0 0 1 0 0 0 1 1 1 0 1 0 0 0 0 0 0 0 1 0 0 1 0 1
0 1 1 1 1 1 0 1 0 0 1 1 1 1 1 1 1 1 1 0 1 0 0 0 1 1 1 1 1 1 1 0 0 1 1 1 1 0 1 0 0 1 1 0 1 0 0 0 1 0 1 1 0 0 0 0 1 0 0 1 0 0 0 1 0 0 1 0 1 0 0 0 1 1 0 0 0 0 1 0 0 0 1 0 1 1 1 0 1 1 0 0 0 0 1 0 0 1 1 1