100 780 5
0 1
0 2
1 2
0 3
1 3
2 3
0 4
1 4
2 4
3 4
4 5
3 5
2 5
1 5
1 6
4 6
2 6
3 6
5 7
6 7
2 7
1 7
1 8
0 8
2 8
5 8
3 9
5 9
2 9
8 9
3 10
4 10
2 10
6 10
7 11
10 11
2 11
4 11
4 12
1 12
10 12
7 12
11 13
7 13
2 13
8 13
13 14
5 14
10 14
8 14
5 15
2 15
12 15
0 15
4 16
5 16
7 16
6 16
16 17
3 17
10 17
7 17
15 18
0 18
7 18
2 18
8 19
2 19
7 19
16 19
1 20
9 20
14 20
17 20
2 21
14 21
17 21
9 21
13 22
3 22
11 22
16 22
19 23
17 23
18 23
15 23
0 24
3 24
8 24
22 24
6 25
22 25
10 25
17 25
13 26
14 26
12 26
1 26
19 27
4 27
3 27
0 27
16 28
17 28
27 28
13 28
10 29
15 29
9 29
5 29
23 30
1 30
10 30
7 30
0 31
25 31
5 31
27 31
1 32
7 32
2 32
18 32
7 33
8 33
10 33
24 33
14 34
18 34
30 34
2 34
15 35
10 35
11 35
24 35
15 36
28 36
4 36
12 36
6 37
7 37
25 37
2 37
30 38
5 38
36 38
2 38
7 39
18 39
17 39
3 39
10 40
26 40
4 40
37 40
7 41
2 41
1 41
28 41
4 42
28 42
10 42
19 42
24 43
35 43
29 43
1 43
24 44
30 44
28 44
38 44
16 45
37 45
6 45
41 45
40 46
17 46
41 46
15 46
10 47
2 47
1 47
17 47
9 48
2 48
15 48
5 48
10 49
21 49
7 49
22 49
10 50
25 50
2 50
46 50
17 51
7 51
1 51
8 51
7 52
49 52
6 52
10 52
7 53
2 53
1 53
44 53
3 54
8 54
29 54
53 54
1 55
27 55
5 55
15 55
37 56
16 56
17 56
22 56
1 57
2 57
3 57
17 57
22 58
9 58
2 58
20 58
2 59
11 59
28 59
22 59
40 60
18 60
49 60
26 60
27 61
4 61
40 61
2 61
7 62
12 62
5 62
18 62
27 63
17 63
7 63
56 63
22 64
10 64
13 64
27 64
10 65
57 65
45 65
47 65
37 66
5 66
9 66
0 66
65 67
51 67
49 67
7 67
10 68
42 68
8 68
11 68
34 69
6 69
57 69
7 69
35 70
0 70
6 70
11 70
5 71
38 71
48 71
15 71
10 72
7 72
12 72
24 72
60 73
10 73
38 73
34 73
4 74
2 74
22 74
46 74
74 75
71 75
6 75
30 75
30 76
46 76
4 76
1 76
22 77
59 77
4 77
63 77
46 78
53 78
37 78
42 78
47 79
18 79
7 79
0 79
10 80
63 80
43 80
69 80
2 81
7 81
78 81
0 81
27 82
2 82
76 82
59 82
52 83
30 83
7 83
27 83
42 84
53 84
10 84
83 84
36 85
11 85
16 85
1 85
12 86
2 86
57 86
66 86
4 87
20 87
33 87
43 87
71 88
17 88
2 88
10 88
81 89
26 89
15 89
10 89
5 90
30 90
25 90
85 90
7 91
29 91
22 91
1 91
26 92
34 92
40 92
14 92
7 93
2 93
43 93
57 93
22 94
14 94
70 94
1 94
13 95
10 95
0 95
11 95
26 96
11 96
30 96
76 96
5 97
19 97
80 97
92 97
71 98
60 98
21 98
24 98
67 99
0 99
19 99
3 99
1 0
2 0
2 1
3 0
3 1
3 2
4 0
4 1
4 2
4 3
5 4
5 3
5 2
5 1
6 1
6 4
6 2
6 3
7 5
7 6
7 2
7 1
8 1
8 0
8 2
8 5
9 3
9 5
9 2
9 8
10 3
10 4
10 2
10 6
11 7
11 10
11 2
11 4
12 4
12 1
12 10
12 7
13 11
13 7
13 2
13 8
14 13
14 5
14 10
14 8
15 5
15 2
15 12
15 0
16 4
16 5
16 7
16 6
17 16
17 3
17 10
17 7
18 15
18 0
18 7
18 2
19 8
19 2
19 7
19 16
20 1
20 9
20 14
20 17
21 2
21 14
21 17
21 9
22 13
22 3
22 11
22 16
23 19
23 17
23 18
23 15
24 0
24 3
24 8
24 22
25 6
25 22
25 10
25 17
26 13
26 14
26 12
26 1
27 19
27 4
27 3
27 0
28 16
28 17
28 27
28 13
29 10
29 15
29 9
29 5
30 23
30 1
30 10
30 7
31 0
31 25
31 5
31 27
32 1
32 7
32 2
32 18
33 7
33 8
33 10
33 24
34 14
34 18
34 30
34 2
35 15
35 10
35 11
35 24
36 15
36 28
36 4
36 12
37 6
37 7
37 25
37 2
38 30
38 5
38 36
38 2
39 7
39 18
39 17
39 3
40 10
40 26
40 4
40 37
41 7
41 2
41 1
41 28
42 4
42 28
42 10
42 19
43 24
43 35
43 29
43 1
44 24
44 30
44 28
44 38
45 16
45 37
45 6
45 41
46 40
46 17
46 41
46 15
47 10
47 2
47 1
47 17
48 9
48 2
48 15
48 5
49 10
49 21
49 7
49 22
50 10
50 25
50 2
50 46
51 17
51 7
51 1
51 8
52 7
52 49
52 6
52 10
53 7
53 2
53 1
53 44
54 3
54 8
54 29
54 53
55 1
55 27
55 5
55 15
56 37
56 16
56 17
56 22
57 1
57 2
57 3
57 17
58 22
58 9
58 2
58 20
59 2
59 11
59 28
59 22
60 40
60 18
60 49
60 26
61 27
61 4
61 40
61 2
62 7
62 12
62 5
62 18
63 27
63 17
63 7
63 56
64 22
64 10
64 13
64 27
65 10
65 57
65 45
65 47
66 37
66 5
66 9
66 0
67 65
67 51
67 49
67 7
68 10
68 42
68 8
68 11
69 34
69 6
69 57
69 7
70 35
70 0
70 6
70 11
71 5
71 38
71 48
71 15
72 10
72 7
72 12
72 24
73 60
73 10
73 38
73 34
74 4
74 2
74 22
74 46
75 74
75 71
75 6
75 30
76 30
76 46
76 4
76 1
77 22
77 59
77 4
77 63
78 46
78 53
78 37
78 42
79 47
79 18
79 7
79 0
80 10
80 63
80 43
80 69
81 2
81 7
81 78
81 0
82 27
82 2
82 76
82 59
83 52
83 30
83 7
83 27
84 42
84 53
84 10
84 83
85 36
85 11
85 16
85 1
86 12
86 2
86 57
86 66
87 4
87 20
87 33
87 43
88 71
88 17
88 2
88 10
89 81
89 26
89 15
89 10
90 5
90 30
90 25
90 85
91 7
91 29
91 22
91 1
92 26
92 34
92 40
92 14
93 7
93 2
93 43
93 57
94 22
94 14
94 70
94 1
95 13
95 10
95 0
95 11
96 26
96 11
96 30
96 76
97 5
97 19
97 80
97 92
98 71
98 60
98 21
98 24
99 67
99 0
99 19
99 3
0 0 1 1 1 0 0 1 1 1 1 1 1 1 0 1 1 1 0 1 0 0 1 1 1 0 1 0 0 1 0 1 1 1 0 1 1 1 1 0 1 0 1 1 1 0 0 0 0 0 0 0 0 1 0 1 1 1 1 0 0 1 1 1 1 0 0 1 0 1 0 1 1 1 1 1 1 1 1 1 0 0 0 1 0 1 1 0 1 0 1 0 0 0 1 1 0 1 0 1
0 0 1 0 1 1 1 0 0 1 1 0 0 0 1 0 1 1 1 0 0 1 1 1 1 0 1 1 1 0 0 0 0 1 0 0 0 1 0 1 0 1 0 0 0 1 0 0 1 0 1 1 1 1 1 1 0 1 0 0 0 1 0 0 0 1 1 0 0 0 1 0 1 0 0 0 0 1 0 1 1 0 1 0 0 0 1 1 1 1 0 1 0 1 0 0 0 0 1 1
1 0 0 0 1 0 1 0 1 1 1 1 0 1 0 1 1 1 0 1 0 1 1 0 1 0 1 1 1 0 1 0 1 0 1 1 0 1 1 1 1 0 1 1 0 1 0 0 0 0 0 0 0 0 0 0 1 1 1 1 1 0 1 0 0 0 0 1 1 1 1 0 1 1 0 1 0 0 0 1 1 0 1 1 1 0 1 1 1 1 1 0 1 1 0 1 0 0 0 0
1 1 0 0 0 0 0 1 1 1 0 1 0 1 0 0 1 0 1 1 0 0 1 0 0 0 1 1 1 1 1 1 0 1 0 0 1 1 0 1 0 0 0 0 0 1 0 0 1 1 1 0 0 1 0 1 0 1 1 0 0 0 0 1 0 0 0 0 0 1 0 1 1 0 0 1 1 0 0 1 0 0 0 1 1 1 1 1 1 1 1 0 0 0 1 1 0 0 1 0
0 0 1 1 0 1 1 0 0 1 1 0 1 1 1 1 0 0 0 1 1 1 0 0 0 1 0 0 1 1 0 0 1 1 0 1 1 0 0 1 0 0 1 0 0 1 0 1 0 1 1 0 0 0 0 0 0 0 1 0 1 0 0 1 1 0 0 0 1 1 1 1 0 0 1 0 0 0 1 0 1 1 1 1 0 1 0 1 0 0 0 0 0 0 1 0 1 1 1 0