100 394 5
0 1
0 2
1 2
1 3
2 3
3 4
0 4
2 5
0 5
0 6
2 6
1 7
3 7
0 8
3 8
3 9
6 9
1 10
0 10
1 11
0 11
6 12
4 12
12 13
9 13
6 14
10 14
13 15
9 15
13 16
3 16
7 17
10 17
3 18
7 18
14 19
10 19
11 20
3 20
3 21
8 21
3 22
17 22
14 23
11 23
17 24
3 24
6 25
1 25
22 26
14 26
12 27
16 27
14 28
1 28
22 29
16 29
8 30
4 30
14 31
1 31
1 32
3 32
28 33
7 33
12 34
14 34
1 35
15 35
6 36
3 36
2 37
9 37
19 38
1 38
15 39
31 39
26 40
35 40
3 41
26 41
6 42
31 42
37 43
4 43
4 44
21 44
4 45
5 45
3 46
1 46
45 47
6 47
6 48
7 48
14 49
9 49
10 50
15 50
24 51
7 51
1 52
16 52
42 53
31 53
6 54
50 54
3 55
4 55
3 56
25 56
14 57
37 57
0 58
28 58
45 59
50 59
35 60
3 60
20 61
39 61
3 62
12 62
35 63
3 63
3 64
8 64
54 65
6 65
5 66
14 66
3 67
19 67
61 68
35 68
13 69
25 69
1 70
14 70
1 71
46 71
32 72
50 72
15 73
12 73
28 74
64 74
5 75
56 75
42 76
17 76
73 77
54 77
35 78
3 78
3 79
77 79
48 80
35 80
28 81
76 81
39 82
47 82
76 83
78 83
51 84
42 84
75 85
44 85
0 86
65 86
51 87
9 87
1 88
33 88
19 89
42 89
68 90
39 90
42 91
3 91
10 92
52 92
37 93
92 93
57 94
19 94
32 95
61 95
23 96
47 96
71 97
22 97
37 98
56 98
44 99
2 99
1 0
2 0
2 1
3 1
3 2
4 3
4 0
5 2
5 0
6 0
6 2
7 1
7 3
8 0
8 3
9 3
9 6
10 1
10 0
11 1
11 0
12 6
12 4
13 12
13 9
14 6
14 10
15 13
15 9
16 13
16 3
17 7
17 10
18 3
18 7
19 14
19 10
20 11
20 3
21 3
21 8
22 3
22 17
23 14
23 11
24 17
24 3
25 6
25 1
26 22
26 14
27 12
27 16
28 14
28 1
29 22
29 16
30 8
30 4
31 14
31 1
32 1
32 3
33 28
33 7
34 12
34 14
35 1
35 15
36 6
36 3
37 2
37 9
38 19
38 1
39 15
39 31
40 26
40 35
41 3
41 26
42 6
42 31
43 37
43 4
44 4
44 21
45 4
45 5
46 3
46 1
47 45
47 6
48 6
48 7
49 14
49 9
50 10
50 15
51 24
51 7
52 1
52 16
53 42
53 31
54 6
54 50
55 3
55 4
56 3
56 25
57 14
57 37
58 0
58 28
59 45
59 50
60 35
60 3
61 20
61 39
62 3
62 12
63 35
63 3
64 3
64 8
65 54
65 6
66 5
66 14
67 3
67 19
68 61
68 35
69 13
69 25
70 1
70 14
71 1
71 46
72 32
72 50
73 15
73 12
74 28
74 64
75 5
75 56
76 42
76 17
77 73
77 54
78 35
78 3
79 3
79 77
80 48
80 35
81 28
81 76
82 39
82 47
83 76
83 78
84 51
84 42
85 75
85 44
86 0
86 65
87 51
87 9
88 1
88 33
89 19
89 42
90 68
90 39
91 42
91 3
92 10
92 52
93 37
93 92
94 57
94 19
95 32
95 61
96 23
96 47
97 71
97 22
98 37
98 56
99 44
99 2
0 1 1 0 0 1 0 0 0 0 1 0 0 0 0 0 0 0 0 0 0 0 0 0 0 1 0 0 1 1 1 1 0 0 0 0 0 1 1 1 1 1 0 0 1 0 1 0 1 1 1 0 1 0 0 0 1 0 1 0 1 0 1 0 0 0 1 1 0 1 0 0 1 0 0 1 0 0 1 0 0 0 0 1 1 0 1 1 1 1 1 0 0 0 1 1 1 1 0 0
1 1 1 1 0 1 0 0 0 0 1 1 0 1 0 0 1 0 0 1 0 0 1 0 0 0 1 0 1 0 0 0 1 0 0 1 1 1 0 1 1 0 0 0 0 0 1 0 1 0 0 1 0 0 0 0 1 0 0 1 1 0 1 1 1 0 0 0 0 1 1 1 0 1 1 1 1 0 1 1 0 1 1 0 0 1 0 1 0 1 1 1 0 0 1 1 0 0 0 0
1 0 0 0 0 1 0 1 1 0 1 1 1 0 1 1 1 0 1 0 0 1 1 0 1 0 0 0 0 1 1 1 0 0 0 0 0 1 1 1 1 0 0 0 1 1 0 0 1 0 0 0 0 0 0 0 1 1 1 0 1 1 0 1 0 0 0 0 1 0 1 1 0 0 1 1 1 0 0 1 0 0 0 0 0 0 1 1 0 1 0 0 1 0 1 1 0 0 0 0
0 0 1 1 0 1 0 0 0 1 0 1 1 0 1 1 1 0 0 0 1 0 1 1 1 1 0 0 1 0 0 1 0 1 1 0 1 0 0 1 1 0 1 0 1 1 1 1 0 1 1 0 0 0 0 1 1 1 1 0 0 1 0 1 0 1 1 0 0 1 0 0 1 0 0 1 0 0 1 1 1 1 1 1 0 1 0 1 0 0 1 0 1 1 1 0 1 0 0 1
0 0 0 1 1 0 0 1 1 0 0 1 0 0 1 1 0 0 0 0 1 1 0 0 1 1 0 1 0 0 1 0 1 0 0 1 1 0 1 1 0 0 1 1 0 1 1 1 0 1 1 1 0 1 0 0 0 1 0 0 1 1 0 0 0 0 0 1 0 0 0 1 0 0 1 0 1 1 0 1 0 1 1 1 0 0 1 1 1 1 1 1 0 0 1 1 1 0 0 0