50 194 5
0 1
0 2
1 2
0 3
1 3
1 4
0 4
2 5
0 5
5 6
3 6
4 7
1 7
3 8
0 8
2 9
5 9
5 10
6 10
7 11
2 11
4 12
10 12
0 13
2 13
13 14
1 14
9 15
3 15
0 16
14 16
10 17
14 17
5 18
1 18
14 19
17 19
11 20
1 20
5 21
1 21
19 22
0 22
18 23
3 23
1 24
2 24
3 25
1 25
14 26
6 26
1 27
11 27
23 28
2 28
10 29
5 29
11 30
20 30
1 31
27 31
29 32
13 32
5 33
19 33
23 34
11 34
14 35
23 35
25 36
19 36
16 37
19 37
23 38
11 38
15 39
11 39
18 40
23 40
5 41
1 41
5 42
13 42
18 43
4 43
1 44
41 44
1 45
6 45
12 46
20 46
18 47
41 47
0 48
33 48
22 49
25 49
1 0
2 0
2 1
3 0
3 1
4 1
4 0
5 2
5 0
6 5
6 3
7 4
7 1
8 3
8 0
9 2
9 5
10 5
10 6
11 7
11 2
12 4
12 10
13 0
13 2
14 13
14 1
15 9
15 3
16 0
16 14
17 10
17 14
18 5
18 1
19 14
19 17
20 11
20 1
21 5
21 1
22 19
22 0
23 18
23 3
24 1
24 2
25 3
25 1
26 14
26 6
27 1
27 11
28 23
28 2
29 10
29 5
30 11
30 20
31 1
31 27
32 29
32 13
33 5
33 19
34 23
34 11
35 14
35 23
36 25
36 19
37 16
37 19
38 23
38 11
39 15
39 11
40 18
40 23
41 5
41 1
42 5
42 13
43 18
43 4
44 1
44 41
45 1
45 6
46 12
46 20
47 18
47 41
48 0
48 33
49 22
49 25
1 1 1 1 1 0 0 1 1 0 0 1 0 1 1 0 0 1 1 1 0 0 0 0 1 0 0 0 0 0 0 1 1 1 1 0 1 1 0 0 0 1 0 0 0 1 1 1 0 1
0 1 1 1 1 0 1 1 0 0 0 0 0 0 0 1 0 0 0 1 0 1 0 1 0 1 0 1 0 1 0 0 0 0 1 0 1 1 0 0 0 0 0 1 0 1 0 0 1 1
1 1 1 0 0 0 0 0 0 0 1 1 1 0 1 1 1 0 1 0 1 1 1 1 0 0 0 1 0 0 0 1 0 0 0 1 0 1 1 1 1 1 0 1 1 1 1 1 1 0
0 0 1 1 0 0 1 1 0 1 0 0 0 0 1 1 0 1 1 1 0 0 1 0 1 1 0 1 1 0 0 0 0 0 0 1 1 1 0 0 1 0 1 0 1 0 0 1 1 0
1 0 0 0 1 0 1 0 0 0 0 1 0 1 0 1 0 0 1 1 0 1 0 0 1 0 0 1 1 0 0 0 1 0 0 1 0 0 1 0 0 1 1 1 0 1 0 1 1 0