250 1488 5
0 1
0 2
1 2
0 3
1 3
2 3
2 4
1 4
3 4
4 5
2 5
0 5
4 6
0 6
3 6
2 7
0 7
4 7
3 8
4 8
0 8
5 9
6 9
7 9
6 10
3 10
9 10
6 11
1 11
8 11
2 12
7 12
9 12
2 13
3 13
9 13
9 14
2 14
11 14
7 15
0 15
5 15
8 16
11 16
10 16
6 17
8 17
14 17
2 18
1 18
9 18
0 19
3 19
14 19
4 20
3 20
9 20
8 21
16 21
9 21
12 22
3 22
9 22
2 23
8 23
7 23
8 24
17 24
11 24
8 25
10 25
2 25
16 26
9 26
20 26
8 27
11 27
7 27
12 28
4 28
16 28
24 29
0 29
20 29
9 30
12 30
29 30
16 31
29 31
0 31
0 32
3 32
11 32
2 33
5 33
9 33
2 34
15 34
8 34
32 35
15 35
2 35
17 36
3 36
24 36
0 37
19 37
17 37
28 38
37 38
0 38
6 39
3 39
21 39
27 40
1 40
17 40
7 41
9 41
27 41
38 42
11 42
7 42
26 43
8 43
7 43
9 44
32 44
8 44
7 45
9 45
42 45
29 46
16 46
8 46
9 47
2 47
15 47
36 48
35 48
34 48
32 49
8 49
3 49
40 50
6 50
18 50
15 51
0 51
6 51
0 52
44 52
47 52
10 53
18 53
6 53
36 54
12 54
3 54
42 55
10 55
11 55
42 56
3 56
23 56
5 57
36 57
35 57
6 58
22 58
0 58
3 59
0 59
40 59
52 60
36 60
24 60
24 61
59 61
52 61
1 62
11 62
35 62
8 63
22 63
43 63
17 64
46 64
37 64
4 65
29 65
55 65
38 66
8 66
24 66
18 67
1 67
29 67
20 68
8 68
36 68
55 69
37 69
50 69
42 70
65 70
7 70
20 71
55 71
44 71
41 72
6 72
34 72
4 73
3 73
8 73
67 74
0 74
35 74
11 75
24 75
16 75
21 76
61 76
28 76
27 77
42 77
45 77
8 78
29 78
7 78
8 79
11 79
36 79
60 80
1 80
68 80
3 81
69 81
6 81
1 82
65 82
7 82
22 83
11 83
8 83
24 84
48 84
29 84
4 85
35 85
84 85
16 86
2 86
21 86
59 87
15 87
21 87
1 88
56 88
4 88
68 89
37 89
54 89
81 90
0 90
48 90
7 91
8 91
1 91
21 92
36 92
38 92
38 93
85 93
31 93
71 94
0 94
46 94
86 95
7 95
81 95
23 96
36 96
95 96
2 97
92 97
4 97
50 98
9 98
32 98
21 99
25 99
11 99
27 100
55 100
48 100
90 101
95 101
6 101
37 102
44 102
70 102
37 103
5 103
39 103
29 104
8 104
11 104
50 105
43 105
72 105
17 106
52 106
7 106
4 107
69 107
63 107
81 108
3 108
49 108
20 109
55 109
23 109
55 110
95 110
45 110
3 111
59 111
5 111
2 112
0 112
71 112
9 113
51 113
12 113
7 114
49 114
17 114
45 115
27 115
12 115
18 116
20 116
75 116
20 117
3 117
19 117
10 118
9 118
4 118
75 119
17 119
50 119
42 120
0 120
69 120
8 121
56 121
24 121
105 122
27 122
118 122
23 123
95 123
120 123
8 124
93 124
120 124
123 125
25 125
66 125
3 126
104 126
1 126
7 127
38 127
30 127
46 128
92 128
31 128
118 129
3 129
77 129
24 130
16 130
67 130
90 131
37 131
55 131
33 132
11 132
28 132
32 133
2 133
28 133
52 134
65 134
13 134
36 135
91 135
72 135
1 136
0 136
41 136
19 137
122 137
50 137
68 138
3 138
61 138
23 139
36 139
45 139
45 140
81 140
80 140
19 141
46 141
49 141
99 142
20 142
23 142
24 143
139 143
46 143
24 144
18 144
97 144
2 145
28 145
7 145
48 146
20 146
120 146
42 147
20 147
3 147
88 148
7 148
42 148
30 149
24 149
124 149
2 150
148 150
23 150
13 151
23 151
36 151
0 152
104 152
18 152
3 153
94 153
108 153
49 154
84 154
40 154
139 155
82 155
9 155
29 156
94 156
47 156
95 157
12 157
130 157
8 158
155 158
123 158
125 159
69 159
143 159
54 160
50 160
24 160
18 161
57 161
46 161
36 162
16 162
42 162
0 163
8 163
38 163
98 164
73 164
18 164
125 165
91 165
15 165
36 166
68 166
33 166
159 167
2 167
138 167
15 168
159 168
56 168
0 169
110 169
142 169
114 170
23 170
3 170
49 171
68 171
153 171
11 172
130 172
23 172
3 173
41 173
23 173
77 174
142 174
133 174
32 175
0 175
107 175
155 176
9 176
6 176
52 177
176 177
106 177
24 178
6 178
8 178
27 179
168 179
111 179
0 180
38 180
15 180
66 181
114 181
7 181
10 182
86 182
9 182
149 183
63 183
11 183
32 184
72 184
71 184
180 185
55 185
26 185
12 186
30 186
36 186
68 187
22 187
36 187
42 188
103 188
56 188
94 189
46 189
6 189
0 190
41 190
86 190
49 191
3 191
67 191
83 192
38 192
29 192
8 193
52 193
116 193
190 194
12 194
47 194
47 195
8 195
20 195
16 196
154 196
120 196
8 197
4 197
3 197
23 198
11 198
92 198
14 199
10 199
168 199
117 200
191 200
75 200
45 201
7 201
115 201
7 202
72 202
144 202
75 203
174 203
55 203
190 204
101 204
0 204
12 205
45 205
67 205
55 206
30 206
8 206
42 207
176 207
33 207
181 208
16 208
4 208
165 209
37 209
162 209
74 210
44 210
27 210
89 211
146 211
50 211
189 212
1 212
7 212
3 213
6 213
1 213
164 214
81 214
63 214
55 215
154 215
72 215
194 216
178 216
183 216
78 217
7 217
90 217
55 218
120 218
124 218
82 219
8 219
16 219
56 220
93 220
9 220
3 221
10 221
4 221
54 222
146 222
45 222
150 223
99 223
187 223
168 224
47 224
143 224
37 225
157 225
9 225
29 226
60 226
178 226
134 227
4 227
48 227
3 228
117 228
203 228
39 229
177 229
67 229
108 230
94 230
46 230
86 231
136 231
70 231
7 232
143 232
0 232
11 233
67 233
107 233
2 234
38 234
190 234
37 235
7 235
109 235
24 236
175 236
51 236
78 237
134 237
174 237
0 238
29 238
194 238
41 239
178 239
56 239
37 240
215 240
216 240
193 241
46 241
9 241
106 242
154 242
24 242
50 243
231 243
216 243
92 244
196 244
234 244
123 245
2 245
68 245
0 246
112 246
41 246
55 247
9 247
120 247
103 248
85 248
111 248
41 249
120 249
114 249
1 0
2 0
2 1
3 0
3 1
3 2
4 2
4 1
4 3
5 4
5 2
5 0
6 4
6 0
6 3
7 2
7 0
7 4
8 3
8 4
8 0
9 5
9 6
9 7
10 6
10 3
10 9
11 6
11 1
11 8
12 2
12 7
12 9
13 2
13 3
13 9
14 9
14 2
14 11
15 7
15 0
15 5
16 8
16 11
16 10
17 6
17 8
17 14
18 2
18 1
18 9
19 0
19 3
19 14
20 4
20 3
20 9
21 8
21 16
21 9
22 12
22 3
22 9
23 2
23 8
23 7
24 8
24 17
24 11
25 8
25 10
25 2
26 16
26 9
26 20
27 8
27 11
27 7
28 12
28 4
28 16
29 24
29 0
29 20
30 9
30 12
30 29
31 16
31 29
31 0
32 0
32 3
32 11
33 2
33 5
33 9
34 2
34 15
34 8
35 32
35 15
35 2
36 17
36 3
36 24
37 0
37 19
37 17
38 28
38 37
38 0
39 6
39 3
39 21
40 27
40 1
40 17
41 7
41 9
41 27
42 38
42 11
42 7
43 26
43 8
43 7
44 9
44 32
44 8
45 7
45 9
45 42
46 29
46 16
46 8
47 9
47 2
47 15
48 36
48 35
48 34
49 32
49 8
49 3
50 40
50 6
50 18
51 15
51 0
51 6
52 0
52 44
52 47
53 10
53 18
53 6
54 36
54 12
54 3
55 42
55 10
55 11
56 42
56 3
56 23
57 5
57 36
57 35
58 6
58 22
58 0
59 3
59 0
59 40
60 52
60 36
60 24
61 24
61 59
61 52
62 1
62 11
62 35
63 8
63 22
63 43
64 17
64 46
64 37
65 4
65 29
65 55
66 38
66 8
66 24
67 18
67 1
67 29
68 20
68 8
68 36
69 55
69 37
69 50
70 42
70 65
70 7
71 20
71 55
71 44
72 41
72 6
72 34
73 4
73 3
73 8
74 67
74 0
74 35
75 11
75 24
75 16
76 21
76 61
76 28
77 27
77 42
77 45
78 8
78 29
78 7
79 8
79 11
79 36
80 60
80 1
80 68
81 3
81 69
81 6
82 1
82 65
82 7
83 22
83 11
83 8
84 24
84 48
84 29
85 4
85 35
85 84
86 16
86 2
86 21
87 59
87 15
87 21
88 1
88 56
88 4
89 68
89 37
89 54
90 81
90 0
90 48
91 7
91 8
91 1
92 21
92 36
92 38
93 38
93 85
93 31
94 71
94 0
94 46
95 86
95 7
95 81
96 23
96 36
96 95
97 2
97 92
97 4
98 50
98 9
98 32
99 21
99 25
99 11
100 27
100 55
100 48
101 90
101 95
101 6
102 37
102 44
102 70
103 37
103 5
103 39
104 29
104 8
104 11
105 50
105 43
105 72
106 17
106 52
106 7
107 4
107 69
107 63
108 81
108 3
108 49
109 20
109 55
109 23
110 55
110 95
110 45
111 3
111 59
111 5
112 2
112 0
112 71
113 9
113 51
113 12
114 7
114 49
114 17
115 45
115 27
115 12
116 18
116 20
116 75
117 20
117 3
117 19
118 10
118 9
118 4
119 75
119 17
119 50
120 42
120 0
120 69
121 8
121 56
121 24
122 105
122 27
122 118
123 23
123 95
123 120
124 8
124 93
124 120
125 123
125 25
125 66
126 3
126 104
126 1
127 7
127 38
127 30
128 46
128 92
128 31
129 118
129 3
129 77
130 24
130 16
130 67
131 90
131 37
131 55
132 33
132 11
132 28
133 32
133 2
133 28
134 52
134 65
134 13
135 36
135 91
135 72
136 1
136 0
136 41
137 19
137 122
137 50
138 68
138 3
138 61
139 23
139 36
139 45
140 45
140 81
140 80
141 19
141 46
141 49
142 99
142 20
142 23
143 24
143 139
143 46
144 24
144 18
144 97
145 2
145 28
145 7
146 48
146 20
146 120
147 42
147 20
147 3
148 88
148 7
148 42
149 30
149 24
149 124
150 2
150 148
150 23
151 13
151 23
151 36
152 0
152 104
152 18
153 3
153 94
153 108
154 49
154 84
154 40
155 139
155 82
155 9
156 29
156 94
156 47
157 95
157 12
157 130
158 8
158 155
158 123
159 125
159 69
159 143
160 54
160 50
160 24
161 18
161 57
161 46
162 36
162 16
162 42
163 0
163 8
163 38
164 98
164 73
164 18
165 125
165 91
165 15
166 36
166 68
166 33
167 159
167 2
167 138
168 15
168 159
168 56
169 0
169 110
169 142
170 114
170 23
170 3
171 49
171 68
171 153
172 11
172 130
172 23
173 3
173 41
173 23
174 77
174 142
174 133
175 32
175 0
175 107
176 155
176 9
176 6
177 52
177 176
177 106
178 24
178 6
178 8
179 27
179 168
179 111
180 0
180 38
180 15
181 66
181 114
181 7
182 10
182 86
182 9
183 149
183 63
183 11
184 32
184 72
184 71
185 180
185 55
185 26
186 12
186 30
186 36
187 68
187 22
187 36
188 42
188 103
188 56
189 94
189 46
189 6
190 0
190 41
190 86
191 49
191 3
191 67
192 83
192 38
192 29
193 8
193 52
193 116
194 190
194 12
194 47
195 47
195 8
195 20
196 16
196 154
196 120
197 8
197 4
197 3
198 23
198 11
198 92
199 14
199 10
199 168
200 117
200 191
200 75
201 45
201 7
201 115
202 7
202 72
202 144
203 75
203 174
203 55
204 190
204 101
204 0
205 12
205 45
205 67
206 55
206 30
206 8
207 42
207 176
207 33
208 181
208 16
208 4
209 165
209 37
209 162
210 74
210 44
210 27
211 89
211 146
211 50
212 189
212 1
212 7
213 3
213 6
213 1
214 164
214 81
214 63
215 55
215 154
215 72
216 194
216 178
216 183
217 78
217 7
217 90
218 55
218 120
218 124
219 82
219 8
219 16
220 56
220 93
220 9
221 3
221 10
221 4
222 54
222 146
222 45
223 150
223 99
223 187
224 168
224 47
224 143
225 37
225 157
225 9
226 29
226 60
226 178
227 134
227 4
227 48
228 3
228 117
228 203
229 39
229 177
229 67
230 108
230 94
230 46
231 86
231 136
231 70
232 7
232 143
232 0
233 11
233 67
233 107
234 2
234 38
234 190
235 37
235 7
235 109
236 24
236 175
236 51
237 78
237 134
237 174
238 0
238 29
238 194
239 41
239 178
239 56
240 37
240 215
240 216
241 193
241 46
241 9
242 106
242 154
242 24
243 50
243 231
243 216
244 92
244 196
244 234
245 123
245 2
245 68
246 0
246 112
246 41
247 55
247 9
247 120
248 103
248 85
248 111
249 41
249 120
249 114
1 0 0 1 1 0 0 0 1 1 0 0 0 1 1 1 1 0 0 0 0 0 0 1 1 1 1 0 1 0 0 0 0 0 1 1 1 0 0 0 0 0 0 0 0 1 0 0 0 0 0 0 1 1 0 1 1 0 1 1 1 1 1 0 1 1 1 1 1 0 1 0 0 0 0 1 0 1 1 0 1 0 0 1 1 1 0 1 0 1 0 1 1 0 0 0 0 1 0 1 0 0 0 0 0 0 1 0 1 1 1 1 1 0 1 0 1 1 0 1 0 1 0 0 0 0 1 1 1 1 1 1 1 0 1 1 1 1 1 1 0 1 0 1 1 1 1 0 0 0 1 1 1 0 1 0 0 0 1 1 0 0 0 0 0 1 0 1 1 1 1 1 1 1 1 0 1 1 0 0 1 1 1 1 1 0 0 1 1 1 0 1 1 0 0 1 0 0 0 0 0 1 1 0 1 0 1 1 0 0 1 1 0 1 1 0 1 1 1 0 0 1 1 0 1 1 1 0 0 0 0 1 0 1 0 0 1 1 0 1 0 0 0 0 0 0 1 0 1 0
1 1 1 1 1 1 0 0 1 0 1 0 0 1 0 0 1 1 0 0 1 1 0 1 0 0 1 0 0 0 1 1 0 0 1 0 1 1 0 1 0 1 0 0 1 0 0 1 1 1 0 1 0 1 1 1 0 1 1 1 0 1 1 1 1 1 1 0 0 1 0 1 0 0 1 1 0 0 0 0 0 0 0 1 0 0 0 0 0 1 0 1 1 1 0 0 1 0 0 0 0 1 1 1 1 0 0 1 1 0 1 0 1 1 1 1 1 0 1 1 1 1 1 0 0 1 0 1 0 0 0 1 0 0 1 0 0 0 0 1 1 1 1 1 0 0 1 1 1 0 0 1 0 1 0 0 1 1 0 1 0 1 0 1 1 1 1 1 1 1 1 0 0 1 1 1 0 1 1 1 1 0 1 1 0 1 1 1 0 1 0 0 0 1 0 0 0 0 0 0 0 1 0 1 0 0 0 1 0 1 1 0 1 1 0 0 1 0 0 0 0 1 1 0 0 1 0 1 1 1 0 0 1 1 0 1 1 1 0 1 0 1 1 1 1 0 1 0 0 1
1 0 1 0 0 0 0 0 0 0 0 0 0 0 1 0 0 0 0 0 1 0 1 0 1 0 1 0 0 1 0 1 1 0 1 0 0 0 0 1 1 1 0 1 1 1 1 0 1 0 0 1 1 1 1 1 1 0 0 1 1 0 0 1 0 1 0 1 0 0 0 1 1 0 1 1 1 1 1 1 1 0 0 1 1 1 0 0 0 0 1 0 1 1 0 1 0 1 0 1 0 1 1 1 1 0 1 0 0 0 0 0 1 1 0 0 1 1 1 0 0 0 0 0 1 1 1 0 0 0 1 1 0 0 0 0 0 0 0 0 0 0 0 0 1 0 0 1 0 0 1 0 0 0 0 1 1 0 0 0 0 0 1 0 1 1 0 1 1 0 0 0 0 1 1 1 0 0 0 1 0 0 1 1 0 1 1 0 0 0 0 0 0 0 0 0 1 1 0 1 1 1 0 0 1 1 0 0 1 1 1 1 0 1 1 0 1 0 1 1 1 0 0 0 1 0 1 1 1 0 0 0 1 0 1 0 0 0 1 1 0 0 1 0 1 1 0 1 1 0
0 0 0 0 1 0 0 0 1 0 1 1 0 1 1 1 0 0 1 1 0 1 0 0 0 1 0 0 1 0 0 0 1 1 1 1 1 1 1 0 1 0 1 0 0 0 0 1 1 0 0 0 0 1 1 0 0 0 0 1 0 1 1 1 0 1 0 0 0 1 1 1 0 1 1 1 0 0 1 0 1 1 1 1 1 0 1 0 0 1 1 0 1 0 0 1 1 0 1 1 0 1 0 0 1 1 1 0 0 1 0 0 0 1 0 0 1 0 1 0 1 0 0 1 1 0 1 0 0 0 0 1 1 0 0 1 1 1 0 0 0 0 1 0 1 1 0 1 1 1 0 1 0 1 0 0 0 0 1 0 0 0 0 1 0 1 0 1 1 1 1 0 1 1 1 1 1 0 1 1 1 0 0 0 1 0 1 1 1 0 1 1 1 1 0 0 1 1 1 0 1 1 0 0 0 0 1 0 0 0 1 0 0 0 0 1 0 0 0 1 0 1 1 0 1 1 0 0 1 1 1 0 0 0 0 1 1 1 0 1 1 1 0 0 1 0 1 1 1 0
1 1 1 0 0 1 1 0 0 0 1 1 0 0 0 0 0 0 1 1 0 1 0 1 0 0 1 1 1 1 0 1 1 0 0 0 1 0 1 1 0 1 0 0 0 0 1 1 1 1 0 1 1 0 0 1 0 1 0 0 0 1 1 1 0 1 0 1 1 0 1 0 1 1 1 1 1 0 1 1 1 0 1 1 0 1 0 1 1 1 1 1 0 1 1 1 0 1 0 1 0 1 1 0 0 0 0 1 0 1 1 0 1 1 0 0 0 1 1 1 1 0 1 0 0 0 1 1 0 0 1 0 0 0 1 0 0 0 1 0 1 1 0 0 1 0 0 0 0 0 0 1 1 1 1 0 1 0 1 1 1 0 0 1 1 1 0 1 1 0 1 0 0 1 1 0 0 0 0 0 1 0 1 0 0 1 0 0 1 1 1 1 0 0 0 0 1 1 1 0 1 0 0 1 0 1 1 0 1 1 0 0 0 0 0 1 1 1 1 0 1 0 1 0 1 1 0 0 1 0 1 1 0 0 0 1 0 0 0 0 1 1 1 1 1 1 1 0 1 0