50 288 5
0 1
0 2
1 2
0 3
1 3
2 3
0 4
1 4
2 4
0 5
2 5
1 5
1 6
0 6
4 6
0 7
4 7
6 7
0 8
6 8
1 8
4 9
7 9
0 9
4 10
5 10
0 10
0 11
10 11
4 11
7 12
9 12
11 12
5 13
12 13
2 13
7 14
0 14
6 14
11 15
1 15
8 15
2 16
3 16
8 16
1 17
14 17
13 17
17 18
10 18
6 18
8 19
18 19
6 19
16 20
9 20
10 20
2 21
9 21
19 21
0 22
9 22
15 22
16 23
9 23
1 23
0 24
12 24
6 24
20 25
2 25
23 25
22 26
1 26
8 26
13 27
4 27
14 27
4 28
0 28
19 28
0 29
20 29
2 29
9 30
0 30
20 30
6 31
9 31
3 31
0 32
16 32
18 32
4 33
1 33
9 33
23 34
10 34
24 34
13 35
32 35
0 35
2 36
35 36
33 36
5 37
27 37
16 37
11 38
35 38
6 38
6 39
11 39
32 39
18 40
2 40
5 40
6 41
33 41
7 41
29 42
11 42
10 42
18 43
7 43
42 43
32 44
43 44
5 44
29 45
2 45
0 45
0 46
40 46
3 46
0 47
25 47
36 47
39 48
7 48
13 48
3 49
10 49
35 49
1 0
2 0
2 1
3 0
3 1
3 2
4 0
4 1
4 2
5 0
5 2
5 1
6 1
6 0
6 4
7 0
7 4
7 6
8 0
8 6
8 1
9 4
9 7
9 0
10 4
10 5
10 0
11 0
11 10
11 4
12 7
12 9
12 11
13 5
13 12
13 2
14 7
14 0
14 6
15 11
15 1
15 8
16 2
16 3
16 8
17 1
17 14
17 13
18 17
18 10
18 6
19 8
19 18
19 6
20 16
20 9
20 10
21 2
21 9
21 19
22 0
22 9
22 15
23 16
23 9
23 1
24 0
24 12
24 6
25 20
25 2
25 23
26 22
26 1
26 8
27 13
27 4
27 14
28 4
28 0
28 19
29 0
29 20
29 2
30 9
30 0
30 20
31 6
31 9
31 3
32 0
32 16
32 18
33 4
33 1
33 9
34 23
34 10
34 24
35 13
35 32
35 0
36 2
36 35
36 33
37 5
37 27
37 16
38 11
38 35
38 6
39 6
39 11
39 32
40 18
40 2
40 5
41 6
41 33
41 7
42 29
42 11
42 10
43 18
43 7
43 42
44 32
44 43
44 5
45 29
45 2
45 0
46 0
46 40
46 3
47 0
47 25
47 36
48 39
48 7
48 13
49 3
49 10
49 35
0 1 1 0 1 0 1 1 1 0 1 0 0 1 1 0 1 1 1 1 1 0 0 1 0 1 1 1 1 1 1 1 0 1 1 0 1 1 1 0 1 0 1 0 0 0 0 0 0 1
1 0 0 1 0 1 0 1 0 1 0 0 0 0 1 1 0 0 0 1 0 1 0 0 1 1 1 1 1 0 0 1 1 1 0 0 1 0 1 1 1 1 1 0 0 0 0 0 1 1
1 0 0 0 0 1 1 0 1 0 1 1 0 0 0 0 0 0 1 0 1 1 1 0 1 1 0 0 1 0 1 1 0 1 1 1 1 1 0 0 0 1 0 0 1 0 1 1 1 0
1 1 0 0 1 0 0 0 1 1 0 0 1 0 0 0 0 1 0 1 0 0 0 1 1 1 1 0 1 0 0 0 0 0 1 1 1 1 1 1 1 1 1 1 0 0 1 0 0 0
0 0 1 1 1 0 1 0 0 1 0 1 1 1 0 0 0 1 0 0 1 1 0 0 1 1 0 0 0 0 0 1 1 1 0 0 1 1 0 0 1 0 0 1 1 0 1 0 1 0