100 390 5
0 1 0 1 0 1 1 1 1 0 0 1 1 1 1 0 0 1 1 0 1 0 1 0 0 1 1 1 0 0 1 0 1 1 1 1 1 0 1 0 1 0 1 0 1 0 1 1 1 1 0 1 1 1 1 1 0 1 0 1 1 1 1 1 1 1 1 1 1 1 0 0 0 0 0 0 0 0 1 0 0 0 1 0 0 1 0 1 1 1 0 1 1 0 1 1 0 0 0 0
1 0 0 1 1 1 0 0 0 1 1 0 0 1 1 1 0 0 1 1 1 0 1 0 1 1 0 0 1 0 0 1 0 0 0 0 0 1 0 0 1 1 1 0 0 0 1 1 1 0 1 0 0 0 1 1 0 1 1 0 0 1 0 1 1 1 1 1 1 0 0 0 1 0 0 0 1 0 0 1 1 0 0 1 0 0 0 0 0 1 0 0 0 0 1 1 1 1 0 0
0 1 0 0 0 0 1 1 0 0 0 1 0 0 0 0 1 0 1 0 1 0 1 0 1 1 0 0 0 0 0 1 0 1 0 0 1 1 1 1 1 0 1 1 0 1 0 0 0 0 0 1 1 0 1 1 1 0 1 1 1 1 1 0 0 0 1 0 0 1 0 0 0 0 0 1 1 1 0 1 0 0 0 0 0 1 1 1 1 0 1 1 1 1 1 1 0 0 0 1
0 1 1 0 0 1 1 0 1 0 1 1 1 1 1 1 1 1 0 0 1 1 1 0 1 0 0 0 1 0 0 0 0 1 0 1 1 1 0 0 1 0 0 0 1 1 1 1 1 1 1 1 0 1 1 1 0 0 0 1 1 0 0 1 0 0 0 1 1 0 1 0 0 0 0 1 1 1 1 1 1 0 1 1 1 1 1 0 1 0 1 0 0 0 0 1 0 1 0 0
1 0 1 0 0 0 0 0 1 0 0 0 1 1 0 0 1 1 1 0 0 1 0 1 1 0 1 0 0 1 1 0 0 1 0 0 1 1 0 1 1 1 1 0 0 0 0 1 0 1 0 0 0 1 0 0 1 0 1 0 1 1 0 1 1 1 1 0 0 1 0 1 0 1 0 1 0 0 1 1 1 1 1 1 0 0 0 1 1 0 0 1 0 1 0 1 1 0 1 1
0 1
0 2
1 2
0 3
1 3
2 3
0 4
1 4
2 4
3 4
0 5
4 5
3 5
2 5
5 6
4 6
2 6
1 6
4 7
6 7
2 7
0 7
3 8
1 8
4 8
6 8
6 9
5 9
4 9
1 9
5 10
0 10
2 10
1 10
5 11
0 11
6 11
2 11
1 12
8 12
4 12
10 12
7 13
6 13
1 13
12 13
2 14
1 14
8 14
0 14
11 15
8 15
2 15
7 15
13 16
2 16
0 16
12 16
13 17
6 17
2 17
1 17
0 18
2 18
6 18
17 18
2 19
6 19
1 19
0 19
16 20
0 20
3 20
1 20
8 21
0 21
4 21
6 21
13 22
8 22
17 22
5 22
22 23
9 23
8 23
20 23
3 24
15 24
7 24
2 24
6 25
1 25
2 25
14 25
9 26
3 26
13 26
1 26
14 27
9 27
4 27
8 27
23 28
7 28
5 28
6 28
5 29
6 29
12 29
8 29
29 30
5 30
0 30
15 30
3 31
27 31
4 31
11 31
3 32
27 32
0 32
31 32
1 33
19 33
30 33
5 33
31 34
24 34
16 34
25 34
22 35
24 35
13 35
4 35
31 36
14 36
13 36
33 36
0 37
26 37
18 37
19 37
31 38
1 38
6 38
21 38
28 39
35 39
19 39
30 39
2 40
5 40
28 40
12 40
16 41
1 41
22 41
9 41
31 42
6 42
7 42
5 42
40 43
2 43
1 43
34 43
2 44
14 44
15 44
34 44
13 45
11 45
10 45
24 45
14 46
38 46
0 46
42 46
0 47
11 47
4 47
1 47
14 48
26 48
28 48
12 48
3 49
13 49
9 49
25 49
0 50
3 50
5 50
20 50
4 51
31 51
6 51
0 51
36 52
12 52
16 52
4 52
13 53
26 53
16 53
49 53
31 54
1 54
52 54
14 54
4 55
0 55
49 55
24 55
3 56
38 56
16 56
23 56
26 57
55 57
45 57
49 57
5 58
13 58
6 58
51 58
5 59
55 59
47 59
3 59
30 60
48 60
54 60
24 60
1 61
5 61
50 61
32 61
33 62
25 62
40 62
32 62
2 63
30 63
16 63
1 63
16 64
22 64
3 64
25 64
57 65
64 65
14 65
21 65
65 66
44 66
53 66
15 66
18 67
0 67
25 67
24 67
64 68
19 68
2 68
16 68
19 69
2 69
60 69
0 69
57 70
64 70
8 70
23 70
9 71
21 71
25 71
19 71
59 72
31 72
43 72
42 72
48 73
17 73
9 73
13 73
29 74
5 74
13 74
44 74
11 75
16 75
31 75
41 75
7 76
40 76
42 76
31 76
16 77
37 77
4 77
14 77
58 78
11 78
2 78
60 78
46 79
39 79
70 79
24 79
64 80
31 80
44 80
52 80
69 81
79 81
43 81
80 81
3 82
42 82
70 82
23 82
64 83
31 83
55 83
6 83
3 84
16 84
25 84
45 84
31 85
55 85
15 85
8 85
61 86
9 86
5 86
0 86
16 87
5 87
21 87
14 87
34 88
0 88
16 88
77 88
55 89
2 89
7 89
0 89
33 90
14 90
20 90
22 90
61 91
55 91
57 91
77 91
39 92
53 92
41 92
34 92
2 93
29 93
44 93
70 93
75 94
64 94
25 94
2 94
4 95
1 95
93 95
61 95
7 96
2 96
5 96
70 96
4 97
26 97
23 97
18 97
44 98
96 98
26 98
42 98
44 99
49 99
78 99
31 99