100 394 5
0 1
0 2
1 2
0 3
2 3
0 4
3 4
0 5
4 5
2 6
0 6
4 7
2 7
0 8
6 8
7 9
8 9
1 10
6 10
8 11
6 11
0 12
7 12
7 13
4 13
9 14
0 14
6 15
2 15
1 16
11 16
6 17
0 17
15 18
1 18
1 19
16 19
0 20
2 20
10 21
1 21
1 22
6 22
10 23
4 23
23 24
2 24
11 25
24 25
8 26
22 26
12 27
23 27
4 28
13 28
4 29
16 29
26 30
28 30
15 31
4 31
12 32
2 32
16 33
7 33
28 34
19 34
2 35
0 35
35 36
1 36
0 37
7 37
20 38
16 38
20 39
18 39
25 40
0 40
11 41
0 41
0 42
22 42
35 43
30 43
13 44
24 44
40 45
44 45
29 46
0 46
0 47
3 47
16 48
17 48
11 49
18 49
7 50
6 50
36 51
6 51
38 52
2 52
18 53
24 53
2 54
0 54
20 55
18 55
51 56
48 56
40 57
22 57
1 58
14 58
3 59
50 59
5 60
47 60
40 61
39 61
4 62
58 62
46 63
17 63
30 64
4 64
25 65
0 65
0 66
6 66
57 67
16 67
65 68
50 68
32 69
7 69
61 70
17 70
2 71
7 71
66 72
24 72
4 73
8 73
46 74
34 74
12 75
49 75
62 76
68 76
2 77
35 77
35 78
69 78
51 79
43 79
15 80
0 80
22 81
13 81
68 82
0 82
35 83
11 83
43 84
77 84
26 85
34 85
58 86
6 86
36 87
42 87
40 88
76 88
5 89
0 89
21 90
66 90
7 91
2 91
35 92
26 92
48 93
90 93
43 94
32 94
17 95
89 95
57 96
5 96
33 97
1 97
67 98
6 98
19 99
45 99
1 0
2 0
2 1
3 0
3 2
4 0
4 3
5 0
5 4
6 2
6 0
7 4
7 2
8 0
8 6
9 7
9 8
10 1
10 6
11 8
11 6
12 0
12 7
13 7
13 4
14 9
14 0
15 6
15 2
16 1
16 11
17 6
17 0
18 15
18 1
19 1
19 16
20 0
20 2
21 10
21 1
22 1
22 6
23 10
23 4
24 23
24 2
25 11
25 24
26 8
26 22
27 12
27 23
28 4
28 13
29 4
29 16
30 26
30 28
31 15
31 4
32 12
32 2
33 16
33 7
34 28
34 19
35 2
35 0
36 35
36 1
37 0
37 7
38 20
38 16
39 20
39 18
40 25
40 0
41 11
41 0
42 0
42 22
43 35
43 30
44 13
44 24
45 40
45 44
46 29
46 0
47 0
47 3
48 16
48 17
49 11
49 18
50 7
50 6
51 36
51 6
52 38
52 2
53 18
53 24
54 2
54 0
55 20
55 18
56 51
56 48
57 40
57 22
58 1
58 14
59 3
59 50
60 5
60 47
61 40
61 39
62 4
62 58
63 46
63 17
64 30
64 4
65 25
65 0
66 0
66 6
67 57
67 16
68 65
68 50
69 32
69 7
70 61
70 17
71 2
71 7
72 66
72 24
73 4
73 8
74 46
74 34
75 12
75 49
76 62
76 68
77 2
77 35
78 35
78 69
79 51
79 43
80 15
80 0
81 22
81 13
82 68
82 0
83 35
83 11
84 43
84 77
85 26
85 34
86 58
86 6
87 36
87 42
88 40
88 76
89 5
89 0
90 21
90 66
91 7
91 2
92 35
92 26
93 48
93 90
94 43
94 32
95 17
95 89
96 57
96 5
97 33
97 1
98 67
98 6
99 19
99 45
0 0 1 1 1 1 1 1 1 1 1 0 1 0 0 1 0 1 0 0 1 1 1 1 0 1 0 1 1 1 1 0 0 1 1 0 0 1 0 1 0 1 1 0 0 0 0 1 0 0 1 0 1 1 1 1 1 0 0 0 0 0 0 1 0 0 0 0 0 1 0 0 0 0 1 1 1 0 1 1 1 0 0 1 1 0 1 0 0 1 0 1 0 0 0 1 1 0 1 1
0 1 1 0 0 1 1 1 0 1 0 0 0 0 1 0 0 0 0 0 1 1 1 1 1 0 0 1 0 0 1 0 0 1 0 1 1 1 1 0 0 1 1 1 0 1 0 1 0 0 0 1 0 1 0 0 0 0 0 0 1 0 0 1 0 0 0 1 1 0 1 0 0 0 0 0 0 0 1 1 0 1 1 0 1 1 0 1 1 0 1 0 1 1 1 1 1 0 1 0
1 0 0 1 1 1 1 1 0 0 1 1 0 1 1 0 0 1 0 0 0 1 1 1 0 0 1 1 0 0 0 0 0 0 1 0 1 1 0 1 0 1 0 1 0 1 1 0 0 0 1 1 0 0 1 0 0 0 0 0 1 0 0 1 0 0 0 1 0 0 1 1 0 0 0 1 0 1 0 0 1 0 0 0 1 1 0 1 1 1 1 0 1 0 0 1 0 1 0 1
1 0 0 0 1 1 0 1 0 1 0 1 0 0 0 1 0 1 1 0 1 1 1 1 0 0 0 0 1 1 0 1 1 0 0 0 1 0 0 0 0 1 0 0 0 1 0 0 0 1 1 0 1 0 0 0 0 0 1 1 1 1 1 0 1 1 1 1 1 0 1 1 0 0 1 0 0 0 1 1 0 1 0 0 1 1 1 0 1 0 1 1 0 1 1 0 1 1 1 1
0 0 0 1 0 0 0 1 1 0 1 1 1 0 1 1 1 1 0 1 0 1 1 1 0 1 0 0 0 1 0 0 1 1 1 0 0 0 1 0 0 1 1 0 1 0 1 0 1 1 0 0 1 0 1 0 1 0 0 1 1 1 1 1 0 1 1 1 1 1 1 1 0 0 1 1 0 0 0 1 1 1 0 0 0 1 1 0 1 1 0 0 0 0 0 0 1 0 1 0