50 98 5
0 1
0 2
2 3
2 4
4 5
0 6
0 7
0 8
5 9
3 10
9 11
10 12
0 13
11 14
4 15
6 16
0 17
0 18
5 19
4 20
4 21
4 22
4 23
4 24
7 25
0 26
15 27
6 28
18 29
18 30
23 31
13 32
28 33
19 34
34 35
7 36
13 37
21 38
6 39
13 40
4 41
35 42
24 43
4 44
30 45
27 46
19 47
0 48
45 49
1 0
2 0
3 2
4 2
5 4
6 0
7 0
8 0
9 5
10 3
11 9
12 10
13 0
14 11
15 4
16 6
17 0
18 0
19 5
20 4
21 4
22 4
23 4
24 4
25 7
26 0
27 15
28 6
29 18
30 18
31 23
32 13
33 28
34 19
35 34
36 7
37 13
38 21
39 6
40 13
41 4
42 35
43 24
44 4
45 30
46 27
47 19
48 0
49 45
0 0 0 0 1 1 1 0 0 0 0 0 0 1 0 1 1 1 1 1 1 1 0 1 1 1 0 0 1 1 1 1 0 0 0 1 0 1 1 0 0 0 0 0 0 0 1 0 1 0
0 1 0 0 0 1 1 0 1 1 0 1 1 1 0 1 0 1 0 0 0 1 0 0 0 1 0 1 0 0 0 1 0 1 1 0 0 0 1 1 0 0 1 1 1 0 1 0 0 1
0 0 0 1 1 0 1 1 0 1 1 0 0 0 1 1 1 0 1 1 1 1 1 0 0 0 1 1 1 0 1 0 1 0 0 1 0 1 1 1 1 1 0 1 0 1 1 1 0 1
1 1 1 1 1 1 1 0 0 0 1 0 1 0 0 1 1 1 0 0 0 0 1 0 0 1 1 0 0 0 0 1 1 1 1 1 1 0 1 0 0 1 0 1 1 1 1 0 1 0
1 0 0 0 1 1 0 0 1 1 0 0 1 1 1 0 0 0 0 1 0 0 1 0 0 1 1 0 1 1 1 1 1 0 1 0 0 1 0 1 0 1 0 0 0 0 0 0 0 1