100 588 5
0 1
0 2
1 2
0 3
1 3
2 3
0 4
1 4
3 4
3 5
0 5
1 5
0 6
5 6
2 6
5 7
2 7
3 7
3 8
4 8
5 8
5 9
4 9
1 9
0 10
3 10
4 10
6 11
3 11
10 11
1 12
4 12
8 12
5 13
4 13
10 13
2 14
3 14
4 14
14 15
0 15
8 15
10 16
14 16
0 16
5 17
2 17
14 17
5 18
2 18
12 18
2 19
6 19
0 19
1 20
18 20
12 20
2 21
19 21
0 21
2 22
1 22
16 22
1 23
5 23
20 23
1 24
21 24
10 24
1 25
13 25
2 25
18 26
13 26
1 26
10 27
0 27
2 27
2 28
13 28
21 28
28 29
1 29
5 29
15 30
1 30
18 30
2 31
22 31
10 31
0 32
22 32
30 32
18 33
8 33
2 33
9 34
13 34
5 34
5 35
18 35
21 35
30 36
3 36
13 36
5 37
20 37
12 37
12 38
0 38
6 38
14 39
9 39
27 39
0 40
13 40
5 40
9 41
1 41
13 41
27 42
19 42
18 42
16 43
7 43
1 43
22 44
13 44
5 44
28 45
41 45
1 45
6 46
4 46
24 46
3 47
19 47
12 47
2 48
27 48
47 48
6 49
46 49
13 49
4 50
6 50
5 50
36 51
2 51
5 51
13 52
32 52
46 52
49 53
20 53
4 53
51 54
5 54
12 54
22 55
42 55
5 55
31 56
15 56
27 56
1 57
42 57
21 57
20 58
2 58
52 58
35 59
12 59
4 59
1 60
42 60
10 60
13 61
6 61
5 61
15 62
3 62
28 62
55 63
45 63
20 63
2 64
3 64
6 64
5 65
0 65
2 65
3 66
58 66
64 66
9 67
41 67
2 67
51 68
24 68
43 68
23 69
63 69
24 69
32 70
56 70
25 70
3 71
67 71
13 71
44 72
5 72
3 72
63 73
3 73
15 73
15 74
14 74
31 74
13 75
1 75
43 75
9 76
4 76
13 76
10 77
37 77
23 77
58 78
21 78
29 78
13 79
2 79
8 79
25 80
18 80
6 80
13 81
2 81
51 81
46 82
76 82
70 82
1 83
62 83
44 83
33 84
2 84
3 84
5 85
49 85
24 85
13 86
32 86
31 86
10 87
2 87
1 87
5 88
7 88
4 88
13 89
1 89
23 89
2 90
78 90
1 90
1 91
18 91
0 91
56 92
15 92
13 92
50 93
61 93
54 93
30 94
3 94
7 94
4 95
25 95
32 95
45 96
1 96
2 96
74 97
52 97
37 97
15 98
68 98
52 98
30 99
15 99
37 99
1 0
2 0
2 1
3 0
3 1
3 2
4 0
4 1
4 3
5 3
5 0
5 1
6 0
6 5
6 2
7 5
7 2
7 3
8 3
8 4
8 5
9 5
9 4
9 1
10 0
10 3
10 4
11 6
11 3
11 10
12 1
12 4
12 8
13 5
13 4
13 10
14 2
14 3
14 4
15 14
15 0
15 8
16 10
16 14
16 0
17 5
17 2
17 14
18 5
18 2
18 12
19 2
19 6
19 0
20 1
20 18
20 12
21 2
21 19
21 0
22 2
22 1
22 16
23 1
23 5
23 20
24 1
24 21
24 10
25 1
25 13
25 2
26 18
26 13
26 1
27 10
27 0
27 2
28 2
28 13
28 21
29 28
29 1
29 5
30 15
30 1
30 18
31 2
31 22
31 10
32 0
32 22
32 30
33 18
33 8
33 2
34 9
34 13
34 5
35 5
35 18
35 21
36 30
36 3
36 13
37 5
37 20
37 12
38 12
38 0
38 6
39 14
39 9
39 27
40 0
40 13
40 5
41 9
41 1
41 13
42 27
42 19
42 18
43 16
43 7
43 1
44 22
44 13
44 5
45 28
45 41
45 1
46 6
46 4
46 24
47 3
47 19
47 12
48 2
48 27
48 47
49 6
49 46
49 13
50 4
50 6
50 5
51 36
51 2
51 5
52 13
52 32
52 46
53 49
53 20
53 4
54 51
54 5
54 12
55 22
55 42
55 5
56 31
56 15
56 27
57 1
57 42
57 21
58 20
58 2
58 52
59 35
59 12
59 4
60 1
60 42
60 10
61 13
61 6
61 5
62 15
62 3
62 28
63 55
63 45
63 20
64 2
64 3
64 6
65 5
65 0
65 2
66 3
66 58
66 64
67 9
67 41
67 2
68 51
68 24
68 43
69 23
69 63
69 24
70 32
70 56
70 25
71 3
71 67
71 13
72 44
72 5
72 3
73 63
73 3
73 15
74 15
74 14
74 31
75 13
75 1
75 43
76 9
76 4
76 13
77 10
77 37
77 23
78 58
78 21
78 29
79 13
79 2
79 8
80 25
80 18
80 6
81 13
81 2
81 51
82 46
82 76
82 70
83 1
83 62
83 44
84 33
84 2
84 3
85 5
85 49
85 24
86 13
86 32
86 31
87 10
87 2
87 1
88 5
88 7
88 4
89 13
89 1
89 23
90 2
90 78
90 1
91 1
91 18
91 0
92 56
92 15
92 13
93 50
93 61
93 54
94 30
94 3
94 7
95 4
95 25
95 32
96 45
96 1
96 2
97 74
97 52
97 37
98 15
98 68
98 52
99 30
99 15
99 37
0 0 1 0 1 0 0 1 0 1 0 1 0 0 1 0 0 1 1 1 1 0 1 0 0 1 0 0 0 0 0 1 1 1 0 1 1 0 0 0 0 1 1 0 1 1 1 0 1 0 1 0 1 1 1 1 1 0 1 0 0 0 1 1 0 1 0 0 0 0 0 1 0 1 1 1 1 1 1 0 0 1 1 1 1 0 0 0 0 1 1 0 0 1 1 1 1 0 0 0
0 1 0 1 1 0 1 0 1 0 0 1 0 1 1 1 0 1 1 0 1 1 0 0 1 0 0 0 1 0 0 0 0 0 1 1 1 1 0 0 1 1 1 0 1 0 1 1 0 1 0 1 1 1 1 0 1 1 0 1 0 0 0 0 0 1 1 0 0 1 0 0 0 1 1 1 0 0 1 1 0 1 1 0 0 0 0 1 0 0 0 1 0 0 1 0 0 1 1 1
1 0 0 0 1 0 1 1 0 0 1 1 0 1 1 1 0 1 0 1 0 1 1 1 0 0 1 0 1 0 0 1 0 0 1 1 1 0 1 0 1 1 1 1 1 1 0 1 0 1 1 1 1 1 0 0 0 0 1 0 1 1 1 1 0 0 0 1 1 1 1 1 1 0 1 1 0 0 0 1 0 1 1 0 0 1 1 1 1 0 1 0 1 1 0 0 1 0 1 1
1 1 0 1 1 1 0 1 1 1 0 1 0 1 0 0 0 0 1 1 0 0 0 0 0 0 0 1 0 1 1 1 1 1 1 0 0 0 1 0 0 0 0 0 0 1 1 0 0 1 0 1 0 0 1 1 0 0 1 1 1 0 1 0 1 0 1 0 0 1 0 0 1 0 1 1 0 0 0 1 0 1 0 1 0 0 0 1 0 1 1 0 0 1 0 1 1 1 0 0
0 0 1 1 1 1 1 0 1 1 1 0 1 0 1 0 0 1 0 1 1 0 0 0 0 0 0 1 0 1 0 0 1 1 1 0 0 0 0 1 0 0 1 0 0 0 1 1 0 1 0 0 1 0 1 1 0 0 0 0 0 1 1 0 1 0 1 1 0 0 0 1 0 1 0 0 0 1 0 1 0 1 1 1 0 0 1 1 0 0 0 1 1 1 0 0 1 1 1 0