50 98 5
0 1
0 2
0 3
2 4
3 5
4 6
3 7
0 8
6 9
1 10
8 11
1 12
2 13
5 14
12 15
2 16
6 17
7 18
2 19
13 20
0 21
5 22
21 23
7 24
2 25
6 26
3 27
3 28
2 29
3 30
24 31
2 32
12 33
3 34
7 35
35 36
12 37
12 38
7 39
0 40
5 41
31 42
2 43
32 44
21 45
28 46
12 47
19 48
5 49
1 0
2 0
3 0
4 2
5 3
6 4
7 3
8 0
9 6
10 1
11 8
12 1
13 2
14 5
15 12
16 2
17 6
18 7
19 2
20 13
21 0
22 5
23 21
24 7
25 2
26 6
27 3
28 3
29 2
30 3
31 24
32 2
33 12
34 3
35 7
36 35
37 12
38 12
39 7
40 0
41 5
42 31
43 2
44 32
45 21
46 28
47 12
48 19
49 5
1 1 1 1 0 0 0 0 1 0 1 1 0 0 1 1 1 1 1 0 0 0 1 1 1 1 1 0 0 0 1 1 1 0 0 0 0 1 0 0 0 0 0 0 1 0 1 1 0 1
1 1 0 1 0 0 1 0 1 0 0 1 0 0 1 0 1 0 1 1 0 1 1 1 0 0 1 0 0 0 0 0 0 1 0 1 0 0 1 0 0 1 0 0 1 0 1 1 0 1
0 1 1 0 0 0 0 0 0 1 0 0 1 0 1 1 1 1 1 1 1 1 0 0 0 1 1 1 0 1 0 1 0 1 1 0 0 0 0 0 1 0 1 0 0 1 0 1 0 0
1 1 0 1 0 1 1 0 1 0 1 1 1 0 0 1 0 0 1 1 1 0 1 0 1 0 0 0 1 0 0 1 0 1 1 1 1 0 1 1 1 1 1 1 1 1 0 0 1 1
1 0 1 0 1 0 1 0 1 0 1 1 0 0 0 0 0 0 1 1 1 0 0 0 0 0 1 1 0 0 0 1 0 0 1 0 1 0 0 0 1 0 1 1 1 1 1 1 1 1