100 780 5
0 1
0 2
1 2
0 3
1 3
2 3
0 4
1 4
2 4
3 4
1 5
2 5
4 5
3 5
5 6
3 6
4 6
1 6
4 7
1 7
2 7
3 7
7 8
2 8
1 8
4 8
5 9
2 9
4 9
3 9
3 10
1 10
4 10
9 10
10 11
7 11
4 11
6 11
10 12
6 12
7 12
5 12
11 13
0 13
3 13
5 13
6 14
4 14
5 14
3 14
7 15
4 15
3 15
6 15
13 16
5 16
0 16
8 16
3 17
6 17
2 17
10 17
6 18
3 18
15 18
10 18
15 19
2 19
5 19
11 19
1 20
10 20
5 20
3 20
10 21
1 21
5 21
13 21
9 22
12 22
10 22
2 22
6 23
10 23
4 23
22 23
14 24
16 24
6 24
8 24
1 25
23 25
20 25
0 25
8 26
0 26
22 26
15 26
15 27
10 27
8 27
4 27
17 28
23 28
27 28
0 28
18 29
5 29
10 29
12 29
9 30
3 30
28 30
10 30
18 31
4 31
10 31
14 31
5 32
23 32
21 32
31 32
10 33
1 33
15 33
14 33
8 34
15 34
10 34
23 34
31 35
6 35
4 35
26 35
15 36
7 36
34 36
11 36
14 37
10 37
33 37
23 37
8 38
25 38
1 38
15 38
33 39
19 39
5 39
1 39
33 40
28 40
11 40
23 40
6 41
7 41
14 41
5 41
6 42
29 42
10 42
4 42
30 43
3 43
29 43
0 43
19 44
11 44
35 44
36 44
7 45
3 45
10 45
33 45
40 46
28 46
35 46
4 46
4 47
32 47
1 47
40 47
45 48
9 48
0 48
28 48
10 49
26 49
4 49
28 49
44 50
12 50
21 50
11 50
25 51
33 51
10 51
40 51
38 52
15 52
14 52
11 52
27 53
6 53
41 53
19 53
0 54
28 54
18 54
14 54
10 55
44 55
51 55
21 55
5 56
32 56
1 56
10 56
3 57
15 57
10 57
23 57
5 58
11 58
29 58
28 58
37 59
3 59
54 59
56 59
18 60
33 60
20 60
29 60
20 61
11 61
1 61
23 61
0 62
15 62
48 62
12 62
14 63
31 63
21 63
27 63
7 64
56 64
6 64
41 64
10 65
8 65
0 65
11 65
43 66
4 66
2 66
49 66
6 67
43 67
53 67
35 67
21 68
23 68
3 68
10 68
4 69
67 69
6 69
5 69
5 70
45 70
60 70
42 70
36 71
40 71
68 71
44 71
47 72
45 72
41 72
20 72
14 73
52 73
21 73
10 73
6 74
33 74
10 74
47 74
7 75
67 75
0 75
17 75
10 76
0 76
13 76
56 76
2 77
0 77
32 77
42 77
10 78
4 78
47 78
43 78
67 79
10 79
14 79
9 79
3 80
1 80
23 80
61 80
19 81
58 81
76 81
3 81
29 82
25 82
33 82
13 82
19 83
5 83
29 83
32 83
10 84
43 84
15 84
28 84
10 85
35 85
3 85
17 85
28 86
11 86
4 86
65 86
47 87
6 87
16 87
8 87
10 88
16 88
81 88
5 88
16 89
51 89
0 89
24 89
36 90
59 90
5 90
7 90
3 91
66 91
28 91
16 91
39 92
25 92
81 92
68 92
0 93
5 93
27 93
20 93
1 94
61 94
3 94
20 94
31 95
52 95
16 95
57 95
22 96
27 96
29 96
28 96
18 97
91 97
75 97
74 97
14 98
12 98
18 98
10 98
50 99
5 99
49 99
24 99
1 0
2 0
2 1
3 0
3 1
3 2
4 0
4 1
4 2
4 3
5 1
5 2
5 4
5 3
6 5
6 3
6 4
6 1
7 4
7 1
7 2
7 3
8 7
8 2
8 1
8 4
9 5
9 2
9 4
9 3
10 3
10 1
10 4
10 9
11 10
11 7
11 4
11 6
12 10
12 6
12 7
12 5
13 11
13 0
13 3
13 5
14 6
14 4
14 5
14 3
15 7
15 4
15 3
15 6
16 13
16 5
16 0
16 8
17 3
17 6
17 2
17 10
18 6
18 3
18 15
18 10
19 15
19 2
19 5
19 11
20 1
20 10
20 5
20 3
21 10
21 1
21 5
21 13
22 9
22 12
22 10
22 2
23 6
23 10
23 4
23 22
24 14
24 16
24 6
24 8
25 1
25 23
25 20
25 0
26 8
26 0
26 22
26 15
27 15
27 10
27 8
27 4
28 17
28 23
28 27
28 0
29 18
29 5
29 10
29 12
30 9
30 3
30 28
30 10
31 18
31 4
31 10
31 14
32 5
32 23
32 21
32 31
33 10
33 1
33 15
33 14
34 8
34 15
34 10
34 23
35 31
35 6
35 4
35 26
36 15
36 7
36 34
36 11
37 14
37 10
37 33
37 23
38 8
38 25
38 1
38 15
39 33
39 19
39 5
39 1
40 33
40 28
40 11
40 23
41 6
41 7
41 14
41 5
42 6
42 29
42 10
42 4
43 30
43 3
43 29
43 0
44 19
44 11
44 35
44 36
45 7
45 3
45 10
45 33
46 40
46 28
46 35
46 4
47 4
47 32
47 1
47 40
48 45
48 9
48 0
48 28
49 10
49 26
49 4
49 28
50 44
50 12
50 21
50 11
51 25
51 33
51 10
51 40
52 38
52 15
52 14
52 11
53 27
53 6
53 41
53 19
54 0
54 28
54 18
54 14
55 10
55 44
55 51
55 21
56 5
56 32
56 1
56 10
57 3
57 15
57 10
57 23
58 5
58 11
58 29
58 28
59 37
59 3
59 54
59 56
60 18
60 33
60 20
60 29
61 20
61 11
61 1
61 23
62 0
62 15
62 48
62 12
63 14
63 31
63 21
63 27
64 7
64 56
64 6
64 41
65 10
65 8
65 0
65 11
66 43
66 4
66 2
66 49
67 6
67 43
67 53
67 35
68 21
68 23
68 3
68 10
69 4
69 67
69 6
69 5
70 5
70 45
70 60
70 42
71 36
71 40
71 68
71 44
72 47
72 45
72 41
72 20
73 14
73 52
73 21
73 10
74 6
74 33
74 10
74 47
75 7
75 67
75 0
75 17
76 10
76 0
76 13
76 56
77 2
77 0
77 32
77 42
78 10
78 4
78 47
78 43
79 67
79 10
79 14
79 9
80 3
80 1
80 23
80 61
81 19
81 58
81 76
81 3
82 29
82 25
82 33
82 13
83 19
83 5
83 29
83 32
84 10
84 43
84 15
84 28
85 10
85 35
85 3
85 17
86 28
86 11
86 4
86 65
87 47
87 6
87 16
87 8
88 10
88 16
88 81
88 5
89 16
89 51
89 0
89 24
90 36
90 59
90 5
90 7
91 3
91 66
91 28
91 16
92 39
92 25
92 81
92 68
93 0
93 5
93 27
93 20
94 1
94 61
94 3
94 20
95 31
95 52
95 16
95 57
96 22
96 27
96 29
96 28
97 18
97 91
97 75
97 74
98 14
98 12
98 18
98 10
99 50
99 5
99 49
99 24
1 0 0 1 1 1 0 0 0 0 0 0 1 1 1 0 0 1 1 1 0 1 1 1 1 0 0 1 0 0 0 0 0 1 1 1 1 1 1 1 0 0 0 1 1 1 0 1 0 1 0 1 1 1 0 0 1 0 1 0 0 0 0 0 0 0 1 0 0 0 1 1 1 1 1 1 1 1 1 0 1 1 0 0 0 1 1 1 1 0 1 1 0 0 1 1 1 1 1 0
1 1 1 1 0 1 0 0 0 1 1 1 0 1 1 1 1 1 1 0 1 0 0 1 0 1 1 0 1 0 0 0 0 1 1 0 0 0 1 0 0 1 0 1 1 1 0 0 1 0 0 1 0 1 0 0 1 0 0 0 0 0 0 1 0 0 1 1 0 0 0 1 1 0 0 0 1 0 0 1 0 1 1 0 1 0 1 1 1 0 0 0 0 0 0 0 0 0 1 0
1 0 1 1 0 1 1 0 1 1 0 1 1 1 0 1 0 1 1 0 0 0 1 1 0 0 0 0 0 0 0 0 0 1 0 1 0 0 1 0 1 1 0 1 1 1 0 1 1 1 0 0 0 0 0 0 0 0 0 0 1 0 1 1 1 1 0 1 1 1 0 1 0 0 0 1 0 0 0 0 1 1 1 0 0 0 0 1 1 0 1 0 0 0 0 1 0 1 1 1
1 0 1 1 1 0 1 0 1 1 0 1 1 1 1 1 1 1 1 0 0 1 1 0 1 1 0 1 1 1 1 0 0 0 1 0 1 0 0 0 0 0 0 0 0 0 1 1 0 0 0 1 1 0 0 1 0 0 1 1 0 1 0 1 1 1 1 1 0 1 1 0 0 1 0 1 1 0 1 0 1 1 0 1 1 0 1 1 1 0 1 1 1 0 1 1 1 1 0 1
1 1 0 0 1 0 0 1 0 1 1 0 0 0 1 1 1 0 0 0 0 1 1 1 1 1 1 1 1 1 0 1 1 0 1 1 0 0 0 1 1 0 1 1 1 0 0 0 1 0 0 0 1 0 1 1 1 1 1 1 0 1 0 0 0 1 0 1 1 0 1 0 0 1 0 1 0 0 1 1 0 0 1 0 1 0 0 0 0 1 0 0 0 0 1 1 0 0 0 1