100 780 5
0 1
0 2
1 2
0 3
1 3
2 3
0 4
1 4
2 4
3 4
3 5
1 5
0 5
4 5
3 6
1 6
0 6
4 6
2 7
5 7
3 7
6 7
1 8
6 8
0 8
4 8
4 9
6 9
0 9
1 9
6 10
3 10
7 10
1 10
9 11
3 11
8 11
0 11
6 12
1 12
2 12
3 12
1 13
3 13
7 13
9 13
1 14
0 14
5 14
8 14
4 15
14 15
0 15
7 15
7 16
0 16
4 16
5 16
10 17
5 17
4 17
0 17
14 18
0 18
9 18
15 18
12 19
4 19
5 19
9 19
15 20
4 20
0 20
19 20
15 21
2 21
14 21
1 21
12 22
1 22
18 22
8 22
9 23
5 23
8 23
18 23
1 24
9 24
6 24
19 24
15 25
1 25
11 25
0 25
6 26
1 26
4 26
3 26
6 27
5 27
26 27
19 27
22 28
27 28
16 28
7 28
23 29
21 29
27 29
24 29
23 30
1 30
16 30
22 30
7 31
9 31
21 31
1 31
31 32
27 32
17 32
19 32
14 33
13 33
0 33
29 33
3 34
17 34
4 34
24 34
11 35
9 35
24 35
1 35
18 36
4 36
14 36
24 36
1 37
13 37
8 37
24 37
8 38
32 38
11 38
21 38
20 39
14 39
10 39
12 39
11 40
22 40
2 40
4 40
39 41
26 41
8 41
31 41
4 42
7 42
14 42
0 42
31 43
42 43
16 43
13 43
7 44
15 44
1 44
23 44
33 45
9 45
38 45
1 45
4 46
44 46
28 46
30 46
28 47
1 47
6 47
32 47
28 48
3 48
14 48
1 48
7 49
0 49
9 49
12 49
25 50
1 50
11 50
0 50
23 51
14 51
44 51
13 51
13 52
48 52
34 52
8 52
48 53
44 53
34 53
41 53
13 54
28 54
1 54
8 54
21 55
13 55
0 55
39 55
32 56
4 56
11 56
13 56
2 57
20 57
23 57
1 57
27 58
31 58
22 58
0 58
13 59
39 59
9 59
40 59
41 60
4 60
23 60
51 60
14 61
24 61
15 61
55 61
1 62
44 62
8 62
50 62
38 63
13 63
25 63
7 63
45 64
49 64
48 64
3 64
15 65
23 65
1 65
19 65
7 66
65 66
4 66
28 66
46 67
25 67
43 67
28 67
14 68
55 68
13 68
1 68
11 69
5 69
13 69
21 69
14 70
38 70
15 70
1 70
47 71
57 71
11 71
21 71
4 72
48 72
69 72
9 72
2 73
4 73
42 73
69 73
22 74
1 74
27 74
17 74
14 75
44 75
8 75
28 75
61 76
27 76
28 76
44 76
67 77
6 77
28 77
13 77
45 78
25 78
5 78
24 78
28 79
53 79
69 79
27 79
73 80
40 80
64 80
37 80
76 81
6 81
4 81
72 81
8 82
38 82
9 82
6 82
5 83
78 83
27 83
13 83
60 84
28 84
13 84
4 84
21 85
61 85
7 85
69 85
8 86
10 86
16 86
59 86
27 87
11 87
4 87
38 87
13 88
6 88
22 88
0 88
52 89
36 89
15 89
1 89
16 90
18 90
89 90
3 90
13 91
0 91
19 91
38 91
8 92
23 92
37 92
1 92
64 93
14 93
5 93
88 93
23 94
2 94
77 94
75 94
6 95
93 95
4 95
38 95
69 96
3 96
95 96
20 96
83 97
4 97
6 97
33 97
24 98
10 98
90 98
45 98
92 99
15 99
9 99
8 99
1 0
2 0
2 1
3 0
3 1
3 2
4 0
4 1
4 2
4 3
5 3
5 1
5 0
5 4
6 3
6 1
6 0
6 4
7 2
7 5
7 3
7 6
8 1
8 6
8 0
8 4
9 4
9 6
9 0
9 1
10 6
10 3
10 7
10 1
11 9
11 3
11 8
11 0
12 6
12 1
12 2
12 3
13 1
13 3
13 7
13 9
14 1
14 0
14 5
14 8
15 4
15 14
15 0
15 7
16 7
16 0
16 4
16 5
17 10
17 5
17 4
17 0
18 14
18 0
18 9
18 15
19 12
19 4
19 5
19 9
20 15
20 4
20 0
20 19
21 15
21 2
21 14
21 1
22 12
22 1
22 18
22 8
23 9
23 5
23 8
23 18
24 1
24 9
24 6
24 19
25 15
25 1
25 11
25 0
26 6
26 1
26 4
26 3
27 6
27 5
27 26
27 19
28 22
28 27
28 16
28 7
29 23
29 21
29 27
29 24
30 23
30 1
30 16
30 22
31 7
31 9
31 21
31 1
32 31
32 27
32 17
32 19
33 14
33 13
33 0
33 29
34 3
34 17
34 4
34 24
35 11
35 9
35 24
35 1
36 18
36 4
36 14
36 24
37 1
37 13
37 8
37 24
38 8
38 32
38 11
38 21
39 20
39 14
39 10
39 12
40 11
40 22
40 2
40 4
41 39
41 26
41 8
41 31
42 4
42 7
42 14
42 0
43 31
43 42
43 16
43 13
44 7
44 15
44 1
44 23
45 33
45 9
45 38
45 1
46 4
46 44
46 28
46 30
47 28
47 1
47 6
47 32
48 28
48 3
48 14
48 1
49 7
49 0
49 9
49 12
50 25
50 1
50 11
50 0
51 23
51 14
51 44
51 13
52 13
52 48
52 34
52 8
53 48
53 44
53 34
53 41
54 13
54 28
54 1
54 8
55 21
55 13
55 0
55 39
56 32
56 4
56 11
56 13
57 2
57 20
57 23
57 1
58 27
58 31
58 22
58 0
59 13
59 39
59 9
59 40
60 41
60 4
60 23
60 51
61 14
61 24
61 15
61 55
62 1
62 44
62 8
62 50
63 38
63 13
63 25
63 7
64 45
64 49
64 48
64 3
65 15
65 23
65 1
65 19
66 7
66 65
66 4
66 28
67 46
67 25
67 43
67 28
68 14
68 55
68 13
68 1
69 11
69 5
69 13
69 21
70 14
70 38
70 15
70 1
71 47
71 57
71 11
71 21
72 4
72 48
72 69
72 9
73 2
73 4
73 42
73 69
74 22
74 1
74 27
74 17
75 14
75 44
75 8
75 28
76 61
76 27
76 28
76 44
77 67
77 6
77 28
77 13
78 45
78 25
78 5
78 24
79 28
79 53
79 69
79 27
80 73
80 40
80 64
80 37
81 76
81 6
81 4
81 72
82 8
82 38
82 9
82 6
83 5
83 78
83 27
83 13
84 60
84 28
84 13
84 4
85 21
85 61
85 7
85 69
86 8
86 10
86 16
86 59
87 27
87 11
87 4
87 38
88 13
88 6
88 22
88 0
89 52
89 36
89 15
89 1
90 16
90 18
90 89
90 3
91 13
91 0
91 19
91 38
92 8
92 23
92 37
92 1
93 64
93 14
93 5
93 88
94 23
94 2
94 77
94 75
95 6
95 93
95 4
95 38
96 69
96 3
96 95
96 20
97 83
97 4
97 6
97 33
98 24
98 10
98 90
98 45
99 92
99 15
99 9
99 8
0 1 0 0 0 0 1 1 0 1 1 0 0 0 0 1 1 1 0 1 0 0 0 0 1 1 1 1 0 1 1 1 0 0 0 1 0 1 1 0 0 0 1 0 1 0 0 0 1 0 0 0 0 1 1 1 0 0 0 0 0 0 1 0 1 0 1 0 0 1 1 0 1 0 0 0 0 1 0 0 1 1 1 0 0 1 1 1 1 1 0 1 0 1 0 0 0 1 0 1
1 0 1 1 0 0 1 1 0 1 0 1 0 0 1 0 0 0 1 0 0 0 0 1 0 0 0 1 0 1 0 1 0 1 1 0 1 0 0 1 1 0 1 0 0 0 0 0 1 1 1 0 1 0 0 0 0 0 1 0 1 1 1 0 0 0 0 0 0 0 0 1 1 0 1 0 0 1 1 1 0 1 0 1 0 1 0 0 1 0 1 1 0 1 0 1 0 1 1 1
1 1 1 0 1 0 0 1 0 0 0 0 1 1 1 0 0 0 1 1 0 1 0 1 0 1 0 1 0 0 1 0 0 0 1 1 0 1 1 1 1 1 0 0 0 1 0 0 0 1 1 0 1 1 1 0 0 1 0 0 0 1 0 0 1 1 0 0 0 0 0 1 1 0 1 0 1 1 0 1 0 0 0 1 1 1 1 1 0 1 0 1 1 1 0 1 1 1 1 1
1 0 0 0 1 1 1 1 1 1 0 1 0 0 0 0 1 0 1 1 1 1 1 1 1 1 1 1 1 1 0 1 1 0 1 0 1 1 1 1 0 1 0 1 0 0 1 1 1 1 1 1 0 1 0 0 1 0 0 0 1 1 0 1 0 1 0 1 0 0 1 0 1 0 0 1 0 0 0 0 0 1 0 0 0 1 0 0 0 0 1 1 1 1 1 0 1 0 0 1
1 0 0 0 1 0 1 0 1 0 1 1 1 0 1 1 0 0 1 1 1 1 0 0 1 1 1 1 0 1 0 0 1 1 1 0 0 0 0 1 1 1 1 1 1 0 0 1 0 0 1 0 1 1 1 1 1 1 1 1 0 1 1 1 1 0 0 0 1 0 0 0 1 0 0 0 1 0 1 0 0 1 1 0 0 0 1 1 1 0 1 1 1 0 1 0 1 1 0 1