100 390 5
0 0 0 0 1 1 0 0 0 1 0 0 0 1 0 1 0 1 1 1 0 1 1 0 0 1 1 1 0 1 0 0 1 0 1 0 0 0 1 1 1 0 0 0 0 0 0 1 0 1 1 0 0 0 1 0 1 0 0 0 0 1 0 0 1 1 1 1 1 1 1 1 0 1 0 1 0 1 1 1 0 0 1 1 1 1 1 0 1 0 1 1 1 0 1 0 0 0 1 0
1 1 0 0 0 1 1 1 0 0 0 1 1 1 1 1 1 0 0 1 0 0 1 0 1 0 1 1 0 1 1 1 1 1 0 1 1 1 0 1 1 1 1 0 0 0 0 1 1 1 1 0 0 1 1 0 1 1 1 1 0 1 0 1 0 1 0 1 0 1 0 1 0 0 0 1 0 0 1 1 0 0 1 0 1 1 1 1 0 0 1 0 0 1 1 0 0 1 0 0
0 1 1 0 0 0 0 0 1 0 1 1 1 1 1 0 1 0 1 1 1 0 1 1 1 0 1 0 0 1 0 1 0 0 1 1 0 0 1 1 0 0 1 1 1 0 0 1 0 0 1 1 1 0 1 0 0 0 1 0 1 0 0 0 1 1 0 1 1 1 1 0 0 1 1 0 1 0 0 0 1 0 0 1 0 0 0 1 0 1 1 1 1 1 1 0 1 0 1 0
0 1 0 1 0 1 1 0 1 0 0 0 1 0 1 0 0 1 0 1 1 0 1 1 1 0 1 0 0 1 0 0 1 0 0 0 1 1 1 1 1 0 1 0 1 0 0 1 1 0 1 1 1 1 1 0 1 0 0 1 0 1 0 1 0 1 0 0 1 0 0 1 1 1 0 1 1 0 1 1 1 1 1 1 0 0 0 1 0 0 1 1 1 1 1 1 0 0 1 0
1 1 0 0 1 1 1 1 0 0 1 1 0 0 0 1 1 1 0 1 1 1 0 1 0 0 1 1 0 1 0 0 0 0 0 0 0 1 1 0 1 0 1 1 0 0 0 0 1 0 0 1 1 1 0 1 0 1 0 0 1 0 1 0 1 0 1 1 0 1 0 0 0 0 0 0 1 1 1 1 1 1 0 1 1 1 0 1 1 1 0 1 0 0 0 0 1 1 0 1
0 1
0 2
1 2
0 3
1 3
2 3
0 4
1 4
2 4
3 4
3 5
4 5
2 5
1 5
0 6
5 6
3 6
4 6
3 7
5 7
2 7
6 7
1 8
3 8
7 8
5 8
3 9
8 9
5 9
0 9
0 10
9 10
6 10
3 10
0 11
5 11
1 11
3 11
4 12
10 12
5 12
3 12
8 13
4 13
1 13
6 13
2 14
9 14
8 14
4 14
13 15
10 15
6 15
2 15
6 16
4 16
1 16
14 16
10 17
1 17
4 17
12 17
0 18
4 18
12 18
11 18
4 19
5 19
2 19
11 19
2 20
5 20
14 20
18 20
6 21
3 21
13 21
9 21
0 22
11 22
2 22
12 22
22 23
2 23
7 23
3 23
3 24
12 24
11 24
4 24
18 25
14 25
5 25
15 25
6 26
16 26
7 26
3 26
19 27
15 27
2 27
12 27
14 28
10 28
16 28
9 28
11 29
15 29
13 29
28 29
6 30
15 30
19 30
28 30
2 31
18 31
21 31
8 31
12 32
18 32
25 32
1 32
15 33
27 33
12 33
24 33
4 34
1 34
19 34
3 34
7 35
34 35
2 35
9 35
17 36
13 36
16 36
2 36
0 37
6 37
1 37
31 37
1 38
8 38
4 38
12 38
7 39
13 39
11 39
25 39
12 40
22 40
11 40
6 40
11 41
12 41
0 41
2 41
1 42
10 42
6 42
7 42
19 43
21 43
13 43
12 43
5 44
42 44
31 44
26 44
27 45
17 45
11 45
8 45
13 46
33 46
28 46
8 46
12 47
2 47
4 47
11 47
29 48
14 48
15 48
5 48
5 49
4 49
34 49
2 49
7 50
24 50
18 50
32 50
11 51
18 51
5 51
24 51
38 52
16 52
4 52
21 52
25 53
42 53
11 53
32 53
20 54
9 54
2 54
0 54
27 55
17 55
8 55
1 55
8 56
2 56
13 56
0 56
50 57
17 57
19 57
48 57
8 58
23 58
2 58
46 58
31 59
6 59
22 59
11 59
1 60
35 60
24 60
38 60
9 61
12 61
44 61
47 61
60 62
12 62
3 62
2 62
51 63
58 63
34 63
47 63
13 64
38 64
24 64
15 64
9 65
37 65
45 65
1 65
3 66
37 66
5 66
60 66
31 67
65 67
15 67
50 67
9 68
55 68
20 68
6 68
6 69
8 69
3 69
22 69
47 70
24 70
45 70
19 70
13 71
1 71
70 71
21 71
2 72
18 72
12 72
53 72
35 73
41 73
28 73
20 73
12 74
24 74
10 74
15 74
21 75
56 75
11 75
31 75
41 76
22 76
3 76
69 76
0 77
44 77
6 77
33 77
18 78
2 78
52 78
73 78
59 79
4 79
0 79
48 79
5 80
40 80
29 80
0 80
2 81
8 81
67 81
11 81
11 82
18 82
3 82
61 82
50 83
64 83
27 83
24 83
25 84
34 84
76 84
2 84
74 85
43 85
39 85
15 85
45 86
80 86
2 86
24 86
79 87
8 87
14 87
58 87
16 88
85 88
28 88
38 88
51 89
79 89
28 89
3 89
0 90
23 90
11 90
21 90
11 91
57 91
31 91
3 91
48 92
24 92
19 92
9 92
2 93
25 93
19 93
4 93
83 94
42 94
41 94
24 94
72 95
60 95
26 95
78 95
69 96
39 96
42 96
46 96
92 97
18 97
11 97
26 97
66 98
78 98
11 98
95 98
20 99
60 99
50 99
16 99