100 198 5
0 1
1 2
1 3
0 4
0 5
0 6
1 7
5 8
2 9
1 10
0 11
7 12
6 13
1 14
1 15
1 16
9 17
8 18
1 19
17 20
5 21
6 22
8 23
3 24
0 25
8 26
24 27
1 28
24 29
0 30
13 31
16 32
16 33
22 34
22 35
15 36
4 37
16 38
24 39
15 40
16 41
37 42
2 43
22 44
32 45
25 46
38 47
40 48
1 49
25 50
49 51
1 52
35 53
49 54
23 55
50 56
3 57
15 58
1 59
33 60
57 61
24 62
0 63
24 64
23 65
32 66
63 67
65 68
66 69
25 70
55 71
32 72
17 73
51 74
22 75
14 76
1 77
25 78
75 79
66 80
47 81
44 82
17 83
52 84
57 85
1 86
43 87
72 88
24 89
26 90
25 91
81 92
60 93
51 94
63 95
75 96
81 97
55 98
0 99
1 0
2 1
3 1
4 0
5 0
6 0
7 1
8 5
9 2
10 1
11 0
12 7
13 6
14 1
15 1
16 1
17 9
18 8
19 1
20 17
21 5
22 6
23 8
24 3
25 0
26 8
27 24
28 1
29 24
30 0
31 13
32 16
33 16
34 22
35 22
36 15
37 4
38 16
39 24
40 15
41 16
42 37
43 2
44 22
45 32
46 25
47 38
48 40
49 1
50 25
51 49
52 1
53 35
54 49
55 23
56 50
57 3
58 15
59 1
60 33
61 57
62 24
63 0
64 24
65 23
66 32
67 63
68 65
69 66
70 25
71 55
72 32
73 17
74 51
75 22
76 14
77 1
78 25
79 75
80 66
81 47
82 44
83 17
84 52
85 57
86 1
87 43
88 72
89 24
90 26
91 25
92 81
93 60
94 51
95 63
96 75
97 81
98 55
99 0
0 0 0 0 1 1 0 0 0 0 1 1 1 0 0 0 0 0 0 1 1 0 1 0 1 0 0 1 0 1 0 0 0 1 1 0 0 0 0 0 1 1 1 0 0 1 1 0 1 0 0 0 0 1 1 0 1 1 1 0 0 0 1 1 1 1 0 0 1 0 1 0 1 1 0 0 0 1 1 1 0 0 0 0 0 1 0 1 1 1 0 0 0 0 1 0 0 1 0 0
0 1 1 0 1 1 1 1 0 0 1 1 1 1 0 0 0 1 0 1 0 1 0 0 0 0 0 0 0 1 0 1 0 0 1 1 0 0 0 1 0 0 1 1 1 1 1 0 1 1 0 0 0 1 0 1 1 1 1 1 0 1 1 1 1 1 0 0 0 0 0 0 0 0 1 0 0 0 0 0 0 0 0 0 1 0 0 1 1 1 0 1 1 0 1 0 1 0 0 0
0 1 0 1 0 0 0 0 0 1 0 0 1 0 0 0 1 1 0 1 0 1 0 1 1 1 1 1 1 0 1 1 0 1 1 0 0 1 1 0 1 1 0 0 0 1 1 1 0 0 0 1 1 1 0 1 1 1 1 1 0 0 0 1 1 0 0 1 1 1 1 1 0 1 0 0 1 0 1 0 1 1 1 0 0 0 1 1 1 1 1 0 1 0 1 1 1 1 0 1
0 1 0 1 0 1 1 0 0 0 0 1 1 0 1 1 1 0 1 0 1 0 0 1 1 1 1 1 0 0 1 1 1 0 1 1 1 1 0 1 0 0 1 0 1 0 1 1 0 0 1 1 0 1 1 0 1 0 1 1 1 1 1 0 0 0 0 1 0 1 0 1 1 0 1 0 0 1 1 0 1 1 0 1 1 1 1 0 1 1 0 1 1 1 1 1 0 0 1 1
0 0 0 0 0 0 1 1 1 1 1 0 1 0 0 0 0 1 0 0 1 1 0 0 1 0 1 0 1 0 0 0 0 1 0 1 0 0 0 0 1 1 1 1 0 0 0 0 0 1 1 0 0 0 0 1 0 0 1 1 0 1 1 0 0 0 1 1 1 1 1 1 1 0 0 1 0 0 0 1 1 0 0 1 0 0 0 1 1 1 0 0 1 1 0 1 1 1 0 1