250 498 5
0 1
1 2
0 3
0 4
4 5
4 6
4 7
0 8
0 9
3 10
4 11
10 12
2 13
0 14
1 15
1 16
14 17
12 18
15 19
1 20
16 21
4 22
4 23
10 24
5 25
16 26
8 27
4 28
0 29
10 30
9 31
9 32
4 33
7 34
31 35
10 36
20 37
1 38
18 39
0 40
16 41
17 42
12 43
1 44
1 45
0 46
1 47
45 48
31 49
34 50
1 51
4 52
19 53
1 54
3 55
31 56
46 57
29 58
32 59
3 60
0 61
29 62
56 63
16 64
46 65
40 66
61 67
19 68
30 69
0 70
46 71
16 72
68 73
11 74
0 75
52 76
41 77
66 78
76 79
45 80
12 81
16 82
19 83
33 84
68 85
41 86
4 87
50 88
59 89
55 90
74 91
76 92
4 93
75 94
62 95
93 96
92 97
74 98
67 99
67 100
70 101
45 102
80 103
71 104
31 105
61 106
101 107
67 108
72 109
1 110
84 111
46 112
69 113
113 114
50 115
4 116
72 117
60 118
21 119
61 120
106 121
110 122
87 123
2 124
0 125
49 126
120 127
97 128
0 129
71 130
70 131
14 132
131 133
79 134
2 135
62 136
1 137
2 138
36 139
97 140
131 141
49 142
64 143
106 144
0 145
16 146
100 147
134 148
62 149
56 150
69 151
25 152
75 153
72 154
134 155
121 156
72 157
12 158
142 159
70 160
62 161
69 162
138 163
41 164
19 165
95 166
45 167
0 168
154 169
46 170
128 171
16 172
141 173
41 174
159 175
103 176
13 177
71 178
74 179
112 180
84 181
15 182
3 183
141 184
111 185
128 186
41 187
156 188
10 189
188 190
92 191
54 192
59 193
136 194
107 195
68 196
49 197
4 198
62 199
18 200
34 201
169 202
13 203
4 204
99 205
9 206
134 207
0 208
120 209
138 210
2 211
97 212
66 213
32 214
122 215
25 216
117 217
68 218
166 219
130 220
167 221
71 222
136 223
83 224
161 225
10 226
59 227
34 228
1 229
16 230
176 231
58 232
193 233
196 234
10 235
40 236
0 237
81 238
85 239
4 240
66 241
6 242
136 243
52 244
115 245
6 246
8 247
39 248
103 249
1 0
2 1
3 0
4 0
5 4
6 4
7 4
8 0
9 0
10 3
11 4
12 10
13 2
14 0
15 1
16 1
17 14
18 12
19 15
20 1
21 16
22 4
23 4
24 10
25 5
26 16
27 8
28 4
29 0
30 10
31 9
32 9
33 4
34 7
35 31
36 10
37 20
38 1
39 18
40 0
41 16
42 17
43 12
44 1
45 1
46 0
47 1
48 45
49 31
50 34
51 1
52 4
53 19
54 1
55 3
56 31
57 46
58 29
59 32
60 3
61 0
62 29
63 56
64 16
65 46
66 40
67 61
68 19
69 30
70 0
71 46
72 16
73 68
74 11
75 0
76 52
77 41
78 66
79 76
80 45
81 12
82 16
83 19
84 33
85 68
86 41
87 4
88 50
89 59
90 55
91 74
92 76
93 4
94 75
95 62
96 93
97 92
98 74
99 67
100 67
101 70
102 45
103 80
104 71
105 31
106 61
107 101
108 67
109 72
110 1
111 84
112 46
113 69
114 113
115 50
116 4
117 72
118 60
119 21
120 61
121 106
122 110
123 87
124 2
125 0
126 49
127 120
128 97
129 0
130 71
131 70
132 14
133 131
134 79
135 2
136 62
137 1
138 2
139 36
140 97
141 131
142 49
143 64
144 106
145 0
146 16
147 100
148 134
149 62
150 56
151 69
152 25
153 75
154 72
155 134
156 121
157 72
158 12
159 142
160 70
161 62
162 69
163 138
164 41
165 19
166 95
167 45
168 0
169 154
170 46
171 128
172 16
173 141
174 41
175 159
176 103
177 13
178 71
179 74
180 112
181 84
182 15
183 3
184 141
185 111
186 128
187 41
188 156
189 10
190 188
191 92
192 54
193 59
194 136
195 107
196 68
197 49
198 4
199 62
200 18
201 34
202 169
203 13
204 4
205 99
206 9
207 134
208 0
209 120
210 138
211 2
212 97
213 66
214 32
215 122
216 25
217 117
218 68
219 166
220 130
221 167
222 71
223 136
224 83
225 161
226 10
227 59
228 34
229 1
230 16
231 176
232 58
233 193
234 196
235 10
236 40
237 0
238 81
239 85
240 4
241 66
242 6
243 136
244 52
245 115
246 6
247 8
248 39
249 103
0 1 0 1 1 0 0 1 1 1 0 1 1 0 1 1 0 1 1 0 0 0 1 1 1 1 0 1 1 0 0 1 0 1 0 0 1 1 0 0 1 1 0 0 0 0 1 1 0 1 0 1 0 1 1 1 1 0 1 0 0 1 1 0 1 1 1 0 1 1 1 1 0 0 0 0 1 0 0 1 0 1 0 1 1 0 1 0 1 1 1 0 0 1 0 0 0 1 0 1 0 1 1 0 0 0 0 1 0 0 0 1 1 1 0 0 0 1 0 0 0 0 0 1 0 1 0 0 0 1 0 1 0 1 0 0 1 1 0 0 1 1 1 1 0 1 0 0 0 0 1 1 1 1 1 0 0 0 0 0 0 0 0 1 0 1 1 0 1 1 0 0 1 0 0 0 0 0 0 0 0 0 0 0 0 1 1 1 1 1 0 1 1 0 1 0 0 1 0 0 1 1 0 1 1 0 1 0 1 1 0 0 1 1 1 0 0 0 1 0 1 0 1 1 1 1 0 1 0 0 1 0 1 1 0 0 1 0 0 0 0 1 1 0 0 1 0 1 0 0
1 0 1 1 0 1 0 0 0 0 1 1 1 0 0 1 1 1 0 0 1 1 1 0 0 1 0 0 1 0 0 1 1 1 1 1 0 1 1 1 0 0 0 1 0 0 0 1 1 0 1 0 1 0 1 1 0 1 1 1 0 1 0 0 1 1 1 1 1 1 1 1 0 1 0 0 0 0 0 1 1 0 0 0 0 0 1 1 0 0 1 0 1 1 1 0 1 0 1 0 1 1 1 0 0 0 1 0 0 0 1 1 1 1 0 0 0 0 1 1 1 1 0 0 1 0 0 0 0 0 1 0 0 0 1 0 0 1 1 0 0 1 1 1 0 0 0 1 0 0 1 1 1 0 1 1 1 0 1 1 1 0 1 1 0 1 0 1 1 1 1 0 0 0 1 1 0 1 1 0 1 1 1 1 0 1 0 0 1 0 1 0 1 1 0 1 1 1 0 0 1 0 0 0 1 0 1 0 0 1 0 1 1 1 0 1 0 1 1 1 0 0 1 1 0 0 1 0 1 1 0 0 0 0 0 1 1 0 1 0 1 0 1 1 1 0 0 0 0 1
1 0 1 1 1 1 1 1 1 1 1 1 0 0 0 0 0 1 0 1 0 1 0 0 1 0 1 0 1 1 0 0 1 1 0 0 0 1 0 1 0 0 0 0 0 0 1 0 1 1 0 1 0 0 0 1 0 1 1 0 0 0 0 1 0 1 1 1 1 1 1 1 0 1 0 0 1 0 1 0 0 0 0 1 1 1 1 1 0 0 1 0 1 1 1 1 0 1 0 1 0 1 1 1 1 0 0 0 1 0 1 1 0 1 1 0 1 1 1 0 1 1 1 0 0 1 0 0 0 0 0 0 1 1 0 0 1 0 0 0 0 1 1 0 0 0 0 0 0 1 0 1 0 1 0 1 1 0 0 1 0 1 0 1 1 1 1 1 0 1 0 1 0 1 0 0 0 0 0 1 0 1 1 0 1 1 1 0 0 1 1 1 0 1 1 1 0 1 1 1 0 1 1 0 1 0 0 0 0 1 0 0 0 0 1 0 1 1 0 0 1 1 1 0 1 1 1 1 0 0 0 0 0 0 1 1 1 1 1 0 0 0 1 1 0 0 1 1 0 0
0 0 1 0 0 1 1 0 1 1 1 0 0 1 0 0 0 0 1 0 1 0 0 1 1 1 0 0 0 1 1 0 1 1 0 0 0 1 1 0 1 1 0 0 1 1 0 1 1 1 1 0 1 0 1 1 1 0 1 1 0 1 0 1 1 0 1 0 0 0 0 1 1 1 0 0 1 0 0 0 1 1 1 1 1 0 1 1 1 0 1 1 1 1 0 1 1 1 1 0 1 1 0 1 0 0 0 0 1 0 0 1 1 1 0 0 1 0 1 1 0 0 1 0 1 0 1 0 0 0 1 0 0 0 1 1 0 1 1 0 1 1 1 0 0 0 1 1 0 0 0 1 1 1 0 0 1 0 1 1 1 1 0 0 1 0 1 1 1 0 1 1 0 1 1 0 0 0 0 1 0 0 1 0 0 1 0 1 0 1 1 0 1 1 0 0 1 1 0 0 1 0 1 0 1 1 1 0 1 0 0 0 0 0 1 0 0 0 1 0 1 0 0 0 0 0 1 0 1 1 0 0 1 0 1 0 0 0 1 1 1 1 0 1 0 0 0 0 1 0
0 0 1 0 0 0 0 1 1 1 0 0 1 1 0 1 1 0 0 1 1 1 0 0 0 0 1 0 1 1 1 0 1 1 1 1 1 0 1 0 0 0 0 1 1 0 1 1 0 1 1 0 1 0 0 0 0 0 0 1 0 0 0 0 0 0 0 0 1 0 1 1 1 1 0 1 0 1 1 0 0 0 0 1 1 0 0 1 1 0 1 1 1 0 0 0 1 0 1 1 1 1 0 0 1 1 1 0 1 0 0 0 0 0 0 1 0 1 1 1 1 0 0 0 0 0 0 0 1 1 1 1 1 1 0 0 1 1 0 1 0 1 0 1 1 0 0 0 0 1 0 0 0 1 0 0 1 1 0 1 0 0 0 1 0 1 0 1 1 1 1 0 0 0 0 0 1 1 0 0 0 1 0 1 0 0 0 1 0 1 1 0 1 1 1 0 1 1 1 0 1 0 1 0 0 1 1 0 1 0 0 1 0 0 1 0 0 0 1 1 1 0 0 0 1 1 0 1 1 1 1 0 1 1 0 1 1 0 1 0 1 0 0 1 1 1 1 0 1 1