100 394 5
0 1
0 2
1 2
1 3
2 3
1 4
2 4
4 5
2 5
1 6
0 6
2 7
5 7
2 8
1 8
6 9
2 9
7 10
1 10
8 11
0 11
6 12
7 12
0 13
2 13
3 14
7 14
12 15
7 15
8 16
12 16
2 17
15 17
8 18
11 18
7 19
0 19
1 20
3 20
15 21
5 21
2 22
19 22
17 23
1 23
19 24
1 24
1 25
21 25
1 26
19 26
2 27
1 27
20 28
14 28
9 29
28 29
5 30
21 30
12 31
1 31
22 32
11 32
31 33
2 33
19 34
4 34
23 35
6 35
6 36
12 36
1 37
8 37
30 38
5 38
5 39
20 39
16 40
21 40
5 41
8 41
39 42
6 42
6 43
20 43
28 44
39 44
21 45
11 45
12 46
45 46
28 47
1 47
11 48
24 48
2 49
6 49
1 50
11 50
39 51
22 51
4 52
22 52
5 53
29 53
1 54
15 54
13 55
39 55
26 56
5 56
47 57
45 57
5 58
46 58
55 59
2 59
3 60
50 60
1 61
35 61
57 62
4 62
20 63
30 63
5 64
11 64
52 65
17 65
30 66
11 66
21 67
43 67
50 68
58 68
24 69
60 69
23 70
59 70
21 71
41 71
1 72
58 72
4 73
8 73
64 74
36 74
5 75
41 75
39 76
57 76
55 77
64 77
62 78
43 78
21 79
60 79
30 80
29 80
23 81
24 81
9 82
55 82
1 83
6 83
40 84
58 84
25 85
39 85
16 86
11 86
65 87
11 87
49 88
30 88
2 89
28 89
11 90
2 90
5 91
86 91
39 92
60 92
1 93
85 93
12 94
28 94
64 95
76 95
68 96
53 96
8 97
66 97
32 98
58 98
39 99
32 99
1 0
2 0
2 1
3 1
3 2
4 1
4 2
5 4
5 2
6 1
6 0
7 2
7 5
8 2
8 1
9 6
9 2
10 7
10 1
11 8
11 0
12 6
12 7
13 0
13 2
14 3
14 7
15 12
15 7
16 8
16 12
17 2
17 15
18 8
18 11
19 7
19 0
20 1
20 3
21 15
21 5
22 2
22 19
23 17
23 1
24 19
24 1
25 1
25 21
26 1
26 19
27 2
27 1
28 20
28 14
29 9
29 28
30 5
30 21
31 12
31 1
32 22
32 11
33 31
33 2
34 19
34 4
35 23
35 6
36 6
36 12
37 1
37 8
38 30
38 5
39 5
39 20
40 16
40 21
41 5
41 8
42 39
42 6
43 6
43 20
44 28
44 39
45 21
45 11
46 12
46 45
47 28
47 1
48 11
48 24
49 2
49 6
50 1
50 11
51 39
51 22
52 4
52 22
53 5
53 29
54 1
54 15
55 13
55 39
56 26
56 5
57 47
57 45
58 5
58 46
59 55
59 2
60 3
60 50
61 1
61 35
62 57
62 4
63 20
63 30
64 5
64 11
65 52
65 17
66 30
66 11
67 21
67 43
68 50
68 58
69 24
69 60
70 23
70 59
71 21
71 41
72 1
72 58
73 4
73 8
74 64
74 36
75 5
75 41
76 39
76 57
77 55
77 64
78 62
78 43
79 21
79 60
80 30
80 29
81 23
81 24
82 9
82 55
83 1
83 6
84 40
84 58
85 25
85 39
86 16
86 11
87 65
87 11
88 49
88 30
89 2
89 28
90 11
90 2
91 5
91 86
92 39
92 60
93 1
93 85
94 12
94 28
95 64
95 76
96 68
96 53
97 8
97 66
98 32
98 58
99 39
99 32
1 0 0 0 1 1 1 0 0 0 0 0 0 0 1 0 1 0 0 0 0 1 0 0 1 0 1 1 0 1 1 1 0 1 1 0 0 0 0 1 1 1 1 1 0 1 1 0 0 1 1 1 0 0 1 1 0 0 1 0 1 0 1 1 0 0 0 0 1 0 0 0 1 0 1 1 0 1 0 1 1 0 1 0 0 1 1 0 1 1 1 1 0 1 1 0 1 0 0 0
0 0 1 1 0 0 0 1 0 0 1 0 1 0 1 0 1 1 0 0 0 1 1 0 1 1 0 0 0 0 1 1 0 1 1 1 1 1 0 1 0 1 1 0 1 1 1 1 1 0 0 0 1 0 1 1 1 0 0 0 1 0 0 1 1 1 0 1 1 0 1 1 1 1 0 1 0 1 1 0 1 1 1 0 1 1 0 1 1 0 1 1 0 0 0 1 0 0 0 1
1 0 1 1 0 0 1 0 1 0 1 0 1 1 1 1 1 0 0 0 0 0 0 1 0 0 0 0 1 0 0 0 1 0 1 0 0 0 0 0 1 0 1 1 0 1 1 1 1 0 1 1 1 0 1 0 0 0 1 0 1 1 1 1 0 1 1 0 1 1 1 0 0 0 0 0 0 1 0 1 1 0 1 0 0 1 1 0 0 1 0 0 1 1 0 1 1 1 1 0
0 1 1 0 0 1 0 0 1 0 1 1 1 0 1 1 0 0 1 1 1 0 0 1 1 0 1 0 1 0 0 1 0 1 1 0 1 1 0 0 1 0 0 0 1 0 1 1 0 1 0 1 0 1 1 0 0 1 1 0 1 1 1 0 1 1 1 1 0 1 1 0 1 0 0 0 1 0 0 1 0 0 0 0 0 1 1 0 0 1 1 1 0 0 1 1 0 0 0 1
0 0 1 0 1 1 1 1 0 0 1 0 1 0 0 1 0 0 0 1 0 1 1 0 1 1 1 0 1 1 1 1 1 1 1 0 0 0 1 0 1 0 1 1 0 1 0 0 1 0 1 1 0 0 0 1 1 1 0 1 1 1 1 0 0 0 1 1 1 1 0 0 1 1 0 1 1 0 1 0 0 0 1 1 1 1 0 1 1 0 0 0 1 1 1 1 1 1 1 1