100 780 5
0 1
0 2
1 2
0 3
1 3
2 3
0 4
1 4
2 4
3 4
4 5
2 5
0 5
3 5
3 6
4 6
2 6
5 6
6 7
2 7
1 7
5 7
5 8
4 8
3 8
0 8
6 9
1 9
0 9
3 9
1 10
4 10
5 10
6 10
4 11
3 11
0 11
1 11
8 12
0 12
4 12
1 12
0 13
2 13
5 13
9 13
1 14
0 14
6 14
8 14
2 15
4 15
5 15
6 15
5 16
13 16
14 16
4 16
4 17
1 17
10 17
3 17
0 18
3 18
14 18
4 18
11 19
8 19
6 19
5 19
1 20
13 20
2 20
7 20
17 21
10 21
9 21
20 21
1 22
6 22
21 22
18 22
12 23
14 23
9 23
18 23
3 24
10 24
4 24
20 24
2 25
1 25
14 25
22 25
7 26
23 26
1 26
10 26
0 27
6 27
11 27
1 27
2 28
5 28
18 28
4 28
13 29
10 29
4 29
0 29
21 30
1 30
28 30
29 30
4 31
21 31
1 31
16 31
16 32
2 32
4 32
1 32
4 33
6 33
18 33
3 33
21 34
3 34
10 34
8 34
3 35
21 35
11 35
30 35
3 36
8 36
18 36
31 36
31 37
10 37
3 37
6 37
12 38
10 38
29 38
3 38
8 39
15 39
5 39
14 39
3 40
15 40
18 40
7 40
19 41
32 41
36 41
39 41
1 42
27 42
36 42
0 42
27 43
6 43
1 43
11 43
25 44
4 44
2 44
10 44
25 45
2 45
28 45
14 45
11 46
8 46
4 46
20 46
1 47
33 47
40 47
25 47
9 48
29 48
3 48
31 48
22 49
0 49
47 49
11 49
11 50
15 50
28 50
49 50
19 51
11 51
22 51
20 51
31 52
34 52
25 52
28 52
5 53
1 53
0 53
4 53
10 54
1 54
29 54
19 54
15 55
21 55
36 55
2 55
21 56
33 56
0 56
40 56
10 57
5 57
11 57
1 57
30 58
0 58
19 58
7 58
12 59
16 59
5 59
0 59
5 60
2 60
0 60
22 60
3 61
10 61
12 61
41 61
3 62
4 62
43 62
7 62
6 63
25 63
1 63
7 63
21 64
4 64
6 64
51 64
62 65
3 65
13 65
24 65
32 66
7 66
1 66
49 66
59 67
1 67
33 67
8 67
33 68
32 68
4 68
53 68
1 69
33 69
4 69
5 69
34 70
62 70
50 70
28 70
11 71
46 71
18 71
29 71
27 72
41 72
68 72
8 72
53 73
0 73
11 73
49 73
4 74
58 74
0 74
5 74
25 75
18 75
5 75
2 75
13 76
64 76
40 76
62 76
33 77
63 77
8 77
35 77
64 78
4 78
36 78
6 78
7 79
25 79
62 79
41 79
58 80
40 80
55 80
21 80
9 81
4 81
56 81
3 81
13 82
7 82
60 82
10 82
0 83
29 83
9 83
34 83
55 84
80 84
13 84
12 84
2 85
81 85
18 85
43 85
19 86
5 86
53 86
50 86
26 87
14 87
50 87
2 87
40 88
48 88
58 88
5 88
33 89
73 89
12 89
66 89
13 90
36 90
3 90
8 90
73 91
18 91
43 91
4 91
41 92
1 92
2 92
7 92
18 93
22 93
84 93
4 93
6 94
29 94
64 94
0 94
37 95
13 95
48 95
38 95
2 96
48 96
1 96
86 96
94 97
9 97
29 97
34 97
0 98
36 98
35 98
1 98
29 99
24 99
25 99
68 99
1 0
2 0
2 1
3 0
3 1
3 2
4 0
4 1
4 2
4 3
5 4
5 2
5 0
5 3
6 3
6 4
6 2
6 5
7 6
7 2
7 1
7 5
8 5
8 4
8 3
8 0
9 6
9 1
9 0
9 3
10 1
10 4
10 5
10 6
11 4
11 3
11 0
11 1
12 8
12 0
12 4
12 1
13 0
13 2
13 5
13 9
14 1
14 0
14 6
14 8
15 2
15 4
15 5
15 6
16 5
16 13
16 14
16 4
17 4
17 1
17 10
17 3
18 0
18 3
18 14
18 4
19 11
19 8
19 6
19 5
20 1
20 13
20 2
20 7
21 17
21 10
21 9
21 20
22 1
22 6
22 21
22 18
23 12
23 14
23 9
23 18
24 3
24 10
24 4
24 20
25 2
25 1
25 14
25 22
26 7
26 23
26 1
26 10
27 0
27 6
27 11
27 1
28 2
28 5
28 18
28 4
29 13
29 10
29 4
29 0
30 21
30 1
30 28
30 29
31 4
31 21
31 1
31 16
32 16
32 2
32 4
32 1
33 4
33 6
33 18
33 3
34 21
34 3
34 10
34 8
35 3
35 21
35 11
35 30
36 3
36 8
36 18
36 31
37 31
37 10
37 3
37 6
38 12
38 10
38 29
38 3
39 8
39 15
39 5
39 14
40 3
40 15
40 18
40 7
41 19
41 32
41 36
41 39
42 1
42 27
42 36
42 0
43 27
43 6
43 1
43 11
44 25
44 4
44 2
44 10
45 25
45 2
45 28
45 14
46 11
46 8
46 4
46 20
47 1
47 33
47 40
47 25
48 9
48 29
48 3
48 31
49 22
49 0
49 47
49 11
50 11
50 15
50 28
50 49
51 19
51 11
51 22
51 20
52 31
52 34
52 25
52 28
53 5
53 1
53 0
53 4
54 10
54 1
54 29
54 19
55 15
55 21
55 36
55 2
56 21
56 33
56 0
56 40
57 10
57 5
57 11
57 1
58 30
58 0
58 19
58 7
59 12
59 16
59 5
59 0
60 5
60 2
60 0
60 22
61 3
61 10
61 12
61 41
62 3
62 4
62 43
62 7
63 6
63 25
63 1
63 7
64 21
64 4
64 6
64 51
65 62
65 3
65 13
65 24
66 32
66 7
66 1
66 49
67 59
67 1
67 33
67 8
68 33
68 32
68 4
68 53
69 1
69 33
69 4
69 5
70 34
70 62
70 50
70 28
71 11
71 46
71 18
71 29
72 27
72 41
72 68
72 8
73 53
73 0
73 11
73 49
74 4
74 58
74 0
74 5
75 25
75 18
75 5
75 2
76 13
76 64
76 40
76 62
77 33
77 63
77 8
77 35
78 64
78 4
78 36
78 6
79 7
79 25
79 62
79 41
80 58
80 40
80 55
80 21
81 9
81 4
81 56
81 3
82 13
82 7
82 60
82 10
83 0
83 29
83 9
83 34
84 55
84 80
84 13
84 12
85 2
85 81
85 18
85 43
86 19
86 5
86 53
86 50
87 26
87 14
87 50
87 2
88 40
88 48
88 58
88 5
89 33
89 73
89 12
89 66
90 13
90 36
90 3
90 8
91 73
91 18
91 43
91 4
92 41
92 1
92 2
92 7
93 18
93 22
93 84
93 4
94 6
94 29
94 64
94 0
95 37
95 13
95 48
95 38
96 2
96 48
96 1
96 86
97 94
97 9
97 29
97 34
98 0
98 36
98 35
98 1
99 29
99 24
99 25
99 68
1 1 0 0 0 0 1 0 1 0 1 0 1 0 1 1 1 1 0 1 1 0 1 0 1 1 0 1 1 1 0 0 0 1 0 0 0 0 1 1 0 1 0 1 1 1 0 1 1 0 1 0 1 1 1 0 0 1 1 0 1 1 0 1 1 0 1 1 0 1 1 1 1 0 0 1 1 0 1 0 1 1 1 1 0 0 1 1 1 0 1 1 1 0 1 1 0 1 1 0
1 1 1 0 0 0 0 1 0 0 1 1 0 1 1 1 0 0 0 1 0 1 0 0 1 0 1 0 0 1 0 0 0 0 0 0 0 0 1 0 1 1 1 0 0 0 1 0 0 0 0 1 0 0 1 0 1 1 0 0 1 1 0 0 0 1 0 1 0 1 1 1 0 0 1 1 1 1 0 0 0 1 1 0 0 1 0 0 1 0 0 0 1 0 0 1 1 0 0 0
0 0 0 1 0 1 1 1 0 1 1 1 1 0 0 1 0 0 1 0 0 1 1 0 0 1 0 1 0 1 1 1 1 0 1 1 1 1 1 0 1 1 0 0 1 0 0 1 0 0 0 1 1 1 0 1 0 0 0 0 1 0 0 0 0 0 1 0 1 0 1 1 1 0 1 0 0 1 1 1 0 0 0 1 0 0 1 1 0 0 0 1 0 1 1 0 1 0 1 1
0 0 1 1 1 0 1 1 0 1 1 1 1 0 1 0 1 0 1 1 1 1 0 1 1 1 0 0 0 0 0 0 1 0 0 1 0 0 0 0 1 0 1 0 0 0 1 0 1 1 1 1 0 1 1 0 0 0 0 0 1 0 1 0 0 0 1 1 1 1 0 1 1 0 0 1 0 0 0 1 1 0 0 0 0 1 1 0 0 0 1 0 0 1 1 0 0 1 1 1
0 0 0 1 0 1 1 0 0 0 1 0 1 1 0 1 0 1 0 0 0 0 0 1 0 0 1 1 1 1 1 0 0 1 0 1 1 0 1 0 1 1 0 0 0 0 0 1 1 0 0 0 0 0 0 0 0 1 1 0 1 1 0 0 1 1 1 1 0 0 1 1 1 0 1 0 1 1 0 0 0 1 0 0 1 0 0 0 0 0 1 0 1 0 0 0 0 0 0 1