100 780 5
0 1
0 2
1 2
0 3
1 3
2 3
0 4
1 4
2 4
3 4
3 5
1 5
2 5
0 5
4 6
0 6
1 6
3 6
1 7
6 7
5 7
3 7
1 8
7 8
5 8
4 8
3 9
1 9
0 9
6 9
6 10
9 10
3 10
5 10
8 11
2 11
4 11
3 11
8 12
0 12
7 12
3 12
8 13
5 13
2 13
3 13
4 14
0 14
13 14
1 14
10 15
14 15
3 15
4 15
7 16
2 16
1 16
14 16
3 17
8 17
0 17
6 17
7 18
16 18
0 18
10 18
3 19
10 19
5 19
11 19
2 20
15 20
14 20
7 20
4 21
17 21
8 21
16 21
8 22
2 22
5 22
3 22
2 23
20 23
1 23
8 23
15 24
3 24
18 24
14 24
5 25
7 25
8 25
22 25
11 26
16 26
13 26
18 26
7 27
3 27
14 27
24 27
16 28
0 28
27 28
7 28
10 29
5 29
4 29
8 29
22 30
3 30
29 30
25 30
2 31
6 31
10 31
20 31
13 32
0 32
7 32
1 32
13 33
32 33
5 33
29 33
15 34
33 34
7 34
0 34
4 35
3 35
20 35
11 35
32 36
4 36
15 36
13 36
23 37
15 37
1 37
6 37
16 38
1 38
3 38
0 38
0 39
7 39
11 39
23 39
4 40
13 40
3 40
18 40
4 41
23 41
25 41
36 41
3 42
32 42
14 42
13 42
32 43
3 43
1 43
27 43
5 44
21 44
2 44
11 44
27 45
2 45
24 45
9 45
34 46
2 46
7 46
36 46
6 47
22 47
37 47
2 47
10 48
46 48
1 48
23 48
13 49
43 49
4 49
1 49
6 50
7 50
43 50
16 50
15 51
21 51
3 51
34 51
35 52
2 52
1 52
44 52
43 53
8 53
27 53
21 53
15 54
26 54
38 54
3 54
29 55
20 55
23 55
2 55
1 56
20 56
2 56
8 56
20 57
52 57
49 57
41 57
1 58
17 58
54 58
16 58
8 59
11 59
4 59
37 59
36 60
6 60
49 60
30 60
35 61
27 61
25 61
36 61
26 62
52 62
13 62
7 62
5 63
0 63
3 63
16 63
26 64
25 64
20 64
34 64
6 65
14 65
31 65
20 65
29 66
9 66
6 66
25 66
17 67
40 67
23 67
33 67
6 68
52 68
18 68
15 68
20 69
61 69
0 69
14 69
10 70
62 70
16 70
13 70
27 71
0 71
12 71
20 71
11 72
38 72
27 72
69 72
26 73
0 73
52 73
12 73
56 74
5 74
39 74
29 74
70 75
6 75
16 75
7 75
2 76
70 76
20 76
37 76
10 77
34 77
26 77
3 77
44 78
15 78
5 78
51 78
22 79
6 79
11 79
7 79
3 80
13 80
6 80
62 80
13 81
22 81
37 81
53 81
20 82
15 82
10 82
81 82
20 83
27 83
31 83
7 83
3 84
2 84
75 84
41 84
9 85
45 85
44 85
30 85
35 86
38 86
26 86
68 86
11 87
73 87
31 87
29 87
16 88
71 88
9 88
23 88
19 89
85 89
7 89
86 89
70 90
10 90
54 90
16 90
78 91
6 91
67 91
7 91
46 92
36 92
23 92
28 92
44 93
23 93
7 93
20 93
53 94
30 94
35 94
68 94
60 95
4 95
37 95
49 95
80 96
65 96
3 96
4 96
24 97
0 97
30 97
18 97
1 98
31 98
9 98
0 98
51 99
7 99
72 99
31 99
1 0
2 0
2 1
3 0
3 1
3 2
4 0
4 1
4 2
4 3
5 3
5 1
5 2
5 0
6 4
6 0
6 1
6 3
7 1
7 6
7 5
7 3
8 1
8 7
8 5
8 4
9 3
9 1
9 0
9 6
10 6
10 9
10 3
10 5
11 8
11 2
11 4
11 3
12 8
12 0
12 7
12 3
13 8
13 5
13 2
13 3
14 4
14 0
14 13
14 1
15 10
15 14
15 3
15 4
16 7
16 2
16 1
16 14
17 3
17 8
17 0
17 6
18 7
18 16
18 0
18 10
19 3
19 10
19 5
19 11
20 2
20 15
20 14
20 7
21 4
21 17
21 8
21 16
22 8
22 2
22 5
22 3
23 2
23 20
23 1
23 8
24 15
24 3
24 18
24 14
25 5
25 7
25 8
25 22
26 11
26 16
26 13
26 18
27 7
27 3
27 14
27 24
28 16
28 0
28 27
28 7
29 10
29 5
29 4
29 8
30 22
30 3
30 29
30 25
31 2
31 6
31 10
31 20
32 13
32 0
32 7
32 1
33 13
33 32
33 5
33 29
34 15
34 33
34 7
34 0
35 4
35 3
35 20
35 11
36 32
36 4
36 15
36 13
37 23
37 15
37 1
37 6
38 16
38 1
38 3
38 0
39 0
39 7
39 11
39 23
40 4
40 13
40 3
40 18
41 4
41 23
41 25
41 36
42 3
42 32
42 14
42 13
43 32
43 3
43 1
43 27
44 5
44 21
44 2
44 11
45 27
45 2
45 24
45 9
46 34
46 2
46 7
46 36
47 6
47 22
47 37
47 2
48 10
48 46
48 1
48 23
49 13
49 43
49 4
49 1
50 6
50 7
50 43
50 16
51 15
51 21
51 3
51 34
52 35
52 2
52 1
52 44
53 43
53 8
53 27
53 21
54 15
54 26
54 38
54 3
55 29
55 20
55 23
55 2
56 1
56 20
56 2
56 8
57 20
57 52
57 49
57 41
58 1
58 17
58 54
58 16
59 8
59 11
59 4
59 37
60 36
60 6
60 49
60 30
61 35
61 27
61 25
61 36
62 26
62 52
62 13
62 7
63 5
63 0
63 3
63 16
64 26
64 25
64 20
64 34
65 6
65 14
65 31
65 20
66 29
66 9
66 6
66 25
67 17
67 40
67 23
67 33
68 6
68 52
68 18
68 15
69 20
69 61
69 0
69 14
70 10
70 62
70 16
70 13
71 27
71 0
71 12
71 20
72 11
72 38
72 27
72 69
73 26
73 0
73 52
73 12
74 56
74 5
74 39
74 29
75 70
75 6
75 16
75 7
76 2
76 70
76 20
76 37
77 10
77 34
77 26
77 3
78 44
78 15
78 5
78 51
79 22
79 6
79 11
79 7
80 3
80 13
80 6
80 62
81 13
81 22
81 37
81 53
82 20
82 15
82 10
82 81
83 20
83 27
83 31
83 7
84 3
84 2
84 75
84 41
85 9
85 45
85 44
85 30
86 35
86 38
86 26
86 68
87 11
87 73
87 31
87 29
88 16
88 71
88 9
88 23
89 19
89 85
89 7
89 86
90 70
90 10
90 54
90 16
91 78
91 6
91 67
91 7
92 46
92 36
92 23
92 28
93 44
93 23
93 7
93 20
94 53
94 30
94 35
94 68
95 60
95 4
95 37
95 49
96 80
96 65
96 3
96 4
97 24
97 0
97 30
97 18
98 1
98 31
98 9
98 0
99 51
99 7
99 72
99 31
1 0 0 1 0 0 0 1 1 0 1 1 0 0 0 1 0 1 0 0 0 0 1 1 1 1 0 1 0 0 1 1 0 1 1 0 1 0 1 1 1 0 0 0 1 1 1 1 0 1 1 0 1 1 1 1 1 0 1 1 0 0 1 0 0 0 0 1 0 1 0 1 1 1 1 1 1 0 0 0 1 1 0 0 1 1 1 1 1 1 0 0 1 0 0 0 0 1 0 1
1 0 0 0 1 0 0 0 1 0 0 0 1 1 1 0 0 1 0 1 0 1 0 0 1 0 1 0 0 0 0 1 1 1 1 1 1 0 1 1 1 1 0 0 0 1 1 1 1 1 1 1 0 1 1 0 1 0 1 0 1 0 1 1 0 0 1 1 0 1 0 1 0 0 0 0 0 1 0 0 0 1 1 0 1 1 1 0 1 0 0 0 1 0 1 0 0 0 1 0
0 1 1 1 0 0 0 1 0 1 0 0 1 0 0 0 0 1 0 0 0 1 0 0 1 0 1 0 1 0 1 0 0 0 0 1 0 1 1 1 1 0 1 1 1 0 0 0 0 0 1 1 1 1 1 0 1 1 1 0 0 1 1 1 0 1 1 1 0 1 0 0 1 0 0 0 1 1 1 0 1 1 0 0 0 0 1 1 0 0 1 0 0 0 0 1 0 0 1 0
1 1 1 0 0 0 1 0 0 0 1 1 0 0 1 0 0 1 0 0 1 1 1 1 1 0 1 0 1 0 0 0 1 1 1 1 1 0 0 1 1 1 0 0 1 0 1 1 0 1 0 0 0 0 0 0 0 1 0 0 1 1 1 0 0 0 0 1 1 0 0 0 0 0 1 0 0 0 0 0 0 0 0 0 1 0 1 1 1 0 0 1 0 0 1 0 0 0 0 1
0 1 0 1 0 0 1 1 0 0 0 0 0 1 1 1 1 0 1 1 1 0 1 1 0 1 0 1 1 1 1 0 1 1 1 0 1 0 1 0 0 1 0 0 1 1 1 1 1 1 1 1 1 0 1 0 0 0 1 1 0 0 0 1 0 0 0 1 0 0 1 0 1 0 1 0 0 0 0 0 1 0 0 1 0 0 1 0 1 1 1 1 1 1 0 0 0 1 0 0