250 1980 5
0 1
0 2
1 2
0 3
1 3
2 3
0 4
1 4
2 4
3 4
4 5
3 5
2 5
0 5
3 6
5 6
0 6
4 6
2 7
3 7
6 7
5 7
0 8
2 8
6 8
4 8
6 9
0 9
1 9
5 9
3 10
7 10
0 10
6 10
1 11
10 11
4 11
6 11
3 12
10 12
4 12
11 12
9 13
10 13
2 13
8 13
13 14
4 14
0 14
7 14
5 15
6 15
13 15
2 15
7 16
6 16
2 16
9 16
6 17
9 17
16 17
1 17
6 18
5 18
8 18
9 18
6 19
3 19
5 19
15 19
5 20
15 20
6 20
13 20
18 21
0 21
17 21
8 21
6 22
7 22
3 22
8 22
4 23
10 23
13 23
15 23
9 24
19 24
7 24
23 24
8 25
20 25
19 25
24 25
18 26
6 26
3 26
23 26
4 27
7 27
3 27
11 27
26 28
13 28
17 28
27 28
24 29
3 29
17 29
14 29
3 30
17 30
1 30
24 30
9 31
5 31
19 31
21 31
10 32
0 32
3 32
16 32
5 33
13 33
8 33
4 33
1 34
10 34
3 34
7 34
10 35
30 35
5 35
11 35
6 36
10 36
9 36
5 36
34 37
3 37
8 37
15 37
7 38
27 38
33 38
15 38
22 39
37 39
0 39
3 39
27 40
15 40
38 40
30 40
2 41
6 41
7 41
3 41
6 42
0 42
5 42
19 42
2 43
23 43
7 43
33 43
31 44
24 44
3 44
2 44
1 45
5 45
22 45
3 45
24 46
41 46
29 46
15 46
13 47
0 47
38 47
10 47
38 48
33 48
11 48
16 48
26 49
0 49
25 49
22 49
25 50
34 50
8 50
2 50
41 51
6 51
0 51
2 51
50 52
6 52
37 52
24 52
35 53
32 53
5 53
7 53
32 54
37 54
15 54
29 54
39 55
24 55
15 55
25 55
5 56
15 56
30 56
3 56
44 57
4 57
2 57
1 57
13 58
36 58
10 58
17 58
36 59
6 59
18 59
28 59
31 60
35 60
38 60
42 60
10 61
7 61
35 61
20 61
30 62
6 62
0 62
44 62
46 63
47 63
56 63
59 63
6 64
31 64
35 64
38 64
27 65
5 65
1 65
8 65
6 66
58 66
14 66
23 66
58 67
34 67
59 67
0 67
17 68
9 68
34 68
45 68
2 69
38 69
17 69
23 69
6 70
34 70
42 70
48 70
0 71
24 71
58 71
42 71
7 72
5 72
26 72
60 72
52 73
59 73
43 73
27 73
71 74
70 74
62 74
16 74
26 75
24 75
10 75
3 75
54 76
34 76
3 76
9 76
42 77
53 77
1 77
2 77
48 78
4 78
73 78
77 78
25 79
76 79
51 79
59 79
57 80
17 80
71 80
10 80
3 81
50 81
25 81
71 81
78 82
13 82
25 82
28 82
30 83
6 83
76 83
49 83
7 84
13 84
3 84
67 84
39 85
58 85
83 85
5 85
83 86
81 86
54 86
5 86
55 87
19 87
14 87
32 87
18 88
0 88
10 88
17 88
45 89
83 89
12 89
51 89
10 90
41 90
6 90
13 90
3 91
79 91
50 91
21 91
33 92
3 92
25 92
49 92
87 93
10 93
51 93
11 93
69 94
6 94
30 94
56 94
77 95
71 95
1 95
13 95
0 96
8 96
77 96
42 96
65 97
34 97
89 97
8 97
5 98
47 98
3 98
27 98
45 99
2 99
58 99
13 99
14 100
35 100
5 100
36 100
28 101
2 101
0 101
71 101
95 102
0 102
4 102
12 102
2 103
3 103
37 103
16 103
28 104
27 104
38 104
49 104
56 105
4 105
34 105
19 105
9 106
59 106
84 106
34 106
5 107
63 107
82 107
102 107
0 108
39 108
13 108
47 108
66 109
81 109
88 109
0 109
56 110
47 110
52 110
69 110
2 111
30 111
23 111
49 111
8 112
18 112
103 112
77 112
98 113
25 113
6 113
38 113
35 114
50 114
34 114
53 114
2 115
86 115
66 115
87 115
11 116
72 116
17 116
4 116
4 117
52 117
47 117
110 117
115 118
4 118
2 118
92 118
18 119
2 119
5 119
95 119
16 120
65 120
24 120
38 120
33 121
24 121
1 121
66 121
17 122
50 122
76 122
88 122
57 123
28 123
13 123
47 123
1 124
53 124
59 124
38 124
1 125
62 125
14 125
7 125
6 126
34 126
53 126
86 126
13 127
1 127
19 127
79 127
42 128
24 128
123 128
22 128
10 129
85 129
86 129
66 129
66 130
129 130
73 130
0 130
81 131
124 131
23 131
70 131
7 132
111 132
0 132
107 132
110 133
40 133
5 133
79 133
49 134
40 134
106 134
8 134
105 135
59 135
42 135
114 135
39 136
111 136
124 136
88 136
36 137
33 137
12 137
17 137
19 138
95 138
50 138
79 138
130 139
115 139
66 139
60 139
0 140
82 140
137 140
134 140
43 141
108 141
97 141
1 141
99 142
15 142
49 142
56 142
14 143
48 143
86 143
83 143
75 144
53 144
117 144
88 144
13 145
90 145
85 145
130 145
8 146
20 146
26 146
6 146
79 147
92 147
15 147
11 147
99 148
26 148
16 148
86 148
32 149
99 149
122 149
0 149
86 150
129 150
11 150
125 150
86 151
50 151
9 151
1 151
2 152
3 152
8 152
23 152
130 153
33 153
41 153
25 153
21 154
38 154
87 154
13 154
49 155
25 155
124 155
20 155
60 156
44 156
3 156
41 156
63 157
76 157
120 157
56 157
150 158
151 158
0 158
94 158
39 159
26 159
105 159
117 159
0 160
123 160
87 160
119 160
7 161
17 161
43 161
54 161
106 162
125 162
42 162
143 162
3 163
8 163
9 163
63 163
110 164
96 164
40 164
159 164
123 165
20 165
152 165
29 165
104 166
59 166
65 166
57 166
28 167
63 167
6 167
99 167
84 168
137 168
31 168
68 168
64 169
42 169
33 169
88 169
50 170
75 170
23 170
7 170
61 171
6 171
103 171
108 171
130 172
19 172
61 172
3 172
13 173
44 173
17 173
49 173
150 174
20 174
118 174
55 174
39 175
38 175
7 175
49 175
138 176
107 176
75 176
16 176
5 177
138 177
64 177
56 177
47 178
0 178
98 178
55 178
38 179
5 179
107 179
81 179
29 180
59 180
116 180
14 180
169 181
8 181
177 181
87 181
61 182
59 182
13 182
32 182
47 183
130 183
19 183
108 183
162 184
35 184
81 184
98 184
10 185
2 185
13 185
37 185
96 186
94 186
44 186
111 186
17 187
93 187
118 187
52 187
1 188
132 188
7 188
14 188
49 189
121 189
10 189
61 189
153 190
77 190
39 190
26 190
118 191
138 191
9 191
1 191
5 192
114 192
79 192
54 192
77 193
136 193
159 193
2 193
44 194
172 194
5 194
4 194
54 195
66 195
85 195
117 195
19 196
51 196
79 196
5 196
88 197
10 197
170 197
76 197
81 198
151 198
160 198
194 198
132 199
0 199
107 199
116 199
139 200
140 200
23 200
3 200
56 201
147 201
159 201
93 201
76 202
0 202
188 202
181 202
10 203
15 203
40 203
123 203
76 204
58 204
183 204
171 204
160 205
6 205
183 205
121 205
108 206
15 206
98 206
6 206
93 207
128 207
2 207
107 207
147 208
49 208
29 208
12 208
52 209
124 209
128 209
90 209
6 210
122 210
163 210
183 210
38 211
33 211
83 211
5 211
134 212
8 212
59 212
1 212
43 213
84 213
17 213
6 213
1 214
173 214
82 214
59 214
67 215
0 215
56 215
4 215
125 216
181 216
130 216
174 216
40 217
61 217
137 217
42 217
140 218
57 218
0 218
58 218
5 219
0 219
206 219
21 219
196 220
46 220
166 220
193 220
3 221
94 221
209 221
8 221
34 222
110 222
77 222
5 222
26 223
92 223
48 223
52 223
8 224
1 224
0 224
28 224
6 225
111 225
76 225
35 225
224 226
71 226
38 226
201 226
7 227
56 227
13 227
201 227
10 228
130 228
56 228
44 228
101 229
76 229
2 229
17 229
3 230
5 230
218 230
10 230
3 231
69 231
72 231
11 231
168 232
69 232
59 232
34 232
6 233
204 233
15 233
32 233
1 234
5 234
96 234
37 234
71 235
41 235
110 235
171 235
94 236
152 236
27 236
49 236
181 237
42 237
92 237
7 237
19 238
10 238
23 238
161 238
71 239
6 239
25 239
57 239
145 240
15 240
219 240
147 240
77 241
1 241
88 241
3 241
28 242
193 242
43 242
77 242
3 243
216 243
76 243
129 243
150 244
83 244
28 244
229 244
114 245
211 245
39 245
87 245
4 246
38 246
110 246
48 246
244 247
32 247
5 247
13 247
36 248
11 248
92 248
73 248
39 249
6 249
122 249
127 249
1 0
2 0
2 1
3 0
3 1
3 2
4 0
4 1
4 2
4 3
5 4
5 3
5 2
5 0
6 3
6 5
6 0
6 4
7 2
7 3
7 6
7 5
8 0
8 2
8 6
8 4
9 6
9 0
9 1
9 5
10 3
10 7
10 0
10 6
11 1
11 10
11 4
11 6
12 3
12 10
12 4
12 11
13 9
13 10
13 2
13 8
14 13
14 4
14 0
14 7
15 5
15 6
15 13
15 2
16 7
16 6
16 2
16 9
17 6
17 9
17 16
17 1
18 6
18 5
18 8
18 9
19 6
19 3
19 5
19 15
20 5
20 15
20 6
20 13
21 18
21 0
21 17
21 8
22 6
22 7
22 3
22 8
23 4
23 10
23 13
23 15
24 9
24 19
24 7
24 23
25 8
25 20
25 19
25 24
26 18
26 6
26 3
26 23
27 4
27 7
27 3
27 11
28 26
28 13
28 17
28 27
29 24
29 3
29 17
29 14
30 3
30 17
30 1
30 24
31 9
31 5
31 19
31 21
32 10
32 0
32 3
32 16
33 5
33 13
33 8
33 4
34 1
34 10
34 3
34 7
35 10
35 30
35 5
35 11
36 6
36 10
36 9
36 5
37 34
37 3
37 8
37 15
38 7
38 27
38 33
38 15
39 22
39 37
39 0
39 3
40 27
40 15
40 38
40 30
41 2
41 6
41 7
41 3
42 6
42 0
42 5
42 19
43 2
43 23
43 7
43 33
44 31
44 24
44 3
44 2
45 1
45 5
45 22
45 3
46 24
46 41
46 29
46 15
47 13
47 0
47 38
47 10
48 38
48 33
48 11
48 16
49 26
49 0
49 25
49 22
50 25
50 34
50 8
50 2
51 41
51 6
51 0
51 2
52 50
52 6
52 37
52 24
53 35
53 32
53 5
53 7
54 32
54 37
54 15
54 29
55 39
55 24
55 15
55 25
56 5
56 15
56 30
56 3
57 44
57 4
57 2
57 1
58 13
58 36
58 10
58 17
59 36
59 6
59 18
59 28
60 31
60 35
60 38
60 42
61 10
61 7
61 35
61 20
62 30
62 6
62 0
62 44
63 46
63 47
63 56
63 59
64 6
64 31
64 35
64 38
65 27
65 5
65 1
65 8
66 6
66 58
66 14
66 23
67 58
67 34
67 59
67 0
68 17
68 9
68 34
68 45
69 2
69 38
69 17
69 23
70 6
70 34
70 42
70 48
71 0
71 24
71 58
71 42
72 7
72 5
72 26
72 60
73 52
73 59
73 43
73 27
74 71
74 70
74 62
74 16
75 26
75 24
75 10
75 3
76 54
76 34
76 3
76 9
77 42
77 53
77 1
77 2
78 48
78 4
78 73
78 77
79 25
79 76
79 51
79 59
80 57
80 17
80 71
80 10
81 3
81 50
81 25
81 71
82 78
82 13
82 25
82 28
83 30
83 6
83 76
83 49
84 7
84 13
84 3
84 67
85 39
85 58
85 83
85 5
86 83
86 81
86 54
86 5
87 55
87 19
87 14
87 32
88 18
88 0
88 10
88 17
89 45
89 83
89 12
89 51
90 10
90 41
90 6
90 13
91 3
91 79
91 50
91 21
92 33
92 3
92 25
92 49
93 87
93 10
93 51
93 11
94 69
94 6
94 30
94 56
95 77
95 71
95 1
95 13
96 0
96 8
96 77
96 42
97 65
97 34
97 89
97 8
98 5
98 47
98 3
98 27
99 45
99 2
99 58
99 13
100 14
100 35
100 5
100 36
101 28
101 2
101 0
101 71
102 95
102 0
102 4
102 12
103 2
103 3
103 37
103 16
104 28
104 27
104 38
104 49
105 56
105 4
105 34
105 19
106 9
106 59
106 84
106 34
107 5
107 63
107 82
107 102
108 0
108 39
108 13
108 47
109 66
109 81
109 88
109 0
110 56
110 47
110 52
110 69
111 2
111 30
111 23
111 49
112 8
112 18
112 103
112 77
113 98
113 25
113 6
113 38
114 35
114 50
114 34
114 53
115 2
115 86
115 66
115 87
116 11
116 72
116 17
116 4
117 4
117 52
117 47
117 110
118 115
118 4
118 2
118 92
119 18
119 2
119 5
119 95
120 16
120 65
120 24
120 38
121 33
121 24
121 1
121 66
122 17
122 50
122 76
122 88
123 57
123 28
123 13
123 47
124 1
124 53
124 59
124 38
125 1
125 62
125 14
125 7
126 6
126 34
126 53
126 86
127 13
127 1
127 19
127 79
128 42
128 24
128 123
128 22
129 10
129 85
129 86
129 66
130 66
130 129
130 73
130 0
131 81
131 124
131 23
131 70
132 7
132 111
132 0
132 107
133 110
133 40
133 5
133 79
134 49
134 40
134 106
134 8
135 105
135 59
135 42
135 114
136 39
136 111
136 124
136 88
137 36
137 33
137 12
137 17
138 19
138 95
138 50
138 79
139 130
139 115
139 66
139 60
140 0
140 82
140 137
140 134
141 43
141 108
141 97
141 1
142 99
142 15
142 49
142 56
143 14
143 48
143 86
143 83
144 75
144 53
144 117
144 88
145 13
145 90
145 85
145 130
146 8
146 20
146 26
146 6
147 79
147 92
147 15
147 11
148 99
148 26
148 16
148 86
149 32
149 99
149 122
149 0
150 86
150 129
150 11
150 125
151 86
151 50
151 9
151 1
152 2
152 3
152 8
152 23
153 130
153 33
153 41
153 25
154 21
154 38
154 87
154 13
155 49
155 25
155 124
155 20
156 60
156 44
156 3
156 41
157 63
157 76
157 120
157 56
158 150
158 151
158 0
158 94
159 39
159 26
159 105
159 117
160 0
160 123
160 87
160 119
161 7
161 17
161 43
161 54
162 106
162 125
162 42
162 143
163 3
163 8
163 9
163 63
164 110
164 96
164 40
164 159
165 123
165 20
165 152
165 29
166 104
166 59
166 65
166 57
167 28
167 63
167 6
167 99
168 84
168 137
168 31
168 68
169 64
169 42
169 33
169 88
170 50
170 75
170 23
170 7
171 61
171 6
171 103
171 108
172 130
172 19
172 61
172 3
173 13
173 44
173 17
173 49
174 150
174 20
174 118
174 55
175 39
175 38
175 7
175 49
176 138
176 107
176 75
176 16
177 5
177 138
177 64
177 56
178 47
178 0
178 98
178 55
179 38
179 5
179 107
179 81
180 29
180 59
180 116
180 14
181 169
181 8
181 177
181 87
182 61
182 59
182 13
182 32
183 47
183 130
183 19
183 108
184 162
184 35
184 81
184 98
185 10
185 2
185 13
185 37
186 96
186 94
186 44
186 111
187 17
187 93
187 118
187 52
188 1
188 132
188 7
188 14
189 49
189 121
189 10
189 61
190 153
190 77
190 39
190 26
191 118
191 138
191 9
191 1
192 5
192 114
192 79
192 54
193 77
193 136
193 159
193 2
194 44
194 172
194 5
194 4
195 54
195 66
195 85
195 117
196 19
196 51
196 79
196 5
197 88
197 10
197 170
197 76
198 81
198 151
198 160
198 194
199 132
199 0
199 107
199 116
200 139
200 140
200 23
200 3
201 56
201 147
201 159
201 93
202 76
202 0
202 188
202 181
203 10
203 15
203 40
203 123
204 76
204 58
204 183
204 171
205 160
205 6
205 183
205 121
206 108
206 15
206 98
206 6
207 93
207 128
207 2
207 107
208 147
208 49
208 29
208 12
209 52
209 124
209 128
209 90
210 6
210 122
210 163
210 183
211 38
211 33
211 83
211 5
212 134
212 8
212 59
212 1
213 43
213 84
213 17
213 6
214 1
214 173
214 82
214 59
215 67
215 0
215 56
215 4
216 125
216 181
216 130
216 174
217 40
217 61
217 137
217 42
218 140
218 57
218 0
218 58
219 5
219 0
219 206
219 21
220 196
220 46
220 166
220 193
221 3
221 94
221 209
221 8
222 34
222 110
222 77
222 5
223 26
223 92
223 48
223 52
224 8
224 1
224 0
224 28
225 6
225 111
225 76
225 35
226 224
226 71
226 38
226 201
227 7
227 56
227 13
227 201
228 10
228 130
228 56
228 44
229 101
229 76
229 2
229 17
230 3
230 5
230 218
230 10
231 3
231 69
231 72
231 11
232 168
232 69
232 59
232 34
233 6
233 204
233 15
233 32
234 1
234 5
234 96
234 37
235 71
235 41
235 110
235 171
236 94
236 152
236 27
236 49
237 181
237 42
237 92
237 7
238 19
238 10
238 23
238 161
239 71
239 6
239 25
239 57
240 145
240 15
240 219
240 147
241 77
241 1
241 88
241 3
242 28
242 193
242 43
242 77
243 3
243 216
243 76
243 129
244 150
244 83
244 28
244 229
245 114
245 211
245 39
245 87
246 4
246 38
246 110
246 48
247 244
247 32
247 5
247 13
248 36
248 11
248 92
248 73
249 39
249 6
249 122
249 127
1 0 1 1 1 1 1 1 1 0 0 0 0 0 0 1 0 0 0 1 1 0 1 0 0 0 0 0 0 0 0 0 1 0 0 1 0 0 0 1 1 0 0 1 0 1 0 1 0 1 0 1 1 1 1 1 0 0 0 1 1 0 1 0 1 1 1 1 0 1 0 1 0 0 1 1 1 1 1 1 1 1 1 0 0 1 0 0 1 0 1 1 0 1 0 1 0 0 0 0 1 1 1 0 0 0 1 1 1 1 1 0 0 1 0 1 0 1 1 0 0 1 0 0 1 1 1 0 1 1 1 0 0 1 1 1 0 0 0 0 1 0 0 0 1 0 0 0 0 1 0 1 0 0 0 0 1 1 1 1 1 1 1 0 0 0 0 0 0 0 1 0 0 0 1 1 0 1 0 1 0 0 1 1 1 0 0 0 0 1 0 1 1 1 1 0 0 1 1 1 0 1 1 0 1 0 1 1 0 1 0 1 1 1 1 1 1 0 0 0 1 0 1 1 1 0 0 0 1 1 1 0 1 0 0 1 0 0 0 0 1 0 0 1 1 1 0 0 0 0
1 1 0 0 1 0 0 1 1 1 0 1 0 0 1 0 0 0 1 0 0 0 1 0 0 0 0 1 1 0 1 0 1 1 1 0 1 0 0 1 1 1 1 1 1 0 1 0 1 0 1 1 0 0 1 0 1 1 1 1 0 1 1 1 1 0 0 0 1 1 1 0 1 0 1 1 1 0 0 0 1 1 1 1 1 0 0 0 1 0 0 1 1 1 1 1 0 1 0 1 0 0 0 0 0 1 1 0 1 0 0 1 1 1 0 1 0 0 0 1 1 0 0 1 1 0 1 0 0 0 0 1 1 1 0 1 0 0 1 0 0 1 1 1 1 0 1 1 0 0 1 0 1 1 0 1 0 1 0 1 0 1 0 1 1 0 1 1 1 1 1 1 1 1 0 0 0 1 1 0 1 0 1 1 0 0 1 1 1 0 0 0 1 0 0 0 0 0 1 0 1 0 0 0 0 0 0 0 0 0 0 0 1 1 1 0 1 0 1 0 0 0 1 1 1 1 1 0 1 0 1 0 1 0 0 1 0 0 1 1 0 0 1 0 1 1 1 0 0 1
0 0 1 1 0 0 1 0 1 1 1 1 1 0 1 0 1 0 1 0 1 1 0 1 0 0 0 1 1 1 1 1 0 1 1 0 1 0 0 0 1 1 1 0 1 0 0 1 0 1 1 0 0 0 1 1 0 1 0 0 0 0 0 0 1 0 1 1 0 0 0 0 0 0 1 0 1 1 0 1 1 0 0 0 1 0 0 0 1 0 1 0 1 1 0 0 1 0 1 0 0 0 0 1 0 0 0 0 1 1 1 0 1 0 0 0 0 1 0 0 0 1 0 0 1 1 0 1 1 0 1 0 1 1 1 0 0 0 0 1 1 1 0 0 1 0 1 0 0 1 1 0 0 0 1 1 1 0 0 1 0 1 1 0 0 1 1 0 0 0 1 1 0 0 1 1 0 0 1 1 0 1 1 1 0 0 1 0 1 1 1 0 1 1 0 1 0 1 0 0 0 1 1 1 1 0 0 0 1 1 0 0 0 1 1 0 0 1 0 1 0 1 0 0 0 1 0 1 0 0 0 1 0 0 0 0 0 1 0 0 0 0 0 1 0 0 1 1 0 0
0 0 0 0 0 1 0 1 0 0 1 1 0 0 0 0 1 0 1 0 1 1 1 0 0 0 0 0 1 1 0 0 1 0 0 1 0 1 1 0 0 0 1 1 0 1 0 0 1 0 1 0 0 1 0 1 0 1 1 0 0 0 0 1 0 0 1 1 1 1 0 0 0 1 1 1 1 1 1 1 0 0 0 0 0 1 1 1 0 0 1 0 0 0 1 1 1 1 0 0 0 1 0 1 0 1 0 1 0 0 0 0 1 0 1 1 0 0 1 0 0 1 0 0 0 0 1 0 0 0 1 1 1 1 0 1 1 0 0 0 1 0 1 1 0 0 1 0 1 0 0 0 0 0 1 0 1 0 0 1 1 0 0 1 0 1 0 1 1 0 1 0 0 1 1 0 1 1 0 1 1 1 1 1 0 0 0 0 0 1 1 0 1 0 0 0 0 1 1 1 1 1 1 1 0 1 1 0 0 0 0 1 1 0 0 0 0 1 1 1 1 1 1 1 0 1 0 1 1 0 1 1 1 0 1 0 0 0 0 0 0 0 0 0 1 0 1 1 1 0
0 0 0 1 1 0 1 0 0 1 1 0 1 0 0 1 1 1 1 0 1 1 0 1 1 1 1 0 1 0 1 0 1 0 1 1 0 0 0 1 0 0 0 0 1 0 0 1 1 0 1 0 1 0 1 1 0 1 0 1 1 1 0 0 1 1 0 0 1 1 0 0 0 0 0 1 0 0 0 1 1 0 1 1 1 1 1 0 1 0 0 1 0 1 1 0 0 1 0 0 0 1 0 0 0 0 1 0 0 1 0 1 0 0 0 1 0 0 1 0 0 0 1 1 1 0 0 0 1 0 1 1 1 0 0 1 1 0 0 0 0 1 1 0 1 0 1 0 0 0 0 1 0 0 1 0 0 0 0 0 0 1 0 1 0 0 1 0 0 1 1 1 0 0 1 1 1 1 0 0 1 1 1 1 0 1 0 0 1 0 0 1 1 0 1 0 0 0 0 0 0 0 1 0 0 1 0 1 1 0 1 1 1 0 0 0 0 0 1 0 0 0 0 0 0 0 1 1 0 0 0 0 1 0 1 0 0 0 1 1 0 0 1 0 0 1 1 0 1 0