100 390 5
1 1 0 1 0 0 0 1 0 0 1 0 0 1 1 1 0 1 0 0 0 1 0 0 1 0 0 1 0 1 0 1 0 1 0 0 0 1 1 0 0 0 0 1 1 0 1 1 0 1 0 1 1 0 1 1 0 0 1 1 0 0 1 1 1 0 0 0 0 0 0 0 1 0 0 0 0 1 0 1 0 1 0 1 0 0 0 1 0 1 1 0 0 0 1 0 0 1 0 0
1 0 0 0 0 0 0 1 1 1 0 1 1 0 1 0 0 1 0 1 0 1 0 1 1 0 0 1 1 0 0 0 0 1 0 1 0 1 1 0 1 0 0 1 1 0 0 0 0 1 0 1 0 0 0 0 0 1 1 0 1 0 1 0 0 0 0 0 1 1 1 1 0 0 0 1 0 1 0 0 0 0 0 1 0 1 1 0 1 0 1 1 1 1 1 0 0 1 1 0
0 0 0 0 1 0 0 0 1 1 1 0 0 0 0 1 0 0 0 1 1 0 1 1 1 0 1 0 1 1 1 0 1 1 0 0 0 0 0 0 1 1 1 0 1 0 0 1 0 1 0 0 0 1 1 1 0 1 1 1 0 1 1 1 1 0 1 0 1 1 1 1 0 0 1 1 1 1 1 1 0 0 0 0 1 0 1 0 1 1 1 1 1 1 0 0 0 1 0 1
0 1 0 0 1 0 0 1 0 0 1 0 0 1 0 1 0 1 1 0 1 0 1 1 0 1 1 1 1 0 0 1 1 0 0 1 1 1 0 1 1 0 1 1 1 1 1 1 1 0 0 1 1 1 0 1 0 0 1 1 1 1 1 1 0 1 1 0 1 1 0 0 1 0 0 0 0 0 0 1 0 0 0 1 1 1 0 1 0 1 0 1 1 1 1 0 0 0 1 0
1 0 0 0 0 1 1 0 0 0 0 0 0 1 1 0 0 1 1 1 0 1 0 0 1 1 1 0 0 1 0 1 1 1 0 0 0 1 0 1 0 0 1 0 1 0 0 1 0 1 0 0 1 1 1 1 0 1 1 1 0 1 1 1 0 0 0 0 0 0 0 1 0 0 1 0 0 1 0 1 0 0 0 1 0 0 1 1 0 0 1 0 1 1 0 0 0 0 1 1
0 1
0 2
1 2
0 3
1 3
2 3
0 4
1 4
2 4
3 4
0 5
2 5
1 5
3 5
5 6
2 6
0 6
1 6
2 7
3 7
0 7
6 7
7 8
1 8
3 8
5 8
5 9
7 9
0 9
6 9
9 10
8 10
0 10
1 10
1 11
3 11
7 11
2 11
5 12
4 12
9 12
3 12
8 13
3 13
7 13
2 13
4 14
7 14
13 14
1 14
11 15
4 15
6 15
10 15
14 16
5 16
6 16
7 16
10 17
5 17
4 17
15 17
5 18
7 18
8 18
15 18
14 19
3 19
9 19
4 19
0 20
18 20
15 20
14 20
19 21
11 21
8 21
9 21
19 22
11 22
0 22
17 22
1 23
16 23
22 23
13 23
22 24
4 24
20 24
6 24
5 25
8 25
1 25
14 25
1 26
13 26
9 26
0 26
11 27
6 27
3 27
19 27
6 28
8 28
9 28
1 28
5 29
25 29
22 29
15 29
22 30
11 30
1 30
3 30
25 31
18 31
7 31
30 31
11 32
1 32
31 32
4 32
4 33
25 33
11 33
26 33
8 34
18 34
20 34
2 34
33 35
5 35
14 35
24 35
29 36
14 36
20 36
5 36
1 37
10 37
4 37
5 37
0 38
32 38
28 38
35 38
6 39
18 39
1 39
4 39
12 40
8 40
6 40
7 40
7 41
32 41
14 41
3 41
20 42
14 42
13 42
11 42
12 43
27 43
11 43
2 43
10 44
25 44
7 44
1 44
13 45
2 45
42 45
12 45
26 46
21 46
2 46
3 46
14 47
0 47
7 47
5 47
5 48
2 48
24 48
0 48
24 49
4 49
14 49
11 49
24 50
41 50
15 50
5 50
15 51
49 51
27 51
29 51
38 52
15 52
23 52
13 52
35 53
34 53
22 53
8 53
44 54
11 54
22 54
25 54
19 55
13 55
1 55
3 55
11 56
3 56
12 56
29 56
35 57
1 57
26 57
12 57
31 58
7 58
8 58
9 58
56 59
19 59
26 59
18 59
28 60
20 60
14 60
16 60
24 61
20 61
4 61
19 61
20 62
3 62
6 62
22 62
41 63
0 63
25 63
51 63
0 64
30 64
7 64
43 64
29 65
20 65
24 65
1 65
41 66
7 66
2 66
3 66
20 67
2 67
19 67
56 67
3 68
43 68
30 68
6 68
41 69
29 69
7 69
53 69
50 70
12 70
22 70
39 70
29 71
38 71
61 71
31 71
4 72
18 72
7 72
27 72
4 73
57 73
52 73
2 73
60 74
7 74
36 74
4 74
12 75
42 75
6 75
22 75
3 76
24 76
16 76
37 76
2 77
31 77
20 77
25 77
22 78
37 78
9 78
68 78
77 79
22 79
13 79
5 79
1 80
22 80
7 80
3 80
20 81
3 81
11 81
25 81
14 82
53 82
12 82
18 82
10 83
20 83
26 83
6 83
1 84
48 84
46 84
4 84
16 85
1 85
78 85
2 85
5 86
16 86
20 86
14 86
51 87
3 87
22 87
27 87
23 88
54 88
16 88
34 88
80 89
5 89
34 89
4 89
89 90
1 90
25 90
5 90
7 91
8 91
47 91
10 91
75 92
24 92
9 92
58 92
45 93
22 93
72 93
4 93
37 94
7 94
56 94
54 94
8 95
34 95
80 95
1 95
53 96
1 96
76 96
14 96
25 97
15 97
96 97
10 97
23 98
53 98
33 98
87 98
41 99
46 99
7 99
50 99