100 588 5
0 1
0 2
1 2
0 3
1 3
2 3
3 4
2 4
0 4
4 5
3 5
0 5
1 6
0 6
4 6
0 7
1 7
2 7
3 8
1 8
0 8
0 9
2 9
7 9
9 10
6 10
0 10
5 11
1 11
7 11
7 12
3 12
4 12
4 13
1 13
8 13
0 14
2 14
8 14
13 15
1 15
14 15
15 16
13 16
0 16
12 17
3 17
7 17
4 18
1 18
16 18
9 19
10 19
6 19
3 20
5 20
17 20
0 21
13 21
9 21
9 22
3 22
0 22
17 23
9 23
13 23
2 24
7 24
18 24
23 25
15 25
0 25
13 26
19 26
8 26
13 27
20 27
0 27
8 28
20 28
17 28
18 29
14 29
20 29
0 30
2 30
9 30
0 31
29 31
14 31
9 32
12 32
15 32
6 33
13 33
9 33
14 34
2 34
32 34
14 35
25 35
24 35
26 36
1 36
5 36
21 37
14 37
15 37
26 38
30 38
17 38
11 39
13 39
23 39
24 40
4 40
0 40
1 41
2 41
13 41
27 42
35 42
7 42
13 43
27 43
6 43
2 44
9 44
0 44
1 45
16 45
15 45
25 46
26 46
34 46
16 47
8 47
7 47
7 48
20 48
0 48
47 49
26 49
0 49
28 50
13 50
46 50
30 51
1 51
20 51
12 52
7 52
29 52
1 53
23 53
0 53
20 54
14 54
27 54
41 55
18 55
8 55
53 56
2 56
32 56
18 57
2 57
0 57
4 58
8 58
5 58
45 59
49 59
14 59
3 60
56 60
26 60
1 61
38 61
7 61
24 62
45 62
3 62
1 63
7 63
30 63
32 64
7 64
23 64
35 65
11 65
21 65
5 66
20 66
31 66
49 67
52 67
20 67
11 68
14 68
41 68
47 69
0 69
2 69
46 70
63 70
16 70
3 71
25 71
38 71
10 72
6 72
55 72
60 73
50 73
5 73
20 74
14 74
26 74
9 75
47 75
54 75
29 76
41 76
0 76
0 77
9 77
13 77
52 78
37 78
56 78
6 79
4 79
22 79
15 80
25 80
39 80
73 81
46 81
20 81
13 82
14 82
3 82
14 83
11 83
35 83
80 84
73 84
50 84
16 85
55 85
15 85
19 86
7 86
17 86
0 87
5 87
61 87
6 88
70 88
44 88
78 89
64 89
16 89
28 90
50 90
37 90
1 91
80 91
18 91
10 92
15 92
16 92
56 93
7 93
15 93
58 94
4 94
72 94
16 95
1 95
0 95
74 96
3 96
16 96
7 97
4 97
18 97
13 98
77 98
55 98
0 99
84 99
8 99
1 0
2 0
2 1
3 0
3 1
3 2
4 3
4 2
4 0
5 4
5 3
5 0
6 1
6 0
6 4
7 0
7 1
7 2
8 3
8 1
8 0
9 0
9 2
9 7
10 9
10 6
10 0
11 5
11 1
11 7
12 7
12 3
12 4
13 4
13 1
13 8
14 0
14 2
14 8
15 13
15 1
15 14
16 15
16 13
16 0
17 12
17 3
17 7
18 4
18 1
18 16
19 9
19 10
19 6
20 3
20 5
20 17
21 0
21 13
21 9
22 9
22 3
22 0
23 17
23 9
23 13
24 2
24 7
24 18
25 23
25 15
25 0
26 13
26 19
26 8
27 13
27 20
27 0
28 8
28 20
28 17
29 18
29 14
29 20
30 0
30 2
30 9
31 0
31 29
31 14
32 9
32 12
32 15
33 6
33 13
33 9
34 14
34 2
34 32
35 14
35 25
35 24
36 26
36 1
36 5
37 21
37 14
37 15
38 26
38 30
38 17
39 11
39 13
39 23
40 24
40 4
40 0
41 1
41 2
41 13
42 27
42 35
42 7
43 13
43 27
43 6
44 2
44 9
44 0
45 1
45 16
45 15
46 25
46 26
46 34
47 16
47 8
47 7
48 7
48 20
48 0
49 47
49 26
49 0
50 28
50 13
50 46
51 30
51 1
51 20
52 12
52 7
52 29
53 1
53 23
53 0
54 20
54 14
54 27
55 41
55 18
55 8
56 53
56 2
56 32
57 18
57 2
57 0
58 4
58 8
58 5
59 45
59 49
59 14
60 3
60 56
60 26
61 1
61 38
61 7
62 24
62 45
62 3
63 1
63 7
63 30
64 32
64 7
64 23
65 35
65 11
65 21
66 5
66 20
66 31
67 49
67 52
67 20
68 11
68 14
68 41
69 47
69 0
69 2
70 46
70 63
70 16
71 3
71 25
71 38
72 10
72 6
72 55
73 60
73 50
73 5
74 20
74 14
74 26
75 9
75 47
75 54
76 29
76 41
76 0
77 0
77 9
77 13
78 52
78 37
78 56
79 6
79 4
79 22
80 15
80 25
80 39
81 73
81 46
81 20
82 13
82 14
82 3
83 14
83 11
83 35
84 80
84 73
84 50
85 16
85 55
85 15
86 19
86 7
86 17
87 0
87 5
87 61
88 6
88 70
88 44
89 78
89 64
89 16
90 28
90 50
90 37
91 1
91 80
91 18
92 10
92 15
92 16
93 56
93 7
93 15
94 58
94 4
94 72
95 16
95 1
95 0
96 74
96 3
96 16
97 7
97 4
97 18
98 13
98 77
98 55
99 0
99 84
99 8
1 1 1 1 0 0 0 0 1 0 1 0 1 0 1 1 1 1 0 0 0 1 1 1 0 1 0 1 1 1 1 0 1 1 1 0 1 0 0 1 1 0 0 1 1 0 0 1 1 0 1 1 1 0 0 0 1 1 1 1 0 0 0 1 1 0 1 0 1 0 0 1 0 1 1 0 1 0 1 1 0 1 1 1 0 1 0 1 1 1 1 0 1 0 1 1 0 0 1 1
0 0 1 0 1 0 0 0 0 0 1 0 0 1 0 0 0 0 1 1 1 0 0 1 1 0 0 0 1 1 0 0 0 1 0 1 1 0 0 1 1 1 1 0 1 0 1 0 0 1 1 1 1 0 1 1 1 0 1 1 0 1 1 1 0 1 0 0 1 1 1 1 1 0 0 1 0 0 1 0 0 1 1 1 0 0 0 1 1 0 0 1 1 1 0 1 1 1 0 1
0 1 0 0 1 1 0 1 1 0 0 0 0 1 1 1 0 1 1 0 1 1 0 0 0 0 1 0 1 1 1 1 0 0 0 0 1 1 1 0 0 1 1 0 0 1 1 0 1 1 0 1 0 0 0 0 1 0 1 0 1 0 1 1 0 1 1 1 0 1 0 0 1 0 1 1 1 1 0 0 0 1 0 0 1 1 0 1 1 1 1 0 1 0 1 1 0 1 1 0
0 1 0 0 0 1 0 0 0 0 0 1 0 1 0 0 0 0 0 0 0 0 0 1 0 1 1 0 0 0 0 1 1 0 0 0 0 1 0 1 0 0 0 1 0 0 1 0 0 0 0 0 0 1 1 1 0 1 1 0 0 1 0 0 0 1 1 0 1 1 1 1 0 1 0 0 0 1 1 0 0 0 0 1 1 0 0 1 1 0 1 1 1 1 0 0 0 0 0 0
1 0 0 1 1 1 0 0 0 1 0 1 1 1 1 1 0 1 0 1 1 1 0 0 0 1 0 1 0 1 1 0 1 0 0 1 1 1 1 0 1 0 0 1 1 0 1 0 0 1 1 1 0 0 0 0 0 0 0 0 0 0 0 0 1 1 0 1 0 1 0 1 1 1 1 1 1 1 1 1 0 0 1 0 1 0 0 0 1 1 1 1 0 0 0 1 1 0 0 1