100 588 5
0 1
0 2
1 2
0 3
1 3
2 3
0 4
3 4
2 4
0 5
3 5
4 5
1 6
2 6
4 6
2 7
5 7
1 7
0 8
4 8
2 8
1 9
6 9
2 9
7 10
3 10
1 10
2 11
9 11
6 11
7 12
0 12
3 12
5 13
2 13
1 13
2 14
11 14
0 14
1 15
2 15
13 15
15 16
3 16
1 16
2 17
1 17
9 17
9 18
6 18
0 18
5 19
7 19
0 19
0 20
2 20
19 20
18 21
2 21
15 21
17 22
2 22
13 22
15 23
12 23
2 23
1 24
3 24
5 24
13 25
7 25
5 25
24 26
23 26
0 26
1 27
8 27
24 27
18 28
24 28
14 28
6 29
0 29
1 29
20 30
0 30
14 30
25 31
1 31
4 31
6 32
7 32
9 32
0 33
29 33
6 33
23 34
6 34
27 34
16 35
0 35
9 35
9 36
33 36
7 36
7 37
2 37
4 37
27 38
37 38
5 38
27 39
18 39
19 39
36 40
2 40
26 40
0 41
16 41
7 41
27 42
9 42
3 42
3 43
5 43
42 43
7 44
17 44
36 44
7 45
31 45
34 45
40 46
3 46
30 46
35 47
18 47
46 47
6 48
35 48
3 48
40 49
23 49
2 49
7 50
6 50
15 50
11 51
28 51
3 51
0 52
45 52
5 52
37 53
5 53
27 53
8 54
0 54
53 54
8 55
5 55
15 55
8 56
2 56
10 56
32 57
44 57
1 57
2 58
41 58
0 58
26 59
27 59
0 59
2 60
29 60
55 60
22 61
2 61
18 61
36 62
6 62
61 62
31 63
9 63
4 63
53 64
0 64
46 64
24 65
48 65
38 65
49 66
42 66
59 66
1 67
19 67
10 67
42 68
47 68
26 68
2 69
9 69
31 69
47 70
67 70
30 70
52 71
32 71
2 71
46 72
3 72
1 72
12 73
37 73
9 73
5 74
2 74
16 74
60 75
1 75
9 75
58 76
7 76
1 76
29 77
58 77
67 77
51 78
7 78
26 78
5 79
1 79
2 79
21 80
53 80
34 80
38 81
36 81
11 81
76 82
43 82
78 82
3 83
76 83
32 83
9 84
68 84
2 84
34 85
1 85
0 85
62 86
0 86
57 86
43 87
23 87
27 87
1 88
36 88
16 88
2 89
35 89
83 89
5 90
7 90
82 90
54 91
4 91
51 91
83 92
10 92
91 92
36 93
3 93
67 93
8 94
38 94
22 94
82 95
62 95
60 95
8 96
29 96
10 96
6 97
13 97
93 97
49 98
57 98
5 98
21 99
39 99
5 99
1 0
2 0
2 1
3 0
3 1
3 2
4 0
4 3
4 2
5 0
5 3
5 4
6 1
6 2
6 4
7 2
7 5
7 1
8 0
8 4
8 2
9 1
9 6
9 2
10 7
10 3
10 1
11 2
11 9
11 6
12 7
12 0
12 3
13 5
13 2
13 1
14 2
14 11
14 0
15 1
15 2
15 13
16 15
16 3
16 1
17 2
17 1
17 9
18 9
18 6
18 0
19 5
19 7
19 0
20 0
20 2
20 19
21 18
21 2
21 15
22 17
22 2
22 13
23 15
23 12
23 2
24 1
24 3
24 5
25 13
25 7
25 5
26 24
26 23
26 0
27 1
27 8
27 24
28 18
28 24
28 14
29 6
29 0
29 1
30 20
30 0
30 14
31 25
31 1
31 4
32 6
32 7
32 9
33 0
33 29
33 6
34 23
34 6
34 27
35 16
35 0
35 9
36 9
36 33
36 7
37 7
37 2
37 4
38 27
38 37
38 5
39 27
39 18
39 19
40 36
40 2
40 26
41 0
41 16
41 7
42 27
42 9
42 3
43 3
43 5
43 42
44 7
44 17
44 36
45 7
45 31
45 34
46 40
46 3
46 30
47 35
47 18
47 46
48 6
48 35
48 3
49 40
49 23
49 2
50 7
50 6
50 15
51 11
51 28
51 3
52 0
52 45
52 5
53 37
53 5
53 27
54 8
54 0
54 53
55 8
55 5
55 15
56 8
56 2
56 10
57 32
57 44
57 1
58 2
58 41
58 0
59 26
59 27
59 0
60 2
60 29
60 55
61 22
61 2
61 18
62 36
62 6
62 61
63 31
63 9
63 4
64 53
64 0
64 46
65 24
65 48
65 38
66 49
66 42
66 59
67 1
67 19
67 10
68 42
68 47
68 26
69 2
69 9
69 31
70 47
70 67
70 30
71 52
71 32
71 2
72 46
72 3
72 1
73 12
73 37
73 9
74 5
74 2
74 16
75 60
75 1
75 9
76 58
76 7
76 1
77 29
77 58
77 67
78 51
78 7
78 26
79 5
79 1
79 2
80 21
80 53
80 34
81 38
81 36
81 11
82 76
82 43
82 78
83 3
83 76
83 32
84 9
84 68
84 2
85 34
85 1
85 0
86 62
86 0
86 57
87 43
87 23
87 27
88 1
88 36
88 16
89 2
89 35
89 83
90 5
90 7
90 82
91 54
91 4
91 51
92 83
92 10
92 91
93 36
93 3
93 67
94 8
94 38
94 22
95 82
95 62
95 60
96 8
96 29
96 10
97 6
97 13
97 93
98 49
98 57
98 5
99 21
99 39
99 5
1 0 0 0 1 0 1 1 0 1 1 0 1 1 1 1 0 0 0 1 0 1 1 1 1 0 1 1 0 0 0 1 1 1 1 0 0 1 0 1 1 0 1 1 1 1 1 1 0 0 1 1 1 1 0 0 0 0 1 0 1 1 1 1 0 0 0 0 1 0 0 1 0 1 1 1 1 0 1 0 0 1 0 0 1 0 1 1 1 0 1 0 1 0 1 0 0 1 1 1
1 0 1 0 1 1 0 1 0 0 0 0 0 1 0 0 0 1 0 1 0 1 1 0 0 0 0 1 1 0 0 0 0 0 0 1 0 0 1 1 1 1 1 1 0 0 1 0 1 1 0 0 1 1 1 1 0 1 1 1 0 1 1 0 1 1 0 1 1 0 1 1 1 0 1 1 1 0 0 0 0 0 0 1 1 1 1 1 0 0 1 1 1 1 1 0 1 0 1 0
0 0 1 1 0 1 1 1 1 1 0 0 1 1 1 1 1 0 1 0 1 1 1 0 0 1 0 0 1 1 0 1 0 0 0 0 0 1 0 1 0 1 1 0 1 0 0 1 1 1 1 0 0 1 0 1 1 0 1 0 1 0 1 0 0 0 0 0 1 1 1 1 0 1 1 1 1 1 1 1 1 1 0 1 1 1 1 1 0 1 0 1 0 1 0 1 1 0 0 0
1 1 1 0 0 0 1 0 1 1 1 1 1 1 1 1 0 0 0 1 1 1 0 0 1 1 0 1 0 1 1 1 0 1 1 0 0 0 0 1 1 0 0 0 1 1 1 1 0 0 0 0 1 1 1 0 0 0 0 0 1 1 1 0 1 0 0 0 0 0 0 0 1 1 0 0 0 1 0 0 1 0 0 1 1 1 1 1 0 1 0 0 0 1 0 1 0 0 1 0
0 0 1 0 0 0 1 1 1 0 1 0 0 1 0 0 0 0 0 0 0 1 0 0 0 0 0 0 1 0 0 1 0 1 1 0 1 0 0 0 1 1 0 1 1 1 0 1 1 0 1 0 1 0 1 1 0 1 1 0 0 1 0 0 1 0 1 1 1 1 1 0 1 1 0 0 1 1 0 0 0 0 1 1 0 1 0 0 0 1 1 1 0 0 1 0 1 0 0 0