100 588 5
0 1
0 2
1 2
0 3
1 3
2 3
3 4
0 4
1 4
2 5
4 5
0 5
4 6
2 6
1 6
3 7
6 7
4 7
7 8
0 8
3 8
0 9
5 9
1 9
2 10
0 10
4 10
9 11
10 11
3 11
7 12
5 12
8 12
2 13
10 13
6 13
2 14
1 14
6 14
2 15
12 15
13 15
6 16
9 16
0 16
4 17
14 17
2 17
13 18
0 18
9 18
0 19
10 19
1 19
17 20
4 20
0 20
2 21
9 21
4 21
17 22
20 22
2 22
5 23
3 23
2 23
0 24
2 24
9 24
6 25
3 25
10 25
10 26
22 26
8 26
9 27
2 27
26 27
9 28
2 28
23 28
17 29
4 29
13 29
3 30
6 30
20 30
0 31
26 31
1 31
16 32
1 32
4 32
23 33
1 33
17 33
3 34
6 34
26 34
0 35
2 35
9 35
5 36
30 36
27 36
0 37
2 37
33 37
2 38
16 38
24 38
10 39
3 39
13 39
17 40
1 40
5 40
2 41
3 41
24 41
17 42
7 42
21 42
42 43
5 43
3 43
2 44
19 44
11 44
29 45
26 45
3 45
2 46
24 46
30 46
4 47
21 47
28 47
37 48
17 48
47 48
10 49
47 49
17 49
46 50
3 50
6 50
6 51
35 51
9 51
48 52
26 52
7 52
22 53
36 53
48 53
33 54
26 54
2 54
40 55
19 55
49 55
20 56
3 56
1 56
0 57
4 57
34 57
44 58
2 58
3 58
30 59
16 59
2 59
29 60
14 60
26 60
7 61
6 61
17 61
57 62
60 62
31 62
58 63
6 63
17 63
17 64
2 64
33 64
60 65
35 65
51 65
33 66
37 66
2 66
26 67
47 67
34 67
45 68
2 68
22 68
64 69
9 69
18 69
9 70
13 70
2 70
26 71
2 71
34 71
33 72
63 72
43 72
68 73
34 73
51 73
18 74
25 74
47 74
26 75
20 75
51 75
10 76
9 76
3 76
17 77
2 77
18 77
22 78
14 78
0 78
66 79
29 79
26 79
3 80
60 80
11 80
53 81
17 81
15 81
30 82
22 82
8 82
82 83
8 83
4 83
25 84
81 84
58 84
64 85
23 85
42 85
13 86
4 86
72 86
9 87
18 87
10 87
18 88
57 88
2 88
17 89
62 89
63 89
26 90
82 90
54 90
73 91
53 91
2 91
64 92
69 92
58 92
0 93
35 93
1 93
9 94
39 94
7 94
0 95
4 95
3 95
3 96
5 96
76 96
26 97
19 97
38 97
80 98
8 98
60 98
29 99
82 99
51 99
1 0
2 0
2 1
3 0
3 1
3 2
4 3
4 0
4 1
5 2
5 4
5 0
6 4
6 2
6 1
7 3
7 6
7 4
8 7
8 0
8 3
9 0
9 5
9 1
10 2
10 0
10 4
11 9
11 10
11 3
12 7
12 5
12 8
13 2
13 10
13 6
14 2
14 1
14 6
15 2
15 12
15 13
16 6
16 9
16 0
17 4
17 14
17 2
18 13
18 0
18 9
19 0
19 10
19 1
20 17
20 4
20 0
21 2
21 9
21 4
22 17
22 20
22 2
23 5
23 3
23 2
24 0
24 2
24 9
25 6
25 3
25 10
26 10
26 22
26 8
27 9
27 2
27 26
28 9
28 2
28 23
29 17
29 4
29 13
30 3
30 6
30 20
31 0
31 26
31 1
32 16
32 1
32 4
33 23
33 1
33 17
34 3
34 6
34 26
35 0
35 2
35 9
36 5
36 30
36 27
37 0
37 2
37 33
38 2
38 16
38 24
39 10
39 3
39 13
40 17
40 1
40 5
41 2
41 3
41 24
42 17
42 7
42 21
43 42
43 5
43 3
44 2
44 19
44 11
45 29
45 26
45 3
46 2
46 24
46 30
47 4
47 21
47 28
48 37
48 17
48 47
49 10
49 47
49 17
50 46
50 3
50 6
51 6
51 35
51 9
52 48
52 26
52 7
53 22
53 36
53 48
54 33
54 26
54 2
55 40
55 19
55 49
56 20
56 3
56 1
57 0
57 4
57 34
58 44
58 2
58 3
59 30
59 16
59 2
60 29
60 14
60 26
61 7
61 6
61 17
62 57
62 60
62 31
63 58
63 6
63 17
64 17
64 2
64 33
65 60
65 35
65 51
66 33
66 37
66 2
67 26
67 47
67 34
68 45
68 2
68 22
69 64
69 9
69 18
70 9
70 13
70 2
71 26
71 2
71 34
72 33
72 63
72 43
73 68
73 34
73 51
74 18
74 25
74 47
75 26
75 20
75 51
76 10
76 9
76 3
77 17
77 2
77 18
78 22
78 14
78 0
79 66
79 29
79 26
80 3
80 60
80 11
81 53
81 17
81 15
82 30
82 22
82 8
83 82
83 8
83 4
84 25
84 81
84 58
85 64
85 23
85 42
86 13
86 4
86 72
87 9
87 18
87 10
88 18
88 57
88 2
89 17
89 62
89 63
90 26
90 82
90 54
91 73
91 53
91 2
92 64
92 69
92 58
93 0
93 35
93 1
94 9
94 39
94 7
95 0
95 4
95 3
96 3
96 5
96 76
97 26
97 19
97 38
98 80
98 8
98 60
99 29
99 82
99 51
1 0 0 1 1 0 0 0 1 0 0 0 0 1 1 0 0 0 0 0 0 1 1 1 1 1 1 0 0 1 0 1 0 0 0 1 0 1 0 0 1 0 0 1 1 0 0 1 1 1 0 1 0 1 1 0 1 0 0 0 1 0 0 0 0 0 0 1 1 1 1 1 0 1 0 1 1 0 0 0 0 1 0 1 0 0 1 0 0 0 0 1 0 0 1 0 1 1 1 1
0 0 1 0 0 1 1 1 1 1 0 0 1 1 0 1 0 0 1 0 0 0 1 1 0 1 1 1 0 0 0 1 1 1 1 0 1 0 0 1 1 0 0 0 1 0 1 1 1 1 1 1 0 1 0 1 1 0 1 1 1 0 0 0 1 0 0 0 1 1 1 0 1 0 1 1 1 1 1 0 0 1 0 1 1 1 0 1 1 1 0 0 0 0 0 1 1 0 0 0
0 1 0 0 0 0 1 1 0 0 0 0 1 1 1 1 1 0 1 1 1 0 1 1 0 0 1 1 1 0 1 0 0 1 0 1 0 0 1 0 1 1 1 0 1 0 1 0 1 1 1 0 1 0 0 0 0 1 0 0 1 1 1 1 0 0 0 1 1 1 1 1 1 0 0 1 1 0 1 1 0 1 0 1 0 0 1 0 0 1 1 1 1 1 1 1 1 1 1 1
0 1 1 1 0 0 0 1 0 1 0 1 1 1 0 0 1 0 0 1 1 0 0 0 1 0 1 0 1 1 1 0 1 0 0 1 1 0 1 1 1 0 1 1 1 1 1 1 1 1 1 0 0 1 0 0 1 1 0 1 0 1 0 0 0 0 1 1 0 0 1 0 1 1 1 0 0 0 0 1 1 1 0 1 1 0 0 0 0 0 0 1 0 1 0 1 0 0 0 0
1 1 0 1 0 1 0 0 0 1 1 1 1 0 0 1 0 0 1 1 0 0 0 0 1 0 1 1 1 0 0 1 0 1 0 1 1 0 0 1 0 1 0 0 0 1 1 0 0 0 0 1 1 0 0 0 1 1 1 0 0 0 0 0 1 0 0 0 1 1 0 0 1 0 1 0 0 1 0 0 1 0 1 1 0 1 0 0 0 1 1 1 0 0 0 1 0 1 0 0