100 390 5
1 0 0 1 0 1 1 0 1 1 0 0 1 0 1 1 0 1 1 1 1 0 0 1 1 0 0 1 0 0 0 0 1 0 0 0 0 0 0 0 0 0 1 1 1 1 1 0 0 0 1 1 1 1 1 1 0 1 0 0 1 0 1 0 1 0 1 0 0 0 1 1 0 0 1 1 0 0 1 1 0 0 1 1 1 0 1 0 1 1 0 1 1 0 0 0 0 0 0 0
1 0 1 0 1 0 0 1 0 1 0 1 1 0 0 0 0 1 1 1 1 0 1 0 1 1 1 1 0 0 1 1 0 0 0 0 0 0 1 0 0 1 0 1 1 0 0 1 0 0 1 0 1 1 0 1 0 1 0 1 0 1 0 1 1 0 0 0 1 1 1 1 1 1 1 0 0 0 0 0 1 1 1 1 1 1 1 1 1 1 1 0 0 0 0 1 1 1 1 0
0 1 0 1 1 0 1 0 0 0 0 1 0 1 1 1 1 0 0 1 1 0 0 0 1 0 0 0 1 1 1 0 1 1 0 1 0 1 1 0 0 0 0 1 0 0 1 1 0 1 0 1 0 1 1 1 0 1 0 0 0 0 1 0 1 1 0 1 1 1 1 1 0 0 0 1 0 1 0 0 0 0 1 0 0 0 0 0 0 0 1 0 1 0 0 1 0 0 1 0
0 0 1 1 0 0 1 0 0 0 0 0 1 0 1 0 0 1 1 0 0 0 0 0 1 1 0 1 0 1 1 0 0 1 1 0 1 1 1 1 1 1 1 0 0 0 1 0 1 0 0 0 0 1 1 0 1 1 1 0 0 0 1 1 0 0 1 1 1 1 1 0 1 1 1 0 1 0 0 1 0 1 1 0 1 1 1 0 1 1 0 0 0 1 1 1 1 0 0 1
1 1 1 1 0 0 1 0 0 0 1 0 1 0 1 0 0 1 0 0 1 1 1 1 1 1 1 1 0 1 1 0 1 1 1 0 1 0 0 1 1 0 1 1 1 1 1 1 1 0 0 1 1 1 1 1 0 0 0 1 1 1 1 0 0 1 0 1 1 1 0 0 0 0 1 1 0 0 1 1 1 1 1 0 0 0 0 1 0 0 0 1 1 1 0 0 1 0 0 1
0 1
0 2
1 2
0 3
1 3
2 3
0 4
1 4
2 4
3 4
4 5
2 5
1 5
0 5
1 6
4 6
0 6
2 6
0 7
1 7
2 7
6 7
7 8
1 8
0 8
4 8
0 9
5 9
4 9
8 9
1 10
3 10
4 10
9 10
2 11
7 11
8 11
9 11
8 12
10 12
0 12
7 12
7 13
4 13
0 13
8 13
9 14
4 14
10 14
2 14
3 15
10 15
9 15
7 15
1 16
13 16
4 16
8 16
0 17
1 17
4 17
13 17
11 18
2 18
4 18
8 18
0 19
4 19
10 19
15 19
16 20
12 20
0 20
4 20
19 21
14 21
0 21
4 21
2 22
9 22
15 22
4 22
17 23
7 23
8 23
15 23
15 24
10 24
20 24
2 24
0 25
13 25
5 25
4 25
7 26
21 26
16 26
4 26
6 27
2 27
25 27
24 27
1 28
13 28
16 28
5 28
4 29
1 29
18 29
23 29
15 30
4 30
6 30
1 30
7 31
9 31
21 31
4 31
3 32
27 32
28 32
16 32
17 33
4 33
0 33
1 33
4 34
26 34
17 34
13 34
2 35
16 35
29 35
15 35
16 36
32 36
8 36
21 36
0 37
19 37
4 37
25 37
35 38
2 38
5 38
15 38
12 39
0 39
1 39
8 39
21 40
31 40
5 40
6 40
8 41
34 41
19 41
26 41
0 42
37 42
4 42
24 42
9 43
8 43
2 43
5 43
26 44
2 44
37 44
25 44
9 45
32 45
2 45
7 45
4 46
21 46
43 46
1 46
27 47
44 47
4 47
7 47
30 48
36 48
7 48
17 48
4 49
32 49
10 49
2 49
28 50
17 50
45 50
15 50
0 51
12 51
37 51
14 51
11 52
7 52
45 52
12 52
15 53
51 53
10 53
26 53
4 54
41 54
7 54
13 54
4 55
38 55
0 55
37 55
3 56
4 56
31 56
39 56
50 57
7 57
40 57
2 57
29 58
13 58
15 58
34 58
29 59
12 59
30 59
21 59
9 60
17 60
38 60
37 60
53 61
31 61
0 61
1 61
42 62
32 62
52 62
16 62
15 63
9 63
16 63
62 63
45 64
18 64
5 64
3 64
1 65
13 65
17 65
7 65
0 66
29 66
4 66
7 66
8 67
40 67
23 67
9 67
39 68
5 68
23 68
18 68
9 69
65 69
4 69
52 69
2 70
38 70
10 70
8 70
44 71
16 71
17 71
15 71
21 72
49 72
5 72
16 72
1 73
29 73
21 73
9 73
20 74
3 74
42 74
51 74
15 75
18 75
25 75
36 75
53 76
17 76
0 76
42 76
2 77
55 77
42 77
24 77
49 78
29 78
7 78
33 78
77 79
0 79
8 79
64 79
0 80
61 80
65 80
17 80
30 81
25 81
41 81
0 81
25 82
22 82
21 82
4 82
30 83
20 83
49 83
65 83
83 84
25 84
0 84
74 84
11 85
21 85
69 85
17 85
64 86
73 86
25 86
6 86
71 87
33 87
12 87
15 87
4 88
9 88
20 88
85 88
1 89
4 89
7 89
38 89
36 90
1 90
7 90
43 90
58 91
75 91
7 91
76 91
5 92
8 92
0 92
26 92
25 93
91 93
37 93
49 93
0 94
33 94
61 94
66 94
83 95
17 95
0 95
48 95
73 96
95 96
51 96
34 96
1 97
20 97
6 97
57 97
21 98
0 98
3 98
36 98
18 99
38 99
43 99
97 99