250 1488 5
0 1
0 2
1 2
0 3
1 3
2 3
3 4
0 4
2 4
3 5
4 5
2 5
3 6
4 6
1 6
1 7
3 7
6 7
1 8
3 8
2 8
3 9
0 9
5 9
8 10
3 10
2 10
4 11
3 11
0 11
2 12
1 12
6 12
2 13
3 13
0 13
2 14
6 14
5 14
2 15
3 15
1 15
8 16
1 16
3 16
3 17
4 17
0 17
4 18
16 18
6 18
2 19
3 19
16 19
13 20
2 20
4 20
2 21
11 21
13 21
1 22
4 22
2 22
5 23
4 23
2 23
6 24
19 24
2 24
16 25
3 25
4 25
14 26
3 26
0 26
1 27
2 27
14 27
3 28
16 28
1 28
18 29
26 29
2 29
12 30
16 30
2 30
3 31
11 31
4 31
0 32
24 32
6 32
16 33
14 33
1 33
22 34
9 34
33 34
15 35
24 35
25 35
35 36
29 36
2 36
23 37
4 37
13 37
2 38
22 38
0 38
13 39
38 39
4 39
22 40
2 40
11 40
38 41
15 41
20 41
4 42
20 42
8 42
39 43
14 43
26 43
21 44
3 44
11 44
40 45
3 45
0 45
44 46
41 46
24 46
2 47
1 47
19 47
38 48
18 48
4 48
11 49
7 49
16 49
21 50
48 50
11 50
42 51
4 51
34 51
18 52
42 52
28 52
24 53
22 53
7 53
13 54
2 54
11 54
42 55
1 55
52 55
24 56
3 56
17 56
22 57
2 57
16 57
0 58
3 58
8 58
5 59
3 59
1 59
11 60
13 60
54 60
28 61
30 61
2 61
39 62
33 62
59 62
1 63
42 63
24 63
13 64
14 64
4 64
31 65
45 65
38 65
38 66
31 66
3 66
63 67
56 67
24 67
2 68
21 68
3 68
18 69
7 69
66 69
1 70
16 70
39 70
53 71
6 71
47 71
2 72
14 72
24 72
11 73
16 73
2 73
26 74
3 74
12 74
68 75
18 75
72 75
19 76
3 76
56 76
16 77
45 77
27 77
1 78
3 78
2 78
3 79
65 79
4 79
34 80
11 80
2 80
45 81
47 81
4 81
0 82
25 82
24 82
32 83
5 83
62 83
73 84
2 84
77 84
73 85
54 85
8 85
42 86
2 86
60 86
13 87
4 87
11 87
15 88
2 88
37 88
49 89
20 89
78 89
81 90
4 90
35 90
73 91
4 91
40 91
3 92
28 92
14 92
75 93
42 93
2 93
59 94
35 94
5 94
11 95
75 95
13 95
54 96
1 96
63 96
45 97
2 97
65 97
7 98
24 98
84 98
7 99
59 99
68 99
2 100
17 100
45 100
13 101
49 101
63 101
3 102
2 102
70 102
15 103
5 103
4 103
21 104
56 104
74 104
13 105
99 105
68 105
15 106
73 106
10 106
6 107
4 107
88 107
23 108
65 108
70 108
18 109
4 109
57 109
79 110
1 110
101 110
4 111
52 111
0 111
74 112
6 112
0 112
1 113
26 113
37 113
59 114
16 114
1 114
50 115
93 115
61 115
14 116
5 116
1 116
24 117
79 117
22 117
38 118
2 118
3 118
49 119
34 119
7 119
119 120
75 120
35 120
63 121
13 121
38 121
70 122
5 122
45 122
79 123
2 123
22 123
3 124
0 124
21 124
112 125
109 125
0 125
120 126
63 126
59 126
6 127
3 127
4 127
68 128
112 128
11 128
24 129
4 129
80 129
90 130
6 130
11 130
101 131
8 131
65 131
13 132
61 132
50 132
0 133
4 133
41 133
33 134
67 134
89 134
22 135
64 135
48 135
87 136
3 136
115 136
3 137
76 137
4 137
68 138
71 138
4 138
86 139
129 139
81 139
12 140
14 140
130 140
82 141
3 141
8 141
113 142
75 142
3 142
0 143
78 143
69 143
108 144
128 144
3 144
93 145
79 145
2 145
2 146
112 146
4 146
60 147
49 147
71 147
46 148
138 148
141 148
2 149
22 149
14 149
26 150
55 150
7 150
2 151
31 151
102 151
5 152
8 152
79 152
5 153
102 153
88 153
149 154
79 154
5 154
91 155
65 155
4 155
3 156
85 156
1 156
4 157
70 157
145 157
0 158
46 158
22 158
115 159
99 159
22 159
103 160
18 160
50 160
89 161
25 161
65 161
34 162
76 162
11 162
3 163
93 163
162 163
105 164
115 164
3 164
150 165
1 165
4 165
56 166
19 166
0 166
59 167
48 167
15 167
63 168
27 168
2 168
21 169
70 169
14 169
5 170
77 170
1 170
17 171
82 171
4 171
15 172
115 172
146 172
15 173
144 173
75 173
116 174
42 174
22 174
88 175
174 175
68 175
103 176
137 176
36 176
51 177
64 177
16 177
44 178
6 178
132 178
34 179
45 179
139 179
106 180
149 180
118 180
42 181
141 181
22 181
81 182
55 182
64 182
36 183
125 183
73 183
2 184
47 184
111 184
14 185
117 185
47 185
28 186
116 186
57 186
65 187
140 187
23 187
42 188
16 188
4 188
4 189
21 189
11 189
115 190
127 190
159 190
162 191
44 191
27 191
37 192
61 192
86 192
4 193
135 193
35 193
66 194
17 194
0 194
176 195
66 195
16 195
11 196
146 196
139 196
45 197
11 197
117 197
67 198
96 198
38 198
78 199
157 199
130 199
82 200
4 200
105 200
130 201
52 201
10 201
2 202
129 202
11 202
102 203
194 203
164 203
26 204
80 204
50 204
200 205
39 205
62 205
93 206
21 206
57 206
1 207
25 207
146 207
58 208
203 208
3 208
181 209
116 209
3 209
189 210
93 210
102 210
11 211
105 211
4 211
47 212
115 212
0 212
11 213
61 213
37 213
45 214
11 214
197 214
138 215
179 215
42 215
136 216
129 216
84 216
2 217
43 217
55 217
196 218
2 218
133 218
42 219
47 219
115 219
148 220
68 220
14 220
71 221
167 221
86 221
0 222
8 222
155 222
37 223
16 223
6 223
128 224
213 224
35 224
2 225
118 225
127 225
224 226
128 226
137 226
74 227
118 227
73 227
16 228
70 228
119 228
11 229
24 229
204 229
49 230
181 230
90 230
14 231
3 231
78 231
12 232
143 232
18 232
17 233
130 233
59 233
189 234
5 234
203 234
170 235
152 235
96 235
193 236
1 236
26 236
14 237
51 237
141 237
63 238
58 238
2 238
3 239
130 239
89 239
3 240
200 240
58 240
159 241
123 241
135 241
110 242
119 242
55 242
88 243
97 243
48 243
97 244
128 244
141 244
132 245
103 245
198 245
25 246
0 246
197 246
2 247
89 247
16 247
52 248
153 248
161 248
190 249
18 249
89 249
1 0
2 0
2 1
3 0
3 1
3 2
4 3
4 0
4 2
5 3
5 4
5 2
6 3
6 4
6 1
7 1
7 3
7 6
8 1
8 3
8 2
9 3
9 0
9 5
10 8
10 3
10 2
11 4
11 3
11 0
12 2
12 1
12 6
13 2
13 3
13 0
14 2
14 6
14 5
15 2
15 3
15 1
16 8
16 1
16 3
17 3
17 4
17 0
18 4
18 16
18 6
19 2
19 3
19 16
20 13
20 2
20 4
21 2
21 11
21 13
22 1
22 4
22 2
23 5
23 4
23 2
24 6
24 19
24 2
25 16
25 3
25 4
26 14
26 3
26 0
27 1
27 2
27 14
28 3
28 16
28 1
29 18
29 26
29 2
30 12
30 16
30 2
31 3
31 11
31 4
32 0
32 24
32 6
33 16
33 14
33 1
34 22
34 9
34 33
35 15
35 24
35 25
36 35
36 29
36 2
37 23
37 4
37 13
38 2
38 22
38 0
39 13
39 38
39 4
40 22
40 2
40 11
41 38
41 15
41 20
42 4
42 20
42 8
43 39
43 14
43 26
44 21
44 3
44 11
45 40
45 3
45 0
46 44
46 41
46 24
47 2
47 1
47 19
48 38
48 18
48 4
49 11
49 7
49 16
50 21
50 48
50 11
51 42
51 4
51 34
52 18
52 42
52 28
53 24
53 22
53 7
54 13
54 2
54 11
55 42
55 1
55 52
56 24
56 3
56 17
57 22
57 2
57 16
58 0
58 3
58 8
59 5
59 3
59 1
60 11
60 13
60 54
61 28
61 30
61 2
62 39
62 33
62 59
63 1
63 42
63 24
64 13
64 14
64 4
65 31
65 45
65 38
66 38
66 31
66 3
67 63
67 56
67 24
68 2
68 21
68 3
69 18
69 7
69 66
70 1
70 16
70 39
71 53
71 6
71 47
72 2
72 14
72 24
73 11
73 16
73 2
74 26
74 3
74 12
75 68
75 18
75 72
76 19
76 3
76 56
77 16
77 45
77 27
78 1
78 3
78 2
79 3
79 65
79 4
80 34
80 11
80 2
81 45
81 47
81 4
82 0
82 25
82 24
83 32
83 5
83 62
84 73
84 2
84 77
85 73
85 54
85 8
86 42
86 2
86 60
87 13
87 4
87 11
88 15
88 2
88 37
89 49
89 20
89 78
90 81
90 4
90 35
91 73
91 4
91 40
92 3
92 28
92 14
93 75
93 42
93 2
94 59
94 35
94 5
95 11
95 75
95 13
96 54
96 1
96 63
97 45
97 2
97 65
98 7
98 24
98 84
99 7
99 59
99 68
100 2
100 17
100 45
101 13
101 49
101 63
102 3
102 2
102 70
103 15
103 5
103 4
104 21
104 56
104 74
105 13
105 99
105 68
106 15
106 73
106 10
107 6
107 4
107 88
108 23
108 65
108 70
109 18
109 4
109 57
110 79
110 1
110 101
111 4
111 52
111 0
112 74
112 6
112 0
113 1
113 26
113 37
114 59
114 16
114 1
115 50
115 93
115 61
116 14
116 5
116 1
117 24
117 79
117 22
118 38
118 2
118 3
119 49
119 34
119 7
120 119
120 75
120 35
121 63
121 13
121 38
122 70
122 5
122 45
123 79
123 2
123 22
124 3
124 0
124 21
125 112
125 109
125 0
126 120
126 63
126 59
127 6
127 3
127 4
128 68
128 112
128 11
129 24
129 4
129 80
130 90
130 6
130 11
131 101
131 8
131 65
132 13
132 61
132 50
133 0
133 4
133 41
134 33
134 67
134 89
135 22
135 64
135 48
136 87
136 3
136 115
137 3
137 76
137 4
138 68
138 71
138 4
139 86
139 129
139 81
140 12
140 14
140 130
141 82
141 3
141 8
142 113
142 75
142 3
143 0
143 78
143 69
144 108
144 128
144 3
145 93
145 79
145 2
146 2
146 112
146 4
147 60
147 49
147 71
148 46
148 138
148 141
149 2
149 22
149 14
150 26
150 55
150 7
151 2
151 31
151 102
152 5
152 8
152 79
153 5
153 102
153 88
154 149
154 79
154 5
155 91
155 65
155 4
156 3
156 85
156 1
157 4
157 70
157 145
158 0
158 46
158 22
159 115
159 99
159 22
160 103
160 18
160 50
161 89
161 25
161 65
162 34
162 76
162 11
163 3
163 93
163 162
164 105
164 115
164 3
165 150
165 1
165 4
166 56
166 19
166 0
167 59
167 48
167 15
168 63
168 27
168 2
169 21
169 70
169 14
170 5
170 77
170 1
171 17
171 82
171 4
172 15
172 115
172 146
173 15
173 144
173 75
174 116
174 42
174 22
175 88
175 174
175 68
176 103
176 137
176 36
177 51
177 64
177 16
178 44
178 6
178 132
179 34
179 45
179 139
180 106
180 149
180 118
181 42
181 141
181 22
182 81
182 55
182 64
183 36
183 125
183 73
184 2
184 47
184 111
185 14
185 117
185 47
186 28
186 116
186 57
187 65
187 140
187 23
188 42
188 16
188 4
189 4
189 21
189 11
190 115
190 127
190 159
191 162
191 44
191 27
192 37
192 61
192 86
193 4
193 135
193 35
194 66
194 17
194 0
195 176
195 66
195 16
196 11
196 146
196 139
197 45
197 11
197 117
198 67
198 96
198 38
199 78
199 157
199 130
200 82
200 4
200 105
201 130
201 52
201 10
202 2
202 129
202 11
203 102
203 194
203 164
204 26
204 80
204 50
205 200
205 39
205 62
206 93
206 21
206 57
207 1
207 25
207 146
208 58
208 203
208 3
209 181
209 116
209 3
210 189
210 93
210 102
211 11
211 105
211 4
212 47
212 115
212 0
213 11
213 61
213 37
214 45
214 11
214 197
215 138
215 179
215 42
216 136
216 129
216 84
217 2
217 43
217 55
218 196
218 2
218 133
219 42
219 47
219 115
220 148
220 68
220 14
221 71
221 167
221 86
222 0
222 8
222 155
223 37
223 16
223 6
224 128
224 213
224 35
225 2
225 118
225 127
226 224
226 128
226 137
227 74
227 118
227 73
228 16
228 70
228 119
229 11
229 24
229 204
230 49
230 181
230 90
231 14
231 3
231 78
232 12
232 143
232 18
233 17
233 130
233 59
234 189
234 5
234 203
235 170
235 152
235 96
236 193
236 1
236 26
237 14
237 51
237 141
238 63
238 58
238 2
239 3
239 130
239 89
240 3
240 200
240 58
241 159
241 123
241 135
242 110
242 119
242 55
243 88
243 97
243 48
244 97
244 128
244 141
245 132
245 103
245 198
246 25
246 0
246 197
247 2
247 89
247 16
248 52
248 153
248 161
249 190
249 18
249 89
1 1 0 0 0 0 1 0 0 1 0 1 1 0 1 1 0 0 0 1 1 1 0 0 0 0 0 0 0 0 1 1 1 1 1 1 1 0 1 0 0 1 0 0 1 0 0 1 0 1 0 1 0 1 1 0 1 1 0 1 0 0 0 0 0 0 0 1 0 0 1 1 1 0 0 0 0 0 0 1 1 0 1 1 0 0 1 1 1 1 1 0 1 0 1 0 0 0 0 1 0 1 1 1 0 0 1 0 1 1 1 1 1 0 1 1 1 1 0 1 1 0 1 1 0 0 0 1 1 1 0 0 0 0 0 0 0 0 1 0 0 1 1 1 0 0 1 1 1 1 1 0 0 0 0 0 0 1 0 0 0 1 0 0 1 1 1 1 1 1 1 0 0 1 1 1 0 1 1 1 0 0 1 0 0 0 1 0 0 0 1 1 1 1 0 1 1 1 0 1 0 0 0 0 0 0 0 1 0 0 1 1 1 0 0 1 1 0 0 0 0 1 0 0 1 0 0 1 0 1 1 1 0 1 1 0 0 0 1 0 1 0 1 0 1 1 1 1 1 1
1 0 0 1 1 1 1 1 0 0 1 0 1 1 0 0 0 0 0 0 0 0 0 1 0 1 0 0 1 0 1 0 0 0 0 0 0 1 1 1 0 1 0 0 1 1 1 0 1 1 1 1 0 1 1 0 1 1 0 0 1 1 1 1 1 1 0 0 1 1 0 0 0 1 0 0 0 0 0 1 1 0 1 0 0 0 0 1 1 0 1 1 0 1 1 1 0 0 0 1 0 1 0 0 1 0 1 0 0 0 1 1 0 1 0 1 0 0 0 0 1 1 0 0 0 1 1 0 1 1 0 1 1 0 1 1 1 0 0 0 0 1 0 1 1 1 0 0 1 0 0 1 0 0 0 0 1 0 1 1 0 0 0 1 0 0 0 0 0 1 0 1 0 0 1 0 0 0 1 0 0 1 1 0 0 0 1 0 1 1 0 1 0 0 0 1 0 1 0 0 0 0 0 0 0 0 0 1 0 0 0 0 1 0 1 1 1 1 0 1 0 1 1 1 0 0 1 0 0 1 0 1 1 1 1 1 0 1 0 0 1 0 0 0 1 1 1 1 0 0
1 0 0 0 0 1 1 1 1 0 0 0 1 1 1 0 0 0 0 1 1 0 1 1 0 1 1 1 1 0 1 1 1 1 1 0 1 0 1 0 0 1 1 0 1 1 0 1 0 1 1 1 0 0 0 0 0 1 1 1 1 1 1 1 1 1 0 0 1 1 1 0 0 1 0 1 1 0 0 1 1 0 1 0 1 0 0 1 1 0 1 0 0 1 1 0 1 1 0 0 0 1 0 0 1 0 0 0 0 0 1 0 1 0 0 1 1 0 0 1 1 1 0 0 1 1 1 1 1 1 0 1 0 0 0 1 0 0 0 0 1 0 0 0 1 0 0 1 1 0 1 1 1 1 1 1 1 0 1 1 0 0 1 1 1 0 0 0 0 1 1 1 1 1 1 0 1 0 1 1 1 1 0 1 0 1 1 0 0 0 1 0 0 1 0 1 0 1 0 1 1 0 1 1 0 0 1 1 1 1 1 1 0 1 0 1 1 1 1 1 0 1 1 1 0 0 1 1 0 1 1 1 0 0 0 0 0 1 1 0 0 0 0 0 0 0 0 0 0 0
1 1 0 0 1 1 0 1 1 1 0 1 1 0 1 1 1 1 1 0 0 0 1 0 1 1 1 1 0 0 1 1 0 1 0 0 1 0 1 0 1 0 1 0 1 1 1 0 0 1 0 0 0 1 0 0 1 0 0 1 1 1 0 0 1 1 1 0 1 0 1 0 0 0 0 1 1 1 0 1 0 0 1 0 0 0 0 0 1 1 1 0 0 0 1 1 1 0 1 1 1 0 0 0 1 1 0 1 1 0 0 0 0 0 1 0 0 1 1 1 1 1 1 1 1 1 0 1 1 1 1 0 1 0 1 0 0 1 0 0 1 0 1 1 1 1 1 0 1 0 0 1 0 1 0 0 1 0 0 0 1 0 1 0 0 0 1 0 0 1 1 0 0 0 1 0 0 0 0 1 0 1 0 1 1 1 1 1 0 1 0 0 1 0 0 0 1 0 1 1 1 1 1 1 0 0 0 0 1 1 0 1 1 1 1 0 1 0 1 1 0 0 1 1 0 0 0 0 1 0 1 0 0 0 1 0 1 1 0 1 0 1 1 1 1 1 0 0 0 0
0 0 1 1 1 0 1 1 0 0 0 1 0 0 1 1 0 1 0 1 1 0 1 0 1 0 0 0 0 1 1 1 1 0 1 1 0 0 1 0 1 0 1 0 0 0 1 1 0 0 1 1 0 0 0 0 0 1 1 0 0 1 1 0 1 1 0 1 0 0 1 0 1 1 1 0 0 0 1 0 1 0 0 0 1 0 0 1 1 1 0 0 0 1 1 1 1 1 0 0 1 1 0 1 0 1 1 1 1 0 0 1 0 1 0 1 1 1 1 1 1 0 1 0 1 0 1 1 0 0 0 1 0 1 0 1 0 0 1 0 1 1 1 0 1 0 0 1 1 1 1 1 0 1 0 0 0 1 1 0 0 0 0 0 0 1 0 1 1 0 0 1 1 0 0 0 1 1 1 1 0 1 1 1 1 0 1 0 0 0 0 0 1 1 0 1 0 1 1 0 0 1 0 0 1 1 0 1 0 1 0 1 1 0 0 0 0 0 0 1 0 1 1 0 1 0 1 0 0 0 0 0 0 0 0 1 0 0 1 1 1 1 1 1 1 1 1 0 1 1