100 390 5
1 0 1 0 1 1 1 1 0 0 0 1 1 0 1 1 0 1 1 1 1 0 0 1 1 0 1 1 0 1 1 1 1 0 0 0 0 0 0 0 1 0 0 1 0 0 0 1 1 1 0 1 1 0 1 0 1 0 1 0 1 1 1 0 1 0 1 1 0 1 1 1 1 1 0 0 1 0 0 0 0 0 1 1 1 1 1 1 0 1 0 1 0 0 1 1 1 1 0 0
0 0 1 0 0 0 1 0 0 1 0 1 0 1 0 0 0 0 0 1 0 0 0 1 0 1 0 0 0 0 1 0 1 1 1 0 1 1 1 1 0 1 1 1 0 0 0 1 0 0 1 1 1 1 1 0 1 0 1 0 1 0 0 1 0 0 0 0 1 1 0 1 0 1 0 1 0 1 0 0 0 0 0 0 1 0 1 0 1 0 1 0 0 1 1 1 1 1 1 1
0 1 0 1 0 1 0 0 1 1 1 0 1 0 1 1 0 1 1 0 1 0 0 1 1 0 0 0 1 1 0 1 1 1 0 1 0 1 0 0 0 0 1 0 1 0 1 0 0 0 0 0 0 0 0 1 1 1 1 1 1 1 1 1 1 0 0 0 1 0 1 1 0 1 1 0 0 0 1 0 1 0 1 0 0 0 0 0 1 0 1 0 1 1 0 0 0 0 1 0
1 0 0 0 1 0 1 1 0 1 0 0 0 0 1 1 1 1 1 1 1 1 0 1 0 0 0 0 0 1 1 0 0 0 1 0 1 0 1 0 1 1 1 1 0 0 0 1 1 1 0 0 0 0 1 0 0 0 1 1 1 0 1 0 1 0 1 0 0 1 1 1 1 1 1 1 0 0 0 1 1 0 0 1 0 0 0 0 0 1 1 1 0 0 0 0 1 1 1 1
0 0 1 1 0 1 1 0 0 1 1 1 1 0 1 1 1 1 0 1 0 1 0 1 0 1 0 0 0 0 0 0 1 0 0 0 0 0 1 1 0 0 0 0 1 0 1 0 0 1 0 0 1 0 1 0 0 0 1 1 1 1 0 1 0 1 0 0 1 1 1 1 0 1 1 0 0 0 0 0 1 1 0 1 0 0 0 0 1 0 0 1 1 0 0 0 0 1 0 1
0 1
0 2
1 2
0 3
1 3
2 3
0 4
1 4
2 4
3 4
0 5
4 5
3 5
1 5
4 6
3 6
1 6
0 6
3 7
1 7
0 7
5 7
0 8
2 8
7 8
4 8
7 9
8 9
5 9
0 9
5 10
0 10
3 10
9 10
7 11
6 11
9 11
0 11
0 12
5 12
2 12
8 12
1 13
2 13
4 13
7 13
2 14
0 14
8 14
12 14
14 15
2 15
1 15
0 15
11 16
14 16
9 16
0 16
4 17
3 17
1 17
0 17
5 18
6 18
9 18
7 18
16 19
8 19
3 19
13 19
9 20
8 20
12 20
11 20
5 21
20 21
9 21
8 21
18 22
13 22
7 22
1 22
19 23
16 23
21 23
8 23
9 24
4 24
8 24
14 24
21 25
19 25
0 25
2 25
10 26
12 26
1 26
2 26
24 27
9 27
14 27
5 27
13 28
18 28
26 28
3 28
9 29
22 29
7 29
3 29
20 30
12 30
22 30
19 30
5 31
9 31
21 31
3 31
8 32
3 32
17 32
5 32
7 33
16 33
31 33
8 33
30 34
4 34
13 34
32 34
1 35
25 35
11 35
15 35
21 36
32 36
12 36
20 36
25 37
18 37
36 37
1 37
19 38
7 38
10 38
8 38
1 39
17 39
5 39
34 39
8 40
0 40
23 40
6 40
20 41
19 41
16 41
4 41
17 42
18 42
15 42
8 42
33 43
14 43
34 43
7 43
18 44
10 44
5 44
3 44
15 45
44 45
28 45
1 45
13 46
8 46
9 46
18 46
29 47
30 47
3 47
8 47
3 48
18 48
2 48
34 48
20 49
31 49
23 49
15 49
26 50
6 50
24 50
2 50
20 51
6 51
1 51
17 51
24 52
36 52
15 52
6 52
14 53
9 53
34 53
3 53
19 54
1 54
50 54
21 54
22 55
33 55
25 55
16 55
12 56
2 56
1 56
46 56
12 57
5 57
16 57
31 57
9 58
5 58
22 58
36 58
12 59
18 59
26 59
11 59
17 60
26 60
20 60
12 60
33 61
7 61
20 61
0 61
54 62
20 62
45 62
28 62
12 63
2 63
35 63
1 63
36 64
13 64
12 64
0 64
4 65
60 65
24 65
40 65
0 66
13 66
15 66
23 66
5 67
7 67
46 67
16 67
40 68
32 68
4 68
53 68
5 69
42 69
36 69
1 69
54 70
1 70
43 70
15 70
10 71
3 71
24 71
65 71
32 72
10 72
70 72
8 72
59 73
64 73
44 73
53 73
51 74
30 74
19 74
70 74
2 75
68 75
63 75
1 75
59 76
31 76
20 76
5 76
3 77
71 77
19 77
2 77
12 78
18 78
0 78
34 78
37 79
9 79
76 79
7 79
9 80
8 80
32 80
5 80
22 81
15 81
53 81
0 81
76 82
1 82
23 82
15 82
9 83
77 83
3 83
70 83
24 84
14 84
59 84
17 84
6 85
33 85
30 85
61 85
1 86
5 86
46 86
9 86
4 87
2 87
1 87
0 87
10 88
2 88
8 88
18 88
37 89
4 89
46 89
41 89
23 90
14 90
7 90
21 90
20 91
64 91
48 91
88 91
0 92
1 92
15 92
66 92
4 93
14 93
6 93
28 93
72 94
64 94
17 94
79 94
36 95
1 95
11 95
0 95
62 96
33 96
17 96
55 96
8 97
54 97
24 97
92 97
8 98
0 98
23 98
14 98
22 99
46 99
77 99
8 99