100 390 5
0 1
0 2
1 2
0 3
1 3
2 3
0 4
1 4
2 4
3 4
3 5
4 5
0 5
1 5
3 6
0 6
5 6
4 6
0 7
2 7
6 7
4 7
4 8
3 8
1 8
7 8
8 9
5 9
1 9
3 9
2 10
5 10
0 10
4 10
2 11
3 11
0 11
8 11
10 12
0 12
6 12
2 12
3 13
11 13
5 13
1 13
0 14
1 14
4 14
12 14
5 15
2 15
1 15
9 15
4 16
8 16
3 16
10 16
5 17
3 17
1 17
4 17
10 18
6 18
5 18
11 18
5 19
2 19
10 19
11 19
13 20
4 20
19 20
16 20
2 21
15 21
3 21
18 21
4 22
1 22
17 22
2 22
19 23
11 23
1 23
17 23
16 24
4 24
23 24
19 24
6 25
20 25
22 25
8 25
17 26
3 26
14 26
2 26
1 27
18 27
16 27
3 27
8 28
19 28
4 28
13 28
11 29
16 29
8 29
18 29
18 30
2 30
1 30
20 30
30 31
0 31
29 31
18 31
11 32
15 32
13 32
0 32
5 33
17 33
8 33
11 33
2 34
9 34
15 34
23 34
5 35
24 35
27 35
29 35
11 36
24 36
28 36
15 36
18 37
22 37
2 37
10 37
3 38
0 38
30 38
1 38
5 39
15 39
8 39
23 39
8 40
22 40
17 40
21 40
14 41
13 41
28 41
11 41
6 42
1 42
17 42
3 42
23 43
6 43
3 43
26 43
32 44
29 44
16 44
17 44
43 45
8 45
5 45
4 45
8 46
13 46
2 46
24 46
7 47
20 47
15 47
31 47
7 48
1 48
8 48
22 48
3 49
5 49
28 49
4 49
0 50
15 50
33 50
2 50
3 51
28 51
49 51
1 51
28 52
26 52
8 52
2 52
32 53
46 53
17 53
1 53
10 54
11 54
33 54
23 54
37 55
18 55
42 55
32 55
13 56
2 56
39 56
55 56
51 57
7 57
8 57
40 57
10 58
45 58
23 58
1 58
5 59
25 59
14 59
29 59
23 60
28 60
3 60
20 60
41 61
1 61
15 61
40 61
51 62
6 62
3 62
57 62
25 63
18 63
7 63
55 63
38 64
23 64
13 64
10 64
17 65
11 65
2 65
23 65
20 66
23 66
4 66
6 66
59 67
2 67
1 67
27 67
22 68
16 68
67 68
49 68
17 69
22 69
25 69
15 69
4 70
53 70
25 70
33 70
4 71
3 71
33 71
18 71
29 72
69 72
1 72
57 72
29 73
10 73
1 73
15 73
7 74
64 74
3 74
42 74
11 75
52 75
27 75
44 75
25 76
54 76
45 76
20 76
2 77
21 77
53 77
62 77
20 78
22 78
4 78
15 78
6 79
62 79
46 79
65 79
38 80
47 80
52 80
15 80
3 81
29 81
1 81
4 81
6 82
17 82
51 82
64 82
16 83
59 83
23 83
44 83
11 84
0 84
61 84
8 84
37 85
15 85
34 85
69 85
8 86
47 86
65 86
77 86
6 87
80 87
22 87
8 87
18 88
49 88
31 88
52 88
7 89
51 89
9 89
85 89
10 90
28 90
27 90
1 90
40 91
60 91
62 91
59 91
28 92
9 92
48 92
65 92
56 93
3 93
61 93
55 93
20 94
4 94
86 94
36 94
9 95
22 95
36 95
15 95
20 96
25 96
52 96
29 96
9 97
3 97
26 97
14 97
26 98
29 98
4 98
83 98
28 99
32 99
3 99
29 99
1 1 0 1 0 0 0 1 0 0 1 1 0 0 1 0 0 1 1 1 1 1 0 1 1 0 1 1 0 1 1 1 0 0 1 0 0 1 0 1 1 0 1 1 0 0 0 0 1 0 1 0 0 1 0 1 0 0 1 0 1 0 1 0 1 0 1 1 1 1 0 0 0 0 1 0 1 0 1 1 1 1 0 1 1 0 1 0 1 0 0 1 0 1 1 0 1 0 1 1
1 0 0 0 1 1 1 0 1 1 1 1 0 1 1 0 1 1 0 0 1 0 0 1 1 0 0 1 0 0 0 0 1 0 0 0 0 0 0 1 0 0 1 0 0 0 1 0 1 0 0 1 1 0 1 1 0 1 1 0 1 0 1 1 1 0 0 0 0 1 0 1 1 1 1 1 1 0 0 0 1 0 0 1 0 0 0 0 0 0 0 1 0 0 0 0 1 1 1 1
0 1 1 1 1 1 1 0 0 1 0 0 1 1 0 0 0 1 1 0 0 0 0 1 1 0 1 0 1 1 1 1 1 1 0 0 1 0 1 1 1 0 1 1 1 0 1 0 0 0 1 0 1 0 0 0 0 0 0 0 0 1 1 1 0 1 1 0 0 0 0 0 1 1 1 0 0 0 0 0 1 0 1 1 1 1 1 1 0 0 1 1 1 0 0 0 0 1 1 0
1 1 0 1 1 1 1 1 1 0 1 1 0 0 0 0 0 0 1 0 1 0 1 1 1 0 0 0 1 1 1 1 1 1 1 0 1 0 0 0 0 0 1 1 1 0 1 0 0 0 0 0 0 0 0 1 1 0 0 0 0 1 0 0 0 1 0 1 1 1 0 1 1 0 1 0 0 1 0 0 0 0 1 0 0 1 1 1 0 1 1 0 1 1 0 1 1 0 1 0
1 0 0 1 1 1 1 1 1 0 0 1 0 0 0 1 1 1 1 0 0 1 0 1 1 0 1 0 0 0 1 0 0 0 0 0 1 0 0 0 1 1 0 1 1 0 1 0 0 1 0 0 1 1 0 0 0 0 0 0 0 1 1 1 1 0 0 1 1 1 1 0 1 1 0 1 0 1 0 1 0 0 0 0 0 1 1 1 1 0 0 1 1 1 0 1 0 1 0 0