100 390 5
0 1
0 2
1 2
0 3
1 3
2 3
0 4
1 4
2 4
3 4
3 5
2 5
1 5
4 5
3 6
0 6
2 6
1 6
1 7
4 7
0 7
2 7
1 8
0 8
2 8
7 8
2 9
1 9
3 9
7 9
2 10
3 10
9 10
0 10
3 11
4 11
2 11
0 11
9 12
5 12
7 12
0 12
4 13
2 13
3 13
12 13
3 14
7 14
6 14
13 14
14 15
2 15
6 15
0 15
9 16
6 16
3 16
10 16
3 17
10 17
1 17
15 17
0 18
15 18
14 18
10 18
13 19
10 19
3 19
18 19
6 20
9 20
2 20
17 20
18 21
16 21
11 21
8 21
6 22
7 22
11 22
5 22
0 23
2 23
7 23
4 23
9 24
6 24
15 24
20 24
22 25
0 25
15 25
17 25
22 26
1 26
18 26
3 26
4 27
13 27
19 27
25 27
15 28
6 28
27 28
17 28
13 29
16 29
10 29
2 29
17 30
21 30
2 30
8 30
28 31
17 31
26 31
0 31
15 32
22 32
17 32
29 32
0 33
17 33
31 33
27 33
1 34
14 34
2 34
15 34
4 35
17 35
9 35
6 35
27 36
6 36
1 36
33 36
13 37
2 37
17 37
23 37
0 38
35 38
9 38
24 38
17 39
29 39
38 39
14 39
13 40
15 40
17 40
24 40
18 41
31 41
13 41
2 41
41 42
7 42
0 42
2 42
15 43
31 43
40 43
4 43
17 44
15 44
1 44
42 44
41 45
10 45
27 45
35 45
26 46
36 46
2 46
40 46
2 47
13 47
27 47
25 47
2 48
33 48
6 48
20 48
27 49
9 49
4 49
7 49
1 50
32 50
27 50
0 50
14 51
27 51
21 51
6 51
44 52
1 52
10 52
6 52
28 53
31 53
41 53
9 53
4 54
6 54
16 54
0 54
18 55
6 55
52 55
35 55
1 56
43 56
35 56
49 56
2 57
16 57
1 57
18 57
24 58
7 58
27 58
39 58
37 59
7 59
10 59
2 59
5 60
17 60
44 60
4 60
4 61
37 61
35 61
2 61
4 62
40 62
48 62
7 62
0 63
33 63
23 63
49 63
27 64
47 64
4 64
18 64
18 65
17 65
34 65
6 65
15 66
39 66
61 66
2 66
27 67
49 67
46 67
63 67
34 68
65 68
6 68
41 68
0 69
46 69
39 69
56 69
3 70
13 70
60 70
57 70
26 71
9 71
54 71
61 71
15 72
34 72
27 72
17 72
29 73
48 73
41 73
40 73
3 74
30 74
1 74
69 74
31 75
16 75
48 75
67 75
2 76
66 76
0 76
10 76
16 77
1 77
26 77
13 77
1 78
77 78
17 78
4 78
60 79
47 79
14 79
2 79
16 80
7 80
29 80
11 80
8 81
65 81
50 81
44 81
29 82
53 82
72 82
15 82
8 83
14 83
26 83
1 83
69 84
6 84
73 84
27 84
77 85
41 85
8 85
23 85
27 86
52 86
2 86
34 86
13 87
60 87
35 87
39 87
32 88
27 88
55 88
41 88
23 89
50 89
4 89
9 89
44 90
63 90
77 90
73 90
37 91
29 91
22 91
80 91
72 92
25 92
87 92
6 92
37 93
62 93
4 93
7 93
18 94
49 94
6 94
73 94
1 95
31 95
23 95
67 95
67 96
35 96
84 96
45 96
65 97
8 97
57 97
86 97
6 98
49 98
3 98
45 98
31 99
71 99
1 99
65 99
0 0 0 0 1 0 1 0 0 1 1 1 0 1 0 1 1 1 1 1 1 0 0 0 1 0 0 0 1 1 1 1 1 0 1 1 1 0 1 0 0 0 0 1 0 0 1 0 1 1 0 0 1 1 0 0 1 1 1 0 1 0 0 1 1 0 1 1 1 0 0 0 1 0 0 1 0 0 1 1 1 0 0 1 0 1 1 1 1 0 0 1 0 1 1 1 0 1 1 1
1 1 0 0 1 1 1 0 1 1 0 1 1 0 1 1 1 1 0 0 0 0 0 1 0 0 1 1 1 0 0 0 0 0 1 0 1 1 1 1 1 0 1 1 1 1 1 0 1 0 0 0 1 1 0 0 1 1 1 0 0 1 0 0 0 0 0 0 1 1 0 0 1 1 1 0 1 1 1 0 0 0 1 1 0 1 1 1 0 1 1 1 1 1 1 1 0 0 1 0
1 1 1 1 0 0 0 0 1 1 1 0 1 1 1 0 0 1 0 0 1 1 1 0 0 1 1 1 1 0 1 1 1 0 1 1 1 1 1 0 1 0 1 0 0 1 1 0 1 1 0 1 0 0 0 1 1 1 1 0 0 1 1 0 1 0 1 0 1 1 1 0 0 1 1 1 0 1 1 1 1 0 1 0 1 1 1 1 0 1 1 1 1 1 0 1 0 0 0 0
0 0 0 0 0 1 1 1 0 1 0 1 0 1 1 0 1 0 0 0 1 0 1 1 1 1 0 1 0 1 1 0 0 1 0 1 0 1 1 1 1 0 0 0 1 1 1 0 0 1 0 1 1 1 1 1 0 0 1 1 1 0 0 1 0 0 1 0 0 0 0 0 0 1 0 1 0 0 1 1 0 0 0 1 1 0 0 0 1 0 1 1 0 1 0 0 0 1 1 0
0 0 1 0 1 0 1 1 1 1 1 1 0 0 0 0 0 1 0 0 1 1 1 0 0 1 0 1 1 1 0 1 0 1 0 0 1 1 1 0 1 1 0 1 0 1 0 0 0 1 1 0 0 0 0 1 0 0 1 1 0 0 0 0 1 1 0 0 1 0 0 0 1 1 0 1 1 1 0 1 0 1 0 1 0 0 1 0 0 1 1 0 0 1 1 0 0 0 0 1