50 98 5
0 1
1 2
2 3
3 4
4 5
3 6
2 7
2 8
1 9
4 10
2 11
1 12
1 13
1 14
4 15
15 16
16 17
5 18
1 19
3 20
3 21
5 22
4 23
21 24
18 25
21 26
26 27
1 28
28 29
25 30
0 31
29 32
21 33
1 34
4 35
0 36
4 37
37 38
26 39
3 40
1 41
18 42
26 43
28 44
38 45
43 46
36 47
21 48
1 49
1 0
2 1
3 2
4 3
5 4
6 3
7 2
8 2
9 1
10 4
11 2
12 1
13 1
14 1
15 4
16 15
17 16
18 5
19 1
20 3
21 3
22 5
23 4
24 21
25 18
26 21
27 26
28 1
29 28
30 25
31 0
32 29
33 21
34 1
35 4
36 0
37 4
38 37
39 26
40 3
41 1
42 18
43 26
44 28
45 38
46 43
47 36
48 21
49 1
1 0 1 1 1 0 0 0 0 0 1 1 1 0 0 0 0 1 1 1 0 1 0 0 1 0 0 0 1 1 1 1 0 0 0 0 1 0 0 1 0 0 0 0 0 0 1 1 0 1
1 1 1 0 1 0 1 0 0 1 1 1 0 0 1 1 0 0 0 0 0 0 1 0 1 1 0 1 1 0 0 0 0 0 0 1 1 0 0 1 0 1 0 0 1 1 0 1 0 1
0 0 0 0 1 0 1 1 1 0 1 1 1 1 1 1 0 1 0 1 1 0 1 0 1 0 0 0 0 1 0 1 1 1 0 0 1 1 1 0 1 0 0 0 1 1 1 1 0 1
0 0 1 1 1 0 0 1 1 0 0 0 1 1 1 0 1 0 1 1 1 0 0 0 0 0 0 1 1 1 0 1 0 1 0 0 0 1 0 0 0 0 1 0 1 1 0 1 1 1
1 1 1 1 1 1 1 1 1 1 0 1 0 1 1 1 1 0 1 1 0 0 1 0 0 0 0 1 1 1 0 1 0 1 1 0 0 1 0 1 1 1 1 1 1 1 1 1 0 0