250 498 5
0 1
1 2
1 3
1 4
3 5
4 6
2 7
2 8
5 9
9 10
5 11
4 12
4 13
11 14
4 15
12 16
6 17
9 18
16 19
4 20
4 21
10 22
4 23
3 24
13 25
4 26
2 27
10 28
23 29
4 30
23 31
19 32
23 33
16 34
11 35
12 36
4 37
12 38
20 39
33 40
22 41
1 42
29 43
11 44
28 45
32 46
15 47
47 48
10 49
35 50
25 51
30 52
29 53
4 54
11 55
11 56
35 57
53 58
15 59
53 60
46 61
32 62
0 63
4 64
19 65
22 66
33 67
12 68
16 69
4 70
23 71
69 72
55 73
33 74
1 75
28 76
12 77
27 78
30 79
56 80
67 81
44 82
82 83
3 84
14 85
12 86
35 87
3 88
4 89
62 90
30 91
12 92
3 93
2 94
19 95
34 96
23 97
58 98
27 99
91 100
89 101
7 102
61 103
80 104
40 105
62 106
87 107
5 108
105 109
34 110
75 111
57 112
98 113
84 114
25 115
34 116
101 117
80 118
7 119
100 120
33 121
107 122
86 123
98 124
2 125
27 126
117 127
4 128
60 129
53 130
7 131
114 132
68 133
12 134
134 135
121 136
11 137
30 138
82 139
133 140
119 141
131 142
19 143
108 144
77 145
110 146
43 147
33 148
148 149
19 150
24 151
4 152
33 153
12 154
9 155
134 156
113 157
133 158
62 159
40 160
88 161
25 162
161 163
131 164
76 165
129 166
1 167
2 168
2 169
58 170
51 171
124 172
3 173
169 174
134 175
88 176
153 177
2 178
68 179
28 180
121 181
23 182
15 183
15 184
4 185
41 186
110 187
35 188
47 189
28 190
5 191
0 192
101 193
131 194
174 195
21 196
94 197
21 198
64 199
25 200
71 201
3 202
145 203
169 204
187 205
17 206
128 207
47 208
15 209
133 210
53 211
28 212
134 213
16 214
201 215
107 216
134 217
3 218
87 219
41 220
213 221
219 222
84 223
58 224
131 225
61 226
28 227
19 228
99 229
23 230
133 231
109 232
104 233
23 234
186 235
145 236
15 237
213 238
12 239
21 240
61 241
95 242
107 243
200 244
149 245
158 246
82 247
158 248
69 249
1 0
2 1
3 1
4 1
5 3
6 4
7 2
8 2
9 5
10 9
11 5
12 4
13 4
14 11
15 4
16 12
17 6
18 9
19 16
20 4
21 4
22 10
23 4
24 3
25 13
26 4
27 2
28 10
29 23
30 4
31 23
32 19
33 23
34 16
35 11
36 12
37 4
38 12
39 20
40 33
41 22
42 1
43 29
44 11
45 28
46 32
47 15
48 47
49 10
50 35
51 25
52 30
53 29
54 4
55 11
56 11
57 35
58 53
59 15
60 53
61 46
62 32
63 0
64 4
65 19
66 22
67 33
68 12
69 16
70 4
71 23
72 69
73 55
74 33
75 1
76 28
77 12
78 27
79 30
80 56
81 67
82 44
83 82
84 3
85 14
86 12
87 35
88 3
89 4
90 62
91 30
92 12
93 3
94 2
95 19
96 34
97 23
98 58
99 27
100 91
101 89
102 7
103 61
104 80
105 40
106 62
107 87
108 5
109 105
110 34
111 75
112 57
113 98
114 84
115 25
116 34
117 101
118 80
119 7
120 100
121 33
122 107
123 86
124 98
125 2
126 27
127 117
128 4
129 60
130 53
131 7
132 114
133 68
134 12
135 134
136 121
137 11
138 30
139 82
140 133
141 119
142 131
143 19
144 108
145 77
146 110
147 43
148 33
149 148
150 19
151 24
152 4
153 33
154 12
155 9
156 134
157 113
158 133
159 62
160 40
161 88
162 25
163 161
164 131
165 76
166 129
167 1
168 2
169 2
170 58
171 51
172 124
173 3
174 169
175 134
176 88
177 153
178 2
179 68
180 28
181 121
182 23
183 15
184 15
185 4
186 41
187 110
188 35
189 47
190 28
191 5
192 0
193 101
194 131
195 174
196 21
197 94
198 21
199 64
200 25
201 71
202 3
203 145
204 169
205 187
206 17
207 128
208 47
209 15
210 133
211 53
212 28
213 134
214 16
215 201
216 107
217 134
218 3
219 87
220 41
221 213
222 219
223 84
224 58
225 131
226 61
227 28
228 19
229 99
230 23
231 133
232 109
233 104
234 23
235 186
236 145
237 15
238 213
239 12
240 21
241 61
242 95
243 107
244 200
245 149
246 158
247 82
248 158
249 69
1 1 1 1 1 0 0 0 1 0 0 1 0 0 0 0 0 1 0 1 0 1 1 1 1 0 0 1 1 1 0 0 0 0 0 1 0 0 0 1 1 1 1 1 1 0 0 1 0 0 1 0 1 0 0 1 1 1 0 0 1 1 0 0 0 0 0 0 0 1 0 1 0 1 0 1 0 1 1 0 0 0 0 1 0 1 0 1 0 0 0 0 1 1 0 1 1 1 1 1 0 0 0 1 0 1 1 1 1 1 1 0 1 1 1 0 0 0 0 0 0 1 0 0 0 0 1 1 1 1 1 0 0 1 1 1 0 1 0 1 1 0 0 0 0 0 0 1 1 0 1 1 1 0 1 1 1 0 1 1 1 1 0 1 1 0 1 1 0 0 1 1 0 1 1 1 1 1 0 0 1 0 0 1 0 1 1 0 1 1 1 0 1 1 0 0 0 0 0 1 0 0 1 1 0 0 0 0 1 1 1 1 1 1 0 0 1 1 0 1 1 1 0 0 1 1 0 0 1 0 0 1 0 1 1 0 0 1 0 1 1 1 0 1 1 1 1 0 0 1
1 1 1 0 1 0 1 1 0 0 0 0 0 0 1 1 1 0 1 1 1 0 1 0 1 1 1 0 0 0 1 1 1 1 1 1 0 0 1 0 1 1 0 0 0 1 1 0 1 1 1 1 1 1 1 1 1 1 1 0 1 0 1 0 1 1 1 1 1 1 0 0 0 0 1 0 1 0 1 0 1 0 1 1 1 0 0 0 0 1 1 0 0 1 1 0 1 1 1 1 0 1 1 0 0 1 1 1 0 1 0 1 1 0 1 0 0 0 0 1 0 0 0 0 0 1 1 0 0 0 0 1 1 0 1 1 0 1 0 1 0 0 1 1 1 1 1 0 1 0 1 0 0 1 0 1 0 1 1 0 0 1 0 1 0 0 1 1 0 1 0 1 0 0 0 0 1 0 0 0 0 1 1 1 1 0 0 1 1 1 1 1 1 1 0 0 1 1 1 0 1 1 0 1 0 1 1 0 0 0 1 1 1 0 0 1 1 0 1 1 1 0 0 1 0 1 0 0 0 0 0 0 0 1 1 0 0 0 1 1 0 0 1 0 0 1 0 0 0 0
1 0 0 0 1 1 0 1 1 1 1 1 0 0 0 0 1 1 1 0 1 0 1 1 1 1 1 0 1 0 1 0 1 0 1 0 1 1 0 1 0 1 1 1 0 1 1 1 1 0 1 1 0 1 0 1 0 0 0 1 0 1 1 1 1 1 1 0 1 0 1 1 0 0 0 0 1 0 1 1 1 0 1 0 0 0 1 1 0 1 1 0 0 0 1 1 1 0 0 1 1 1 0 0 1 0 0 1 1 0 1 1 0 1 1 0 0 1 1 1 1 0 1 1 0 1 0 1 1 0 1 1 1 1 0 0 1 1 1 0 0 0 0 1 1 1 0 1 0 1 1 0 0 1 1 0 0 0 1 0 1 0 0 1 0 0 1 1 0 1 1 0 0 1 1 1 0 1 0 0 1 1 1 0 1 1 1 0 1 1 0 1 1 0 1 0 1 0 0 0 1 0 1 0 0 1 1 1 0 0 0 0 0 1 1 1 0 1 1 0 1 1 0 1 1 1 0 0 0 1 0 1 1 1 0 0 0 1 1 0 0 1 1 1 1 1 1 0 0 0
1 0 0 0 0 0 1 1 1 1 0 0 0 1 0 0 1 1 1 1 0 1 0 1 1 1 0 0 1 1 0 0 1 0 1 1 1 0 1 1 0 0 1 1 0 0 0 1 0 1 1 1 1 1 0 0 1 0 0 1 1 1 1 0 1 1 0 1 1 1 1 0 1 1 1 1 1 0 0 1 0 0 0 0 1 0 1 0 0 1 1 1 0 0 0 0 1 0 0 1 1 0 0 0 1 1 0 1 1 0 1 1 0 1 0 1 1 1 0 1 0 0 1 0 0 1 1 1 1 0 1 0 0 1 0 1 0 1 0 1 1 1 0 0 0 1 1 0 0 0 0 0 0 0 0 1 1 0 1 0 0 1 1 1 1 0 0 1 0 0 1 0 0 1 0 0 0 0 0 1 0 0 1 0 0 1 1 0 0 1 1 0 0 1 1 1 1 1 1 0 0 1 1 0 0 1 0 1 1 0 0 1 1 1 1 0 0 1 0 0 1 0 1 0 1 1 1 1 0 1 0 0 0 0 0 1 1 0 1 0 1 0 0 0 0 1 0 0 0 1
1 1 1 1 0 0 1 0 1 0 1 0 1 0 1 1 0 0 0 0 0 0 1 1 1 0 1 1 1 0 1 0 0 0 0 0 0 0 1 0 0 0 1 1 0 1 0 0 0 1 0 1 0 1 1 0 1 1 0 0 1 1 1 0 0 0 1 1 0 1 1 0 0 0 1 1 0 1 1 1 1 0 0 0 1 1 0 0 1 0 0 1 1 0 0 1 0 1 0 0 0 0 1 1 0 1 0 0 1 1 1 0 0 1 0 1 0 0 0 0 0 0 0 0 1 0 0 0 1 0 1 1 1 0 0 1 0 1 0 0 0 0 0 0 1 0 0 0 0 0 1 0 1 1 1 0 1 0 1 0 1 1 1 1 0 0 0 1 0 0 1 1 1 0 1 0 0 1 0 0 0 1 0 0 0 0 1 0 1 1 1 0 0 0 1 1 1 1 1 1 0 0 1 1 0 0 0 1 0 0 0 1 0 0 1 1 0 1 1 1 1 0 0 1 0 0 0 1 1 0 0 1 1 0 0 0 1 0 0 1 0 1 1 1 1 0 1 0 0 1