100 780 5
0 1
0 2
1 2
0 3
1 3
2 3
0 4
1 4
2 4
3 4
3 5
4 5
0 5
1 5
3 6
4 6
1 6
2 6
6 7
2 7
4 7
1 7
4 8
7 8
0 8
2 8
2 9
4 9
5 9
8 9
7 10
1 10
2 10
9 10
8 11
10 11
0 11
3 11
10 12
6 12
4 12
11 12
4 13
7 13
3 13
12 13
9 14
8 14
1 14
13 14
7 15
2 15
3 15
5 15
6 16
5 16
11 16
12 16
4 17
3 17
8 17
12 17
9 18
5 18
8 18
2 18
4 19
17 19
0 19
12 19
2 20
12 20
1 20
9 20
6 21
20 21
7 21
4 21
1 22
0 22
2 22
15 22
10 23
2 23
18 23
22 23
0 24
9 24
5 24
2 24
3 25
4 25
22 25
5 25
13 26
8 26
1 26
12 26
11 27
23 27
5 27
4 27
10 28
13 28
1 28
19 28
7 29
1 29
0 29
8 29
29 30
6 30
13 30
10 30
2 31
12 31
4 31
11 31
12 32
10 32
1 32
11 32
12 33
10 33
1 33
20 33
10 34
33 34
19 34
2 34
12 35
10 35
19 35
7 35
19 36
12 36
1 36
0 36
1 37
29 37
10 37
0 37
9 38
7 38
22 38
23 38
8 39
10 39
33 39
12 39
0 40
34 40
10 40
1 40
2 41
9 41
19 41
6 41
31 42
6 42
4 42
3 42
5 43
15 43
12 43
0 43
20 44
11 44
0 44
38 44
20 45
8 45
41 45
29 45
6 46
0 46
19 46
25 46
41 47
29 47
7 47
12 47
1 48
8 48
37 48
9 48
4 49
0 49
2 49
37 49
0 50
3 50
12 50
49 50
19 51
37 51
2 51
16 51
19 52
10 52
2 52
32 52
6 53
43 53
17 53
2 53
11 54
29 54
48 54
6 54
1 55
27 55
48 55
19 55
49 56
30 56
37 56
31 56
10 57
8 57
56 57
5 57
37 58
11 58
1 58
33 58
12 59
35 59
20 59
34 59
37 60
50 60
4 60
16 60
44 61
19 61
47 61
7 61
1 62
51 62
55 62
4 62
7 63
58 63
11 63
6 63
47 64
10 64
54 64
34 64
11 65
32 65
24 65
4 65
9 66
2 66
5 66
36 66
6 67
51 67
12 67
43 67
61 68
34 68
2 68
48 68
12 69
39 69
2 69
55 69
1 70
27 70
48 70
39 70
51 71
68 71
4 71
24 71
12 72
19 72
29 72
2 72
7 73
56 73
70 73
12 73
48 74
3 74
4 74
68 74
62 75
39 75
5 75
6 75
23 76
1 76
6 76
24 76
4 77
5 77
8 77
25 77
29 78
47 78
43 78
60 78
17 79
0 79
50 79
55 79
9 80
10 80
24 80
42 80
72 81
31 81
64 81
80 81
19 82
51 82
65 82
64 82
63 83
0 83
48 83
33 83
56 84
9 84
12 84
50 84
25 85
2 85
33 85
8 85
9 86
71 86
10 86
38 86
29 87
83 87
59 87
9 87
7 88
78 88
16 88
70 88
70 89
88 89
1 89
27 89
83 90
19 90
6 90
48 90
19 91
20 91
65 91
11 91
25 92
24 92
30 92
6 92
74 93
86 93
6 93
17 93
20 94
17 94
48 94
2 94
6 95
55 95
23 95
12 95
64 96
47 96
93 96
12 96
11 97
78 97
12 97
50 97
1 98
61 98
68 98
69 98
19 99
94 99
51 99
88 99
1 0
2 0
2 1
3 0
3 1
3 2
4 0
4 1
4 2
4 3
5 3
5 4
5 0
5 1
6 3
6 4
6 1
6 2
7 6
7 2
7 4
7 1
8 4
8 7
8 0
8 2
9 2
9 4
9 5
9 8
10 7
10 1
10 2
10 9
11 8
11 10
11 0
11 3
12 10
12 6
12 4
12 11
13 4
13 7
13 3
13 12
14 9
14 8
14 1
14 13
15 7
15 2
15 3
15 5
16 6
16 5
16 11
16 12
17 4
17 3
17 8
17 12
18 9
18 5
18 8
18 2
19 4
19 17
19 0
19 12
20 2
20 12
20 1
20 9
21 6
21 20
21 7
21 4
22 1
22 0
22 2
22 15
23 10
23 2
23 18
23 22
24 0
24 9
24 5
24 2
25 3
25 4
25 22
25 5
26 13
26 8
26 1
26 12
27 11
27 23
27 5
27 4
28 10
28 13
28 1
28 19
29 7
29 1
29 0
29 8
30 29
30 6
30 13
30 10
31 2
31 12
31 4
31 11
32 12
32 10
32 1
32 11
33 12
33 10
33 1
33 20
34 10
34 33
34 19
34 2
35 12
35 10
35 19
35 7
36 19
36 12
36 1
36 0
37 1
37 29
37 10
37 0
38 9
38 7
38 22
38 23
39 8
39 10
39 33
39 12
40 0
40 34
40 10
40 1
41 2
41 9
41 19
41 6
42 31
42 6
42 4
42 3
43 5
43 15
43 12
43 0
44 20
44 11
44 0
44 38
45 20
45 8
45 41
45 29
46 6
46 0
46 19
46 25
47 41
47 29
47 7
47 12
48 1
48 8
48 37
48 9
49 4
49 0
49 2
49 37
50 0
50 3
50 12
50 49
51 19
51 37
51 2
51 16
52 19
52 10
52 2
52 32
53 6
53 43
53 17
53 2
54 11
54 29
54 48
54 6
55 1
55 27
55 48
55 19
56 49
56 30
56 37
56 31
57 10
57 8
57 56
57 5
58 37
58 11
58 1
58 33
59 12
59 35
59 20
59 34
60 37
60 50
60 4
60 16
61 44
61 19
61 47
61 7
62 1
62 51
62 55
62 4
63 7
63 58
63 11
63 6
64 47
64 10
64 54
64 34
65 11
65 32
65 24
65 4
66 9
66 2
66 5
66 36
67 6
67 51
67 12
67 43
68 61
68 34
68 2
68 48
69 12
69 39
69 2
69 55
70 1
70 27
70 48
70 39
71 51
71 68
71 4
71 24
72 12
72 19
72 29
72 2
73 7
73 56
73 70
73 12
74 48
74 3
74 4
74 68
75 62
75 39
75 5
75 6
76 23
76 1
76 6
76 24
77 4
77 5
77 8
77 25
78 29
78 47
78 43
78 60
79 17
79 0
79 50
79 55
80 9
80 10
80 24
80 42
81 72
81 31
81 64
81 80
82 19
82 51
82 65
82 64
83 63
83 0
83 48
83 33
84 56
84 9
84 12
84 50
85 25
85 2
85 33
85 8
86 9
86 71
86 10
86 38
87 29
87 83
87 59
87 9
88 7
88 78
88 16
88 70
89 70
89 88
89 1
89 27
90 83
90 19
90 6
90 48
91 19
91 20
91 65
91 11
92 25
92 24
92 30
92 6
93 74
93 86
93 6
93 17
94 20
94 17
94 48
94 2
95 6
95 55
95 23
95 12
96 64
96 47
96 93
96 12
97 11
97 78
97 12
97 50
98 1
98 61
98 68
98 69
99 19
99 94
99 51
99 88
1 0 0 1 0 1 0 0 1 1 0 0 1 0 1 1 1 0 0 0 0 1 1 1 0 0 1 0 0 0 0 1 0 1 1 1 1 1 1 1 1 1 1 0 1 1 1 0 1 0 0 0 1 0 0 0 1 0 1 1 1 1 1 1 0 1 0 0 1 0 0 0 0 0 1 0 0 0 0 1 0 1 1 0 0 1 1 0 1 0 0 0 1 1 0 0 1 0 0 0
0 1 0 1 0 1 1 0 1 1 1 1 0 0 1 0 0 1 1 0 1 0 0 1 0 0 1 0 1 0 1 1 1 0 1 1 1 0 0 1 0 1 0 0 0 1 1 0 1 1 0 0 0 1 1 0 0 0 1 1 0 1 0 0 0 0 1 1 0 0 0 1 0 1 0 0 1 1 0 1 1 0 1 1 1 1 0 0 1 0 0 0 0 1 0 1 0 0 0 0
1 1 1 0 0 1 1 0 1 1 0 0 1 1 0 0 0 1 0 0 0 0 0 1 1 0 1 1 1 1 1 0 1 1 1 1 0 1 1 1 1 1 0 1 0 1 0 0 1 0 1 1 1 0 0 0 1 1 1 0 0 1 0 1 1 1 1 0 1 1 1 0 0 0 1 1 0 0 0 1 1 1 1 0 1 1 0 1 0 0 0 1 1 0 1 1 0 0 1 1
1 1 1 1 0 1 0 0 0 1 1 0 0 1 0 1 1 1 0 1 0 0 1 0 0 0 0 0 1 0 0 1 1 0 0 0 0 0 1 0 0 1 0 0 0 0 0 0 1 1 0 0 1 0 1 1 0 1 0 0 1 1 0 0 0 0 1 0 1 0 1 1 0 0 0 1 1 1 0 0 0 0 0 0 0 1 0 1 1 1 1 1 0 1 1 0 1 1 0 0
0 1 1 1 0 1 0 1 0 0 1 0 1 1 1 0 1 0 0 1 0 0 0 1 0 0 1 1 1 0 0 0 1 0 1 0 1 1 0 0 1 1 0 0 1 1 0 0 0 1 0 0 1 1 0 1 1 1 1 1 0 0 0 0 0 1 1 1 0 1 0 0 1 1 1 0 0 0 1 1 1 0 1 0 0 0 1 0 1 0 0 0 1 0 0 1 1 0 0 0