250 994 5
0 1
0 2
1 2
1 3
0 3
3 4
0 4
1 5
2 5
2 6
5 6
2 7
4 7
7 8
0 8
2 9
6 9
9 10
2 10
2 11
7 11
10 12
8 12
12 13
1 13
9 14
3 14
7 15
12 15
12 16
3 16
4 17
8 17
2 18
1 18
5 19
12 19
5 20
6 20
16 21
2 21
16 22
6 22
0 23
19 23
13 24
7 24
0 25
16 25
0 26
1 26
0 27
12 27
0 28
19 28
4 29
6 29
7 30
1 30
16 31
7 31
15 32
12 32
27 33
1 33
32 34
7 34
13 35
27 35
32 36
17 36
15 37
35 37
32 38
16 38
28 39
1 39
29 40
17 40
19 41
31 41
7 42
18 42
17 43
25 43
42 44
17 44
32 45
21 45
12 46
27 46
5 47
2 47
0 48
47 48
14 49
2 49
33 50
39 50
39 51
36 51
7 52
40 52
4 53
0 53
34 54
25 54
0 55
37 55
3 56
12 56
0 57
56 57
5 58
42 58
4 59
13 59
2 60
15 60
43 61
9 61
25 62
35 62
0 63
56 63
52 64
3 64
33 65
32 65
8 66
3 66
2 67
12 67
0 68
19 68
32 69
27 69
18 70
64 70
9 71
50 71
15 72
9 72
17 73
51 73
8 74
6 74
60 75
41 75
16 76
68 76
6 77
3 77
67 78
72 78
39 79
16 79
17 80
41 80
77 81
43 81
38 82
2 82
44 83
12 83
37 84
39 84
47 85
7 85
75 86
38 86
28 87
62 87
33 88
56 88
7 89
81 89
68 90
38 90
88 91
5 91
72 92
73 92
55 93
39 93
56 94
15 94
41 95
37 95
3 96
12 96
22 97
85 97
40 98
23 98
88 99
78 99
72 100
27 100
97 101
2 101
31 102
12 102
46 103
63 103
41 104
27 104
33 105
18 105
34 106
44 106
12 107
2 107
29 108
88 108
0 109
41 109
69 110
21 110
37 111
5 111
72 112
42 112
85 113
51 113
37 114
67 114
44 115
32 115
19 116
6 116
84 117
44 117
28 118
32 118
15 119
0 119
72 120
41 120
112 121
30 121
60 122
6 122
16 123
2 123
37 124
96 124
32 125
13 125
2 126
19 126
30 127
25 127
44 128
82 128
37 129
113 129
17 130
16 130
16 131
57 131
60 132
78 132
104 133
18 133
15 134
92 134
53 135
88 135
44 136
49 136
134 137
125 137
130 138
134 138
29 139
96 139
137 140
9 140
57 141
26 141
112 142
82 142
92 143
2 143
63 144
80 144
62 145
46 145
2 146
9 146
132 147
38 147
7 148
2 148
53 149
19 149
27 150
41 150
135 151
9 151
2 152
0 152
23 153
116 153
145 154
75 154
13 155
12 155
130 156
4 156
139 157
73 157
56 158
52 158
0 159
86 159
39 160
16 160
5 161
9 161
94 162
62 162
80 163
96 163
0 164
26 164
35 165
28 165
56 166
12 166
2 167
135 167
81 168
118 168
2 169
48 169
8 170
78 170
29 171
125 171
1 172
33 172
16 173
151 173
17 174
110 174
121 175
64 175
70 176
0 176
9 177
48 177
18 178
23 178
2 179
21 179
9 180
132 180
158 181
85 181
0 182
88 182
94 183
116 183
96 184
173 184
113 185
62 185
162 186
2 186
162 187
174 187
185 188
47 188
61 189
29 189
175 190
39 190
59 191
25 191
0 192
114 192
22 193
153 193
9 194
161 194
33 195
16 195
3 196
9 196
36 197
15 197
179 198
46 198
20 199
177 199
64 200
84 200
129 201
100 201
30 202
33 202
93 203
67 203
87 204
155 204
27 205
80 205
25 206
66 206
59 207
50 207
7 208
123 208
180 209
114 209
31 210
63 210
14 211
96 211
125 212
35 212
0 213
39 213
2 214
35 214
63 215
158 215
67 216
186 216
7 217
8 217
149 218
212 218
49 219
180 219
28 220
0 220
27 221
39 221
44 222
6 222
6 223
204 223
60 224
161 224
167 225
41 225
37 226
137 226
144 227
12 227
177 228
9 228
157 229
23 229
155 230
60 230
213 231
52 231
125 232
2 232
171 233
56 233
227 234
177 234
37 235
3 235
52 236
137 236
2 237
42 237
91 238
2 238
232 239
37 239
73 240
107 240
5 241
44 241
106 242
12 242
2 243
115 243
227 244
106 244
3 245
0 245
8 246
14 246
57 247
50 247
29 248
12 248
82 249
7 249
1 0
2 0
2 1
3 1
3 0
4 3
4 0
5 1
5 2
6 2
6 5
7 2
7 4
8 7
8 0
9 2
9 6
10 9
10 2
11 2
11 7
12 10
12 8
13 12
13 1
14 9
14 3
15 7
15 12
16 12
16 3
17 4
17 8
18 2
18 1
19 5
19 12
20 5
20 6
21 16
21 2
22 16
22 6
23 0
23 19
24 13
24 7
25 0
25 16
26 0
26 1
27 0
27 12
28 0
28 19
29 4
29 6
30 7
30 1
31 16
31 7
32 15
32 12
33 27
33 1
34 32
34 7
35 13
35 27
36 32
36 17
37 15
37 35
38 32
38 16
39 28
39 1
40 29
40 17
41 19
41 31
42 7
42 18
43 17
43 25
44 42
44 17
45 32
45 21
46 12
46 27
47 5
47 2
48 0
48 47
49 14
49 2
50 33
50 39
51 39
51 36
52 7
52 40
53 4
53 0
54 34
54 25
55 0
55 37
56 3
56 12
57 0
57 56
58 5
58 42
59 4
59 13
60 2
60 15
61 43
61 9
62 25
62 35
63 0
63 56
64 52
64 3
65 33
65 32
66 8
66 3
67 2
67 12
68 0
68 19
69 32
69 27
70 18
70 64
71 9
71 50
72 15
72 9
73 17
73 51
74 8
74 6
75 60
75 41
76 16
76 68
77 6
77 3
78 67
78 72
79 39
79 16
80 17
80 41
81 77
81 43
82 38
82 2
83 44
83 12
84 37
84 39
85 47
85 7
86 75
86 38
87 28
87 62
88 33
88 56
89 7
89 81
90 68
90 38
91 88
91 5
92 72
92 73
93 55
93 39
94 56
94 15
95 41
95 37
96 3
96 12
97 22
97 85
98 40
98 23
99 88
99 78
100 72
100 27
101 97
101 2
102 31
102 12
103 46
103 63
104 41
104 27
105 33
105 18
106 34
106 44
107 12
107 2
108 29
108 88
109 0
109 41
110 69
110 21
111 37
111 5
112 72
112 42
113 85
113 51
114 37
114 67
115 44
115 32
116 19
116 6
117 84
117 44
118 28
118 32
119 15
119 0
120 72
120 41
121 112
121 30
122 60
122 6
123 16
123 2
124 37
124 96
125 32
125 13
126 2
126 19
127 30
127 25
128 44
128 82
129 37
129 113
130 17
130 16
131 16
131 57
132 60
132 78
133 104
133 18
134 15
134 92
135 53
135 88
136 44
136 49
137 134
137 125
138 130
138 134
139 29
139 96
140 137
140 9
141 57
141 26
142 112
142 82
143 92
143 2
144 63
144 80
145 62
145 46
146 2
146 9
147 132
147 38
148 7
148 2
149 53
149 19
150 27
150 41
151 135
151 9
152 2
152 0
153 23
153 116
154 145
154 75
155 13
155 12
156 130
156 4
157 139
157 73
158 56
158 52
159 0
159 86
160 39
160 16
161 5
161 9
162 94
162 62
163 80
163 96
164 0
164 26
165 35
165 28
166 56
166 12
167 2
167 135
168 81
168 118
169 2
169 48
170 8
170 78
171 29
171 125
172 1
172 33
173 16
173 151
174 17
174 110
175 121
175 64
176 70
176 0
177 9
177 48
178 18
178 23
179 2
179 21
180 9
180 132
181 158
181 85
182 0
182 88
183 94
183 116
184 96
184 173
185 113
185 62
186 162
186 2
187 162
187 174
188 185
188 47
189 61
189 29
190 175
190 39
191 59
191 25
192 0
192 114
193 22
193 153
194 9
194 161
195 33
195 16
196 3
196 9
197 36
197 15
198 179
198 46
199 20
199 177
200 64
200 84
201 129
201 100
202 30
202 33
203 93
203 67
204 87
204 155
205 27
205 80
206 25
206 66
207 59
207 50
208 7
208 123
209 180
209 114
210 31
210 63
211 14
211 96
212 125
212 35
213 0
213 39
214 2
214 35
215 63
215 158
216 67
216 186
217 7
217 8
218 149
218 212
219 49
219 180
220 28
220 0
221 27
221 39
222 44
222 6
223 6
223 204
224 60
224 161
225 167
225 41
226 37
226 137
227 144
227 12
228 177
228 9
229 157
229 23
230 155
230 60
231 213
231 52
232 125
232 2
233 171
233 56
234 227
234 177
235 37
235 3
236 52
236 137
237 2
237 42
238 91
238 2
239 232
239 37
240 73
240 107
241 5
241 44
242 106
242 12
243 2
243 115
244 227
244 106
245 3
245 0
246 8
246 14
247 57
247 50
248 29
248 12
249 82
249 7
1 0 0 0 0 1 0 0 0 1 0 1 1 1 1 1 0 1 0 0 0 0 1 1 1 0 1 1 1 1 1 1 0 0 1 1 0 0 1 1 0 0 0 0 1 0 1 1 1 1 0 1 1 1 0 0 1 1 0 1 0 0 1 0 1 1 1 1 0 1 0 1 1 1 0 0 0 1 1 0 0 1 0 1 1 1 1 1 1 0 1 0 1 0 1 0 1 0 1 1 1 1 1 0 0 0 1 0 1 0 0 0 1 1 0 1 1 0 1 1 0 1 0 1 0 1 0 1 0 0 0 0 1 0 1 1 0 0 0 1 0 0 1 1 0 0 1 0 1 0 1 1 1 0 0 1 0 1 0 0 0 1 1 0 0 1 0 0 0 0 1 0 0 1 1 1 0 0 1 0 1 0 1 0 0 1 1 0 0 0 1 0 1 1 0 1 0 1 0 1 1 1 1 0 1 0 1 1 0 1 0 1 1 0 1 0 1 1 0 1 1 1 1 1 0 0 0 1 0 1 0 0 0 1 0 0 0 1 1 0 0 1 1 1 0 1 0 1 0 1
0 1 0 0 0 0 0 1 1 0 1 1 1 1 0 0 1 1 0 1 0 1 1 1 1 0 0 0 0 1 1 1 0 0 1 0 0 0 1 0 0 1 0 1 0 1 1 1 0 1 1 0 0 0 1 1 0 1 0 0 0 0 1 1 1 1 0 0 0 1 1 0 0 1 0 0 1 1 0 1 0 0 1 0 1 1 0 1 0 1 1 0 1 0 1 1 1 1 0 0 1 1 1 1 1 0 0 1 0 1 1 0 0 1 0 0 1 1 0 0 0 1 0 0 1 1 1 0 0 0 1 0 0 1 0 0 1 1 1 0 0 1 0 0 0 0 1 0 1 1 0 0 0 0 0 0 1 1 0 1 1 1 0 1 0 0 1 1 0 0 0 0 0 0 1 0 1 0 0 0 0 1 1 1 0 0 0 0 1 0 0 1 0 1 0 0 0 0 1 0 0 0 1 1 1 1 1 0 1 0 0 0 0 0 1 0 0 1 0 1 1 1 0 0 1 0 0 1 1 0 1 0 0 0 0 0 1 1 1 0 1 1 0 1 1 0 1 0 0 0
1 0 0 1 1 1 1 1 0 0 0 1 0 0 0 0 1 0 1 0 1 1 1 0 1 0 1 0 1 1 1 0 0 1 1 1 0 1 1 0 1 0 0 0 0 1 1 1 0 1 0 0 1 1 0 0 0 1 1 1 0 0 0 1 0 0 1 0 0 0 1 1 0 0 1 1 0 1 0 1 0 1 0 0 0 0 0 0 1 0 0 0 1 0 0 1 0 1 0 0 1 1 1 1 1 0 0 1 1 0 1 1 1 1 0 1 1 0 1 0 1 1 1 0 1 0 1 0 0 1 1 0 1 1 0 1 1 0 1 1 0 1 0 1 0 0 1 0 0 1 1 1 0 1 1 0 0 0 1 0 1 1 1 1 1 1 0 0 1 0 0 0 1 1 0 1 1 1 1 0 1 0 0 0 1 1 1 0 1 1 0 1 0 1 1 0 1 0 0 0 0 1 1 0 0 0 0 1 1 1 1 0 1 1 0 1 1 1 0 1 0 0 1 1 0 1 1 1 1 1 1 0 0 0 0 0 1 1 1 0 0 1 1 0 1 1 1 0 0 1
1 0 0 1 1 0 0 1 1 0 0 0 0 1 0 0 1 1 1 1 1 0 0 1 0 0 1 0 0 0 0 0 1 1 1 0 1 0 0 1 0 0 1 0 0 1 1 1 0 0 1 0 1 0 0 1 0 1 0 0 1 1 0 1 1 0 0 0 1 1 0 1 0 0 1 1 1 0 1 1 0 1 0 1 0 1 0 1 1 1 0 1 1 1 1 0 1 1 1 1 1 0 0 1 0 1 0 0 0 1 0 0 1 1 0 1 0 0 1 0 1 1 0 1 0 0 1 0 1 1 0 0 1 0 0 1 0 0 0 1 1 1 0 1 1 0 0 0 0 0 1 1 1 0 1 0 0 1 1 1 0 0 1 0 1 1 1 1 1 0 1 0 0 1 0 1 1 0 0 1 0 1 1 1 0 0 1 0 0 1 0 0 0 1 0 0 1 1 0 1 0 1 0 1 0 0 1 0 1 1 0 0 1 0 1 0 1 0 0 1 0 0 0 0 1 0 0 0 0 0 0 0 0 0 0 0 1 0 0 1 0 0 0 0 0 0 1 0 0 0
1 0 0 0 0 1 1 1 0 0 0 1 0 1 0 1 0 0 1 0 0 1 0 0 1 0 1 1 1 1 1 0 1 1 0 1 1 1 1 0 0 0 1 1 0 1 0 0 1 1 0 0 1 0 1 0 1 1 0 0 0 0 1 0 0 0 0 1 0 0 1 1 0 0 0 0 0 1 1 1 1 1 1 1 0 0 1 1 1 0 1 1 0 1 0 1 1 0 1 1 1 0 0 0 1 1 0 0 0 0 0 1 0 1 1 1 1 0 0 0 1 1 0 1 1 1 1 0 1 1 1 0 0 1 0 1 0 0 1 0 0 0 0 1 1 1 0 1 1 0 1 0 1 1 1 1 1 0 0 0 1 1 0 1 0 0 1 0 0 1 1 1 1 0 0 0 0 0 1 1 1 1 0 1 0 1 1 1 1 1 0 0 0 0 1 0 1 1 1 1 0 1 0 1 0 0 1 1 0 0 1 1 0 0 0 1 1 1 1 1 0 1 1 0 0 1 1 1 1 1 1 1 1 1 1 1 0 1 0 1 0 1 1 1 1 1 0 0 1 0