250 1980 5
0 1
0 2
1 2
0 3
1 3
2 3
0 4
1 4
2 4
3 4
0 5
4 5
3 5
1 5
3 6
0 6
4 6
1 6
3 7
4 7
1 7
6 7
5 8
3 8
6 8
4 8
6 9
7 9
2 9
4 9
5 10
3 10
7 10
2 10
3 11
2 11
9 11
5 11
6 12
5 12
4 12
11 12
6 13
5 13
11 13
4 13
3 14
0 14
10 14
12 14
2 15
5 15
11 15
9 15
9 16
1 16
6 16
4 16
9 17
2 17
8 17
3 17
1 18
2 18
9 18
4 18
0 19
14 19
11 19
4 19
6 20
7 20
3 20
0 20
17 21
6 21
20 21
15 21
9 22
15 22
4 22
3 22
5 23
7 23
16 23
21 23
23 24
0 24
3 24
11 24
2 25
4 25
19 25
5 25
19 26
7 26
2 26
8 26
22 27
4 27
25 27
16 27
4 28
5 28
27 28
16 28
6 29
9 29
26 29
28 29
9 30
2 30
24 30
3 30
9 31
1 31
26 31
20 31
2 32
8 32
21 32
1 32
9 33
0 33
5 33
19 33
4 34
23 34
0 34
12 34
4 35
19 35
3 35
28 35
6 36
31 36
13 36
3 36
2 37
16 37
5 37
4 37
11 38
31 38
27 38
1 38
18 39
7 39
33 39
15 39
19 40
3 40
23 40
33 40
6 41
16 41
33 41
11 41
3 42
23 42
4 42
12 42
11 43
39 43
27 43
33 43
4 44
6 44
15 44
28 44
3 45
11 45
27 45
18 45
5 46
16 46
4 46
26 46
29 47
5 47
24 47
32 47
6 48
5 48
2 48
11 48
18 49
3 49
47 49
36 49
23 50
3 50
5 50
38 50
16 51
2 51
27 51
50 51
21 52
5 52
30 52
41 52
49 53
11 53
4 53
26 53
52 54
39 54
8 54
28 54
7 55
0 55
4 55
34 55
1 56
21 56
53 56
3 56
4 57
38 57
21 57
1 57
29 58
3 58
17 58
10 58
16 59
24 59
49 59
20 59
4 60
50 60
55 60
45 60
1 61
3 61
18 61
59 61
32 62
59 62
38 62
46 62
1 63
50 63
21 63
29 63
3 64
29 64
12 64
5 64
44 65
15 65
27 65
33 65
1 66
43 66
8 66
20 66
15 67
2 67
64 67
54 67
27 68
49 68
62 68
38 68
11 69
55 69
32 69
50 69
0 70
51 70
24 70
16 70
43 71
42 71
22 71
16 71
28 72
11 72
53 72
22 72
4 73
60 73
1 73
18 73
38 74
21 74
4 74
16 74
1 75
6 75
46 75
31 75
59 76
17 76
2 76
18 76
6 77
16 77
30 77
38 77
67 78
5 78
4 78
53 78
50 79
4 79
57 79
6 79
9 80
20 80
11 80
60 80
53 81
16 81
0 81
26 81
56 82
27 82
8 82
52 82
42 83
40 83
35 83
1 83
74 84
3 84
55 84
1 84
27 85
49 85
7 85
6 85
83 86
11 86
3 86
59 86
28 87
33 87
24 87
2 87
64 88
5 88
51 88
29 88
17 89
5 89
19 89
1 89
69 90
28 90
79 90
8 90
61 91
5 91
63 91
38 91
55 92
69 92
40 92
5 92
19 93
83 93
9 93
78 93
83 94
19 94
36 94
32 94
17 95
59 95
68 95
80 95
66 96
53 96
58 96
81 96
56 97
52 97
6 97
19 97
63 98
38 98
3 98
24 98
23 99
86 99
61 99
11 99
77 100
32 100
92 100
51 100
90 101
83 101
36 101
46 101
87 102
94 102
12 102
36 102
61 103
20 103
94 103
58 103
16 104
41 104
56 104
20 104
61 105
100 105
18 105
43 105
26 106
2 106
60 106
1 106
99 107
24 107
3 107
22 107
24 108
59 108
6 108
61 108
61 109
89 109
107 109
1 109
18 110
91 110
2 110
60 110
110 111
82 111
6 111
1 111
27 112
33 112
82 112
83 112
1 113
29 113
112 113
27 113
15 114
4 114
25 114
16 114
59 115
24 115
94 115
55 115
59 116
71 116
55 116
53 116
79 117
20 117
27 117
0 117
17 118
6 118
71 118
33 118
24 119
6 119
12 119
76 119
45 120
15 120
115 120
11 120
78 121
52 121
58 121
10 121
91 122
115 122
41 122
9 122
63 123
77 123
19 123
5 123
24 124
19 124
72 124
7 124
24 125
17 125
90 125
112 125
25 126
86 126
85 126
24 126
30 127
6 127
126 127
25 127
36 128
122 128
20 128
5 128
11 129
4 129
96 129
44 129
10 130
36 130
17 130
0 130
6 131
16 131
66 131
71 131
90 132
74 132
56 132
16 132
19 133
25 133
22 133
61 133
44 134
22 134
42 134
111 134
17 135
26 135
41 135
4 135
125 136
122 136
7 136
131 136
114 137
58 137
111 137
25 137
111 138
117 138
35 138
30 138
64 139
49 139
95 139
5 139
84 140
94 140
59 140
10 140
129 141
9 141
16 141
2 141
38 142
54 142
126 142
23 142
75 143
93 143
98 143
10 143
32 144
65 144
108 144
36 144
96 145
119 145
16 145
81 145
28 146
4 146
60 146
11 146
130 147
54 147
3 147
12 147
11 148
110 148
45 148
34 148
0 149
38 149
2 149
116 149
15 150
41 150
36 150
26 150
5 151
3 151
20 151
100 151
55 152
3 152
72 152
5 152
52 153
16 153
90 153
55 153
68 154
81 154
39 154
2 154
25 155
16 155
83 155
36 155
149 156
38 156
19 156
115 156
66 157
3 157
73 157
12 157
82 158
122 158
88 158
129 158
60 159
98 159
55 159
93 159
4 160
38 160
46 160
1 160
160 161
0 161
98 161
144 161
3 162
82 162
33 162
145 162
27 163
114 163
82 163
14 163
93 164
52 164
49 164
106 164
72 165
139 165
136 165
159 165
93 166
48 166
72 166
25 166
53 167
50 167
18 167
75 167
16 168
147 168
101 168
6 168
5 169
147 169
55 169
56 169
6 170
76 170
53 170
55 170
4 171
55 171
38 171
122 171
47 172
68 172
32 172
112 172
28 173
172 173
87 173
81 173
13 174
18 174
6 174
33 174
94 175
56 175
3 175
36 175
81 176
23 176
120 176
2 176
25 177
89 177
131 177
2 177
60 178
75 178
115 178
11 178
162 179
102 179
70 179
2 179
48 180
29 180
17 180
150 180
0 181
159 181
73 181
20 181
9 182
146 182
165 182
150 182
81 183
141 183
11 183
52 183
67 184
69 184
77 184
22 184
108 185
4 185
107 185
1 185
34 186
89 186
151 186
24 186
138 187
7 187
1 187
66 187
109 188
28 188
116 188
19 188
92 189
28 189
185 189
54 189
52 190
38 190
106 190
42 190
184 191
8 191
3 191
118 191
94 192
178 192
6 192
113 192
146 193
5 193
24 193
3 193
129 194
23 194
108 194
72 194
83 195
135 195
4 195
5 195
27 196
115 196
75 196
86 196
19 197
7 197
96 197
29 197
21 198
145 198
136 198
13 198
183 199
69 199
113 199
5 199
190 200
21 200
43 200
154 200
36 201
125 201
186 201
80 201
8 202
147 202
131 202
109 202
3 203
5 203
23 203
32 203
12 204
19 204
4 204
81 204
69 205
127 205
72 205
190 205
51 206
27 206
179 206
144 206
0 207
78 207
48 207
137 207
123 208
78 208
175 208
66 208
10 209
78 209
126 209
106 209
38 210
28 210
90 210
101 210
153 211
19 211
70 211
210 211
42 212
59 212
170 212
106 212
109 213
43 213
79 213
167 213
156 214
39 214
51 214
110 214
38 215
11 215
46 215
175 215
191 216
124 216
214 216
207 216
146 217
18 217
128 217
81 217
10 218
174 218
44 218
98 218
49 219
23 219
22 219
155 219
116 220
189 220
0 220
210 220
66 221
174 221
158 221
98 221
138 222
8 222
142 222
30 222
119 223
191 223
8 223
90 223
8 224
37 224
130 224
0 224
5 225
36 225
175 225
53 225
94 226
36 226
152 226
51 226
6 227
51 227
38 227
208 227
220 228
84 228
58 228
52 228
7 229
228 229
88 229
221 229
155 230
71 230
106 230
59 230
143 231
17 231
65 231
19 231
192 232
12 232
55 232
24 232
92 233
152 233
62 233
3 233
81 234
101 234
161 234
63 234
19 235
213 235
65 235
6 235
1 236
86 236
27 236
9 236
52 237
16 237
22 237
53 237
48 238
107 238
65 238
46 238
75 239
124 239
29 239
52 239
140 240
98 240
6 240
9 240
202 241
226 241
70 241
197 241
35 242
125 242
216 242
16 242
124 243
165 243
64 243
191 243
97 244
119 244
131 244
175 244
132 245
11 245
184 245
52 245
173 246
19 246
132 246
174 246
17 247
21 247
62 247
74 247
44 248
72 248
194 248
71 248
0 249
61 249
2 249
135 249
1 0
2 0
2 1
3 0
3 1
3 2
4 0
4 1
4 2
4 3
5 0
5 4
5 3
5 1
6 3
6 0
6 4
6 1
7 3
7 4
7 1
7 6
8 5
8 3
8 6
8 4
9 6
9 7
9 2
9 4
10 5
10 3
10 7
10 2
11 3
11 2
11 9
11 5
12 6
12 5
12 4
12 11
13 6
13 5
13 11
13 4
14 3
14 0
14 10
14 12
15 2
15 5
15 11
15 9
16 9
16 1
16 6
16 4
17 9
17 2
17 8
17 3
18 1
18 2
18 9
18 4
19 0
19 14
19 11
19 4
20 6
20 7
20 3
20 0
21 17
21 6
21 20
21 15
22 9
22 15
22 4
22 3
23 5
23 7
23 16
23 21
24 23
24 0
24 3
24 11
25 2
25 4
25 19
25 5
26 19
26 7
26 2
26 8
27 22
27 4
27 25
27 16
28 4
28 5
28 27
28 16
29 6
29 9
29 26
29 28
30 9
30 2
30 24
30 3
31 9
31 1
31 26
31 20
32 2
32 8
32 21
32 1
33 9
33 0
33 5
33 19
34 4
34 23
34 0
34 12
35 4
35 19
35 3
35 28
36 6
36 31
36 13
36 3
37 2
37 16
37 5
37 4
38 11
38 31
38 27
38 1
39 18
39 7
39 33
39 15
40 19
40 3
40 23
40 33
41 6
41 16
41 33
41 11
42 3
42 23
42 4
42 12
43 11
43 39
43 27
43 33
44 4
44 6
44 15
44 28
45 3
45 11
45 27
45 18
46 5
46 16
46 4
46 26
47 29
47 5
47 24
47 32
48 6
48 5
48 2
48 11
49 18
49 3
49 47
49 36
50 23
50 3
50 5
50 38
51 16
51 2
51 27
51 50
52 21
52 5
52 30
52 41
53 49
53 11
53 4
53 26
54 52
54 39
54 8
54 28
55 7
55 0
55 4
55 34
56 1
56 21
56 53
56 3
57 4
57 38
57 21
57 1
58 29
58 3
58 17
58 10
59 16
59 24
59 49
59 20
60 4
60 50
60 55
60 45
61 1
61 3
61 18
61 59
62 32
62 59
62 38
62 46
63 1
63 50
63 21
63 29
64 3
64 29
64 12
64 5
65 44
65 15
65 27
65 33
66 1
66 43
66 8
66 20
67 15
67 2
67 64
67 54
68 27
68 49
68 62
68 38
69 11
69 55
69 32
69 50
70 0
70 51
70 24
70 16
71 43
71 42
71 22
71 16
72 28
72 11
72 53
72 22
73 4
73 60
73 1
73 18
74 38
74 21
74 4
74 16
75 1
75 6
75 46
75 31
76 59
76 17
76 2
76 18
77 6
77 16
77 30
77 38
78 67
78 5
78 4
78 53
79 50
79 4
79 57
79 6
80 9
80 20
80 11
80 60
81 53
81 16
81 0
81 26
82 56
82 27
82 8
82 52
83 42
83 40
83 35
83 1
84 74
84 3
84 55
84 1
85 27
85 49
85 7
85 6
86 83
86 11
86 3
86 59
87 28
87 33
87 24
87 2
88 64
88 5
88 51
88 29
89 17
89 5
89 19
89 1
90 69
90 28
90 79
90 8
91 61
91 5
91 63
91 38
92 55
92 69
92 40
92 5
93 19
93 83
93 9
93 78
94 83
94 19
94 36
94 32
95 17
95 59
95 68
95 80
96 66
96 53
96 58
96 81
97 56
97 52
97 6
97 19
98 63
98 38
98 3
98 24
99 23
99 86
99 61
99 11
100 77
100 32
100 92
100 51
101 90
101 83
101 36
101 46
102 87
102 94
102 12
102 36
103 61
103 20
103 94
103 58
104 16
104 41
104 56
104 20
105 61
105 100
105 18
105 43
106 26
106 2
106 60
106 1
107 99
107 24
107 3
107 22
108 24
108 59
108 6
108 61
109 61
109 89
109 107
109 1
110 18
110 91
110 2
110 60
111 110
111 82
111 6
111 1
112 27
112 33
112 82
112 83
113 1
113 29
113 112
113 27
114 15
114 4
114 25
114 16
115 59
115 24
115 94
115 55
116 59
116 71
116 55
116 53
117 79
117 20
117 27
117 0
118 17
118 6
118 71
118 33
119 24
119 6
119 12
119 76
120 45
120 15
120 115
120 11
121 78
121 52
121 58
121 10
122 91
122 115
122 41
122 9
123 63
123 77
123 19
123 5
124 24
124 19
124 72
124 7
125 24
125 17
125 90
125 112
126 25
126 86
126 85
126 24
127 30
127 6
127 126
127 25
128 36
128 122
128 20
128 5
129 11
129 4
129 96
129 44
130 10
130 36
130 17
130 0
131 6
131 16
131 66
131 71
132 90
132 74
132 56
132 16
133 19
133 25
133 22
133 61
134 44
134 22
134 42
134 111
135 17
135 26
135 41
135 4
136 125
136 122
136 7
136 131
137 114
137 58
137 111
137 25
138 111
138 117
138 35
138 30
139 64
139 49
139 95
139 5
140 84
140 94
140 59
140 10
141 129
141 9
141 16
141 2
142 38
142 54
142 126
142 23
143 75
143 93
143 98
143 10
144 32
144 65
144 108
144 36
145 96
145 119
145 16
145 81
146 28
146 4
146 60
146 11
147 130
147 54
147 3
147 12
148 11
148 110
148 45
148 34
149 0
149 38
149 2
149 116
150 15
150 41
150 36
150 26
151 5
151 3
151 20
151 100
152 55
152 3
152 72
152 5
153 52
153 16
153 90
153 55
154 68
154 81
154 39
154 2
155 25
155 16
155 83
155 36
156 149
156 38
156 19
156 115
157 66
157 3
157 73
157 12
158 82
158 122
158 88
158 129
159 60
159 98
159 55
159 93
160 4
160 38
160 46
160 1
161 160
161 0
161 98
161 144
162 3
162 82
162 33
162 145
163 27
163 114
163 82
163 14
164 93
164 52
164 49
164 106
165 72
165 139
165 136
165 159
166 93
166 48
166 72
166 25
167 53
167 50
167 18
167 75
168 16
168 147
168 101
168 6
169 5
169 147
169 55
169 56
170 6
170 76
170 53
170 55
171 4
171 55
171 38
171 122
172 47
172 68
172 32
172 112
173 28
173 172
173 87
173 81
174 13
174 18
174 6
174 33
175 94
175 56
175 3
175 36
176 81
176 23
176 120
176 2
177 25
177 89
177 131
177 2
178 60
178 75
178 115
178 11
179 162
179 102
179 70
179 2
180 48
180 29
180 17
180 150
181 0
181 159
181 73
181 20
182 9
182 146
182 165
182 150
183 81
183 141
183 11
183 52
184 67
184 69
184 77
184 22
185 108
185 4
185 107
185 1
186 34
186 89
186 151
186 24
187 138
187 7
187 1
187 66
188 109
188 28
188 116
188 19
189 92
189 28
189 185
189 54
190 52
190 38
190 106
190 42
191 184
191 8
191 3
191 118
192 94
192 178
192 6
192 113
193 146
193 5
193 24
193 3
194 129
194 23
194 108
194 72
195 83
195 135
195 4
195 5
196 27
196 115
196 75
196 86
197 19
197 7
197 96
197 29
198 21
198 145
198 136
198 13
199 183
199 69
199 113
199 5
200 190
200 21
200 43
200 154
201 36
201 125
201 186
201 80
202 8
202 147
202 131
202 109
203 3
203 5
203 23
203 32
204 12
204 19
204 4
204 81
205 69
205 127
205 72
205 190
206 51
206 27
206 179
206 144
207 0
207 78
207 48
207 137
208 123
208 78
208 175
208 66
209 10
209 78
209 126
209 106
210 38
210 28
210 90
210 101
211 153
211 19
211 70
211 210
212 42
212 59
212 170
212 106
213 109
213 43
213 79
213 167
214 156
214 39
214 51
214 110
215 38
215 11
215 46
215 175
216 191
216 124
216 214
216 207
217 146
217 18
217 128
217 81
218 10
218 174
218 44
218 98
219 49
219 23
219 22
219 155
220 116
220 189
220 0
220 210
221 66
221 174
221 158
221 98
222 138
222 8
222 142
222 30
223 119
223 191
223 8
223 90
224 8
224 37
224 130
224 0
225 5
225 36
225 175
225 53
226 94
226 36
226 152
226 51
227 6
227 51
227 38
227 208
228 220
228 84
228 58
228 52
229 7
229 228
229 88
229 221
230 155
230 71
230 106
230 59
231 143
231 17
231 65
231 19
232 192
232 12
232 55
232 24
233 92
233 152
233 62
233 3
234 81
234 101
234 161
234 63
235 19
235 213
235 65
235 6
236 1
236 86
236 27
236 9
237 52
237 16
237 22
237 53
238 48
238 107
238 65
238 46
239 75
239 124
239 29
239 52
240 140
240 98
240 6
240 9
241 202
241 226
241 70
241 197
242 35
242 125
242 216
242 16
243 124
243 165
243 64
243 191
244 97
244 119
244 131
244 175
245 132
245 11
245 184
245 52
246 173
246 19
246 132
246 174
247 17
247 21
247 62
247 74
248 44
248 72
248 194
248 71
249 0
249 61
249 2
249 135
1 0 1 1 0 1 0 1 1 0 1 1 0 0 1 1 0 1 1 1 0 1 0 1 1 0 0 0 1 0 0 1 0 0 1 1 0 0 0 1 1 1 0 0 0 1 1 1 0 1 0 1 1 0 1 0 0 1 1 0 1 1 1 0 1 1 1 1 1 0 1 1 0 0 0 1 1 0 0 1 0 0 0 1 1 1 1 0 1 1 0 1 1 1 1 0 1 0 1 1 1 0 1 1 1 1 1 1 1 0 0 0 1 1 0 1 1 0 1 1 1 1 1 0 0 1 1 0 0 0 1 0 0 1 0 0 0 0 1 1 0 1 1 1 0 1 1 1 0 1 0 1 1 1 0 0 0 1 0 1 1 0 1 0 0 0 0 0 1 1 1 1 1 1 0 1 0 0 0 0 0 1 0 0 0 1 1 0 1 1 1 1 1 0 0 0 1 1 1 1 1 1 0 0 0 0 0 1 1 0 1 0 1 1 1 0 0 1 0 1 0 1 0 1 1 1 0 1 1 1 0 0 0 1 0 0 1 0 1 1 0 0 0 0 0 1 1 1 1 1
0 1 0 0 1 1 0 1 1 0 0 1 1 1 0 1 1 1 0 0 1 1 0 1 0 0 0 1 1 1 1 1 1 1 1 1 1 1 1 0 1 1 0 1 0 0 0 1 0 0 0 1 1 0 1 1 1 0 0 0 0 1 0 0 1 1 1 0 0 0 0 0 1 0 1 0 0 1 1 0 0 0 0 1 1 1 1 1 1 1 0 0 1 0 0 1 1 0 0 1 1 1 1 0 0 1 1 1 0 1 0 0 0 0 0 0 1 0 0 0 1 1 1 1 1 1 0 0 0 0 1 0 1 0 1 1 1 0 0 1 0 1 1 0 1 0 1 0 0 0 1 1 1 1 1 0 0 0 1 0 1 0 0 0 0 0 1 1 1 0 1 1 1 0 0 0 0 0 0 0 1 1 1 1 1 0 0 0 0 1 0 1 0 0 0 0 1 0 1 0 0 0 1 0 0 0 0 0 0 1 1 1 1 1 0 1 0 0 0 1 1 1 0 1 1 1 1 1 0 0 0 1 1 1 0 1 0 1 1 1 0 0 1 1 0 1 1 1 1 1
1 0 1 0 1 1 1 0 0 0 0 0 0 0 0 1 1 0 1 1 0 0 0 1 1 0 1 1 0 1 1 0 1 0 0 0 1 0 0 0 0 1 1 0 0 0 0 0 0 1 0 1 1 0 0 1 1 0 0 1 0 1 0 1 0 1 1 0 0 0 0 0 0 0 0 0 0 1 0 0 0 1 1 1 1 0 1 0 0 0 1 1 1 0 1 1 1 1 1 1 0 0 0 0 0 0 1 0 0 1 1 0 0 0 0 1 0 0 0 1 0 0 1 0 0 0 1 1 1 0 0 1 1 0 1 0 0 1 1 0 1 1 0 1 1 1 0 1 1 1 0 0 1 0 0 0 0 0 0 1 1 1 0 0 1 1 1 0 1 0 0 1 0 1 0 1 1 0 0 1 1 1 0 1 0 0 1 0 1 1 1 1 1 0 0 0 0 1 1 0 0 0 1 1 0 1 0 0 1 1 1 0 0 0 0 1 1 1 0 1 0 1 1 0 1 1 0 0 0 0 0 1 1 1 1 0 1 0 1 0 0 0 0 0 1 1 0 1 0 1
0 1 0 1 1 1 0 1 1 0 0 1 1 1 1 1 1 1 0 0 1 0 0 0 0 1 0 0 0 1 0 0 0 1 0 1 0 0 1 0 1 0 0 0 1 0 1 0 0 1 0 1 1 0 1 1 0 0 0 0 0 0 1 1 1 1 0 0 1 1 1 0 1 0 0 1 0 1 0 1 1 1 1 1 1 0 0 0 1 0 1 0 1 1 1 1 0 1 0 1 0 1 0 0 0 1 1 1 0 1 0 1 0 1 1 0 0 1 0 1 1 0 0 0 1 1 0 1 1 1 0 1 1 1 0 1 1 0 1 1 1 0 1 0 1 1 0 1 0 0 0 0 0 0 1 1 1 1 0 0 1 0 0 0 1 0 0 1 0 1 0 1 0 1 1 0 0 0 1 0 0 1 0 1 1 1 0 1 1 1 1 0 0 1 0 0 1 0 0 1 1 0 1 0 0 1 1 0 1 1 0 0 0 1 0 1 1 1 1 0 1 0 0 0 1 0 0 0 1 0 1 1 0 0 1 0 0 0 0 1 1 1 0 0 1 0 1 1 0 0
0 1 0 0 1 1 0 0 1 1 0 1 0 1 1 1 1 1 1 1 1 0 1 1 1 1 1 1 1 0 1 1 1 1 1 1 1 0 1 1 0 0 1 0 0 0 0 0 0 0 1 0 0 0 0 0 1 1 0 1 0 1 0 0 0 1 0 1 1 1 0 0 1 0 1 0 0 1 0 1 0 1 1 0 0 1 0 1 0 1 0 1 1 0 1 1 0 1 0 1 0 1 1 0 1 1 0 1 1 0 1 0 1 1 1 1 0 1 1 0 1 1 1 1 1 1 0 1 0 0 0 1 0 1 1 0 0 1 1 0 1 0 1 1 0 0 1 1 1 0 0 0 1 0 1 0 0 1 1 1 1 1 0 0 0 1 1 1 0 0 0 0 0 1 1 0 1 1 0 0 0 0 1 1 0 0 1 1 0 1 0 1 0 0 0 1 1 1 1 1 0 0 0 0 1 0 0 0 1 1 1 1 1 0 1 0 1 1 1 1 1 0 1 1 0 1 1 1 0 1 0 1 0 1 1 1 0 1 1 1 0 0 0 1 1 0 1 1 0 0