100 780 5
0 1
0 2
1 2
0 3
1 3
2 3
0 4
1 4
2 4
3 4
0 5
3 5
4 5
1 5
0 6
4 6
1 6
5 6
4 7
2 7
0 7
3 7
4 8
5 8
7 8
3 8
0 9
3 9
1 9
6 9
6 10
7 10
8 10
5 10
7 11
6 11
2 11
5 11
4 12
1 12
8 12
9 12
6 13
4 13
0 13
9 13
8 14
1 14
0 14
3 14
11 15
3 15
8 15
10 15
3 16
11 16
14 16
1 16
14 17
5 17
3 17
9 17
6 18
7 18
5 18
1 18
4 19
11 19
7 19
15 19
14 20
1 20
15 20
8 20
7 21
2 21
15 21
9 21
6 22
11 22
9 22
15 22
21 23
17 23
6 23
14 23
1 24
3 24
19 24
5 24
22 25
3 25
19 25
6 25
4 26
10 26
5 26
1 26
5 27
4 27
13 27
3 27
10 28
8 28
2 28
1 28
7 29
11 29
2 29
18 29
11 30
8 30
10 30
23 30
3 31
30 31
27 31
19 31
22 32
24 32
4 32
6 32
14 33
2 33
16 33
21 33
5 34
1 34
18 34
22 34
19 35
1 35
12 35
15 35
15 36
20 36
1 36
6 36
15 37
1 37
16 37
9 37
28 38
34 38
11 38
16 38
19 39
12 39
31 39
4 39
19 40
13 40
21 40
30 40
35 41
7 41
12 41
9 41
34 42
6 42
31 42
30 42
4 43
5 43
24 43
13 43
27 44
21 44
3 44
30 44
17 45
14 45
19 45
7 45
6 46
24 46
32 46
2 46
11 47
19 47
6 47
5 47
21 48
2 48
14 48
11 48
9 49
37 49
2 49
18 49
12 50
6 50
11 50
41 50
9 51
31 51
36 51
12 51
35 52
12 52
13 52
10 52
9 53
12 53
19 53
23 53
28 54
24 54
3 54
19 54
38 55
41 55
11 55
32 55
24 56
5 56
48 56
39 56
10 57
6 57
19 57
2 57
31 58
54 58
23 58
3 58
53 59
15 59
20 59
0 59
3 60
1 60
2 60
32 60
15 61
8 61
12 61
4 61
60 62
58 62
2 62
56 62
32 63
35 63
31 63
6 63
4 64
1 64
10 64
35 64
5 65
32 65
15 65
40 65
0 66
23 66
11 66
54 66
3 67
32 67
15 67
22 67
3 68
20 68
45 68
7 68
15 69
10 69
63 69
2 69
69 70
68 70
5 70
7 70
19 71
30 71
0 71
1 71
2 72
18 72
44 72
20 72
19 73
20 73
12 73
15 73
4 74
30 74
48 74
37 74
37 75
40 75
73 75
3 75
75 76
13 76
65 76
45 76
1 77
9 77
61 77
59 77
1 78
77 78
5 78
15 78
45 79
5 79
77 79
23 79
30 80
17 80
48 80
15 80
12 81
54 81
63 81
23 81
21 82
46 82
1 82
13 82
6 83
65 83
81 83
56 83
2 84
1 84
7 84
66 84
82 85
46 85
39 85
43 85
40 86
85 86
4 86
11 86
21 87
54 87
15 87
28 87
83 88
21 88
20 88
11 88
14 89
20 89
54 89
7 89
54 90
21 90
89 90
3 90
46 91
34 91
63 91
23 91
21 92
0 92
11 92
12 92
13 93
9 93
10 93
22 93
23 94
0 94
63 94
19 94
2 95
39 95
15 95
47 95
12 96
15 96
55 96
1 96
3 97
5 97
12 97
83 97
0 98
49 98
3 98
24 98
18 99
72 99
68 99
27 99
1 0
2 0
2 1
3 0
3 1
3 2
4 0
4 1
4 2
4 3
5 0
5 3
5 4
5 1
6 0
6 4
6 1
6 5
7 4
7 2
7 0
7 3
8 4
8 5
8 7
8 3
9 0
9 3
9 1
9 6
10 6
10 7
10 8
10 5
11 7
11 6
11 2
11 5
12 4
12 1
12 8
12 9
13 6
13 4
13 0
13 9
14 8
14 1
14 0
14 3
15 11
15 3
15 8
15 10
16 3
16 11
16 14
16 1
17 14
17 5
17 3
17 9
18 6
18 7
18 5
18 1
19 4
19 11
19 7
19 15
20 14
20 1
20 15
20 8
21 7
21 2
21 15
21 9
22 6
22 11
22 9
22 15
23 21
23 17
23 6
23 14
24 1
24 3
24 19
24 5
25 22
25 3
25 19
25 6
26 4
26 10
26 5
26 1
27 5
27 4
27 13
27 3
28 10
28 8
28 2
28 1
29 7
29 11
29 2
29 18
30 11
30 8
30 10
30 23
31 3
31 30
31 27
31 19
32 22
32 24
32 4
32 6
33 14
33 2
33 16
33 21
34 5
34 1
34 18
34 22
35 19
35 1
35 12
35 15
36 15
36 20
36 1
36 6
37 15
37 1
37 16
37 9
38 28
38 34
38 11
38 16
39 19
39 12
39 31
39 4
40 19
40 13
40 21
40 30
41 35
41 7
41 12
41 9
42 34
42 6
42 31
42 30
43 4
43 5
43 24
43 13
44 27
44 21
44 3
44 30
45 17
45 14
45 19
45 7
46 6
46 24
46 32
46 2
47 11
47 19
47 6
47 5
48 21
48 2
48 14
48 11
49 9
49 37
49 2
49 18
50 12
50 6
50 11
50 41
51 9
51 31
51 36
51 12
52 35
52 12
52 13
52 10
53 9
53 12
53 19
53 23
54 28
54 24
54 3
54 19
55 38
55 41
55 11
55 32
56 24
56 5
56 48
56 39
57 10
57 6
57 19
57 2
58 31
58 54
58 23
58 3
59 53
59 15
59 20
59 0
60 3
60 1
60 2
60 32
61 15
61 8
61 12
61 4
62 60
62 58
62 2
62 56
63 32
63 35
63 31
63 6
64 4
64 1
64 10
64 35
65 5
65 32
65 15
65 40
66 0
66 23
66 11
66 54
67 3
67 32
67 15
67 22
68 3
68 20
68 45
68 7
69 15
69 10
69 63
69 2
70 69
70 68
70 5
70 7
71 19
71 30
71 0
71 1
72 2
72 18
72 44
72 20
73 19
73 20
73 12
73 15
74 4
74 30
74 48
74 37
75 37
75 40
75 73
75 3
76 75
76 13
76 65
76 45
77 1
77 9
77 61
77 59
78 1
78 77
78 5
78 15
79 45
79 5
79 77
79 23
80 30
80 17
80 48
80 15
81 12
81 54
81 63
81 23
82 21
82 46
82 1
82 13
83 6
83 65
83 81
83 56
84 2
84 1
84 7
84 66
85 82
85 46
85 39
85 43
86 40
86 85
86 4
86 11
87 21
87 54
87 15
87 28
88 83
88 21
88 20
88 11
89 14
89 20
89 54
89 7
90 54
90 21
90 89
90 3
91 46
91 34
91 63
91 23
92 21
92 0
92 11
92 12
93 13
93 9
93 10
93 22
94 23
94 0
94 63
94 19
95 2
95 39
95 15
95 47
96 12
96 15
96 55
96 1
97 3
97 5
97 12
97 83
98 0
98 49
98 3
98 24
99 18
99 72
99 68
99 27
0 0 0 1 0 1 1 0 1 1 0 0 0 0 0 0 1 0 1 1 0 0 1 1 1 0 1 1 1 1 0 0 1 0 0 1 1 0 1 0 0 1 1 0 1 0 1 1 0 0 1 0 0 0 0 1 1 1 0 1 1 0 1 1 0 1 0 1 1 1 1 1 1 0 0 1 0 1 0 0 0 0 0 0 1 0 0 0 1 0 0 1 1 1 0 1 0 1 0 1
0 1 1 0 1 1 0 0 1 1 1 1 1 1 1 0 0 0 0 0 0 1 0 1 1 1 0 1 0 0 0 0 1 1 0 0 1 1 0 0 1 0 1 0 0 1 1 0 0 1 1 0 0 1 1 1 0 1 1 0 0 1 1 1 0 1 1 0 1 1 1 0 1 1 1 0 0 1 0 0 1 0 1 1 1 0 0 0 1 0 1 0 1 1 1 1 0 1 1 1
0 1 0 1 1 1 1 0 1 0 1 0 1 1 0 1 1 1 1 1 0 0 1 1 0 1 0 1 0 1 1 1 0 1 1 0 1 0 1 1 0 1 1 0 1 0 0 0 1 1 0 1 0 1 0 1 1 1 1 0 0 0 0 1 0 1 1 0 1 0 1 0 0 1 0 1 1 0 1 1 1 1 0 1 0 1 1 1 0 1 0 1 0 0 0 1 0 0 1 0
0 1 1 0 0 0 1 1 0 1 0 1 1 0 0 1 1 0 0 1 1 1 0 1 1 0 1 0 0 0 1 0 0 1 0 0 1 1 1 1 1 0 1 0 0 1 0 0 1 1 0 1 0 1 1 1 0 0 1 1 0 1 1 0 1 1 0 1 1 1 1 1 0 0 1 1 0 0 0 0 0 0 0 0 1 0 0 0 0 0 1 1 0 0 1 0 1 0 1 0
1 0 1 1 1 0 0 1 1 1 1 1 0 0 1 1 0 0 0 1 0 0 1 1 0 0 0 1 0 0 1 0 0 1 1 1 0 1 1 1 1 0 1 0 0 0 0 1 0 1 0 1 0 1 1 0 1 1 0 1 0 0 1 0 0 1 1 1 1 0 1 0 0 0 0 1 0 1 1 1 0 0 1 1 0 1 1 0 0 1 0 1 1 1 0 0 1 1 1 1