100 394 5
0 1
0 2
1 2
0 3
2 3
1 4
3 4
3 5
1 5
1 6
0 6
3 7
0 7
1 8
4 8
6 9
8 9
8 10
2 10
2 11
0 11
10 12
3 12
0 13
2 13
10 14
8 14
0 15
12 15
0 16
2 16
4 17
16 17
15 18
10 18
6 19
15 19
6 20
18 20
15 21
7 21
1 22
18 22
14 23
13 23
5 24
23 24
14 25
1 25
8 26
5 26
8 27
0 27
1 28
8 28
9 29
0 29
6 30
12 30
12 31
25 31
8 32
1 32
26 33
6 33
14 34
6 34
18 35
0 35
15 36
26 36
30 37
13 37
11 38
18 38
0 39
29 39
38 40
14 40
26 41
18 41
10 42
12 42
30 43
8 43
14 44
29 44
19 45
38 45
33 46
4 46
8 47
0 47
42 48
8 48
3 49
22 49
7 50
27 50
0 51
25 51
21 52
22 52
10 53
49 53
11 54
16 54
25 55
33 55
54 56
25 56
6 57
12 57
24 58
10 58
20 59
31 59
27 60
25 60
16 61
14 61
40 62
37 62
14 63
39 63
36 64
26 64
54 65
14 65
1 66
12 66
50 67
34 67
0 68
36 68
3 69
5 69
42 70
1 70
68 71
38 71
65 72
49 72
43 73
11 73
29 74
17 74
64 75
15 75
5 76
13 76
32 77
9 77
32 78
58 78
67 79
1 79
50 80
1 80
46 81
47 81
44 82
34 82
19 83
26 83
22 84
68 84
11 85
15 85
1 86
6 86
65 87
32 87
5 88
8 88
65 89
27 89
33 90
5 90
74 91
26 91
26 92
0 92
34 93
60 93
7 94
29 94
14 95
22 95
5 96
39 96
4 97
35 97
29 98
80 98
94 99
41 99
1 0
2 0
2 1
3 0
3 2
4 1
4 3
5 3
5 1
6 1
6 0
7 3
7 0
8 1
8 4
9 6
9 8
10 8
10 2
11 2
11 0
12 10
12 3
13 0
13 2
14 10
14 8
15 0
15 12
16 0
16 2
17 4
17 16
18 15
18 10
19 6
19 15
20 6
20 18
21 15
21 7
22 1
22 18
23 14
23 13
24 5
24 23
25 14
25 1
26 8
26 5
27 8
27 0
28 1
28 8
29 9
29 0
30 6
30 12
31 12
31 25
32 8
32 1
33 26
33 6
34 14
34 6
35 18
35 0
36 15
36 26
37 30
37 13
38 11
38 18
39 0
39 29
40 38
40 14
41 26
41 18
42 10
42 12
43 30
43 8
44 14
44 29
45 19
45 38
46 33
46 4
47 8
47 0
48 42
48 8
49 3
49 22
50 7
50 27
51 0
51 25
52 21
52 22
53 10
53 49
54 11
54 16
55 25
55 33
56 54
56 25
57 6
57 12
58 24
58 10
59 20
59 31
60 27
60 25
61 16
61 14
62 40
62 37
63 14
63 39
64 36
64 26
65 54
65 14
66 1
66 12
67 50
67 34
68 0
68 36
69 3
69 5
70 42
70 1
71 68
71 38
72 65
72 49
73 43
73 11
74 29
74 17
75 64
75 15
76 5
76 13
77 32
77 9
78 32
78 58
79 67
79 1
80 50
80 1
81 46
81 47
82 44
82 34
83 19
83 26
84 22
84 68
85 11
85 15
86 1
86 6
87 65
87 32
88 5
88 8
89 65
89 27
90 33
90 5
91 74
91 26
92 26
92 0
93 34
93 60
94 7
94 29
95 14
95 22
96 5
96 39
97 4
97 35
98 29
98 80
99 94
99 41
0 1 1 0 0 0 0 1 0 0 0 1 1 0 0 0 1 1 0 0 1 1 0 1 1 1 1 0 0 1 0 0 0 0 0 0 1 1 1 1 1 1 0 0 0 1 1 1 0 0 1 1 0 0 0 1 0 0 0 1 0 1 0 0 0 1 1 0 0 0 1 1 0 0 1 0 1 1 0 0 1 0 1 0 1 0 0 1 0 0 0 0 1 1 0 0 0 1 0 1
1 0 0 0 0 0 1 1 1 1 1 1 1 1 1 0 1 1 1 0 0 1 0 1 1 1 1 1 1 0 0 1 1 1 1 0 0 0 0 0 0 0 0 0 0 0 0 1 0 1 1 1 0 1 1 0 1 1 0 0 0 0 1 0 1 1 0 1 0 1 1 0 1 0 0 0 0 1 1 0 0 1 0 0 0 1 0 0 1 0 0 0 0 0 1 1 1 1 0 0
0 1 0 0 0 0 0 1 0 1 1 0 0 1 0 1 0 1 0 1 0 1 0 0 1 1 1 1 1 1 1 1 0 0 1 1 1 0 1 0 1 0 0 1 1 0 0 1 0 0 0 0 0 0 0 1 1 0 1 0 0 0 0 0 1 1 0 0 1 0 0 1 1 0 0 0 0 1 1 1 1 1 0 1 1 1 1 0 1 1 0 1 1 1 1 0 0 0 0 1
1 0 1 1 0 0 0 0 1 1 1 0 1 1 1 1 1 0 1 1 1 1 1 0 1 0 1 0 0 0 0 1 0 1 1 1 1 0 0 1 0 0 1 0 1 1 1 1 1 0 1 1 1 1 0 0 1 0 1 0 1 1 0 1 0 1 1 1 0 1 1 1 0 1 1 0 0 1 0 1 0 0 1 1 1 0 1 1 1 0 0 0 0 0 0 0 1 0 0 1
0 1 1 1 0 1 0 1 1 0 1 1 1 1 0 1 0 1 0 0 1 0 1 1 0 0 0 0 1 0 0 0 0 1 1 0 1 0 1 1 1 1 1 1 1 0 0 0 0 0 1 1 1 1 1 1 0 0 0 1 0 0 1 1 1 0 0 0 1 0 0 0 0 0 1 0 1 1 1 1 1 0 0 0 1 0 1 1 0 0 0 1 1 1 0 0 0 1 0 1