250 994 5
0 1
0 2
1 2
0 3
2 3
0 4
2 4
4 5
0 5
0 6
5 6
6 7
2 7
2 8
0 8
0 9
2 9
2 10
6 10
2 11
3 11
6 12
5 12
10 13
9 13
0 14
4 14
8 15
2 15
12 16
0 16
9 17
6 17
11 18
8 18
1 19
5 19
0 20
6 20
2 21
5 21
17 22
14 22
10 23
4 23
23 24
22 24
4 25
22 25
2 26
8 26
6 27
23 27
2 28
10 28
8 29
0 29
2 30
6 30
10 31
18 31
6 32
23 32
2 33
6 33
26 34
3 34
26 35
8 35
25 36
4 36
2 37
29 37
36 38
21 38
33 39
9 39
4 40
23 40
40 41
34 41
36 42
18 42
34 43
12 43
0 44
8 44
28 45
35 45
2 46
14 46
12 47
45 47
5 48
47 48
34 49
24 49
40 50
19 50
45 51
6 51
20 52
12 52
45 53
37 53
2 54
6 54
53 55
1 55
6 56
10 56
2 57
3 57
42 58
0 58
52 59
2 59
57 60
16 60
6 61
23 61
31 62
5 62
10 63
17 63
48 64
47 64
26 65
8 65
29 66
6 66
27 67
1 67
37 68
21 68
21 69
3 69
2 70
15 70
35 71
33 71
52 72
31 72
6 73
59 73
10 74
38 74
6 75
28 75
66 76
42 76
61 77
44 77
8 78
0 78
20 79
57 79
37 80
25 80
68 81
23 81
2 82
15 82
18 83
1 83
69 84
72 84
58 85
40 85
60 86
29 86
15 87
33 87
59 88
2 88
2 89
47 89
78 90
54 90
52 91
66 91
45 92
2 92
69 93
83 93
22 94
0 94
22 95
6 95
59 96
73 96
40 97
18 97
65 98
24 98
70 99
79 99
42 100
22 100
17 101
44 101
84 102
20 102
99 103
2 103
6 104
26 104
57 105
61 105
15 106
5 106
16 107
22 107
47 108
30 108
73 109
62 109
23 110
94 110
41 111
17 111
76 112
10 112
22 113
49 113
57 114
52 114
45 115
38 115
104 116
2 116
80 117
0 117
10 118
0 118
108 119
55 119
67 120
55 120
45 121
0 121
52 122
76 122
2 123
75 123
83 124
8 124
52 125
1 125
24 126
52 126
21 127
23 127
18 128
78 128
28 129
39 129
64 130
11 130
24 131
42 131
16 132
126 132
12 133
68 133
0 134
112 134
4 135
99 135
18 136
61 136
10 137
121 137
36 138
23 138
94 139
31 139
54 140
45 140
71 141
73 141
1 142
83 142
1 143
117 143
1 144
11 144
78 145
105 145
114 146
70 146
136 147
53 147
57 148
65 148
90 149
29 149
137 150
57 150
38 151
127 151
66 152
101 152
64 153
72 153
45 154
57 154
17 155
61 155
54 156
26 156
127 157
44 157
151 158
72 158
42 159
66 159
28 160
2 160
2 161
9 161
29 162
37 162
32 163
78 163
22 164
23 164
71 165
104 165
52 166
37 166
3 167
81 167
141 168
32 168
127 169
59 169
59 170
23 170
32 171
33 171
59 172
116 172
12 173
71 173
27 174
143 174
164 175
10 175
94 176
9 176
0 177
22 177
21 178
10 178
37 179
65 179
3 180
161 180
157 181
179 181
33 182
94 182
59 183
0 183
150 184
102 184
116 185
17 185
59 186
6 186
45 187
107 187
57 188
38 188
109 189
165 189
6 190
64 190
52 191
5 191
6 192
22 192
6 193
50 193
9 194
48 194
19 195
73 195
149 196
71 196
21 197
8 197
45 198
37 198
3 199
59 199
8 200
170 200
98 201
57 201
10 202
85 202
142 203
170 203
13 204
180 204
32 205
68 205
114 206
52 206
16 207
0 207
10 208
1 208
150 209
156 209
22 210
6 210
133 211
94 211
141 212
175 212
15 213
174 213
101 214
33 214
78 215
166 215
49 216
161 216
110 217
172 217
34 218
16 218
75 219
150 219
70 220
192 220
137 221
151 221
18 222
150 222
173 223
143 223
190 224
84 224
19 225
2 225
71 226
95 226
103 227
63 227
117 228
132 228
17 229
8 229
0 230
127 230
218 231
60 231
55 232
17 232
34 233
23 233
157 234
53 234
150 235
45 235
1 236
48 236
16 237
208 237
63 238
66 238
8 239
17 239
0 240
136 240
2 241
94 241
34 242
37 242
191 243
179 243
209 244
53 244
6 245
40 245
6 246
37 246
31 247
92 247
28 248
10 248
9 249
70 249
1 0
2 0
2 1
3 0
3 2
4 0
4 2
5 4
5 0
6 0
6 5
7 6
7 2
8 2
8 0
9 0
9 2
10 2
10 6
11 2
11 3
12 6
12 5
13 10
13 9
14 0
14 4
15 8
15 2
16 12
16 0
17 9
17 6
18 11
18 8
19 1
19 5
20 0
20 6
21 2
21 5
22 17
22 14
23 10
23 4
24 23
24 22
25 4
25 22
26 2
26 8
27 6
27 23
28 2
28 10
29 8
29 0
30 2
30 6
31 10
31 18
32 6
32 23
33 2
33 6
34 26
34 3
35 26
35 8
36 25
36 4
37 2
37 29
38 36
38 21
39 33
39 9
40 4
40 23
41 40
41 34
42 36
42 18
43 34
43 12
44 0
44 8
45 28
45 35
46 2
46 14
47 12
47 45
48 5
48 47
49 34
49 24
50 40
50 19
51 45
51 6
52 20
52 12
53 45
53 37
54 2
54 6
55 53
55 1
56 6
56 10
57 2
57 3
58 42
58 0
59 52
59 2
60 57
60 16
61 6
61 23
62 31
62 5
63 10
63 17
64 48
64 47
65 26
65 8
66 29
66 6
67 27
67 1
68 37
68 21
69 21
69 3
70 2
70 15
71 35
71 33
72 52
72 31
73 6
73 59
74 10
74 38
75 6
75 28
76 66
76 42
77 61
77 44
78 8
78 0
79 20
79 57
80 37
80 25
81 68
81 23
82 2
82 15
83 18
83 1
84 69
84 72
85 58
85 40
86 60
86 29
87 15
87 33
88 59
88 2
89 2
89 47
90 78
90 54
91 52
91 66
92 45
92 2
93 69
93 83
94 22
94 0
95 22
95 6
96 59
96 73
97 40
97 18
98 65
98 24
99 70
99 79
100 42
100 22
101 17
101 44
102 84
102 20
103 99
103 2
104 6
104 26
105 57
105 61
106 15
106 5
107 16
107 22
108 47
108 30
109 73
109 62
110 23
110 94
111 41
111 17
112 76
112 10
113 22
113 49
114 57
114 52
115 45
115 38
116 104
116 2
117 80
117 0
118 10
118 0
119 108
119 55
120 67
120 55
121 45
121 0
122 52
122 76
123 2
123 75
124 83
124 8
125 52
125 1
126 24
126 52
127 21
127 23
128 18
128 78
129 28
129 39
130 64
130 11
131 24
131 42
132 16
132 126
133 12
133 68
134 0
134 112
135 4
135 99
136 18
136 61
137 10
137 121
138 36
138 23
139 94
139 31
140 54
140 45
141 71
141 73
142 1
142 83
143 1
143 117
144 1
144 11
145 78
145 105
146 114
146 70
147 136
147 53
148 57
148 65
149 90
149 29
150 137
150 57
151 38
151 127
152 66
152 101
153 64
153 72
154 45
154 57
155 17
155 61
156 54
156 26
157 127
157 44
158 151
158 72
159 42
159 66
160 28
160 2
161 2
161 9
162 29
162 37
163 32
163 78
164 22
164 23
165 71
165 104
166 52
166 37
167 3
167 81
168 141
168 32
169 127
169 59
170 59
170 23
171 32
171 33
172 59
172 116
173 12
173 71
174 27
174 143
175 164
175 10
176 94
176 9
177 0
177 22
178 21
178 10
179 37
179 65
180 3
180 161
181 157
181 179
182 33
182 94
183 59
183 0
184 150
184 102
185 116
185 17
186 59
186 6
187 45
187 107
188 57
188 38
189 109
189 165
190 6
190 64
191 52
191 5
192 6
192 22
193 6
193 50
194 9
194 48
195 19
195 73
196 149
196 71
197 21
197 8
198 45
198 37
199 3
199 59
200 8
200 170
201 98
201 57
202 10
202 85
203 142
203 170
204 13
204 180
205 32
205 68
206 114
206 52
207 16
207 0
208 10
208 1
209 150
209 156
210 22
210 6
211 133
211 94
212 141
212 175
213 15
213 174
214 101
214 33
215 78
215 166
216 49
216 161
217 110
217 172
218 34
218 16
219 75
219 150
220 70
220 192
221 137
221 151
222 18
222 150
223 173
223 143
224 190
224 84
225 19
225 2
226 71
226 95
227 103
227 63
228 117
228 132
229 17
229 8
230 0
230 127
231 218
231 60
232 55
232 17
233 34
233 23
234 157
234 53
235 150
235 45
236 1
236 48
237 16
237 208
238 63
238 66
239 8
239 17
240 0
240 136
241 2
241 94
242 34
242 37
243 191
243 179
244 209
244 53
245 6
245 40
246 6
246 37
247 31
247 92
248 28
248 10
249 9
249 70
0 1 1 0 0 1 0 1 0 1 1 1 1 0 0 1 0 1 1 1 1 1 1 1 0 1 1 0 1 0 0 0 0 0 1 1 1 1 1 1 1 1 0 0 0 0 1 1 1 0 1 0 0 1 1 1 1 0 1 0 0 0 0 0 1 0 1 0 1 0 0 0 0 0 0 1 1 0 0 1 0 0 0 0 0 0 1 1 1 0 1 1 1 1 0 0 1 1 0 0 1 1 0 1 0 0 1 1 1 1 0 0 1 1 1 1 1 0 1 1 1 1 0 1 1 1 1 1 0 0 1 0 0 0 1 0 0 1 1 0 1 1 0 0 0 0 0 1 1 0 1 0 1 1 1 0 0 0 1 0 0 1 0 1 1 1 0 1 1 1 0 0 0 1 1 1 1 0 1 0 1 0 1 1 1 0 1 0 1 1 1 1 0 0 1 1 0 1 1 1 1 1 1 0 1 1 0 0 1 1 1 0 0 0 1 1 0 0 0 1 1 1 0 0 0 1 1 1 0 1 1 0 0 0 0 1 1 0 1 1 1 0 1 0 1 1 1 1 1 0
1 0 1 0 1 1 0 0 1 0 0 0 0 0 1 0 1 1 0 1 1 1 1 0 1 0 0 0 0 0 0 0 1 1 0 0 1 0 0 0 0 1 0 1 0 0 0 0 1 1 1 1 1 0 1 1 0 0 1 0 1 1 0 1 0 0 0 1 1 0 1 1 0 1 0 0 0 0 0 0 0 0 1 1 0 1 1 0 0 0 1 0 0 0 1 1 1 0 0 1 1 1 1 0 0 0 0 0 1 1 1 0 0 1 1 0 1 1 1 1 0 1 0 1 1 0 0 1 1 0 0 1 0 1 1 1 0 1 0 0 1 1 1 1 0 0 1 0 0 0 0 0 1 1 1 0 1 1 0 1 0 0 0 1 1 0 1 1 1 0 1 0 0 0 1 0 1 0 1 1 0 0 0 1 1 1 0 1 1 0 1 0 1 1 1 1 0 1 0 0 0 1 0 0 1 0 0 1 0 1 0 1 1 0 1 0 0 1 0 0 0 1 1 0 1 1 0 0 0 0 0 1 1 0 1 1 1 0 1 1 1 0 0 0 1 1 1 0 0 0
1 1 0 1 0 0 1 1 0 1 1 0 1 0 1 0 1 0 0 1 0 1 1 1 1 1 0 1 0 1 0 1 1 0 0 1 1 1 1 0 1 0 1 0 1 0 0 0 0 0 0 0 0 0 0 0 0 0 1 0 0 1 0 1 1 1 0 0 1 0 1 1 1 1 0 1 1 1 1 1 0 0 1 0 1 0 0 1 0 0 1 1 1 0 0 1 1 1 0 0 1 1 0 1 1 0 0 1 0 1 0 1 1 1 1 0 1 0 1 1 0 1 0 1 1 1 0 0 0 0 1 0 1 0 0 1 1 0 0 0 0 1 1 0 0 0 0 1 0 0 1 0 1 1 0 1 0 0 1 1 0 1 0 1 0 0 1 0 0 0 1 1 0 0 0 1 1 1 1 1 0 1 1 1 1 1 1 1 0 0 1 0 0 0 0 1 0 1 1 0 0 1 0 1 1 1 0 0 1 1 1 0 1 1 1 1 1 0 0 0 0 1 1 1 0 0 0 0 0 1 0 0 0 0 0 0 0 0 0 0 1 1 0 1 1 0 1 0 0 0
1 0 1 1 0 1 0 1 1 1 1 1 1 0 1 0 1 1 0 1 0 0 0 1 1 0 0 1 0 1 1 0 0 0 1 1 1 0 1 1 0 0 0 0 1 1 0 1 1 1 0 1 0 1 1 1 1 1 0 1 0 0 1 1 1 1 0 1 0 1 0 0 1 1 0 0 0 0 0 0 0 1 0 1 0 0 0 1 0 1 0 0 0 0 0 0 0 1 0 0 1 1 1 1 0 1 1 0 1 0 1 1 1 0 1 0 0 0 0 0 1 1 1 1 0 1 1 1 0 1 0 0 1 1 0 1 1 1 1 1 1 1 1 0 1 0 0 0 1 0 0 1 1 1 1 1 1 0 1 0 0 0 1 1 0 0 1 0 1 1 0 1 1 0 0 0 0 0 1 0 0 1 0 1 1 1 0 0 0 1 1 0 1 0 0 0 0 0 0 0 1 0 0 0 0 0 0 0 1 1 1 1 0 0 1 0 1 1 1 1 0 1 1 0 1 1 1 0 0 0 1 0 0 0 1 0 1 1 1 0 1 0 0 0 1 1 1 0 0 0
0 0 1 1 1 1 1 0 0 1 1 1 0 1 1 1 1 1 0 1 1 0 0 1 1 1 1 0 1 0 1 1 1 0 1 1 0 0 0 0 0 1 1 1 1 0 1 1 0 1 0 0 0 0 0 0 1 1 1 0 0 0 1 1 0 1 0 0 0 0 1 0 1 1 0 0 1 1 0 1 0 1 1 0 0 1 1 1 1 1 0 1 1 1 0 1 0 1 0 1 1 1 1 0 0 0 0 1 1 0 0 1 0 0 0 1 0 0 0 0 1 1 1 1 1 1 1 1 1 0 0 0 1 0 1 0 0 1 0 1 0 1 1 0 0 1 0 1 1 0 0 0 1 1 1 0 1 1 0 1 0 1 0 0 0 0 0 1 1 1 1 0 0 0 1 1 1 0 0 0 0 0 1 0 1 1 0 1 1 1 1 0 0 0 1 1 0 1 1 1 0 0 1 0 1 0 0 0 1 1 1 0 0 0 0 0 0 1 1 1 1 0 0 1 0 0 1 1 0 1 0 1 0 0 1 0 1 1 0 1 1 1 0 1 1 1 1 1 0 1