50 194 5
0 1
0 2
1 2
0 3
2 3
3 4
1 4
4 5
2 5
1 6
2 6
4 7
2 7
5 8
4 8
4 9
1 9
9 10
6 10
8 11
3 11
1 12
7 12
3 13
4 13
3 14
11 14
2 15
4 15
5 16
3 16
2 17
0 17
1 18
9 18
0 19
9 19
2 20
0 20
17 21
0 21
7 22
9 22
5 23
21 23
1 24
23 24
6 25
2 25
12 26
4 26
24 27
9 27
17 28
7 28
2 29
5 29
4 30
23 30
28 31
27 31
4 32
2 32
28 33
17 33
18 34
11 34
10 35
21 35
1 36
34 36
24 37
14 37
7 38
6 38
27 39
12 39
26 40
36 40
9 41
4 41
18 42
30 42
18 43
24 43
33 44
38 44
38 45
4 45
26 46
5 46
28 47
9 47
28 48
11 48
14 49
34 49
1 0
2 0
2 1
3 0
3 2
4 3
4 1
5 4
5 2
6 1
6 2
7 4
7 2
8 5
8 4
9 4
9 1
10 9
10 6
11 8
11 3
12 1
12 7
13 3
13 4
14 3
14 11
15 2
15 4
16 5
16 3
17 2
17 0
18 1
18 9
19 0
19 9
20 2
20 0
21 17
21 0
22 7
22 9
23 5
23 21
24 1
24 23
25 6
25 2
26 12
26 4
27 24
27 9
28 17
28 7
29 2
29 5
30 4
30 23
31 28
31 27
32 4
32 2
33 28
33 17
34 18
34 11
35 10
35 21
36 1
36 34
37 24
37 14
38 7
38 6
39 27
39 12
40 26
40 36
41 9
41 4
42 18
42 30
43 18
43 24
44 33
44 38
45 38
45 4
46 26
46 5
47 28
47 9
48 28
48 11
49 14
49 34
0 1 1 1 0 0 1 1 1 1 0 0 0 0 0 1 1 1 0 1 0 0 1 1 1 0 0 0 1 1 1 1 1 0 0 0 1 0 1 1 1 1 1 1 0 1 0 1 1 0
0 0 1 1 0 0 0 1 1 1 0 1 1 1 1 0 1 0 1 0 0 0 1 0 1 0 1 1 1 0 0 1 1 1 0 1 0 0 0 0 0 0 0 1 0 0 0 0 0 0
1 0 0 0 0 1 1 0 1 0 1 0 0 0 0 1 1 0 1 1 1 0 1 0 0 0 0 1 1 1 0 0 0 1 0 1 0 0 0 1 1 1 1 0 1 1 0 0 1 0
1 1 0 0 1 0 1 0 0 1 0 1 0 1 1 0 0 1 1 0 1 1 1 1 1 0 0 0 0 1 1 0 0 0 1 0 0 0 0 1 0 1 1 1 1 1 1 1 0 1
1 1 1 1 0 0 0 0 0 0 1 1 0 0 0 1 0 1 0 0 0 0 1 0 0 1 0 0 1 1 0 1 0 0 0 0 1 0 0 0 1 1 1 0 1 1 0 0 1 0