100 390 5
0 1
0 2
1 2
0 3
1 3
2 3
0 4
1 4
2 4
3 4
1 5
2 5
4 5
3 5
4 6
5 6
3 6
1 6
1 7
4 7
6 7
5 7
0 8
7 8
6 8
1 8
4 9
6 9
5 9
1 9
3 10
1 10
7 10
2 10
10 11
5 11
4 11
8 11
7 12
1 12
10 12
4 12
10 13
6 13
11 13
8 13
11 14
12 14
2 14
0 14
4 15
13 15
3 15
1 15
5 16
14 16
8 16
7 16
9 17
15 17
13 17
4 17
1 18
8 18
12 18
16 18
14 19
1 19
6 19
11 19
8 20
14 20
1 20
16 20
10 21
1 21
4 21
16 21
15 22
20 22
12 22
8 22
20 23
10 23
2 23
0 23
14 24
21 24
11 24
6 24
16 25
5 25
22 25
14 25
25 26
20 26
3 26
16 26
4 27
21 27
14 27
11 27
0 28
4 28
7 28
1 28
1 29
12 29
13 29
5 29
1 30
7 30
24 30
11 30
11 31
8 31
21 31
4 31
5 32
19 32
30 32
24 32
10 33
30 33
4 33
2 33
16 34
14 34
0 34
18 34
10 35
26 35
7 35
1 35
0 36
6 36
2 36
11 36
29 37
12 37
22 37
0 37
34 38
14 38
1 38
4 38
8 39
37 39
15 39
18 39
32 40
1 40
33 40
5 40
37 41
16 41
40 41
4 41
20 42
18 42
4 42
12 42
2 43
19 43
8 43
6 43
12 44
33 44
1 44
2 44
18 45
7 45
33 45
22 45
16 46
6 46
15 46
45 46
19 47
1 47
5 47
2 47
0 48
14 48
16 48
21 48
7 49
20 49
42 49
21 49
4 50
5 50
21 50
42 50
8 51
0 51
37 51
16 51
30 52
0 52
11 52
22 52
16 53
43 53
26 53
1 53
21 54
24 54
53 54
25 54
4 55
16 55
8 55
12 55
33 56
20 56
23 56
21 56
2 57
49 57
37 57
11 57
15 58
0 58
11 58
31 58
5 59
52 59
9 59
6 59
2 60
25 60
6 60
0 60
56 61
3 61
43 61
55 61
0 62
4 62
16 62
1 62
20 63
14 63
6 63
25 63
1 64
5 64
61 64
7 64
3 65
30 65
0 65
4 65
2 66
64 66
10 66
49 66
24 67
0 67
1 67
25 67
35 68
10 68
45 68
30 68
50 69
10 69
8 69
14 69
63 70
10 70
51 70
42 70
5 71
12 71
40 71
10 71
15 72
38 72
19 72
10 72
25 73
1 73
20 73
11 73
47 74
19 74
6 74
8 74
1 75
37 75
69 75
2 75
40 76
56 76
26 76
12 76
17 77
48 77
10 77
25 77
1 78
6 78
39 78
20 78
1 79
8 79
7 79
2 79
25 80
67 80
46 80
0 80
0 81
12 81
8 81
7 81
14 82
0 82
34 82
58 82
24 83
2 83
33 83
10 83
1 84
7 84
44 84
55 84
20 85
6 85
4 85
1 85
2 86
21 86
14 86
31 86
36 87
4 87
73 87
26 87
68 88
69 88
4 88
16 88
49 89
79 89
40 89
4 89
2 90
6 90
37 90
4 90
56 91
26 91
7 91
85 91
17 92
5 92
0 92
38 92
56 93
46 93
1 93
64 93
21 94
85 94
68 94
17 94
78 95
12 95
62 95
21 95
7 96
69 96
34 96
55 96
87 97
67 97
8 97
1 97
6 98
97 98
31 98
3 98
54 99
0 99
70 99
9 99
1 0 0 0 0 1 0 0 1 1 1 1 0 0 0 0 1 0 1 0 1 1 1 1 0 0 0 0 0 1 0 1 1 1 0 1 1 1 0 1 1 1 0 0 0 1 1 1 0 0 1 1 0 0 1 1 1 0 1 1 1 0 0 1 1 1 1 0 0 0 0 1 1 0 1 0 1 0 1 0 0 0 1 0 0 0 1 0 1 1 1 0 1 1 0 1 0 0 1 0
1 0 1 0 0 1 1 0 0 1 1 1 0 0 0 1 1 0 0 1 1 1 1 1 1 0 0 1 1 1 1 1 1 0 0 1 1 1 1 1 0 1 0 1 1 1 0 1 1 1 1 1 0 1 1 1 0 0 1 0 1 1 1 1 0 1 1 1 0 0 1 1 0 1 1 1 1 0 1 0 1 1 0 0 0 0 0 0 1 1 1 1 1 1 1 1 1 0 0 1
0 0 0 0 0 1 1 0 1 0 1 1 0 0 1 0 0 1 1 1 1 0 1 0 1 1 1 0 0 1 1 0 0 0 0 0 1 1 0 0 1 1 1 0 0 0 1 1 0 0 1 0 0 1 0 0 1 0 1 0 1 0 1 1 1 1 0 1 1 0 0 0 1 0 1 1 1 1 1 0 1 0 0 0 1 0 0 1 0 0 1 0 1 0 1 0 1 1 0 0
1 0 1 1 1 1 0 1 0 1 1 1 1 1 1 1 0 0 0 1 0 0 0 1 1 0 1 0 1 1 1 1 0 0 1 0 1 0 1 1 0 0 1 0 0 1 0 0 0 1 0 1 0 0 1 0 1 0 1 1 1 0 1 1 1 1 1 1 0 0 0 1 0 1 1 0 0 1 1 1 0 0 1 1 1 1 0 1 0 1 1 0 0 1 0 0 1 0 0 0
0 1 1 0 1 1 0 1 1 1 0 0 1 0 1 1 1 0 0 1 1 0 1 1 1 0 0 1 1 0 0 0 1 1 1 0 0 0 0 1 0 1 0 1 1 0 1 0 0 1 0 0 0 1 0 0 1 1 0 0 1 1 0 0 0 1 0 1 0 1 1 0 0 1 1 0 0 0 1 0 0 1 0 0 0 1 0 1 0 1 0 1 0 0 0 1 0 1 1 0