250 994 5
0 1
0 2
1 2
1 3
2 3
2 4
1 4
0 5
4 5
5 6
2 6
3 7
4 7
6 8
4 8
5 9
0 9
4 10
6 10
0 11
5 11
4 12
11 12
11 13
7 13
13 14
4 14
13 15
6 15
6 16
15 16
1 17
11 17
1 18
4 18
6 19
15 19
10 20
2 20
8 21
2 21
7 22
4 22
18 23
2 23
3 24
15 24
11 25
0 25
11 26
7 26
8 27
1 27
6 28
4 28
2 29
26 29
20 30
26 30
20 31
29 31
23 32
4 32
6 33
30 33
4 34
32 34
11 35
5 35
6 36
25 36
11 37
31 37
6 38
37 38
31 39
8 39
4 40
2 40
6 41
11 41
6 42
1 42
7 43
8 43
2 44
4 44
18 45
5 45
34 46
11 46
0 47
21 47
29 48
32 48
0 49
11 49
13 50
3 50
32 51
2 51
2 52
30 52
4 53
25 53
0 54
10 54
19 55
3 55
37 56
4 56
22 57
45 57
29 58
56 58
2 59
11 59
4 60
8 60
9 61
37 61
55 62
9 62
40 63
41 63
0 64
26 64
29 65
19 65
11 66
7 66
3 67
44 67
65 68
49 68
32 69
65 69
4 70
46 70
48 71
18 71
11 72
31 72
4 73
2 73
67 74
2 74
4 75
64 75
2 76
41 76
0 77
65 77
12 78
56 78
78 79
25 79
48 80
2 80
61 81
72 81
49 82
7 82
37 83
36 83
2 84
31 84
8 85
21 85
68 86
2 86
32 87
6 87
2 88
76 88
61 89
6 89
1 90
6 90
6 91
4 91
15 92
29 92
25 93
82 93
7 94
5 94
1 95
61 95
86 96
76 96
71 97
41 97
76 98
18 98
76 99
22 99
1 100
11 100
8 101
42 101
75 102
25 102
24 103
54 103
16 104
44 104
65 105
8 105
32 106
74 106
11 107
37 107
2 108
4 108
80 109
73 109
64 110
44 110
33 111
2 111
19 112
4 112
18 113
37 113
20 114
1 114
24 115
6 115
6 116
29 116
90 117
114 117
3 118
24 118
5 119
1 119
41 120
78 120
78 121
88 121
6 122
101 122
5 123
33 123
5 124
6 124
98 125
10 125
108 126
120 126
55 127
30 127
4 128
22 128
103 129
96 129
116 130
86 130
97 131
6 131
98 132
116 132
24 133
7 133
30 134
85 134
11 135
5 135
128 136
6 136
128 137
48 137
116 138
7 138
8 139
0 139
10 140
18 140
2 141
4 141
68 142
6 142
7 143
30 143
40 144
127 144
44 145
3 145
83 146
6 146
6 147
128 147
41 148
0 148
68 149
127 149
74 150
38 150
13 151
31 151
73 152
6 152
48 153
152 153
69 154
112 154
110 155
2 155
74 156
6 156
33 157
73 157
62 158
51 158
10 159
32 159
37 160
126 160
138 161
114 161
103 162
127 162
0 163
98 163
112 164
110 164
64 165
11 165
52 166
24 166
114 167
2 167
76 168
144 168
19 169
4 169
102 170
73 170
8 171
80 171
95 172
160 172
92 173
30 173
0 174
92 174
6 175
44 175
133 176
116 176
62 177
56 177
146 178
6 178
152 179
0 179
123 180
118 180
159 181
97 181
107 182
11 182
162 183
99 183
27 184
19 184
95 185
33 185
182 186
156 186
150 187
94 187
148 188
120 188
73 189
95 189
71 190
29 190
6 191
37 191
164 192
140 192
72 193
188 193
8 194
55 194
146 195
49 195
114 196
67 196
9 197
34 197
70 198
86 198
58 199
9 199
23 200
115 200
103 201
174 201
2 202
30 202
6 203
95 203
183 204
76 204
91 205
4 205
11 206
23 206
20 207
3 207
120 208
65 208
112 209
93 209
95 210
2 210
64 211
199 211
37 212
192 212
36 213
15 213
110 214
210 214
190 215
47 215
4 216
37 216
32 217
110 217
143 218
19 218
136 219
14 219
128 220
56 220
216 221
6 221
19 222
185 222
78 223
111 223
28 224
196 224
159 225
163 225
31 226
150 226
95 227
48 227
71 228
175 228
127 229
11 229
5 230
28 230
5 231
186 231
88 232
102 232
186 233
107 233
149 234
196 234
30 235
114 235
60 236
105 236
126 237
4 237
75 238
51 238
15 239
108 239
193 240
20 240
231 241
36 241
65 242
162 242
65 243
6 243
4 244
37 244
152 245
112 245
61 246
31 246
3 247
188 247
135 248
32 248
2 249
98 249
1 0
2 0
2 1
3 1
3 2
4 2
4 1
5 0
5 4
6 5
6 2
7 3
7 4
8 6
8 4
9 5
9 0
10 4
10 6
11 0
11 5
12 4
12 11
13 11
13 7
14 13
14 4
15 13
15 6
16 6
16 15
17 1
17 11
18 1
18 4
19 6
19 15
20 10
20 2
21 8
21 2
22 7
22 4
23 18
23 2
24 3
24 15
25 11
25 0
26 11
26 7
27 8
27 1
28 6
28 4
29 2
29 26
30 20
30 26
31 20
31 29
32 23
32 4
33 6
33 30
34 4
34 32
35 11
35 5
36 6
36 25
37 11
37 31
38 6
38 37
39 31
39 8
40 4
40 2
41 6
41 11
42 6
42 1
43 7
43 8
44 2
44 4
45 18
45 5
46 34
46 11
47 0
47 21
48 29
48 32
49 0
49 11
50 13
50 3
51 32
51 2
52 2
52 30
53 4
53 25
54 0
54 10
55 19
55 3
56 37
56 4
57 22
57 45
58 29
58 56
59 2
59 11
60 4
60 8
61 9
61 37
62 55
62 9
63 40
63 41
64 0
64 26
65 29
65 19
66 11
66 7
67 3
67 44
68 65
68 49
69 32
69 65
70 4
70 46
71 48
71 18
72 11
72 31
73 4
73 2
74 67
74 2
75 4
75 64
76 2
76 41
77 0
77 65
78 12
78 56
79 78
79 25
80 48
80 2
81 61
81 72
82 49
82 7
83 37
83 36
84 2
84 31
85 8
85 21
86 68
86 2
87 32
87 6
88 2
88 76
89 61
89 6
90 1
90 6
91 6
91 4
92 15
92 29
93 25
93 82
94 7
94 5
95 1
95 61
96 86
96 76
97 71
97 41
98 76
98 18
99 76
99 22
100 1
100 11
101 8
101 42
102 75
102 25
103 24
103 54
104 16
104 44
105 65
105 8
106 32
106 74
107 11
107 37
108 2
108 4
109 80
109 73
110 64
110 44
111 33
111 2
112 19
112 4
113 18
113 37
114 20
114 1
115 24
115 6
116 6
116 29
117 90
117 114
118 3
118 24
119 5
119 1
120 41
120 78
121 78
121 88
122 6
122 101
123 5
123 33
124 5
124 6
125 98
125 10
126 108
126 120
127 55
127 30
128 4
128 22
129 103
129 96
130 116
130 86
131 97
131 6
132 98
132 116
133 24
133 7
134 30
134 85
135 11
135 5
136 128
136 6
137 128
137 48
138 116
138 7
139 8
139 0
140 10
140 18
141 2
141 4
142 68
142 6
143 7
143 30
144 40
144 127
145 44
145 3
146 83
146 6
147 6
147 128
148 41
148 0
149 68
149 127
150 74
150 38
151 13
151 31
152 73
152 6
153 48
153 152
154 69
154 112
155 110
155 2
156 74
156 6
157 33
157 73
158 62
158 51
159 10
159 32
160 37
160 126
161 138
161 114
162 103
162 127
163 0
163 98
164 112
164 110
165 64
165 11
166 52
166 24
167 114
167 2
168 76
168 144
169 19
169 4
170 102
170 73
171 8
171 80
172 95
172 160
173 92
173 30
174 0
174 92
175 6
175 44
176 133
176 116
177 62
177 56
178 146
178 6
179 152
179 0
180 123
180 118
181 159
181 97
182 107
182 11
183 162
183 99
184 27
184 19
185 95
185 33
186 182
186 156
187 150
187 94
188 148
188 120
189 73
189 95
190 71
190 29
191 6
191 37
192 164
192 140
193 72
193 188
194 8
194 55
195 146
195 49
196 114
196 67
197 9
197 34
198 70
198 86
199 58
199 9
200 23
200 115
201 103
201 174
202 2
202 30
203 6
203 95
204 183
204 76
205 91
205 4
206 11
206 23
207 20
207 3
208 120
208 65
209 112
209 93
210 95
210 2
211 64
211 199
212 37
212 192
213 36
213 15
214 110
214 210
215 190
215 47
216 4
216 37
217 32
217 110
218 143
218 19
219 136
219 14
220 128
220 56
221 216
221 6
222 19
222 185
223 78
223 111
224 28
224 196
225 159
225 163
226 31
226 150
227 95
227 48
228 71
228 175
229 127
229 11
230 5
230 28
231 5
231 186
232 88
232 102
233 186
233 107
234 149
234 196
235 30
235 114
236 60
236 105
237 126
237 4
238 75
238 51
239 15
239 108
240 193
240 20
241 231
241 36
242 65
242 162
243 65
243 6
244 4
244 37
245 152
245 112
246 61
246 31
247 3
247 188
248 135
248 32
249 2
249 98
1 1 1 1 0 1 1 0 1 1 0 0 1 1 1 1 1 1 1 0 1 0 0 1 0 0 1 0 0 0 0 1 0 0 1 1 0 1 1 0 0 1 0 1 0 1 0 0 0 1 0 0 1 0 1 1 0 0 1 1 0 0 0 0 1 1 1 1 1 1 1 1 1 1 1 0 0 0 0 0 0 0 0 1 1 1 1 1 0 1 0 1 0 1 1 1 1 1 1 1 1 0 1 0 1 1 1 0 1 0 1 1 1 1 1 0 1 0 0 0 1 1 0 0 0 0 0 1 1 1 1 0 0 0 0 0 1 1 0 0 1 1 0 1 1 1 1 1 0 0 0 0 0 0 1 0 1 0 0 0 0 0 1 1 1 1 0 0 0 0 1 0 0 0 1 1 1 0 1 1 1 0 0 1 1 0 1 1 0 1 0 1 1 1 1 1 0 1 1 0 1 1 1 1 1 1 0 1 0 1 0 1 0 0 0 0 1 1 0 1 1 1 0 1 0 0 0 1 1 0 0 1 0 1 0 0 0 1 0 1 1 1 0 1 0 1 1 1 1 0
1 0 0 1 1 1 1 1 0 0 0 0 1 1 0 0 0 0 1 0 1 1 0 1 1 0 1 0 1 0 0 0 0 1 1 0 0 1 1 1 0 0 1 1 0 0 1 1 0 1 0 1 1 1 1 0 0 0 1 0 1 1 0 1 0 1 0 1 0 1 1 1 0 0 0 1 0 0 1 0 0 1 1 1 1 1 1 0 0 0 1 0 1 0 0 1 0 1 1 1 1 0 0 0 1 1 1 1 1 1 0 1 0 0 0 0 1 1 1 0 1 1 0 1 0 1 1 1 1 0 0 0 0 1 0 1 0 1 0 0 0 0 0 0 0 1 0 0 0 1 0 1 1 0 0 0 0 0 0 0 1 0 0 1 0 1 0 1 1 0 1 0 1 0 1 0 0 0 1 0 0 0 1 0 0 0 0 0 1 0 1 0 0 0 0 0 1 1 1 0 1 1 0 0 1 0 1 1 1 0 1 1 1 0 0 1 0 1 1 1 1 1 0 0 0 0 1 1 1 0 1 1 0 1 1 1 0 0 0 0 0 0 0 1 1 1 0 1 0 0
0 0 0 0 0 1 1 0 0 0 0 1 0 1 1 1 0 1 1 1 1 1 1 1 0 1 0 0 1 1 0 1 1 1 0 1 1 1 0 1 1 1 0 1 0 0 0 0 0 1 1 1 1 0 0 0 0 0 0 1 1 1 0 0 1 0 1 1 1 1 1 0 0 0 1 0 0 1 0 1 1 0 0 0 0 1 1 1 1 1 0 1 0 0 1 1 0 0 0 1 1 1 1 1 1 0 1 1 0 1 0 1 0 0 0 0 1 1 1 0 1 1 0 1 0 0 0 0 1 1 1 0 1 0 1 0 1 0 1 1 0 0 0 0 1 0 0 0 0 1 1 1 0 1 0 1 0 1 1 0 0 1 1 1 1 0 1 0 0 0 0 0 1 0 1 1 1 0 0 1 1 0 0 0 0 1 0 0 1 0 1 0 0 1 1 1 0 0 0 1 1 0 0 1 0 0 1 1 1 0 0 1 0 1 0 0 0 0 1 0 1 1 0 0 1 1 0 1 1 0 1 1 0 0 1 1 1 0 1 1 0 1 1 1 0 1 0 1 1 1
1 1 1 1 0 1 1 0 0 1 1 1 1 1 1 0 1 1 0 1 1 0 1 0 0 0 1 0 1 1 0 1 0 1 0 1 0 0 1 0 1 0 1 1 0 0 0 0 0 1 1 0 0 0 0 1 1 1 0 1 1 1 1 1 0 1 0 0 0 0 0 1 0 0 0 0 0 1 0 1 1 1 1 0 0 1 0 1 1 0 1 0 0 0 0 0 0 0 1 0 0 1 1 1 1 0 0 1 0 0 0 1 0 0 1 1 1 1 0 0 1 1 1 0 1 1 1 0 0 1 1 1 0 1 1 0 0 1 0 0 1 0 0 0 1 1 0 1 1 1 1 0 0 1 1 1 0 0 1 1 0 1 0 0 1 1 1 0 1 1 1 1 0 0 1 0 0 1 1 0 1 1 0 1 1 1 0 0 1 0 0 0 0 1 0 1 1 1 0 0 0 1 1 0 0 0 1 1 0 0 0 1 0 1 1 0 1 0 1 1 1 0 1 1 0 1 1 0 0 1 0 1 1 0 0 0 0 0 0 1 1 0 0 0 1 1 1 1 0 1
0 1 0 1 0 0 0 0 1 1 1 0 0 0 0 0 0 0 0 1 1 0 0 1 1 1 1 1 1 1 0 0 0 0 0 0 1 1 1 0 0 1 1 0 1 1 0 1 0 0 0 0 0 1 1 1 0 1 1 1 0 1 1 1 1 0 1 0 0 0 1 1 1 1 1 1 1 1 0 1 0 0 1 0 0 0 1 0 1 0 1 0 0 1 1 1 0 1 0 1 0 1 0 1 0 0 0 0 1 0 0 1 1 0 1 0 1 1 0 1 1 0 1 0 1 0 0 0 1 0 0 1 0 1 0 0 1 0 1 0 1 0 0 1 0 1 0 0 0 1 0 0 1 1 0 1 1 1 1 1 1 1 0 1 0 1 0 1 0 1 1 1 1 1 1 0 0 0 0 0 1 0 0 1 0 1 0 0 0 0 1 0 1 1 0 0 1 0 0 0 0 1 0 0 0 1 1 0 1 0 1 0 0 1 0 1 0 0 0 0 0 1 1 0 0 0 0 1 1 1 0 0 1 0 1 1 0 0 0 1 0 0 0 0 0 1 1 1 0 1