250 1980 5
0 1
0 2
1 2
0 3
1 3
2 3
0 4
1 4
2 4
3 4
4 5
3 5
2 5
1 5
2 6
0 6
3 6
4 6
0 7
4 7
6 7
5 7
0 8
2 8
4 8
7 8
4 9
3 9
2 9
1 9
9 10
8 10
7 10
6 10
10 11
4 11
3 11
1 11
3 12
6 12
8 12
11 12
10 13
7 13
4 13
3 13
5 14
7 14
12 14
4 14
1 15
9 15
3 15
13 15
4 16
9 16
14 16
5 16
10 17
16 17
11 17
13 17
13 18
5 18
6 18
0 18
7 19
4 19
6 19
16 19
16 20
9 20
7 20
1 20
4 21
6 21
14 21
11 21
1 22
6 22
7 22
13 22
2 23
16 23
12 23
18 23
3 24
8 24
20 24
7 24
9 25
12 25
0 25
3 25
1 26
6 26
25 26
0 26
0 27
1 27
18 27
7 27
21 28
9 28
15 28
20 28
13 29
19 29
6 29
7 29
3 30
20 30
10 30
23 30
15 31
0 31
1 31
19 31
10 32
11 32
3 32
7 32
31 33
21 33
5 33
32 33
27 34
10 34
9 34
26 34
10 35
7 35
1 35
5 35
6 36
20 36
10 36
1 36
15 37
20 37
13 37
6 37
21 38
5 38
7 38
35 38
35 39
3 39
20 39
0 39
8 40
3 40
10 40
4 40
1 41
9 41
20 41
10 41
9 42
32 42
35 42
4 42
20 43
10 43
9 43
0 43
6 44
33 44
12 44
30 44
20 45
4 45
30 45
11 45
28 46
1 46
10 46
36 46
15 47
29 47
27 47
31 47
13 48
26 48
16 48
9 48
13 49
7 49
11 49
15 49
3 50
4 50
27 50
30 50
2 51
1 51
9 51
5 51
1 52
0 52
19 52
25 52
38 53
2 53
52 53
42 53
0 54
6 54
4 54
43 54
46 55
3 55
52 55
36 55
13 56
20 56
4 56
6 56
49 57
43 57
47 57
44 57
7 58
10 58
1 58
28 58
5 59
35 59
2 59
39 59
33 60
21 60
15 60
20 60
1 61
0 61
27 61
32 61
25 62
6 62
32 62
4 62
53 63
25 63
13 63
41 63
9 64
3 64
7 64
58 64
28 65
45 65
15 65
7 65
46 66
26 66
23 66
49 66
60 67
32 67
9 67
10 67
12 68
23 68
19 68
18 68
16 69
3 69
13 69
67 69
58 70
53 70
50 70
46 70
46 71
29 71
13 71
16 71
44 72
53 72
63 72
55 72
6 73
5 73
38 73
4 73
72 74
58 74
22 74
28 74
1 75
12 75
55 75
47 75
10 76
2 76
0 76
7 76
53 77
7 77
38 77
1 77
64 78
30 78
53 78
1 78
33 79
70 79
40 79
13 79
40 80
66 80
49 80
63 80
20 81
1 81
5 81
23 81
32 82
61 82
9 82
4 82
73 83
34 83
15 83
66 83
62 84
6 84
38 84
54 84
66 85
25 85
7 85
11 85
32 86
9 86
1 86
15 86
7 87
70 87
27 87
25 87
18 88
29 88
5 88
86 88
2 89
67 89
87 89
20 89
53 90
15 90
20 90
16 90
72 91
35 91
4 91
1 91
87 92
7 92
38 92
72 92
12 93
2 93
1 93
63 93
10 94
21 94
68 94
9 94
45 95
72 95
20 95
9 95
50 96
74 96
30 96
35 96
11 97
20 97
21 97
73 97
1 98
8 98
46 98
70 98
67 99
85 99
3 99
46 99
70 100
1 100
84 100
49 100
26 101
90 101
50 101
17 101
62 102
20 102
26 102
1 102
41 103
5 103
6 103
66 103
67 104
84 104
39 104
74 104
14 105
75 105
55 105
91 105
2 106
32 106
93 106
7 106
7 107
0 107
5 107
63 107
1 108
4 108
63 108
35 108
27 109
15 109
89 109
71 109
74 110
2 110
1 110
53 110
20 111
73 111
84 111
71 111
8 112
1 112
40 112
38 112
82 113
9 113
46 113
67 113
80 114
13 114
6 114
11 114
34 115
32 115
74 115
111 115
4 116
5 116
9 116
72 116
21 117
100 117
85 117
46 117
5 118
83 118
103 118
15 118
113 119
32 119
77 119
99 119
25 120
29 120
44 120
53 120
7 121
82 121
35 121
15 121
7 122
10 122
61 122
113 122
105 123
49 123
122 123
38 123
7 124
46 124
94 124
80 124
32 125
41 125
2 125
55 125
24 126
27 126
101 126
3 126
97 127
7 127
31 127
26 127
8 128
104 128
113 128
7 128
10 129
86 129
20 129
34 129
1 130
31 130
58 130
72 130
38 131
67 131
20 131
98 131
109 132
20 132
131 132
1 132
103 133
63 133
54 133
16 133
76 134
41 134
22 134
67 134
99 135
7 135
20 135
76 135
9 136
11 136
94 136
6 136
4 137
91 137
12 137
11 137
1 138
74 138
123 138
35 138
69 139
4 139
11 139
72 139
4 140
39 140
63 140
40 140
29 141
16 141
50 141
26 141
67 142
41 142
104 142
131 142
39 143
4 143
38 143
77 143
45 144
22 144
122 144
132 144
1 145
32 145
38 145
30 145
30 146
8 146
87 146
25 146
2 147
64 147
85 147
1 147
145 148
80 148
14 148
85 148
4 149
135 149
83 149
1 149
11 150
119 150
56 150
7 150
56 151
73 151
47 151
15 151
12 152
27 152
31 152
118 152
56 153
10 153
94 153
118 153
30 154
23 154
43 154
72 154
12 155
8 155
142 155
15 155
41 156
139 156
51 156
90 156
127 157
73 157
86 157
52 157
97 158
53 158
111 158
89 158
98 159
9 159
3 159
53 159
151 160
99 160
87 160
12 160
114 161
2 161
30 161
32 161
4 162
10 162
61 162
118 162
150 163
73 163
6 163
96 163
125 164
4 164
95 164
109 164
72 165
152 165
12 165
23 165
145 166
122 166
59 166
80 166
29 167
109 167
45 167
16 167
20 168
28 168
86 168
1 168
35 169
7 169
24 169
19 169
135 170
119 170
8 170
44 170
29 171
97 171
114 171
44 171
114 172
167 172
117 172
32 172
131 173
162 173
10 173
105 173
145 174
148 174
24 174
142 174
116 175
10 175
1 175
127 175
109 176
103 176
50 176
63 176
12 177
21 177
0 177
4 177
124 178
15 178
23 178
2 178
122 179
54 179
15 179
174 179
1 180
11 180
160 180
5 180
90 181
16 181
88 181
20 181
119 182
3 182
55 182
38 182
21 183
23 183
134 183
10 183
39 184
97 184
20 184
40 184
35 185
16 185
91 185
11 185
147 186
39 186
172 186
107 186
26 187
50 187
145 187
55 187
30 188
2 188
61 188
81 188
140 189
124 189
161 189
11 189
72 190
13 190
29 190
66 190
170 191
59 191
14 191
38 191
144 192
51 192
57 192
34 192
43 193
95 193
19 193
14 193
9 194
111 194
31 194
1 194
1 195
43 195
7 195
149 195
47 196
99 196
1 196
138 196
87 197
65 197
16 197
94 197
14 198
117 198
41 198
111 198
149 199
72 199
2 199
1 199
65 200
88 200
76 200
49 200
31 201
20 201
154 201
19 201
0 202
130 202
99 202
1 202
190 203
54 203
111 203
193 203
24 204
29 204
116 204
88 204
4 205
82 205
58 205
67 205
56 206
11 206
114 206
26 206
72 207
16 207
85 207
11 207
178 208
126 208
9 208
10 208
105 209
11 209
200 209
4 209
7 210
92 210
96 210
11 210
29 211
85 211
120 211
95 211
88 212
108 212
179 212
111 212
119 213
132 213
83 213
5 213
24 214
11 214
103 214
38 214
6 215
32 215
23 215
101 215
43 216
137 216
3 216
10 216
14 217
34 217
123 217
107 217
154 218
188 218
190 218
48 218
172 219
17 219
215 219
25 219
119 220
154 220
54 220
26 220
114 221
11 221
7 221
116 221
91 222
30 222
124 222
136 222
16 223
86 223
10 223
104 223
67 224
101 224
12 224
153 224
185 225
20 225
12 225
182 225
52 226
107 226
85 226
8 226
185 227
72 227
213 227
136 227
6 228
7 228
72 228
56 228
48 229
213 229
6 229
12 229
1 230
111 230
55 230
5 230
70 231
144 231
141 231
8 231
12 232
116 232
58 232
7 232
7 233
55 233
39 233
9 233
92 234
193 234
3 234
7 234
3 235
137 235
12 235
30 235
88 236
164 236
230 236
67 236
131 237
1 237
175 237
2 237
159 238
12 238
7 238
179 238
154 239
65 239
151 239
0 239
178 240
60 240
135 240
0 240
112 241
70 241
20 241
47 241
38 242
0 242
2 242
22 242
147 243
114 243
148 243
9 243
39 244
151 244
66 244
234 244
3 245
227 245
140 245
178 245
197 246
114 246
45 246
40 246
35 247
34 247
40 247
110 247
39 248
82 248
9 248
49 248
16 249
14 249
39 249
41 249
1 0
2 0
2 1
3 0
3 1
3 2
4 0
4 1
4 2
4 3
5 4
5 3
5 2
5 1
6 2
6 0
6 3
6 4
7 0
7 4
7 6
7 5
8 0
8 2
8 4
8 7
9 4
9 3
9 2
9 1
10 9
10 8
10 7
10 6
11 10
11 4
11 3
11 1
12 3
12 6
12 8
12 11
13 10
13 7
13 4
13 3
14 5
14 7
14 12
14 4
15 1
15 9
15 3
15 13
16 4
16 9
16 14
16 5
17 10
17 16
17 11
17 13
18 13
18 5
18 6
18 0
19 7
19 4
19 6
19 16
20 16
20 9
20 7
20 1
21 4
21 6
21 14
21 11
22 1
22 6
22 7
22 13
23 2
23 16
23 12
23 18
24 3
24 8
24 20
24 7
25 9
25 12
25 0
25 3
26 1
26 6
26 25
26 0
27 0
27 1
27 18
27 7
28 21
28 9
28 15
28 20
29 13
29 19
29 6
29 7
30 3
30 20
30 10
30 23
31 15
31 0
31 1
31 19
32 10
32 11
32 3
32 7
33 31
33 21
33 5
33 32
34 27
34 10
34 9
34 26
35 10
35 7
35 1
35 5
36 6
36 20
36 10
36 1
37 15
37 20
37 13
37 6
38 21
38 5
38 7
38 35
39 35
39 3
39 20
39 0
40 8
40 3
40 10
40 4
41 1
41 9
41 20
41 10
42 9
42 32
42 35
42 4
43 20
43 10
43 9
43 0
44 6
44 33
44 12
44 30
45 20
45 4
45 30
45 11
46 28
46 1
46 10
46 36
47 15
47 29
47 27
47 31
48 13
48 26
48 16
48 9
49 13
49 7
49 11
49 15
50 3
50 4
50 27
50 30
51 2
51 1
51 9
51 5
52 1
52 0
52 19
52 25
53 38
53 2
53 52
53 42
54 0
54 6
54 4
54 43
55 46
55 3
55 52
55 36
56 13
56 20
56 4
56 6
57 49
57 43
57 47
57 44
58 7
58 10
58 1
58 28
59 5
59 35
59 2
59 39
60 33
60 21
60 15
60 20
61 1
61 0
61 27
61 32
62 25
62 6
62 32
62 4
63 53
63 25
63 13
63 41
64 9
64 3
64 7
64 58
65 28
65 45
65 15
65 7
66 46
66 26
66 23
66 49
67 60
67 32
67 9
67 10
68 12
68 23
68 19
68 18
69 16
69 3
69 13
69 67
70 58
70 53
70 50
70 46
71 46
71 29
71 13
71 16
72 44
72 53
72 63
72 55
73 6
73 5
73 38
73 4
74 72
74 58
74 22
74 28
75 1
75 12
75 55
75 47
76 10
76 2
76 0
76 7
77 53
77 7
77 38
77 1
78 64
78 30
78 53
78 1
79 33
79 70
79 40
79 13
80 40
80 66
80 49
80 63
81 20
81 1
81 5
81 23
82 32
82 61
82 9
82 4
83 73
83 34
83 15
83 66
84 62
84 6
84 38
84 54
85 66
85 25
85 7
85 11
86 32
86 9
86 1
86 15
87 7
87 70
87 27
87 25
88 18
88 29
88 5
88 86
89 2
89 67
89 87
89 20
90 53
90 15
90 20
90 16
91 72
91 35
91 4
91 1
92 87
92 7
92 38
92 72
93 12
93 2
93 1
93 63
94 10
94 21
94 68
94 9
95 45
95 72
95 20
95 9
96 50
96 74
96 30
96 35
97 11
97 20
97 21
97 73
98 1
98 8
98 46
98 70
99 67
99 85
99 3
99 46
100 70
100 1
100 84
100 49
101 26
101 90
101 50
101 17
102 62
102 20
102 26
102 1
103 41
103 5
103 6
103 66
104 67
104 84
104 39
104 74
105 14
105 75
105 55
105 91
106 2
106 32
106 93
106 7
107 7
107 0
107 5
107 63
108 1
108 4
108 63
108 35
109 27
109 15
109 89
109 71
110 74
110 2
110 1
110 53
111 20
111 73
111 84
111 71
112 8
112 1
112 40
112 38
113 82
113 9
113 46
113 67
114 80
114 13
114 6
114 11
115 34
115 32
115 74
115 111
116 4
116 5
116 9
116 72
117 21
117 100
117 85
117 46
118 5
118 83
118 103
118 15
119 113
119 32
119 77
119 99
120 25
120 29
120 44
120 53
121 7
121 82
121 35
121 15
122 7
122 10
122 61
122 113
123 105
123 49
123 122
123 38
124 7
124 46
124 94
124 80
125 32
125 41
125 2
125 55
126 24
126 27
126 101
126 3
127 97
127 7
127 31
127 26
128 8
128 104
128 113
128 7
129 10
129 86
129 20
129 34
130 1
130 31
130 58
130 72
131 38
131 67
131 20
131 98
132 109
132 20
132 131
132 1
133 103
133 63
133 54
133 16
134 76
134 41
134 22
134 67
135 99
135 7
135 20
135 76
136 9
136 11
136 94
136 6
137 4
137 91
137 12
137 11
138 1
138 74
138 123
138 35
139 69
139 4
139 11
139 72
140 4
140 39
140 63
140 40
141 29
141 16
141 50
141 26
142 67
142 41
142 104
142 131
143 39
143 4
143 38
143 77
144 45
144 22
144 122
144 132
145 1
145 32
145 38
145 30
146 30
146 8
146 87
146 25
147 2
147 64
147 85
147 1
148 145
148 80
148 14
148 85
149 4
149 135
149 83
149 1
150 11
150 119
150 56
150 7
151 56
151 73
151 47
151 15
152 12
152 27
152 31
152 118
153 56
153 10
153 94
153 118
154 30
154 23
154 43
154 72
155 12
155 8
155 142
155 15
156 41
156 139
156 51
156 90
157 127
157 73
157 86
157 52
158 97
158 53
158 111
158 89
159 98
159 9
159 3
159 53
160 151
160 99
160 87
160 12
161 114
161 2
161 30
161 32
162 4
162 10
162 61
162 118
163 150
163 73
163 6
163 96
164 125
164 4
164 95
164 109
165 72
165 152
165 12
165 23
166 145
166 122
166 59
166 80
167 29
167 109
167 45
167 16
168 20
168 28
168 86
168 1
169 35
169 7
169 24
169 19
170 135
170 119
170 8
170 44
171 29
171 97
171 114
171 44
172 114
172 167
172 117
172 32
173 131
173 162
173 10
173 105
174 145
174 148
174 24
174 142
175 116
175 10
175 1
175 127
176 109
176 103
176 50
176 63
177 12
177 21
177 0
177 4
178 124
178 15
178 23
178 2
179 122
179 54
179 15
179 174
180 1
180 11
180 160
180 5
181 90
181 16
181 88
181 20
182 119
182 3
182 55
182 38
183 21
183 23
183 134
183 10
184 39
184 97
184 20
184 40
185 35
185 16
185 91
185 11
186 147
186 39
186 172
186 107
187 26
187 50
187 145
187 55
188 30
188 2
188 61
188 81
189 140
189 124
189 161
189 11
190 72
190 13
190 29
190 66
191 170
191 59
191 14
191 38
192 144
192 51
192 57
192 34
193 43
193 95
193 19
193 14
194 9
194 111
194 31
194 1
195 1
195 43
195 7
195 149
196 47
196 99
196 1
196 138
197 87
197 65
197 16
197 94
198 14
198 117
198 41
198 111
199 149
199 72
199 2
199 1
200 65
200 88
200 76
200 49
201 31
201 20
201 154
201 19
202 0
202 130
202 99
202 1
203 190
203 54
203 111
203 193
204 24
204 29
204 116
204 88
205 4
205 82
205 58
205 67
206 56
206 11
206 114
206 26
207 72
207 16
207 85
207 11
208 178
208 126
208 9
208 10
209 105
209 11
209 200
209 4
210 7
210 92
210 96
210 11
211 29
211 85
211 120
211 95
212 88
212 108
212 179
212 111
213 119
213 132
213 83
213 5
214 24
214 11
214 103
214 38
215 6
215 32
215 23
215 101
216 43
216 137
216 3
216 10
217 14
217 34
217 123
217 107
218 154
218 188
218 190
218 48
219 172
219 17
219 215
219 25
220 119
220 154
220 54
220 26
221 114
221 11
221 7
221 116
222 91
222 30
222 124
222 136
223 16
223 86
223 10
223 104
224 67
224 101
224 12
224 153
225 185
225 20
225 12
225 182
226 52
226 107
226 85
226 8
227 185
227 72
227 213
227 136
228 6
228 7
228 72
228 56
229 48
229 213
229 6
229 12
230 1
230 111
230 55
230 5
231 70
231 144
231 141
231 8
232 12
232 116
232 58
232 7
233 7
233 55
233 39
233 9
234 92
234 193
234 3
234 7
235 3
235 137
235 12
235 30
236 88
236 164
236 230
236 67
237 131
237 1
237 175
237 2
238 159
238 12
238 7
238 179
239 154
239 65
239 151
239 0
240 178
240 60
240 135
240 0
241 112
241 70
241 20
241 47
242 38
242 0
242 2
242 22
243 147
243 114
243 148
243 9
244 39
244 151
244 66
244 234
245 3
245 227
245 140
245 178
246 197
246 114
246 45
246 40
247 35
247 34
247 40
247 110
248 39
248 82
248 9
248 49
249 16
249 14
249 39
249 41
0 0 1 1 1 1 0 0 1 1 0 0 1 0 0 1 1 1 1 0 1 1 1 1 1 1 0 1 0 1 0 1 1 1 0 1 0 0 1 0 1 1 1 1 0 0 0 1 0 0 1 0 0 0 1 1 0 1 0 1 0 1 0 0 0 0 0 1 0 0 0 0 0 1 1 0 1 1 0 1 1 0 1 0 0 0 1 1 1 0 0 1 0 1 1 0 1 0 0 0 0 1 1 0 0 0 0 1 1 0 0 0 0 1 0 1 0 0 1 0 0 1 0 1 0 0 1 1 0 1 1 0 0 1 1 1 1 1 1 1 1 1 1 1 0 0 1 0 0 0 1 1 0 1 0 0 1 0 1 0 0 0 1 0 1 1 1 0 1 0 0 0 1 1 0 0 1 1 1 1 0 0 0 0 1 1 0 1 0 0 0 1 1 1 0 0 0 1 0 1 0 0 0 0 1 0 1 1 0 0 0 0 0 0 1 0 0 1 0 0 1 1 0 0 0 1 0 0 0 0 0 0 1 1 0 0 0 1 0 0 0 1 0 0 0 1 1 1 0 0
0 0 1 0 0 0 0 1 1 1 1 1 1 0 0 0 1 0 1 0 0 0 1 1 0 1 1 0 1 1 1 0 1 0 1 1 1 0 1 0 0 0 0 0 1 1 1 0 0 0 0 0 0 0 1 0 0 0 1 1 0 1 0 0 1 1 1 1 1 1 1 0 0 0 0 1 1 0 0 0 0 1 1 0 1 1 1 0 0 1 1 1 0 1 1 1 1 0 1 1 1 1 1 0 0 0 0 1 1 0 1 1 0 0 0 1 1 0 1 1 1 0 0 1 0 0 0 1 0 1 0 1 0 0 1 1 0 1 0 0 0 1 1 0 1 1 1 0 1 0 1 0 1 0 0 0 1 0 1 1 1 0 1 0 1 1 0 1 0 0 1 1 0 0 0 1 1 1 1 1 0 0 1 0 1 1 1 1 1 0 0 0 0 0 0 1 0 1 0 1 0 0 0 0 1 1 1 0 1 1 1 1 1 1 1 1 1 1 0 0 1 1 1 1 1 1 0 1 0 1 0 1 0 0 1 1 0 0 0 1 1 1 0 1 1 1 0 0 0 0
1 1 1 1 0 0 0 0 0 0 1 0 1 1 1 1 0 1 0 1 1 0 0 0 1 0 0 1 0 0 1 1 0 1 0 0 1 1 1 0 1 0 0 0 0 0 0 0 1 1 0 0 0 0 1 0 0 1 1 1 1 1 1 1 1 1 0 0 1 1 0 1 1 0 1 0 1 1 0 1 1 0 1 0 0 0 0 0 0 1 1 0 0 0 1 1 0 0 0 1 0 0 1 1 0 1 1 0 0 0 0 0 0 1 0 1 1 1 1 0 0 0 1 0 0 0 1 1 0 1 1 1 0 1 0 0 1 0 0 0 1 1 1 0 1 1 0 0 1 1 0 1 0 0 1 0 0 0 1 0 1 0 0 0 1 1 0 1 0 1 0 1 1 1 1 0 1 1 1 0 0 1 1 1 0 0 1 1 1 0 1 1 1 0 0 0 1 1 1 1 0 0 1 0 1 1 0 1 1 0 0 0 1 1 1 0 0 1 1 0 0 1 0 0 0 0 1 0 1 1 0 0 1 0 1 1 0 0 1 0 0 1 0 0 0 0 1 1 0 0
1 0 0 0 1 1 1 0 0 0 1 0 0 1 0 0 0 0 1 1 1 1 0 0 0 0 0 1 0 0 1 1 1 1 0 1 1 0 1 0 1 1 1 1 0 0 1 1 1 0 1 1 1 0 1 1 0 1 1 0 1 1 1 0 1 0 0 1 0 1 0 0 1 0 0 0 0 0 1 1 0 1 0 1 0 1 1 1 1 1 0 0 1 0 1 1 0 1 1 1 1 0 0 1 1 1 0 0 1 0 1 0 0 1 0 0 0 1 0 1 1 0 0 1 0 1 0 0 1 1 1 1 1 1 1 1 0 0 1 0 0 1 1 0 1 0 1 0 1 1 0 1 0 0 1 0 0 1 0 1 1 0 1 0 1 1 0 1 0 1 0 1 1 0 0 1 1 0 0 0 1 0 1 1 0 0 0 0 1 0 1 1 0 1 0 0 1 0 1 1 1 1 1 0 0 1 1 0 1 1 0 0 0 0 1 0 0 0 1 1 0 1 0 1 1 1 0 1 1 1 1 0 1 1 1 1 0 0 1 1 1 1 0 1 0 0 0 0 0 1
1 1 1 0 0 0 0 1 1 1 1 1 1 0 0 1 0 0 0 0 1 1 0 0 1 0 0 0 0 0 1 1 1 1 0 0 0 0 0 1 1 1 0 0 0 1 0 1 0 1 1 0 1 1 1 1 1 0 1 0 1 1 1 1 0 0 1 0 1 1 1 0 0 0 1 0 1 0 0 1 0 1 0 0 1 1 0 1 0 0 0 0 0 1 1 0 1 1 1 0 1 1 0 1 1 0 1 1 1 0 0 1 0 0 1 0 1 1 1 1 1 0 1 1 0 1 0 0 0 0 1 0 0 0 0 1 1 1 1 0 1 1 0 0 0 0 1 1 1 0 1 1 1 0 1 0 0 1 1 0 1 0 1 0 1 0 1 1 1 1 1 1 1 1 0 0 1 1 1 1 0 1 1 1 0 0 1 1 1 0 1 1 0 1 0 0 1 1 0 0 1 0 0 0 1 0 1 0 0 0 1 1 0 1 0 0 0 0 1 1 0 0 0 0 0 0 1 0 0 1 1 0 1 1 1 0 0 1 0 1 1 1 1 1 0 1 1 0 0 0