50 380 5
0 1
0 2
1 2
0 3
1 3
2 3
0 4
1 4
2 4
3 4
3 5
1 5
2 5
0 5
2 6
3 6
0 6
1 6
1 7
6 7
0 7
2 7
3 8
5 8
2 8
1 8
2 9
4 9
5 9
6 9
0 10
2 10
9 10
6 10
7 11
3 11
0 11
2 11
3 12
0 12
6 12
4 12
10 13
1 13
4 13
6 13
8 14
3 14
7 14
11 14
2 15
11 15
3 15
1 15
4 16
5 16
14 16
11 16
14 17
12 17
3 17
4 17
2 18
13 18
8 18
12 18
15 19
5 19
6 19
18 19
12 20
3 20
9 20
14 20
20 21
12 21
0 21
13 21
18 22
15 22
12 22
3 22
2 23
8 23
13 23
19 23
18 24
2 24
6 24
3 24
4 25
6 25
21 25
3 25
4 26
8 26
22 26
15 26
2 27
3 27
12 27
24 27
25 28
24 28
4 28
23 28
3 29
12 29
6 29
8 29
18 30
5 30
2 30
28 30
6 31
24 31
2 31
29 31
3 32
31 32
16 32
4 32
11 33
5 33
31 33
6 33
27 34
8 34
2 34
28 34
15 35
5 35
0 35
17 35
22 36
6 36
20 36
7 36
21 37
2 37
29 37
15 37
17 38
0 38
4 38
23 38
29 39
8 39
22 39
12 39
25 40
12 40
0 40
29 40
2 41
1 41
14 41
12 41
2 42
29 42
13 42
10 42
5 43
3 43
41 43
4 43
15 44
11 44
3 44
12 44
14 45
17 45
12 45
29 45
4 46
27 46
29 46
40 46
4 47
28 47
46 47
3 47
47 48
13 48
0 48
12 48
27 49
47 49
37 49
36 49
1 0
2 0
2 1
3 0
3 1
3 2
4 0
4 1
4 2
4 3
5 3
5 1
5 2
5 0
6 2
6 3
6 0
6 1
7 1
7 6
7 0
7 2
8 3
8 5
8 2
8 1
9 2
9 4
9 5
9 6
10 0
10 2
10 9
10 6
11 7
11 3
11 0
11 2
12 3
12 0
12 6
12 4
13 10
13 1
13 4
13 6
14 8
14 3
14 7
14 11
15 2
15 11
15 3
15 1
16 4
16 5
16 14
16 11
17 14
17 12
17 3
17 4
18 2
18 13
18 8
18 12
19 15
19 5
19 6
19 18
20 12
20 3
20 9
20 14
21 20
21 12
21 0
21 13
22 18
22 15
22 12
22 3
23 2
23 8
23 13
23 19
24 18
24 2
24 6
24 3
25 4
25 6
25 21
25 3
26 4
26 8
26 22
26 15
27 2
27 3
27 12
27 24
28 25
28 24
28 4
28 23
29 3
29 12
29 6
29 8
30 18
30 5
30 2
30 28
31 6
31 24
31 2
31 29
32 3
32 31
32 16
32 4
33 11
33 5
33 31
33 6
34 27
34 8
34 2
34 28
35 15
35 5
35 0
35 17
36 22
36 6
36 20
36 7
37 21
37 2
37 29
37 15
38 17
38 0
38 4
38 23
39 29
39 8
39 22
39 12
40 25
40 12
40 0
40 29
41 2
41 1
41 14
41 12
42 2
42 29
42 13
42 10
43 5
43 3
43 41
43 4
44 15
44 11
44 3
44 12
45 14
45 17
45 12
45 29
46 4
46 27
46 29
46 40
47 4
47 28
47 46
47 3
48 47
48 13
48 0
48 12
49 27
49 47
49 37
49 36
0 0 0 0 1 1 1 1 0 0 0 0 1 1 0 1 0 1 1 1 1 1 1 0 1 0 1 0 0 1 0 1 1 0 0 0 0 1 1 1 1 1 1 0 0 0 0 0 0 1
1 0 1 0 0 1 0 1 0 0 1 0 0 0 0 1 0 0 1 0 1 0 0 1 0 0 1 1 1 0 1 1 1 0 1 1 1 0 1 0 0 1 0 0 1 0 1 0 1 1
1 0 0 1 0 1 0 1 1 1 1 1 1 1 0 0 0 1 0 0 1 0 0 1 1 0 1 0 1 1 0 1 1 0 0 0 0 0 0 0 0 0 0 0 1 1 1 0 0 1
1 0 1 1 0 0 0 0 1 1 0 1 1 0 0 1 0 0 1 0 0 1 0 1 1 0 1 1 0 1 0 1 0 1 0 0 0 0 1 1 0 1 0 0 0 1 1 0 0 0
0 0 0 0 1 1 0 0 1 0 1 1 1 1 0 0 1 1 1 1 1 0 1 0 0 1 1 1 1 0 0 1 1 0 1 0 1 1 0 0 0 1 1 0 1 0 1 1 1 0