100 390 5
1 1 1 1 1 0 0 0 1 1 0 0 0 0 1 0 0 1 1 1 1 1 1 1 0 0 0 1 0 0 1 0 1 0 1 1 1 0 0 0 1 1 1 1 1 1 0 1 0 1 1 0 1 0 1 0 0 0 0 0 1 1 0 0 1 0 1 1 0 0 1 1 1 1 1 1 1 0 1 1 0 0 1 0 1 0 0 0 0 1 1 1 1 1 1 1 0 0 1 0
1 0 0 1 0 0 0 1 1 0 1 0 1 0 1 0 1 1 0 1 0 0 0 1 1 1 0 1 0 1 0 1 0 0 1 1 0 0 1 1 0 1 1 1 1 1 0 1 1 1 1 1 0 0 1 0 0 0 1 0 1 1 1 0 0 1 1 1 0 0 1 1 0 0 0 0 1 0 1 0 1 0 1 1 1 0 1 1 1 0 1 0 1 1 1 1 1 0 1 0
1 0 1 1 1 0 0 1 0 1 1 0 1 1 1 0 0 1 0 1 1 1 0 0 0 1 0 1 0 1 1 0 1 1 0 0 0 0 0 1 1 1 0 1 0 1 0 1 0 1 0 1 0 1 1 0 1 0 1 0 0 1 1 1 0 1 0 1 0 1 0 0 0 0 0 1 0 1 0 0 1 0 1 1 1 0 1 1 1 0 0 1 1 0 1 1 0 1 0 0
1 1 1 1 0 0 1 0 1 0 1 0 1 1 1 1 0 0 0 1 0 0 0 0 0 0 1 0 0 1 0 1 0 1 0 1 1 1 1 1 0 0 1 0 1 1 0 1 1 0 0 1 1 0 0 0 0 0 1 0 1 0 0 1 1 0 0 1 1 0 0 0 1 0 0 1 0 0 1 1 0 1 0 0 1 1 1 0 0 1 0 0 1 0 0 0 1 1 1 0
1 1 1 1 1 0 0 0 1 0 0 1 1 1 0 1 1 0 0 0 1 0 0 0 1 0 1 0 1 1 0 0 0 1 1 1 1 1 1 0 1 1 0 1 0 1 1 0 0 1 0 1 1 0 1 1 0 1 1 0 1 0 1 1 1 0 1 1 1 0 1 0 0 1 0 1 1 0 1 1 1 0 0 0 0 0 0 1 1 1 1 0 0 0 1 1 0 1 0 0
0 1
0 2
1 2
0 3
1 3
2 3
0 4
1 4
2 4
3 4
4 5
2 5
1 5
0 5
2 6
3 6
1 6
0 6
3 7
2 7
5 7
1 7
3 8
4 8
2 8
0 8
5 9
4 9
3 9
6 9
6 10
9 10
7 10
4 10
2 11
10 11
1 11
7 11
6 12
3 12
7 12
8 12
3 13
5 13
6 13
11 13
4 14
5 14
12 14
1 14
11 15
1 15
5 15
0 15
6 16
10 16
3 16
11 16
5 17
9 17
8 17
15 17
1 18
3 18
0 18
9 18
8 19
15 19
17 19
3 19
6 20
14 20
0 20
1 20
2 21
1 21
6 21
4 21
16 22
10 22
7 22
19 22
10 23
5 23
15 23
20 23
7 24
5 24
9 24
10 24
3 25
4 25
11 25
12 25
24 26
2 26
17 26
21 26
0 27
7 27
17 27
1 27
19 28
1 28
15 28
6 28
2 29
11 29
21 29
4 29
10 30
14 30
6 30
21 30
3 31
0 31
2 31
7 31
0 32
24 32
2 32
7 32
10 33
25 33
31 33
3 33
4 34
17 34
10 34
21 34
3 35
7 35
29 35
11 35
3 36
14 36
13 36
4 36
24 37
3 37
36 37
14 37
3 38
34 38
27 38
31 38
33 39
4 39
31 39
38 39
11 40
4 40
38 40
15 40
20 41
31 41
8 41
0 41
0 42
15 42
10 42
22 42
8 43
10 43
6 43
38 43
2 44
11 44
18 44
42 44
40 45
4 45
30 45
23 45
2 46
8 46
21 46
4 46
45 47
22 47
25 47
7 47
24 48
6 48
5 48
26 48
33 49
11 49
8 49
0 49
25 50
46 50
17 50
0 50
10 51
3 51
20 51
45 51
20 52
23 52
13 52
30 52
27 53
6 53
5 53
2 53
24 54
33 54
14 54
11 54
20 55
6 55
27 55
24 55
13 56
28 56
10 56
26 56
37 57
36 57
35 57
50 57
29 58
12 58
35 58
37 58
9 59
11 59
8 59
38 59
52 60
8 60
20 60
6 60
16 61
10 61
3 61
1 61
60 62
21 62
12 62
7 62
4 63
59 63
27 63
7 63
54 64
1 64
0 64
14 64
19 65
31 65
0 65
56 65
50 66
47 66
9 66
32 66
24 67
1 67
50 67
47 67
2 68
65 68
64 68
45 68
11 69
22 69
53 69
33 69
36 70
56 70
54 70
47 70
5 71
63 71
44 71
24 71
31 72
4 72
2 72
7 72
12 73
26 73
4 73
63 73
58 74
11 74
43 74
5 74
8 75
0 75
57 75
2 75
5 76
61 76
54 76
25 76
57 77
8 77
10 77
1 77
4 78
7 78
9 78
0 78
28 79
59 79
0 79
5 79
35 80
77 80
26 80
9 80
63 81
80 81
2 81
23 81
67 82
24 82
68 82
43 82
59 83
13 83
4 83
20 83
68 84
31 84
37 84
59 84
63 85
17 85
25 85
7 85
4 86
44 86
15 86
23 86
40 87
25 87
0 87
65 87
5 88
4 88
7 88
26 88
78 89
69 89
88 89
17 89
72 90
89 90
59 90
40 90
7 91
38 91
86 91
60 91
4 92
22 92
31 92
64 92
47 93
36 93
54 93
4 93
2 94
53 94
75 94
64 94
1 95
15 95
13 95
2 95
29 96
3 96
24 96
56 96
5 97
64 97
56 97
10 97
75 98
31 98
2 98
50 98
4 99
71 99
53 99
2 99