250 994 5
0 1
0 2
1 2
2 3
0 3
0 4
2 4
2 5
0 5
2 6
4 6
2 7
6 7
2 8
0 8
7 9
2 9
2 10
8 10
2 11
8 11
2 12
11 12
2 13
4 13
7 14
4 14
6 15
10 15
4 16
11 16
7 17
4 17
0 18
1 18
11 19
8 19
14 20
6 20
19 21
11 21
20 22
2 22
4 23
10 23
13 24
17 24
8 25
7 25
3 26
4 26
13 27
8 27
3 28
2 28
13 29
4 29
3 30
14 30
6 31
16 31
0 32
31 32
15 33
28 33
0 34
2 34
1 35
24 35
13 36
0 36
26 37
8 37
3 38
6 38
11 39
32 39
14 40
26 40
4 41
9 41
9 42
31 42
39 43
10 43
25 44
20 44
12 45
10 45
8 46
6 46
5 47
21 47
38 48
30 48
2 49
20 49
5 50
45 50
7 51
0 51
31 52
8 52
44 53
17 53
38 54
17 54
32 55
26 55
0 56
30 56
20 57
43 57
8 58
11 58
19 59
20 59
42 60
14 60
56 61
57 61
8 62
60 62
54 63
26 63
48 64
53 64
23 65
11 65
5 66
54 66
48 67
50 67
50 68
32 68
32 69
48 69
32 70
27 70
49 71
38 71
39 72
9 72
71 73
25 73
21 74
62 74
18 75
7 75
10 76
7 76
62 77
1 77
15 78
70 78
17 79
67 79
28 80
38 80
24 81
2 81
2 82
58 82
2 83
0 83
4 84
32 84
54 85
50 85
48 86
67 86
46 87
72 87
50 88
16 88
54 89
16 89
73 90
11 90
7 91
54 91
17 92
11 92
58 93
6 93
58 94
62 94
50 95
26 95
73 96
60 96
19 97
11 97
5 98
3 98
89 99
95 99
0 100
7 100
57 101
23 101
11 102
8 102
3 103
75 103
0 104
54 104
14 105
4 105
57 106
13 106
38 107
39 107
82 108
95 108
27 109
33 109
40 110
71 110
45 111
73 111
35 112
38 112
88 113
10 113
38 114
50 114
11 115
73 115
95 116
60 116
4 117
108 117
10 118
27 118
34 119
108 119
51 120
53 120
26 121
104 121
33 122
9 122
51 123
104 123
88 124
15 124
38 125
45 125
71 126
75 126
30 127
32 127
45 128
118 128
66 129
40 129
1 130
14 130
38 131
92 131
114 132
45 132
0 133
20 133
66 134
32 134
133 135
27 135
16 136
72 136
8 137
12 137
124 138
32 138
17 139
54 139
32 140
111 140
28 141
18 141
8 142
59 142
129 143
15 143
39 144
52 144
8 145
136 145
29 146
5 146
30 147
95 147
0 148
53 148
8 149
64 149
97 150
8 150
70 151
0 151
3 152
16 152
104 153
92 153
15 154
31 154
79 155
147 155
3 156
60 156
2 157
120 157
42 158
2 158
15 159
57 159
44 160
96 160
40 161
2 161
9 162
20 162
35 163
138 163
54 164
139 164
2 165
120 165
143 166
107 166
157 167
129 167
97 168
27 168
57 169
5 169
132 170
6 170
4 171
59 171
149 172
60 172
3 173
8 173
143 174
35 174
38 175
48 175
143 176
13 176
98 177
34 177
54 178
104 178
51 179
43 179
142 180
9 180
121 181
171 181
54 182
79 182
28 183
26 183
150 184
101 184
138 185
0 185
25 186
13 186
29 187
132 187
154 188
8 188
119 189
28 189
69 190
86 190
122 191
54 191
10 192
32 192
82 193
2 193
1 194
131 194
57 195
27 195
109 196
171 196
10 197
94 197
26 198
0 198
50 199
133 199
0 200
150 200
11 201
196 201
143 202
26 202
67 203
43 203
144 204
57 204
26 205
168 205
142 206
54 206
26 207
72 207
8 208
115 208
27 209
162 209
37 210
64 210
10 211
45 211
32 212
10 212
171 213
182 213
61 214
6 214
6 215
192 215
10 216
26 216
105 217
129 217
161 218
181 218
209 219
200 219
29 220
11 220
20 221
181 221
17 222
36 222
16 223
70 223
28 224
121 224
75 225
162 225
202 226
51 226
2 227
143 227
32 228
142 228
50 229
28 229
7 230
62 230
145 231
143 231
14 232
71 232
42 233
55 233
11 234
68 234
26 235
162 235
5 236
32 236
92 237
2 237
111 238
132 238
14 239
2 239
174 240
46 240
213 241
152 241
73 242
45 242
166 243
2 243
137 244
7 244
225 245
214 245
20 246
46 246
50 247
8 247
200 248
120 248
210 249
2 249
1 0
2 0
2 1
3 2
3 0
4 0
4 2
5 2
5 0
6 2
6 4
7 2
7 6
8 2
8 0
9 7
9 2
10 2
10 8
11 2
11 8
12 2
12 11
13 2
13 4
14 7
14 4
15 6
15 10
16 4
16 11
17 7
17 4
18 0
18 1
19 11
19 8
20 14
20 6
21 19
21 11
22 20
22 2
23 4
23 10
24 13
24 17
25 8
25 7
26 3
26 4
27 13
27 8
28 3
28 2
29 13
29 4
30 3
30 14
31 6
31 16
32 0
32 31
33 15
33 28
34 0
34 2
35 1
35 24
36 13
36 0
37 26
37 8
38 3
38 6
39 11
39 32
40 14
40 26
41 4
41 9
42 9
42 31
43 39
43 10
44 25
44 20
45 12
45 10
46 8
46 6
47 5
47 21
48 38
48 30
49 2
49 20
50 5
50 45
51 7
51 0
52 31
52 8
53 44
53 17
54 38
54 17
55 32
55 26
56 0
56 30
57 20
57 43
58 8
58 11
59 19
59 20
60 42
60 14
61 56
61 57
62 8
62 60
63 54
63 26
64 48
64 53
65 23
65 11
66 5
66 54
67 48
67 50
68 50
68 32
69 32
69 48
70 32
70 27
71 49
71 38
72 39
72 9
73 71
73 25
74 21
74 62
75 18
75 7
76 10
76 7
77 62
77 1
78 15
78 70
79 17
79 67
80 28
80 38
81 24
81 2
82 2
82 58
83 2
83 0
84 4
84 32
85 54
85 50
86 48
86 67
87 46
87 72
88 50
88 16
89 54
89 16
90 73
90 11
91 7
91 54
92 17
92 11
93 58
93 6
94 58
94 62
95 50
95 26
96 73
96 60
97 19
97 11
98 5
98 3
99 89
99 95
100 0
100 7
101 57
101 23
102 11
102 8
103 3
103 75
104 0
104 54
105 14
105 4
106 57
106 13
107 38
107 39
108 82
108 95
109 27
109 33
110 40
110 71
111 45
111 73
112 35
112 38
113 88
113 10
114 38
114 50
115 11
115 73
116 95
116 60
117 4
117 108
118 10
118 27
119 34
119 108
120 51
120 53
121 26
121 104
122 33
122 9
123 51
123 104
124 88
124 15
125 38
125 45
126 71
126 75
127 30
127 32
128 45
128 118
129 66
129 40
130 1
130 14
131 38
131 92
132 114
132 45
133 0
133 20
134 66
134 32
135 133
135 27
136 16
136 72
137 8
137 12
138 124
138 32
139 17
139 54
140 32
140 111
141 28
141 18
142 8
142 59
143 129
143 15
144 39
144 52
145 8
145 136
146 29
146 5
147 30
147 95
148 0
148 53
149 8
149 64
150 97
150 8
151 70
151 0
152 3
152 16
153 104
153 92
154 15
154 31
155 79
155 147
156 3
156 60
157 2
157 120
158 42
158 2
159 15
159 57
160 44
160 96
161 40
161 2
162 9
162 20
163 35
163 138
164 54
164 139
165 2
165 120
166 143
166 107
167 157
167 129
168 97
168 27
169 57
169 5
170 132
170 6
171 4
171 59
172 149
172 60
173 3
173 8
174 143
174 35
175 38
175 48
176 143
176 13
177 98
177 34
178 54
178 104
179 51
179 43
180 142
180 9
181 121
181 171
182 54
182 79
183 28
183 26
184 150
184 101
185 138
185 0
186 25
186 13
187 29
187 132
188 154
188 8
189 119
189 28
190 69
190 86
191 122
191 54
192 10
192 32
193 82
193 2
194 1
194 131
195 57
195 27
196 109
196 171
197 10
197 94
198 26
198 0
199 50
199 133
200 0
200 150
201 11
201 196
202 143
202 26
203 67
203 43
204 144
204 57
205 26
205 168
206 142
206 54
207 26
207 72
208 8
208 115
209 27
209 162
210 37
210 64
211 10
211 45
212 32
212 10
213 171
213 182
214 61
214 6
215 6
215 192
216 10
216 26
217 105
217 129
218 161
218 181
219 209
219 200
220 29
220 11
221 20
221 181
222 17
222 36
223 16
223 70
224 28
224 121
225 75
225 162
226 202
226 51
227 2
227 143
228 32
228 142
229 50
229 28
230 7
230 62
231 145
231 143
232 14
232 71
233 42
233 55
234 11
234 68
235 26
235 162
236 5
236 32
237 92
237 2
238 111
238 132
239 14
239 2
240 174
240 46
241 213
241 152
242 73
242 45
243 166
243 2
244 137
244 7
245 225
245 214
246 20
246 46
247 50
247 8
248 200
248 120
249 210
249 2
1 0 1 0 0 0 0 1 1 0 1 0 0 0 1 1 1 0 0 1 0 0 1 0 1 1 0 1 1 0 0 1 0 0 1 1 1 1 0 0 1 0 1 1 1 0 0 1 1 1 1 0 0 1 1 0 1 1 0 0 1 0 0 0 0 0 1 1 1 0 1 1 1 1 0 1 0 0 1 0 1 1 1 1 0 1 1 0 0 1 0 1 1 1 0 1 1 0 1 1 0 1 0 1 1 0 0 1 0 1 0 1 1 0 1 1 0 1 0 1 1 0 0 1 1 1 0 0 1 1 0 1 0 1 0 0 0 1 1 0 0 1 0 1 1 0 0 1 0 0 1 0 0 1 0 1 1 0 1 1 1 0 1 1 0 1 1 0 0 1 1 1 0 0 0 0 0 0 0 0 1 1 0 0 0 1 0 1 1 0 0 1 0 1 1 0 0 1 1 0 1 1 1 1 1 0 0 0 1 1 0 1 0 0 1 0 0 0 1 0 0 0 0 0 0 1 1 1 1 0 1 0 1 0 0 0 0 0 1 1 1 1 1 0 0 0 1 0 1 0
1 0 0 0 1 0 1 1 1 0 0 0 0 0 0 0 0 1 1 1 1 1 0 0 1 0 1 0 1 1 0 1 1 0 0 1 1 0 1 0 1 0 1 0 0 0 0 0 1 1 1 0 1 1 1 1 1 1 0 0 1 0 1 1 0 1 1 0 1 1 0 0 0 0 1 0 0 1 0 1 0 1 1 1 0 0 1 0 0 0 1 0 0 0 1 0 0 0 1 0 0 1 0 1 0 0 0 1 1 0 1 0 1 0 0 1 1 1 0 0 0 0 0 0 0 0 0 0 1 0 1 0 0 1 0 0 0 0 1 0 0 0 0 0 1 0 0 1 1 1 1 0 1 0 0 1 0 0 0 0 0 1 1 1 0 0 1 1 0 0 1 1 1 1 1 1 0 0 1 0 0 1 1 0 1 0 0 0 1 1 1 1 1 0 0 0 0 1 0 1 1 1 1 0 1 1 0 1 1 0 0 1 0 1 1 1 1 0 1 0 0 0 1 1 0 1 1 0 1 0 0 1 1 1 1 1 0 0 1 0 0 1 1 0 0 0 1 0 0 1
1 1 1 0 1 0 1 0 0 0 0 1 0 1 1 1 1 0 1 0 0 1 0 0 1 0 1 1 1 1 0 1 0 1 0 0 0 1 1 1 0 0 1 0 1 1 0 0 0 0 0 0 1 0 0 0 1 0 1 0 1 1 1 0 1 1 1 1 0 0 0 1 0 1 0 1 1 0 1 1 0 1 1 0 0 1 0 0 0 1 1 0 1 0 0 1 0 0 0 0 0 1 0 1 0 1 1 0 0 1 1 1 0 1 1 1 1 1 1 1 1 1 1 1 0 1 1 1 0 0 1 0 1 0 0 1 1 0 1 0 0 1 0 0 1 0 0 0 0 1 0 0 1 0 1 1 0 0 1 1 1 0 1 1 0 1 0 0 1 0 1 1 1 0 1 0 0 0 1 0 0 1 1 0 0 0 1 0 0 1 1 1 0 1 1 1 0 1 0 1 0 1 0 0 0 0 1 1 0 0 1 1 0 0 0 1 0 1 0 0 0 0 1 0 0 1 1 1 0 0 1 1 1 0 0 1 0 1 1 1 1 1 0 1 0 1 1 1 0 1
0 1 1 1 1 0 0 1 0 0 1 0 0 1 1 0 0 1 1 1 1 0 1 0 0 1 0 0 1 0 1 0 1 0 1 1 0 0 1 1 0 0 0 1 0 1 1 0 1 0 0 1 0 1 1 1 1 0 1 0 0 1 0 1 1 0 1 1 0 1 1 0 0 0 1 0 0 1 0 0 0 0 1 1 0 0 0 1 1 0 1 1 0 1 0 1 0 0 1 0 0 1 1 1 0 0 1 1 1 0 0 0 0 0 1 1 0 1 1 1 0 1 0 0 0 0 1 1 0 0 0 0 1 0 0 0 0 1 1 1 1 1 1 0 0 1 1 1 0 1 1 0 0 1 1 1 0 0 1 0 0 1 0 1 0 1 1 1 0 0 0 0 0 0 0 0 1 1 1 0 0 0 0 1 0 0 1 0 0 1 0 1 0 1 0 1 1 1 1 0 1 0 0 0 1 0 1 0 0 1 1 1 0 1 0 1 0 0 1 0 1 1 0 0 0 1 1 1 1 0 1 1 0 0 1 0 0 0 0 0 1 1 0 0 1 0 1 0 0 1
0 1 0 1 0 0 0 0 1 1 1 0 0 0 1 1 1 0 1 0 0 1 0 0 0 1 0 0 0 1 0 0 0 1 1 0 1 1 0 0 1 0 0 1 1 1 1 0 1 1 0 1 0 0 1 0 1 1 0 0 0 1 0 1 0 1 0 0 0 1 1 0 0 1 0 0 1 1 1 0 1 1 1 0 1 0 0 1 1 0 0 0 0 1 1 0 1 1 0 1 0 0 1 0 1 0 0 0 1 0 1 0 0 1 0 1 1 0 0 1 0 1 1 1 1 0 1 0 0 0 1 0 1 0 1 0 1 1 0 0 1 1 0 0 1 0 1 1 1 0 0 0 0 1 1 0 1 1 0 0 1 0 1 0 0 1 0 0 1 0 0 0 0 0 1 1 0 0 1 1 1 0 0 1 0 0 1 0 1 0 0 1 0 0 0 1 1 1 0 0 0 1 0 0 1 0 0 0 0 1 0 0 0 0 0 1 1 0 0 0 1 1 0 0 0 1 1 0 1 1 0 1 0 1 1 1 1 1 1 1 0 0 0 0 0 1 0 1 1 0