100 780 5
0 1
0 2
1 2
0 3
1 3
2 3
0 4
1 4
2 4
3 4
2 5
4 5
0 5
3 5
3 6
5 6
1 6
0 6
4 7
0 7
5 7
1 7
7 8
2 8
6 8
3 8
3 9
2 9
7 9
0 9
2 10
6 10
9 10
5 10
0 11
4 11
7 11
1 11
0 12
2 12
10 12
3 12
8 13
0 13
2 13
5 13
0 14
2 14
6 14
9 14
12 15
5 15
7 15
2 15
1 16
10 16
3 16
11 16
12 17
6 17
8 17
1 17
14 18
10 18
0 18
2 18
14 19
2 19
0 19
10 19
3 20
15 20
8 20
12 20
1 21
10 21
19 21
4 21
17 22
19 22
14 22
5 22
14 23
10 23
18 23
21 23
9 24
17 24
3 24
11 24
0 25
19 25
6 25
17 25
25 26
0 26
12 26
2 26
13 27
15 27
2 27
25 27
2 28
19 28
14 28
15 28
1 29
12 29
22 29
0 29
1 30
5 30
25 30
3 30
7 31
4 31
19 31
2 31
4 32
13 32
12 32
25 32
3 33
2 33
25 33
14 33
19 34
0 34
24 34
7 34
25 35
31 35
2 35
10 35
10 36
13 36
4 36
2 36
9 37
14 37
25 37
11 37
11 38
0 38
10 38
7 38
0 39
31 39
9 39
38 39
5 40
23 40
1 40
29 40
12 41
0 41
27 41
14 41
5 42
41 42
16 42
22 42
17 43
22 43
34 43
21 43
2 44
21 44
16 44
0 44
22 45
41 45
12 45
26 45
38 46
3 46
8 46
13 46
20 47
2 47
3 47
40 47
4 48
13 48
15 48
47 48
27 49
17 49
14 49
19 49
21 50
6 50
33 50
47 50
2 51
10 51
6 51
47 51
21 52
9 52
6 52
14 52
26 53
13 53
0 53
1 53
38 54
15 54
46 54
41 54
29 55
37 55
0 55
1 55
13 56
2 56
5 56
1 56
40 57
23 57
32 57
3 57
15 58
28 58
3 58
38 58
28 59
2 59
12 59
15 59
45 60
1 60
12 60
8 60
5 61
17 61
38 61
3 61
10 62
51 62
53 62
25 62
29 63
40 63
2 63
25 63
21 64
15 64
61 64
1 64
28 65
52 65
56 65
6 65
11 66
4 66
1 66
3 66
21 67
1 67
36 67
44 67
13 68
42 68
19 68
62 68
19 69
6 69
3 69
8 69
8 70
27 70
14 70
10 70
6 71
4 71
1 71
13 71
28 72
56 72
17 72
27 72
23 73
55 73
28 73
56 73
71 74
63 74
2 74
27 74
41 75
3 75
33 75
21 75
48 76
45 76
0 76
42 76
1 77
50 77
41 77
71 77
0 78
7 78
2 78
54 78
14 79
12 79
37 79
39 79
2 80
10 80
19 80
24 80
60 81
4 81
40 81
10 81
81 82
26 82
54 82
0 82
8 83
1 83
10 83
7 83
41 84
2 84
24 84
13 84
28 85
49 85
4 85
41 85
24 86
3 86
25 86
72 86
80 87
17 87
37 87
12 87
15 88
83 88
42 88
56 88
78 89
3 89
21 89
57 89
3 90
2 90
9 90
54 90
13 91
4 91
0 91
71 91
59 92
5 92
41 92
62 92
86 93
87 93
40 93
92 93
84 94
13 94
0 94
2 94
82 95
62 95
45 95
37 95
17 96
47 96
6 96
82 96
3 97
10 97
77 97
31 97
3 98
13 98
2 98
8 98
2 99
8 99
23 99
29 99
1 0
2 0
2 1
3 0
3 1
3 2
4 0
4 1
4 2
4 3
5 2
5 4
5 0
5 3
6 3
6 5
6 1
6 0
7 4
7 0
7 5
7 1
8 7
8 2
8 6
8 3
9 3
9 2
9 7
9 0
10 2
10 6
10 9
10 5
11 0
11 4
11 7
11 1
12 0
12 2
12 10
12 3
13 8
13 0
13 2
13 5
14 0
14 2
14 6
14 9
15 12
15 5
15 7
15 2
16 1
16 10
16 3
16 11
17 12
17 6
17 8
17 1
18 14
18 10
18 0
18 2
19 14
19 2
19 0
19 10
20 3
20 15
20 8
20 12
21 1
21 10
21 19
21 4
22 17
22 19
22 14
22 5
23 14
23 10
23 18
23 21
24 9
24 17
24 3
24 11
25 0
25 19
25 6
25 17
26 25
26 0
26 12
26 2
27 13
27 15
27 2
27 25
28 2
28 19
28 14
28 15
29 1
29 12
29 22
29 0
30 1
30 5
30 25
30 3
31 7
31 4
31 19
31 2
32 4
32 13
32 12
32 25
33 3
33 2
33 25
33 14
34 19
34 0
34 24
34 7
35 25
35 31
35 2
35 10
36 10
36 13
36 4
36 2
37 9
37 14
37 25
37 11
38 11
38 0
38 10
38 7
39 0
39 31
39 9
39 38
40 5
40 23
40 1
40 29
41 12
41 0
41 27
41 14
42 5
42 41
42 16
42 22
43 17
43 22
43 34
43 21
44 2
44 21
44 16
44 0
45 22
45 41
45 12
45 26
46 38
46 3
46 8
46 13
47 20
47 2
47 3
47 40
48 4
48 13
48 15
48 47
49 27
49 17
49 14
49 19
50 21
50 6
50 33
50 47
51 2
51 10
51 6
51 47
52 21
52 9
52 6
52 14
53 26
53 13
53 0
53 1
54 38
54 15
54 46
54 41
55 29
55 37
55 0
55 1
56 13
56 2
56 5
56 1
57 40
57 23
57 32
57 3
58 15
58 28
58 3
58 38
59 28
59 2
59 12
59 15
60 45
60 1
60 12
60 8
61 5
61 17
61 38
61 3
62 10
62 51
62 53
62 25
63 29
63 40
63 2
63 25
64 21
64 15
64 61
64 1
65 28
65 52
65 56
65 6
66 11
66 4
66 1
66 3
67 21
67 1
67 36
67 44
68 13
68 42
68 19
68 62
69 19
69 6
69 3
69 8
70 8
70 27
70 14
70 10
71 6
71 4
71 1
71 13
72 28
72 56
72 17
72 27
73 23
73 55
73 28
73 56
74 71
74 63
74 2
74 27
75 41
75 3
75 33
75 21
76 48
76 45
76 0
76 42
77 1
77 50
77 41
77 71
78 0
78 7
78 2
78 54
79 14
79 12
79 37
79 39
80 2
80 10
80 19
80 24
81 60
81 4
81 40
81 10
82 81
82 26
82 54
82 0
83 8
83 1
83 10
83 7
84 41
84 2
84 24
84 13
85 28
85 49
85 4
85 41
86 24
86 3
86 25
86 72
87 80
87 17
87 37
87 12
88 15
88 83
88 42
88 56
89 78
89 3
89 21
89 57
90 3
90 2
90 9
90 54
91 13
91 4
91 0
91 71
92 59
92 5
92 41
92 62
93 86
93 87
93 40
93 92
94 84
94 13
94 0
94 2
95 82
95 62
95 45
95 37
96 17
96 47
96 6
96 82
97 3
97 10
97 77
97 31
98 3
98 13
98 2
98 8
99 2
99 8
99 23
99 29
1 0 0 1 1 1 1 1 0 0 1 0 0 0 1 0 0 1 0 1 0 0 0 0 1 1 1 1 0 1 1 1 0 0 1 0 0 0 0 1 1 0 0 0 1 0 1 0 1 0 0 0 0 1 1 1 1 0 0 0 0 0 1 0 1 0 1 0 1 1 1 1 0 0 0 0 0 1 1 1 1 1 1 0 1 1 0 1 0 0 1 0 0 0 0 1 0 1 1 0
1 0 0 0 1 0 0 1 0 0 1 0 1 1 1 1 1 0 1 0 1 1 1 1 1 0 0 0 0 0 0 1 0 0 0 1 0 1 0 1 0 1 1 0 1 1 1 0 0 1 0 0 1 0 0 1 0 0 0 1 1 0 1 1 0 1 1 0 0 0 0 0 0 1 0 0 0 0 1 1 1 1 0 0 1 0 1 1 0 1 0 1 0 0 1 1 1 1 1 1
0 0 1 0 0 1 1 1 0 1 0 1 0 1 1 0 0 1 1 0 0 1 0 0 1 0 0 0 1 1 0 0 0 0 0 0 0 0 1 1 0 1 1 1 0 1 0 1 0 0 1 1 0 0 1 1 1 1 0 1 1 1 0 1 1 0 1 1 0 1 0 1 0 1 1 0 0 1 0 1 0 0 0 1 0 0 1 1 0 1 0 1 1 0 1 1 0 1 0 1
0 1 1 1 0 0 0 0 1 0 0 1 0 0 0 1 1 1 0 0 0 1 1 0 1 0 0 1 0 1 1 1 0 1 0 1 1 0 0 1 0 1 1 0 0 1 1 0 1 0 1 0 0 0 1 0 0 1 1 1 0 0 1 0 1 1 1 1 0 0 1 0 0 1 1 1 1 0 1 1 1 0 1 0 1 1 0 1 0 1 1 0 1 0 1 0 0 0 1 0
1 0 0 0 1 0 0 0 1 1 1 1 1 0 1 0 0 0 0 0 0 0 0 1 1 1 0 0 1 0 1 1 1 0 0 1 0 0 1 0 0 0 1 1 1 1 0 1 0 1 0 0 0 0 1 1 1 0 0 0 1 0 0 0 0 0 0 1 0 0 1 1 1 1 1 1 0 1 0 0 1 1 0 0 0 0 1 0 0 1 1 0 1 0 0 1 1 0 1 1