250 994 5
0 1
0 2
1 2
2 3
1 3
2 4
3 4
2 5
1 5
4 6
1 6
1 7
2 7
1 8
4 8
1 9
5 9
3 10
5 10
10 11
1 11
1 12
3 12
3 13
1 13
1 14
2 14
3 15
10 15
2 16
6 16
5 17
1 17
2 18
6 18
5 19
10 19
3 20
13 20
15 21
4 21
0 22
4 22
8 23
4 23
5 24
19 24
1 25
3 25
3 26
18 26
23 27
2 27
3 28
20 28
22 29
17 29
23 30
5 30
22 31
24 31
2 32
27 32
23 33
2 33
2 34
22 34
22 35
20 35
22 36
3 36
5 37
25 37
3 38
35 38
11 39
3 39
13 40
36 40
1 41
22 41
18 42
35 42
19 43
25 43
22 44
35 44
38 45
5 45
2 46
20 46
5 47
31 47
33 48
22 48
5 49
7 49
23 50
17 50
4 51
25 51
24 52
45 52
28 53
21 53
19 54
3 54
45 55
1 55
24 56
7 56
55 57
0 57
55 58
47 58
1 59
37 59
1 60
49 60
14 61
41 61
16 62
5 62
11 63
29 63
41 64
3 64
5 65
63 65
23 66
45 66
48 67
65 67
54 68
39 68
6 69
40 69
51 70
13 70
25 71
3 71
22 72
5 72
2 73
3 73
3 74
68 74
19 75
10 75
61 76
56 76
5 77
68 77
5 78
63 78
5 79
22 79
76 80
36 80
7 81
4 81
47 82
22 82
35 83
22 83
4 84
1 84
17 85
49 85
35 86
47 86
5 87
19 87
82 88
54 88
3 89
5 89
76 90
73 90
67 91
31 91
33 92
54 92
33 93
27 93
82 94
25 94
83 95
49 95
46 96
11 96
10 97
3 97
48 98
23 98
29 99
73 99
11 100
93 100
37 101
4 101
22 102
67 102
3 103
33 103
1 104
87 104
9 105
10 105
3 106
68 106
104 107
68 107
1 108
26 108
63 109
58 109
29 110
105 110
48 111
17 111
45 112
28 112
16 113
55 113
61 114
3 114
106 115
77 115
105 116
3 116
23 117
63 117
55 118
96 118
118 119
79 119
2 120
26 120
10 121
118 121
57 122
28 122
44 123
78 123
23 124
3 124
6 125
63 125
22 126
4 126
67 127
96 127
25 128
93 128
56 129
93 129
76 130
73 130
22 131
85 131
19 132
68 132
41 133
118 133
37 134
20 134
17 135
2 135
48 136
62 136
125 137
2 137
2 138
58 138
48 139
40 139
55 140
71 140
115 141
57 141
13 142
41 142
80 143
39 143
19 144
6 144
6 145
91 145
84 146
26 146
1 147
123 147
3 148
4 148
75 149
22 149
82 150
63 150
124 151
76 151
122 152
72 152
49 153
100 153
152 154
81 154
97 155
28 155
140 156
68 156
5 157
122 157
97 158
156 158
109 159
71 159
103 160
128 160
22 161
33 161
110 162
1 162
67 163
75 163
10 164
86 164
2 165
121 165
116 166
4 166
66 167
63 167
140 168
135 168
133 169
71 169
152 170
30 170
155 171
68 171
4 172
127 172
96 173
44 173
5 174
67 174
35 175
65 175
153 176
140 176
72 177
96 177
132 178
57 178
56 179
52 179
3 180
57 180
25 181
169 181
17 182
38 182
99 183
1 183
46 184
160 184
63 185
65 185
62 186
29 186
22 187
25 187
112 188
84 188
5 189
34 189
24 190
4 190
110 191
43 191
97 192
118 192
6 193
159 193
5 194
46 194
54 195
31 195
153 196
19 196
27 197
1 197
20 198
117 198
29 199
63 199
4 200
2 200
5 201
54 201
84 202
181 202
13 203
19 203
5 204
115 204
114 205
23 205
65 206
6 206
105 207
131 207
4 208
22 208
23 209
205 209
106 210
162 210
85 211
73 211
6 212
157 212
103 213
54 213
118 214
162 214
151 215
39 215
88 216
6 216
191 217
4 217
35 218
66 218
35 219
22 219
3 220
39 220
20 221
56 221
4 222
117 222
4 223
23 223
22 224
177 224
5 225
57 225
139 226
123 226
107 227
38 227
74 228
15 228
134 229
5 229
139 230
101 230
166 231
5 231
74 232
149 232
25 233
127 233
162 234
190 234
19 235
156 235
4 236
7 236
136 237
138 237
171 238
20 238
112 239
57 239
230 240
3 240
238 241
122 241
196 242
7 242
218 243
13 243
5 244
114 244
209 245
54 245
100 246
3 246
84 247
135 247
13 248
67 248
27 249
1 249
1 0
2 0
2 1
3 2
3 1
4 2
4 3
5 2
5 1
6 4
6 1
7 1
7 2
8 1
8 4
9 1
9 5
10 3
10 5
11 10
11 1
12 1
12 3
13 3
13 1
14 1
14 2
15 3
15 10
16 2
16 6
17 5
17 1
18 2
18 6
19 5
19 10
20 3
20 13
21 15
21 4
22 0
22 4
23 8
23 4
24 5
24 19
25 1
25 3
26 3
26 18
27 23
27 2
28 3
28 20
29 22
29 17
30 23
30 5
31 22
31 24
32 2
32 27
33 23
33 2
34 2
34 22
35 22
35 20
36 22
36 3
37 5
37 25
38 3
38 35
39 11
39 3
40 13
40 36
41 1
41 22
42 18
42 35
43 19
43 25
44 22
44 35
45 38
45 5
46 2
46 20
47 5
47 31
48 33
48 22
49 5
49 7
50 23
50 17
51 4
51 25
52 24
52 45
53 28
53 21
54 19
54 3
55 45
55 1
56 24
56 7
57 55
57 0
58 55
58 47
59 1
59 37
60 1
60 49
61 14
61 41
62 16
62 5
63 11
63 29
64 41
64 3
65 5
65 63
66 23
66 45
67 48
67 65
68 54
68 39
69 6
69 40
70 51
70 13
71 25
71 3
72 22
72 5
73 2
73 3
74 3
74 68
75 19
75 10
76 61
76 56
77 5
77 68
78 5
78 63
79 5
79 22
80 76
80 36
81 7
81 4
82 47
82 22
83 35
83 22
84 4
84 1
85 17
85 49
86 35
86 47
87 5
87 19
88 82
88 54
89 3
89 5
90 76
90 73
91 67
91 31
92 33
92 54
93 33
93 27
94 82
94 25
95 83
95 49
96 46
96 11
97 10
97 3
98 48
98 23
99 29
99 73
100 11
100 93
101 37
101 4
102 22
102 67
103 3
103 33
104 1
104 87
105 9
105 10
106 3
106 68
107 104
107 68
108 1
108 26
109 63
109 58
110 29
110 105
111 48
111 17
112 45
112 28
113 16
113 55
114 61
114 3
115 106
115 77
116 105
116 3
117 23
117 63
118 55
118 96
119 118
119 79
120 2
120 26
121 10
121 118
122 57
122 28
123 44
123 78
124 23
124 3
125 6
125 63
126 22
126 4
127 67
127 96
128 25
128 93
129 56
129 93
130 76
130 73
131 22
131 85
132 19
132 68
133 41
133 118
134 37
134 20
135 17
135 2
136 48
136 62
137 125
137 2
138 2
138 58
139 48
139 40
140 55
140 71
141 115
141 57
142 13
142 41
143 80
143 39
144 19
144 6
145 6
145 91
146 84
146 26
147 1
147 123
148 3
148 4
149 75
149 22
150 82
150 63
151 124
151 76
152 122
152 72
153 49
153 100
154 152
154 81
155 97
155 28
156 140
156 68
157 5
157 122
158 97
158 156
159 109
159 71
160 103
160 128
161 22
161 33
162 110
162 1
163 67
163 75
164 10
164 86
165 2
165 121
166 116
166 4
167 66
167 63
168 140
168 135
169 133
169 71
170 152
170 30
171 155
171 68
172 4
172 127
173 96
173 44
174 5
174 67
175 35
175 65
176 153
176 140
177 72
177 96
178 132
178 57
179 56
179 52
180 3
180 57
181 25
181 169
182 17
182 38
183 99
183 1
184 46
184 160
185 63
185 65
186 62
186 29
187 22
187 25
188 112
188 84
189 5
189 34
190 24
190 4
191 110
191 43
192 97
192 118
193 6
193 159
194 5
194 46
195 54
195 31
196 153
196 19
197 27
197 1
198 20
198 117
199 29
199 63
200 4
200 2
201 5
201 54
202 84
202 181
203 13
203 19
204 5
204 115
205 114
205 23
206 65
206 6
207 105
207 131
208 4
208 22
209 23
209 205
210 106
210 162
211 85
211 73
212 6
212 157
213 103
213 54
214 118
214 162
215 151
215 39
216 88
216 6
217 191
217 4
218 35
218 66
219 35
219 22
220 3
220 39
221 20
221 56
222 4
222 117
223 4
223 23
224 22
224 177
225 5
225 57
226 139
226 123
227 107
227 38
228 74
228 15
229 134
229 5
230 139
230 101
231 166
231 5
232 74
232 149
233 25
233 127
234 162
234 190
235 19
235 156
236 4
236 7
237 136
237 138
238 171
238 20
239 112
239 57
240 230
240 3
241 238
241 122
242 196
242 7
243 218
243 13
244 5
244 114
245 209
245 54
246 100
246 3
247 84
247 135
248 13
248 67
249 27
249 1
1 0 1 1 1 0 0 0 1 1 0 0 0 1 0 1 1 0 0 0 1 0 0 1 0 1 0 0 0 1 0 1 1 1 0 0 0 1 1 1 0 1 0 1 1 1 1 0 0 1 0 1 1 0 1 1 1 1 0 0 1 0 0 1 0 1 0 1 0 0 1 0 0 1 1 0 1 0 1 0 1 1 0 0 1 0 0 1 1 0 1 1 0 0 0 1 1 0 1 0 0 0 1 1 0 0 0 1 1 1 0 0 1 0 0 1 1 1 1 1 0 0 0 0 1 1 0 0 1 1 1 0 0 1 0 0 0 0 1 1 0 1 0 0 0 0 0 0 0 1 1 1 0 1 1 1 1 0 1 0 1 0 0 1 1 1 0 0 1 0 0 1 0 1 1 1 1 0 0 0 1 0 1 0 1 1 0 0 0 0 0 0 1 0 1 0 1 0 0 1 0 0 1 0 1 0 0 1 0 0 0 0 1 1 1 0 0 1 0 0 1 0 0 1 0 1 1 0 0 0 0 0 1 1 0 0 1 1 0 1 0 1 1 0 1 1 1 0 1 0
0 0 1 0 0 0 1 1 1 1 1 1 0 1 0 1 1 1 0 0 0 0 0 0 0 1 1 0 1 0 1 1 1 0 0 1 0 1 1 0 0 1 1 1 0 0 0 1 1 1 0 0 1 1 0 1 1 0 0 0 1 1 1 0 1 0 1 1 1 1 1 1 0 1 1 1 0 0 0 1 1 1 1 0 1 1 0 1 0 1 1 1 0 1 1 0 0 1 0 0 0 1 1 1 0 0 1 1 1 0 0 0 1 1 0 1 1 0 0 1 0 1 1 0 0 0 0 0 0 1 0 0 0 1 0 0 1 1 0 0 0 1 1 1 1 1 1 1 1 1 0 0 1 0 0 0 0 0 1 0 0 0 0 1 1 0 0 0 1 1 1 0 1 1 0 0 1 1 1 0 1 0 0 0 0 1 0 0 1 0 0 0 0 1 0 0 1 1 0 1 1 0 0 0 1 0 0 0 1 0 1 1 0 1 1 0 1 1 1 1 1 0 0 0 1 0 0 0 1 0 0 0 0 1 0 0 0 1 0 0 1 0 1 1 1 0 0 0 0 0
1 1 0 0 1 0 1 1 0 1 0 1 1 0 0 0 0 1 0 1 1 0 1 0 0 0 0 0 1 1 1 1 0 1 0 1 1 0 1 0 0 0 0 0 0 1 0 0 1 0 1 1 0 0 0 1 0 0 1 1 1 1 0 1 0 1 1 1 0 0 1 1 0 0 1 0 1 1 1 1 0 0 1 1 0 1 1 1 1 1 0 1 1 0 0 0 1 1 1 1 1 0 0 0 0 0 1 0 0 0 1 0 0 0 0 1 1 0 0 1 0 1 1 0 1 1 1 1 1 1 1 1 0 1 0 1 0 0 0 0 0 1 0 1 0 1 1 0 0 1 0 1 0 0 1 1 0 0 1 0 1 1 1 0 0 0 0 1 0 0 0 1 0 0 0 1 1 1 0 1 1 0 0 1 0 1 1 0 1 0 1 0 1 0 0 1 0 1 0 1 1 1 0 1 1 0 1 0 0 1 0 0 1 0 1 0 0 1 1 1 0 1 0 1 1 0 0 0 0 1 1 0 1 1 1 1 1 1 0 0 0 1 1 1 1 0 1 0 0 1
0 0 1 0 1 1 0 0 0 0 0 1 0 0 0 1 0 1 0 0 1 0 1 0 1 1 0 0 0 0 1 1 0 0 0 0 0 0 1 0 0 1 1 1 1 1 0 0 1 1 1 1 0 0 1 0 0 0 0 0 0 1 0 1 0 1 0 1 0 1 1 1 0 1 1 0 1 0 1 1 1 1 0 1 1 0 0 0 1 0 1 0 1 1 1 0 1 1 1 0 1 0 1 1 0 0 0 0 1 0 1 1 0 0 1 0 1 0 0 1 1 0 1 1 0 0 0 0 0 0 0 1 0 1 0 1 1 0 1 1 1 0 0 0 0 0 0 1 1 0 1 0 1 0 1 1 1 0 0 1 1 1 0 0 0 1 0 0 0 0 1 1 0 0 1 1 0 1 1 0 0 1 1 0 1 1 1 0 1 0 1 0 1 1 0 1 1 0 1 1 1 1 1 0 1 0 0 0 0 0 0 1 0 0 0 1 1 1 0 0 1 1 0 0 1 0 0 1 0 0 0 1 1 1 1 0 1 1 1 1 0 0 1 0 1 0 0 1 0 1
1 1 1 1 0 1 1 0 1 1 0 1 1 0 1 1 0 0 0 0 1 1 0 1 1 0 0 1 1 0 1 0 1 0 1 1 1 0 0 1 1 1 1 0 0 0 0 1 1 1 0 1 1 1 0 1 1 0 0 0 1 1 1 0 1 0 1 1 0 1 1 1 0 1 1 0 1 0 0 0 1 0 1 1 0 1 0 0 0 0 0 1 0 0 0 0 1 1 0 0 1 0 1 0 0 0 1 1 0 1 0 0 1 1 1 0 0 0 1 1 0 0 1 0 0 0 0 1 1 0 0 1 0 1 0 0 0 0 0 1 1 0 1 0 0 1 1 1 1 1 0 1 0 1 1 1 0 0 1 0 1 1 0 1 1 1 0 0 0 0 1 0 1 1 0 0 1 0 0 0 1 0 1 1 0 1 1 0 0 0 0 1 0 0 0 0 1 1 1 1 0 0 0 1 0 1 0 0 0 0 1 1 0 0 0 1 0 0 0 1 0 1 0 0 0 1 0 1 0 1 0 0 1 0 0 0 1 0 1 1 1 1 1 1 0 0 1 1 0 0