100 390 5
0 1
0 2
1 2
0 3
1 3
2 3
0 4
1 4
2 4
3 4
4 5
1 5
0 5
2 5
4 6
0 6
1 6
5 6
2 7
5 7
6 7
3 7
0 8
3 8
7 8
2 8
2 9
6 9
3 9
5 9
6 10
9 10
8 10
2 10
10 11
7 11
9 11
6 11
6 12
8 12
2 12
4 12
6 13
9 13
7 13
0 13
0 14
9 14
3 14
12 14
2 15
3 15
0 15
5 15
15 16
3 16
10 16
4 16
6 17
0 17
10 17
2 17
10 18
11 18
8 18
4 18
1 19
10 19
6 19
5 19
4 20
7 20
3 20
11 20
11 21
6 21
20 21
4 21
17 22
2 22
0 22
7 22
9 23
15 23
6 23
5 23
18 24
19 24
6 24
14 24
12 25
9 25
7 25
11 25
9 26
12 26
16 26
24 26
2 27
15 27
1 27
19 27
3 28
6 28
1 28
16 28
7 29
2 29
11 29
4 29
14 30
1 30
18 30
19 30
3 31
18 31
26 31
11 31
6 32
1 32
4 32
19 32
17 33
9 33
21 33
6 33
9 34
11 34
4 34
1 34
11 35
13 35
1 35
12 35
6 36
1 36
24 36
8 36
24 37
15 37
19 37
35 37
31 38
7 38
0 38
25 38
7 39
34 39
33 39
4 39
34 40
12 40
19 40
11 40
18 41
9 41
2 41
33 41
22 42
27 42
39 42
17 42
37 43
9 43
18 43
11 43
6 44
13 44
2 44
0 44
41 45
27 45
16 45
4 45
26 46
9 46
22 46
25 46
45 47
39 47
32 47
15 47
17 48
0 48
26 48
1 48
30 49
18 49
15 49
14 49
34 50
4 50
6 50
11 50
33 51
14 51
47 51
45 51
2 52
12 52
17 52
14 52
6 53
17 53
27 53
1 53
18 54
2 54
4 54
15 54
11 55
6 55
18 55
37 55
9 56
15 56
7 56
3 56
45 57
38 57
27 57
19 57
25 58
56 58
48 58
1 58
27 59
0 59
35 59
14 59
44 60
17 60
25 60
21 60
11 61
53 61
44 61
2 61
36 62
6 62
15 62
33 62
21 63
45 63
53 63
7 63
8 64
13 64
18 64
9 64
19 65
18 65
24 65
6 65
25 66
10 66
18 66
19 66
59 67
15 67
5 67
18 67
51 68
15 68
18 68
1 68
16 69
36 69
8 69
44 69
29 70
50 70
46 70
6 70
25 71
31 71
11 71
14 71
1 72
26 72
65 72
19 72
9 73
19 73
11 73
3 73
51 74
18 74
62 74
15 74
28 75
72 75
9 75
2 75
18 76
56 76
74 76
6 76
73 77
4 77
11 77
22 77
0 78
11 78
30 78
48 78
41 79
25 79
61 79
68 79
16 80
42 80
37 80
70 80
19 81
26 81
13 81
39 81
5 82
34 82
51 82
16 82
21 83
5 83
15 83
64 83
45 84
3 84
56 84
15 84
57 85
68 85
45 85
70 85
12 86
7 86
26 86
79 86
7 87
63 87
68 87
25 87
48 88
12 88
77 88
21 88
17 89
48 89
25 89
43 89
10 90
30 90
36 90
16 90
6 91
68 91
11 91
47 91
55 92
7 92
82 92
87 92
19 93
46 93
25 93
83 93
75 94
1 94
14 94
39 94
15 95
9 95
56 95
14 95
45 96
25 96
33 96
88 96
25 97
58 97
53 97
92 97
72 98
80 98
89 98
48 98
20 99
10 99
26 99
6 99
0 0 0 0 1 0 1 1 1 1 1 0 1 0 0 0 1 1 1 1 1 0 0 1 0 0 0 0 1 1 0 0 1 0 0 1 0 1 0 0 0 0 1 1 1 0 0 0 1 1 1 1 0 1 1 1 1 1 0 1 1 1 0 1 0 1 0 1 0 1 0 0 1 1 1 0 1 0 1 0 0 0 1 1 0 1 1 1 1 1 1 1 1 0 0 0 0 0 1 1
1 0 0 1 0 0 1 1 1 1 1 1 0 0 1 0 1 1 1 1 1 0 1 0 1 0 1 1 1 0 1 1 0 1 0 0 1 0 1 1 0 0 0 0 0 1 1 1 0 0 0 1 1 0 0 0 1 1 0 0 1 1 0 0 1 0 1 0 1 1 0 0 1 0 0 0 1 1 1 0 0 1 1 0 1 0 1 1 0 0 1 1 1 0 1 0 1 1 0 1
1 1 1 0 1 1 0 1 0 1 1 1 1 0 1 0 0 0 1 1 0 1 0 0 0 0 1 1 0 1 0 0 1 0 1 1 0 1 1 1 0 1 0 0 1 0 0 0 1 1 1 0 1 1 1 1 1 1 0 0 0 0 0 0 0 1 1 1 0 0 1 0 1 1 1 0 1 0 1 0 1 1 0 0 0 1 0 1 1 1 0 1 1 1 0 0 0 0 1 1
0 0 1 1 0 0 0 1 1 0 0 1 1 0 1 1 1 1 1 0 1 1 0 1 0 1 1 0 1 0 1 1 0 1 0 0 1 0 1 0 1 1 0 0 0 1 1 0 0 1 1 0 1 1 0 1 1 0 1 0 1 1 0 1 1 0 1 0 0 0 0 1 1 0 0 1 1 0 0 1 1 1 1 1 1 1 1 1 0 1 0 0 1 1 0 1 0 0 0 0
0 0 0 0 0 1 0 1 0 1 0 0 0 1 0 1 0 0 1 0 0 0 0 1 0 1 1 0 0 0 0 1 1 0 1 0 1 1 1 0 1 1 1 1 0 0 1 0 1 0 1 0 1 1 1 0 1 1 1 0 1 1 0 0 1 0 0 1 0 1 1 0 1 1 0 1 1 0 1 0 0 1 0 0 1 1 0 0 0 0 0 1 1 1 0 0 1 0 0 0