50 288 5
0 1
0 2
1 2
0 3
1 3
2 3
1 4
0 4
2 4
3 5
4 5
0 5
0 6
2 6
1 6
2 7
5 7
1 7
6 8
7 8
0 8
6 9
7 9
1 9
5 10
8 10
4 10
4 11
6 11
2 11
11 12
2 12
8 12
11 13
5 13
2 13
0 14
7 14
13 14
0 15
5 15
8 15
7 16
8 16
1 16
8 17
5 17
6 17
7 18
0 18
11 18
2 19
17 19
15 19
5 20
8 20
9 20
5 21
2 21
14 21
5 22
0 22
10 22
5 23
0 23
2 23
20 24
1 24
2 24
0 25
1 25
12 25
7 26
2 26
0 26
18 27
5 27
19 27
5 28
1 28
16 28
3 29
0 29
7 29
1 30
0 30
7 30
9 31
26 31
14 31
12 32
0 32
9 32
6 33
0 33
19 33
2 34
5 34
33 34
29 35
30 35
8 35
5 36
19 36
33 36
19 37
6 37
33 37
1 38
28 38
13 38
22 39
1 39
32 39
18 40
11 40
35 40
15 41
10 41
40 41
28 42
24 42
1 42
5 43
15 43
34 43
9 44
29 44
30 44
33 45
11 45
15 45
42 46
1 46
45 46
10 47
18 47
8 47
16 48
18 48
28 48
5 49
17 49
33 49
1 0
2 0
2 1
3 0
3 1
3 2
4 1
4 0
4 2
5 3
5 4
5 0
6 0
6 2
6 1
7 2
7 5
7 1
8 6
8 7
8 0
9 6
9 7
9 1
10 5
10 8
10 4
11 4
11 6
11 2
12 11
12 2
12 8
13 11
13 5
13 2
14 0
14 7
14 13
15 0
15 5
15 8
16 7
16 8
16 1
17 8
17 5
17 6
18 7
18 0
18 11
19 2
19 17
19 15
20 5
20 8
20 9
21 5
21 2
21 14
22 5
22 0
22 10
23 5
23 0
23 2
24 20
24 1
24 2
25 0
25 1
25 12
26 7
26 2
26 0
27 18
27 5
27 19
28 5
28 1
28 16
29 3
29 0
29 7
30 1
30 0
30 7
31 9
31 26
31 14
32 12
32 0
32 9
33 6
33 0
33 19
34 2
34 5
34 33
35 29
35 30
35 8
36 5
36 19
36 33
37 19
37 6
37 33
38 1
38 28
38 13
39 22
39 1
39 32
40 18
40 11
40 35
41 15
41 10
41 40
42 28
42 24
42 1
43 5
43 15
43 34
44 9
44 29
44 30
45 33
45 11
45 15
46 42
46 1
46 45
47 10
47 18
47 8
48 16
48 18
48 28
49 5
49 17
49 33
0 0 1 0 1 1 0 1 0 0 1 0 0 0 1 0 1 0 1 0 0 1 1 0 0 0 1 1 0 0 0 0 1 0 1 1 1 0 0 1 1 1 1 0 1 0 1 0 1 0
0 0 0 0 0 0 0 1 0 1 1 1 1 1 1 1 0 0 1 1 0 0 1 0 0 0 0 0 1 1 0 1 0 1 1 0 1 0 0 1 0 0 1 1 1 0 1 1 0 0
0 0 0 0 1 0 1 1 1 1 0 1 0 0 1 0 1 1 0 1 0 1 1 1 1 1 1 0 1 0 0 1 0 1 0 0 0 1 1 0 0 1 0 0 1 0 0 0 0 0
0 0 0 0 0 1 1 1 0 1 0 0 1 0 0 1 0 0 0 0 1 0 1 1 0 0 1 0 0 1 1 1 0 1 0 1 1 0 0 0 0 0 1 1 1 0 1 1 0 1
1 0 0 0 1 0 0 0 1 0 0 0 0 1 1 0 0 1 1 1 1 0 0 1 0 0 1 1 1 0 0 1 0 0 1 0 1 1 1 0 0 0 1 0 0 1 1 1 0 1