100 780 5
0 1
0 2
1 2
0 3
1 3
2 3
0 4
1 4
2 4
3 4
0 5
4 5
2 5
1 5
3 6
5 6
0 6
4 6
3 7
6 7
5 7
0 7
1 8
7 8
3 8
4 8
6 9
3 9
5 9
4 9
0 10
5 10
2 10
8 10
3 11
0 11
6 11
8 11
3 12
2 12
6 12
9 12
4 13
5 13
1 13
11 13
4 14
2 14
7 14
0 14
8 15
4 15
6 15
13 15
0 16
4 16
8 16
12 16
2 17
12 17
10 17
8 17
12 18
3 18
0 18
7 18
14 19
2 19
4 19
11 19
0 20
13 20
2 20
14 20
8 21
0 21
2 21
11 21
8 22
1 22
5 22
0 22
3 23
2 23
14 23
5 23
2 24
10 24
9 24
18 24
3 25
8 25
13 25
6 25
16 26
19 26
2 26
11 26
5 27
18 27
3 27
10 27
17 28
7 28
6 28
2 28
15 29
23 29
1 29
20 29
19 30
24 30
0 30
3 30
6 31
18 31
1 31
5 31
6 32
12 32
1 32
3 32
0 33
14 33
8 33
9 33
3 34
19 34
2 34
24 34
22 35
29 35
23 35
31 35
19 36
8 36
18 36
6 36
10 37
3 37
36 37
6 37
3 38
1 38
9 38
10 38
27 39
18 39
5 39
0 39
1 40
0 40
17 40
20 40
3 41
24 41
38 41
12 41
4 42
22 42
13 42
8 42
24 43
0 43
30 43
21 43
2 44
18 44
8 44
5 44
1 45
25 45
18 45
8 45
8 46
4 46
11 46
2 46
1 47
36 47
7 47
23 47
4 48
24 48
14 48
10 48
0 49
19 49
6 49
45 49
6 50
13 50
23 50
19 50
23 51
7 51
13 51
0 51
3 52
31 52
10 52
8 52
47 53
23 53
18 53
52 53
7 54
13 54
3 54
2 54
26 55
7 55
11 55
34 55
13 56
29 56
1 56
14 56
1 57
38 57
13 57
0 57
9 58
4 58
11 58
1 58
33 59
9 59
27 59
3 59
34 60
22 60
58 60
56 60
6 61
11 61
2 61
34 61
7 62
8 62
0 62
14 62
44 63
13 63
16 63
30 63
36 64
7 64
8 64
5 64
13 65
26 65
28 65
2 65
14 66
28 66
36 66
20 66
0 67
6 67
60 67
2 67
27 68
9 68
15 68
0 68
13 69
4 69
20 69
19 69
64 70
8 70
25 70
48 70
65 71
20 71
41 71
2 71
61 72
31 72
2 72
51 72
22 73
13 73
68 73
7 73
71 74
4 74
47 74
18 74
2 75
69 75
40 75
19 75
75 76
2 76
6 76
37 76
22 77
3 77
14 77
24 77
0 78
2 78
51 78
1 78
3 79
5 79
4 79
28 79
65 80
41 80
23 80
54 80
18 81
41 81
42 81
0 81
0 82
30 82
41 82
19 82
0 83
27 83
76 83
67 83
23 84
22 84
38 84
31 84
67 85
79 85
30 85
31 85
37 86
6 86
27 86
74 86
18 87
8 87
65 87
75 87
22 88
32 88
75 88
2 88
42 89
31 89
41 89
49 89
51 90
13 90
73 90
0 90
41 91
1 91
5 91
35 91
14 92
65 92
11 92
2 92
41 93
3 93
60 93
84 93
53 94
34 94
49 94
39 94
75 95
24 95
68 95
8 95
2 96
31 96
30 96
74 96
2 97
74 97
55 97
22 97
30 98
66 98
11 98
42 98
8 99
12 99
74 99
13 99
1 0
2 0
2 1
3 0
3 1
3 2
4 0
4 1
4 2
4 3
5 0
5 4
5 2
5 1
6 3
6 5
6 0
6 4
7 3
7 6
7 5
7 0
8 1
8 7
8 3
8 4
9 6
9 3
9 5
9 4
10 0
10 5
10 2
10 8
11 3
11 0
11 6
11 8
12 3
12 2
12 6
12 9
13 4
13 5
13 1
13 11
14 4
14 2
14 7
14 0
15 8
15 4
15 6
15 13
16 0
16 4
16 8
16 12
17 2
17 12
17 10
17 8
18 12
18 3
18 0
18 7
19 14
19 2
19 4
19 11
20 0
20 13
20 2
20 14
21 8
21 0
21 2
21 11
22 8
22 1
22 5
22 0
23 3
23 2
23 14
23 5
24 2
24 10
24 9
24 18
25 3
25 8
25 13
25 6
26 16
26 19
26 2
26 11
27 5
27 18
27 3
27 10
28 17
28 7
28 6
28 2
29 15
29 23
29 1
29 20
30 19
30 24
30 0
30 3
31 6
31 18
31 1
31 5
32 6
32 12
32 1
32 3
33 0
33 14
33 8
33 9
34 3
34 19
34 2
34 24
35 22
35 29
35 23
35 31
36 19
36 8
36 18
36 6
37 10
37 3
37 36
37 6
38 3
38 1
38 9
38 10
39 27
39 18
39 5
39 0
40 1
40 0
40 17
40 20
41 3
41 24
41 38
41 12
42 4
42 22
42 13
42 8
43 24
43 0
43 30
43 21
44 2
44 18
44 8
44 5
45 1
45 25
45 18
45 8
46 8
46 4
46 11
46 2
47 1
47 36
47 7
47 23
48 4
48 24
48 14
48 10
49 0
49 19
49 6
49 45
50 6
50 13
50 23
50 19
51 23
51 7
51 13
51 0
52 3
52 31
52 10
52 8
53 47
53 23
53 18
53 52
54 7
54 13
54 3
54 2
55 26
55 7
55 11
55 34
56 13
56 29
56 1
56 14
57 1
57 38
57 13
57 0
58 9
58 4
58 11
58 1
59 33
59 9
59 27
59 3
60 34
60 22
60 58
60 56
61 6
61 11
61 2
61 34
62 7
62 8
62 0
62 14
63 44
63 13
63 16
63 30
64 36
64 7
64 8
64 5
65 13
65 26
65 28
65 2
66 14
66 28
66 36
66 20
67 0
67 6
67 60
67 2
68 27
68 9
68 15
68 0
69 13
69 4
69 20
69 19
70 64
70 8
70 25
70 48
71 65
71 20
71 41
71 2
72 61
72 31
72 2
72 51
73 22
73 13
73 68
73 7
74 71
74 4
74 47
74 18
75 2
75 69
75 40
75 19
76 75
76 2
76 6
76 37
77 22
77 3
77 14
77 24
78 0
78 2
78 51
78 1
79 3
79 5
79 4
79 28
80 65
80 41
80 23
80 54
81 18
81 41
81 42
81 0
82 0
82 30
82 41
82 19
83 0
83 27
83 76
83 67
84 23
84 22
84 38
84 31
85 67
85 79
85 30
85 31
86 37
86 6
86 27
86 74
87 18
87 8
87 65
87 75
88 22
88 32
88 75
88 2
89 42
89 31
89 41
89 49
90 51
90 13
90 73
90 0
91 41
91 1
91 5
91 35
92 14
92 65
92 11
92 2
93 41
93 3
93 60
93 84
94 53
94 34
94 49
94 39
95 75
95 24
95 68
95 8
96 2
96 31
96 30
96 74
97 2
97 74
97 55
97 22
98 30
98 66
98 11
98 42
99 8
99 12
99 74
99 13
1 0 0 0 0 1 1 0 0 0 0 1 1 1 0 0 1 1 1 1 1 0 0 1 1 1 0 0 0 1 1 0 0 0 0 1 1 0 0 1 0 1 0 0 1 0 0 1 1 0 0 0 1 1 0 1 1 0 1 1 0 0 1 0 1 1 0 1 1 1 1 1 0 0 1 0 0 0 1 0 1 1 0 0 1 1 0 0 0 0 1 0 1 1 0 0 0 1 1 1
0 0 1 0 0 1 1 1 1 0 0 1 1 0 0 1 1 1 0 0 1 1 1 1 0 1 1 0 0 0 0 1 0 0 0 0 1 1 0 0 0 1 1 0 1 0 1 0 1 1 0 1 1 0 0 1 0 1 1 0 1 0 0 0 1 0 0 1 1 1 1 1 0 0 0 1 1 0 1 1 1 1 1 1 0 0 1 0 1 1 1 0 1 1 1 0 1 0 1 1
1 0 1 1 0 0 0 0 0 0 0 0 1 0 0 1 0 1 1 1 1 0 1 1 1 0 0 0 0 0 1 0 1 0 0 0 1 1 1 1 1 1 1 1 1 0 1 0 0 0 1 0 1 1 1 1 0 1 0 1 0 0 1 0 1 0 1 0 1 1 1 1 0 1 0 1 0 0 1 1 0 1 1 1 0 1 1 0 0 0 0 1 0 0 1 1 0 1 1 0
0 1 1 1 0 0 1 1 1 0 0 1 0 0 0 0 0 1 1 0 0 0 0 0 1 1 1 0 0 1 1 1 1 0 1 0 1 1 1 1 0 0 1 1 0 0 0 1 1 0 1 0 1 1 1 1 0 1 0 0 0 1 0 1 0 1 0 0 1 0 0 0 0 0 1 1 1 0 0 0 1 0 0 1 1 1 1 1 1 1 0 1 0 1 0 0 1 1 1 1
1 1 1 1 1 0 0 1 0 1 1 0 1 1 0 1 1 0 1 0 1 0 0 1 0 0 0 1 0 0 1 1 0 0 1 0 1 0 0 0 0 1 1 0 0 0 0 0 0 0 1 1 0 1 1 1 0 1 1 0 1 1 0 0 0 0 1 0 0 0 0 1 1 0 1 0 0 0 0 0 0 0 0 0 0 0 1 0 1 1 0 0 1 0 0 0 0 0 0 1