50 98 5
0 1
0 2
1 3
1 4
4 5
1 6
2 7
2 8
4 9
2 10
3 11
0 12
7 13
2 14
7 15
3 16
1 17
2 18
1 19
12 20
3 21
2 22
15 23
7 24
9 25
1 26
20 27
4 28
18 29
21 30
7 31
20 32
28 33
4 34
17 35
20 36
28 37
4 38
29 39
4 40
30 41
14 42
0 43
4 44
13 45
3 46
26 47
41 48
17 49
1 0
2 0
3 1
4 1
5 4
6 1
7 2
8 2
9 4
10 2
11 3
12 0
13 7
14 2
15 7
16 3
17 1
18 2
19 1
20 12
21 3
22 2
23 15
24 7
25 9
26 1
27 20
28 4
29 18
30 21
31 7
32 20
33 28
34 4
35 17
36 20
37 28
38 4
39 29
40 4
41 30
42 14
43 0
44 4
45 13
46 3
47 26
48 41
49 17
0 1 0 0 0 0 0 0 0 0 1 0 1 1 0 1 0 0 1 1 0 1 1 0 1 0 0 0 1 0 0 0 1 0 1 0 1 1 1 1 1 0 1 0 0 0 1 1 0 0
0 1 1 1 0 1 0 0 0 0 1 1 0 1 1 1 1 1 0 1 0 1 0 0 0 1 1 0 1 1 0 1 0 0 1 1 0 1 1 0 0 0 0 0 1 1 0 0 0 0
1 0 1 1 1 0 0 1 1 1 1 0 0 0 0 1 0 1 0 0 1 1 1 0 1 1 1 0 0 0 1 1 1 1 1 1 0 1 1 1 0 0 0 0 1 1 1 0 1 0
1 0 1 1 1 0 0 1 1 1 1 1 0 0 1 0 0 1 1 0 0 1 1 1 0 0 1 1 0 1 1 1 1 0 0 1 1 1 0 1 0 0 0 0 1 0 0 0 1 1
1 0 0 1 0 1 0 0 0 1 1 1 1 1 1 0 1 1 0 0 1 1 1 1 1 1 0 1 0 1 0 0 0 1 1 1 0 1 0 1 1 0 0 1 1 0 0 1 1 1