100 394 5
0 1
0 2
1 2
1 3
0 3
2 4
0 4
0 5
1 5
2 6
1 6
6 7
2 7
1 8
7 8
2 9
7 9
3 10
2 10
10 11
1 11
2 12
5 12
10 13
1 13
13 14
4 14
0 15
2 15
6 16
10 16
5 17
14 17
0 18
12 18
1 19
9 19
8 20
10 20
2 21
1 21
14 22
2 22
1 23
17 23
15 24
23 24
10 25
0 25
1 26
4 26
9 27
15 27
14 28
25 28
19 29
6 29
1 30
10 30
27 31
25 31
2 32
5 32
15 33
10 33
1 34
0 34
0 35
15 35
31 36
27 36
14 37
4 37
4 38
5 38
0 39
8 39
32 40
2 40
25 41
38 41
23 42
7 42
10 43
2 43
15 44
1 44
1 45
7 45
20 46
14 46
13 47
22 47
27 48
44 48
24 49
2 49
7 50
0 50
10 51
46 51
34 52
48 52
29 53
48 53
43 54
15 54
5 55
42 55
38 56
15 56
4 57
5 57
44 58
4 58
42 59
36 59
7 60
14 60
37 61
7 61
46 62
32 62
15 63
1 63
0 64
45 64
5 65
26 65
58 66
8 66
64 67
37 67
2 68
0 68
67 69
9 69
14 70
60 70
68 71
56 71
37 72
15 72
69 73
50 73
13 74
0 74
38 75
30 75
14 76
28 76
55 77
15 77
34 78
55 78
65 79
74 79
56 80
62 80
12 81
79 81
0 82
32 82
72 83
10 83
27 84
44 84
71 85
46 85
10 86
9 86
1 87
4 87
27 88
42 88
85 89
0 89
14 90
46 90
2 91
65 91
85 92
52 92
9 93
89 93
92 94
78 94
31 95
90 95
68 96
81 96
34 97
94 97
57 98
18 98
55 99
89 99
1 0
2 0
2 1
3 1
3 0
4 2
4 0
5 0
5 1
6 2
6 1
7 6
7 2
8 1
8 7
9 2
9 7
10 3
10 2
11 10
11 1
12 2
12 5
13 10
13 1
14 13
14 4
15 0
15 2
16 6
16 10
17 5
17 14
18 0
18 12
19 1
19 9
20 8
20 10
21 2
21 1
22 14
22 2
23 1
23 17
24 15
24 23
25 10
25 0
26 1
26 4
27 9
27 15
28 14
28 25
29 19
29 6
30 1
30 10
31 27
31 25
32 2
32 5
33 15
33 10
34 1
34 0
35 0
35 15
36 31
36 27
37 14
37 4
38 4
38 5
39 0
39 8
40 32
40 2
41 25
41 38
42 23
42 7
43 10
43 2
44 15
44 1
45 1
45 7
46 20
46 14
47 13
47 22
48 27
48 44
49 24
49 2
50 7
50 0
51 10
51 46
52 34
52 48
53 29
53 48
54 43
54 15
55 5
55 42
56 38
56 15
57 4
57 5
58 44
58 4
59 42
59 36
60 7
60 14
61 37
61 7
62 46
62 32
63 15
63 1
64 0
64 45
65 5
65 26
66 58
66 8
67 64
67 37
68 2
68 0
69 67
69 9
70 14
70 60
71 68
71 56
72 37
72 15
73 69
73 50
74 13
74 0
75 38
75 30
76 14
76 28
77 55
77 15
78 34
78 55
79 65
79 74
80 56
80 62
81 12
81 79
82 0
82 32
83 72
83 10
84 27
84 44
85 71
85 46
86 10
86 9
87 1
87 4
88 27
88 42
89 85
89 0
90 14
90 46
91 2
91 65
92 85
92 52
93 9
93 89
94 92
94 78
95 31
95 90
96 68
96 81
97 34
97 94
98 57
98 18
99 55
99 89
1 1 0 0 0 1 1 0 0 1 1 0 0 1 0 0 1 1 1 0 1 0 1 1 0 0 1 1 0 1 0 0 0 0 1 1 0 0 1 1 1 0 0 0 1 1 0 1 0 1 1 1 0 0 1 0 0 0 1 0 0 0 0 0 1 1 1 1 1 0 0 0 0 0 1 1 1 1 0 0 1 1 1 0 1 0 0 0 1 0 1 1 0 0 1 1 0 0 1 1
0 1 1 1 1 1 0 1 0 0 0 1 1 0 0 0 0 1 1 1 1 1 0 1 0 0 0 1 1 0 1 1 0 0 1 1 0 1 0 0 1 0 1 1 0 0 0 1 0 0 1 1 1 1 0 1 0 1 1 0 0 0 1 0 0 0 0 1 0 1 0 0 1 1 1 1 0 0 1 1 1 1 1 0 0 0 1 1 1 1 1 1 0 0 0 1 1 1 0 0
0 0 0 1 1 0 1 1 0 0 1 0 1 1 1 1 0 1 0 1 0 1 0 1 0 1 1 0 0 1 0 0 1 0 1 1 1 1 1 0 0 1 0 0 1 0 0 1 0 1 0 1 0 1 1 0 0 0 1 0 1 1 1 1 1 1 1 0 1 0 1 0 1 1 1 1 0 0 1 1 1 1 0 1 1 0 0 1 1 1 0 0 1 1 0 0 1 1 1 1
0 1 0 1 0 1 0 0 0 0 1 0 1 1 0 0 1 1 0 0 0 1 1 1 0 1 1 1 0 0 0 0 0 0 0 1 0 1 0 0 1 1 0 1 1 0 1 1 1 1 0 1 0 0 0 1 1 0 0 1 0 1 0 1 1 0 0 1 1 0 1 0 0 0 1 0 0 0 1 0 1 1 0 1 1 0 1 0 1 1 1 0 0 0 1 1 1 1 0 0
1 0 0 0 1 0 0 0 1 0 0 1 1 0 0 1 0 0 0 1 1 0 0 1 0 0 0 1 1 0 1 1 0 1 1 0 0 0 0 1 1 0 1 0 1 0 0 1 1 0 1 1 1 1 1 1 0 0 1 1 0 1 0 1 0 1 1 0 1 0 1 0 1 1 1 0 0 1 0 1 0 1 0 1 1 0 0 1 0 0 1 0 1 1 1 0 0 1 0 1