50 194 5
0 1
0 2
1 2
1 3
0 3
3 4
1 4
0 5
1 5
1 6
4 6
1 7
4 7
7 8
2 8
4 9
8 9
7 10
1 10
4 11
9 11
1 12
10 12
1 13
6 13
4 14
11 14
7 15
2 15
0 16
12 16
15 17
4 17
4 18
12 18
7 19
4 19
1 20
0 20
1 21
12 21
16 22
0 22
4 23
9 23
11 24
17 24
10 25
2 25
20 26
23 26
8 27
0 27
24 28
18 28
23 29
4 29
21 30
28 30
0 31
1 31
12 32
9 32
7 33
12 33
6 34
28 34
4 35
7 35
1 36
28 36
2 37
12 37
17 38
2 38
24 39
22 39
4 40
24 40
33 41
29 41
12 42
25 42
34 43
28 43
1 44
34 44
1 45
21 45
0 46
6 46
32 47
4 47
37 48
23 48
29 49
4 49
1 0
2 0
2 1
3 1
3 0
4 3
4 1
5 0
5 1
6 1
6 4
7 1
7 4
8 7
8 2
9 4
9 8
10 7
10 1
11 4
11 9
12 1
12 10
13 1
13 6
14 4
14 11
15 7
15 2
16 0
16 12
17 15
17 4
18 4
18 12
19 7
19 4
20 1
20 0
21 1
21 12
22 16
22 0
23 4
23 9
24 11
24 17
25 10
25 2
26 20
26 23
27 8
27 0
28 24
28 18
29 23
29 4
30 21
30 28
31 0
31 1
32 12
32 9
33 7
33 12
34 6
34 28
35 4
35 7
36 1
36 28
37 2
37 12
38 17
38 2
39 24
39 22
40 4
40 24
41 33
41 29
42 12
42 25
43 34
43 28
44 1
44 34
45 1
45 21
46 0
46 6
47 32
47 4
48 37
48 23
49 29
49 4
1 1 0 0 0 0 1 0 1 1 0 0 0 0 1 0 0 1 1 1 1 1 1 1 0 1 1 1 0 0 1 1 0 0 0 1 0 1 1 1 1 0 0 0 0 1 0 0 1 1
1 0 0 0 1 1 1 1 1 1 0 0 1 1 0 1 1 0 0 1 0 0 1 0 0 1 1 0 0 1 0 0 1 0 0 0 0 0 1 1 0 1 1 0 1 1 0 0 0 0
1 1 0 0 0 1 0 1 1 1 1 0 0 0 0 1 0 1 0 1 1 0 0 0 1 0 0 1 0 1 0 1 1 1 1 0 0 0 1 0 1 0 1 1 0 0 1 0 0 1
0 0 0 1 1 0 0 1 0 1 0 0 0 1 1 0 1 1 1 0 0 1 0 0 0 0 1 1 1 1 0 1 1 1 1 0 1 1 1 1 0 1 0 1 1 1 1 0 0 1
1 1 1 0 1 0 0 0 0 1 1 0 0 0 1 1 1 1 1 0 0 0 0 0 1 0 1 1 0 0 0 0 1 0 0 1 1 0 1 0 1 1 0 1 0 0 0 1 1 0