250 1980 5
0 1
0 2
1 2
0 3
1 3
2 3
0 4
1 4
2 4
3 4
3 5
4 5
0 5
1 5
4 6
5 6
1 6
3 6
3 7
1 7
2 7
5 7
4 8
3 8
0 8
2 8
2 9
3 9
7 9
5 9
8 10
1 10
3 10
7 10
10 11
2 11
7 11
4 11
8 12
0 12
4 12
6 12
2 13
1 13
4 13
6 13
1 14
2 14
7 14
13 14
8 15
10 15
7 15
12 15
4 16
12 16
11 16
2 16
12 17
1 17
5 17
11 17
2 18
1 18
5 18
9 18
7 19
4 19
12 19
5 19
19 20
3 20
4 20
10 20
11 21
4 21
16 21
17 21
6 22
3 22
8 22
7 22
18 23
5 23
8 23
16 23
1 24
21 24
17 24
5 24
3 25
24 25
10 25
19 25
4 26
17 26
2 26
5 26
22 27
17 27
0 27
15 27
19 28
15 28
4 28
8 28
25 29
19 29
18 29
5 29
23 30
28 30
29 30
3 30
12 31
4 31
20 31
3 31
16 32
11 32
8 32
1 32
22 33
7 33
4 33
12 33
17 34
10 34
13 34
12 34
9 35
8 35
30 35
1 35
27 36
5 36
0 36
32 36
36 37
9 37
1 37
31 37
17 38
36 38
8 38
19 38
7 39
3 39
4 39
32 39
20 40
5 40
32 40
23 40
17 41
3 41
32 41
29 41
15 42
33 42
4 42
6 42
37 43
38 43
39 43
2 43
18 44
19 44
3 44
10 44
43 45
19 45
14 45
24 45
1 46
19 46
15 46
11 46
27 47
9 47
32 47
3 47
37 48
21 48
9 48
36 48
7 49
48 49
22 49
27 49
10 50
27 50
7 50
9 50
23 51
35 51
19 51
9 51
43 52
10 52
22 52
21 52
21 53
27 53
38 53
8 53
52 54
5 54
32 54
14 54
46 55
48 55
31 55
15 55
13 56
11 56
45 56
54 56
17 57
0 57
13 57
4 57
32 58
4 58
5 58
43 58
20 59
6 59
52 59
53 59
50 60
59 60
54 60
10 60
45 61
21 61
59 61
30 61
1 62
3 62
8 62
48 62
3 63
5 63
7 63
27 63
41 64
51 64
52 64
20 64
50 65
27 65
32 65
15 65
19 66
7 66
2 66
41 66
27 67
15 67
47 67
38 67
33 68
61 68
12 68
3 68
66 69
52 69
4 69
1 69
35 70
53 70
49 70
57 70
3 71
67 71
46 71
16 71
3 72
1 72
47 72
6 72
14 73
47 73
4 73
18 73
59 74
8 74
58 74
18 74
1 75
32 75
23 75
6 75
7 76
1 76
36 76
12 76
32 77
47 77
12 77
8 77
59 78
24 78
4 78
32 78
24 79
54 79
8 79
37 79
79 80
24 80
32 80
1 80
4 81
47 81
43 81
0 81
23 82
52 82
28 82
63 82
79 83
37 83
1 83
45 83
41 84
33 84
27 84
67 84
10 85
34 85
2 85
59 85
0 86
52 86
3 86
44 86
33 87
51 87
85 87
18 87
23 88
52 88
47 88
24 88
33 89
85 89
86 89
80 89
38 90
14 90
64 90
52 90
37 91
71 91
12 91
17 91
33 92
8 92
17 92
82 92
82 93
10 93
3 93
76 93
4 94
52 94
0 94
33 94
1 95
84 95
94 95
10 95
82 96
9 96
19 96
10 96
43 97
6 97
17 97
18 97
19 98
24 98
22 98
45 98
85 99
4 99
61 99
16 99
27 100
12 100
55 100
23 100
39 101
43 101
9 101
48 101
4 102
100 102
11 102
65 102
51 103
52 103
97 103
30 103
25 104
32 104
47 104
1 104
53 105
84 105
82 105
12 105
17 106
103 106
43 106
28 106
76 107
2 107
44 107
72 107
42 108
1 108
90 108
36 108
17 109
26 109
24 109
43 109
26 110
35 110
15 110
4 110
10 111
109 111
29 111
8 111
4 112
3 112
62 112
24 112
15 113
68 113
92 113
35 113
6 114
12 114
28 114
8 114
3 115
17 115
10 115
54 115
8 116
23 116
7 116
10 116
24 117
104 117
4 117
38 117
26 118
41 118
86 118
104 118
14 119
19 119
12 119
93 119
18 120
76 120
9 120
32 120
54 121
86 121
10 121
28 121
18 122
53 122
118 122
98 122
27 123
29 123
106 123
48 123
12 124
1 124
17 124
41 124
7 125
1 125
13 125
100 125
13 126
19 126
70 126
43 126
27 127
102 127
3 127
92 127
43 128
41 128
102 128
81 128
102 129
1 129
53 129
22 129
128 130
102 130
43 130
7 130
23 131
57 131
8 131
114 131
112 132
9 132
19 132
39 132
75 133
40 133
73 133
1 133
8 134
27 134
65 134
28 134
120 135
101 135
83 135
5 135
86 136
122 136
71 136
25 136
1 137
24 137
92 137
6 137
17 138
52 138
131 138
30 138
86 139
1 139
135 139
17 139
118 140
133 140
59 140
8 140
105 141
85 141
127 141
3 141
4 142
68 142
6 142
76 142
105 143
42 143
100 143
10 143
104 144
66 144
28 144
4 144
12 145
18 145
10 145
9 145
47 146
143 146
42 146
62 146
79 147
127 147
119 147
1 147
111 148
27 148
87 148
59 148
24 149
34 149
3 149
4 149
49 150
81 150
32 150
120 150
28 151
102 151
142 151
17 151
5 152
84 152
16 152
0 152
17 153
146 153
29 153
125 153
31 154
50 154
92 154
56 154
127 155
29 155
32 155
34 155
109 156
26 156
17 156
46 156
61 157
0 157
92 157
147 157
11 158
73 158
118 158
142 158
18 159
142 159
7 159
68 159
72 160
42 160
76 160
31 160
32 161
14 161
9 161
36 161
87 162
10 162
0 162
147 162
79 163
68 163
140 163
63 163
61 164
5 164
32 164
18 164
92 165
135 165
13 165
18 165
22 166
121 166
31 166
28 166
40 167
149 167
144 167
163 167
113 168
72 168
151 168
7 168
122 169
4 169
86 169
34 169
0 170
138 170
87 170
167 170
22 171
75 171
11 171
42 171
7 172
75 172
4 172
123 172
144 173
77 173
111 173
169 173
108 174
110 174
3 174
18 174
72 175
4 175
119 175
15 175
33 176
86 176
22 176
104 176
115 177
5 177
20 177
66 177
4 178
87 178
82 178
163 178
163 179
121 179
137 179
83 179
163 180
124 180
3 180
6 180
8 181
79 181
118 181
86 181
70 182
82 182
75 182
8 182
92 183
82 183
103 183
0 183
162 184
3 184
4 184
52 184
78 185
3 185
33 185
63 185
30 186
120 186
76 186
45 186
10 187
24 187
47 187
4 187
182 188
100 188
160 188
76 188
187 189
31 189
53 189
93 189
19 190
151 190
157 190
52 190
1 191
21 191
29 191
82 191
43 192
157 192
20 192
122 192
70 193
110 193
121 193
81 193
26 194
90 194
8 194
143 194
162 195
19 195
117 195
12 195
10 196
18 196
124 196
125 196
120 197
4 197
5 197
0 197
89 198
132 198
8 198
9 198
1 199
99 199
5 199
35 199
132 200
124 200
68 200
141 200
131 201
100 201
8 201
75 201
130 202
124 202
193 202
87 202
139 203
92 203
5 203
184 203
1 204
200 204
41 204
127 204
175 205
23 205
109 205
31 205
197 206
175 206
111 206
19 206
24 207
154 207
68 207
9 207
33 208
24 208
55 208
4 208
182 209
170 209
52 209
3 209
128 210
0 210
19 210
4 210
197 211
151 211
14 211
45 211
19 212
82 212
127 212
53 212
136 213
1 213
0 213
172 213
2 214
109 214
24 214
190 214
19 215
24 215
141 215
84 215
106 216
190 216
82 216
78 216
51 217
28 217
13 217
38 217
42 218
171 218
63 218
123 218
92 219
3 219
53 219
33 219
36 220
3 220
115 220
100 220
21 221
9 221
8 221
119 221
145 222
3 222
8 222
74 222
30 223
142 223
41 223
113 223
63 224
93 224
18 224
9 224
159 225
33 225
175 225
122 225
9 226
168 226
5 226
72 226
204 227
27 227
87 227
147 227
28 228
149 228
125 228
56 228
0 229
63 229
104 229
114 229
187 230
188 230
208 230
85 230
94 231
136 231
103 231
134 231
139 232
130 232
65 232
1 232
3 233
204 233
165 233
81 233
65 234
138 234
116 234
4 234
4 235
147 235
165 235
12 235
135 236
114 236
1 236
11 236
176 237
4 237
103 237
66 237
140 238
179 238
52 238
233 238
74 239
87 239
17 239
92 239
24 240
239 240
102 240
83 240
22 241
82 241
163 241
101 241
192 242
157 242
217 242
4 242
170 243
166 243
27 243
161 243
8 244
1 244
106 244
62 244
210 245
6 245
30 245
27 245
4 246
128 246
132 246
11 246
106 247
6 247
188 247
7 247
37 248
18 248
187 248
166 248
100 249
37 249
77 249
28 249
1 0
2 0
2 1
3 0
3 1
3 2
4 0
4 1
4 2
4 3
5 3
5 4
5 0
5 1
6 4
6 5
6 1
6 3
7 3
7 1
7 2
7 5
8 4
8 3
8 0
8 2
9 2
9 3
9 7
9 5
10 8
10 1
10 3
10 7
11 10
11 2
11 7
11 4
12 8
12 0
12 4
12 6
13 2
13 1
13 4
13 6
14 1
14 2
14 7
14 13
15 8
15 10
15 7
15 12
16 4
16 12
16 11
16 2
17 12
17 1
17 5
17 11
18 2
18 1
18 5
18 9
19 7
19 4
19 12
19 5
20 19
20 3
20 4
20 10
21 11
21 4
21 16
21 17
22 6
22 3
22 8
22 7
23 18
23 5
23 8
23 16
24 1
24 21
24 17
24 5
25 3
25 24
25 10
25 19
26 4
26 17
26 2
26 5
27 22
27 17
27 0
27 15
28 19
28 15
28 4
28 8
29 25
29 19
29 18
29 5
30 23
30 28
30 29
30 3
31 12
31 4
31 20
31 3
32 16
32 11
32 8
32 1
33 22
33 7
33 4
33 12
34 17
34 10
34 13
34 12
35 9
35 8
35 30
35 1
36 27
36 5
36 0
36 32
37 36
37 9
37 1
37 31
38 17
38 36
38 8
38 19
39 7
39 3
39 4
39 32
40 20
40 5
40 32
40 23
41 17
41 3
41 32
41 29
42 15
42 33
42 4
42 6
43 37
43 38
43 39
43 2
44 18
44 19
44 3
44 10
45 43
45 19
45 14
45 24
46 1
46 19
46 15
46 11
47 27
47 9
47 32
47 3
48 37
48 21
48 9
48 36
49 7
49 48
49 22
49 27
50 10
50 27
50 7
50 9
51 23
51 35
51 19
51 9
52 43
52 10
52 22
52 21
53 21
53 27
53 38
53 8
54 52
54 5
54 32
54 14
55 46
55 48
55 31
55 15
56 13
56 11
56 45
56 54
57 17
57 0
57 13
57 4
58 32
58 4
58 5
58 43
59 20
59 6
59 52
59 53
60 50
60 59
60 54
60 10
61 45
61 21
61 59
61 30
62 1
62 3
62 8
62 48
63 3
63 5
63 7
63 27
64 41
64 51
64 52
64 20
65 50
65 27
65 32
65 15
66 19
66 7
66 2
66 41
67 27
67 15
67 47
67 38
68 33
68 61
68 12
68 3
69 66
69 52
69 4
69 1
70 35
70 53
70 49
70 57
71 3
71 67
71 46
71 16
72 3
72 1
72 47
72 6
73 14
73 47
73 4
73 18
74 59
74 8
74 58
74 18
75 1
75 32
75 23
75 6
76 7
76 1
76 36
76 12
77 32
77 47
77 12
77 8
78 59
78 24
78 4
78 32
79 24
79 54
79 8
79 37
80 79
80 24
80 32
80 1
81 4
81 47
81 43
81 0
82 23
82 52
82 28
82 63
83 79
83 37
83 1
83 45
84 41
84 33
84 27
84 67
85 10
85 34
85 2
85 59
86 0
86 52
86 3
86 44
87 33
87 51
87 85
87 18
88 23
88 52
88 47
88 24
89 33
89 85
89 86
89 80
90 38
90 14
90 64
90 52
91 37
91 71
91 12
91 17
92 33
92 8
92 17
92 82
93 82
93 10
93 3
93 76
94 4
94 52
94 0
94 33
95 1
95 84
95 94
95 10
96 82
96 9
96 19
96 10
97 43
97 6
97 17
97 18
98 19
98 24
98 22
98 45
99 85
99 4
99 61
99 16
100 27
100 12
100 55
100 23
101 39
101 43
101 9
101 48
102 4
102 100
102 11
102 65
103 51
103 52
103 97
103 30
104 25
104 32
104 47
104 1
105 53
105 84
105 82
105 12
106 17
106 103
106 43
106 28
107 76
107 2
107 44
107 72
108 42
108 1
108 90
108 36
109 17
109 26
109 24
109 43
110 26
110 35
110 15
110 4
111 10
111 109
111 29
111 8
112 4
112 3
112 62
112 24
113 15
113 68
113 92
113 35
114 6
114 12
114 28
114 8
115 3
115 17
115 10
115 54
116 8
116 23
116 7
116 10
117 24
117 104
117 4
117 38
118 26
118 41
118 86
118 104
119 14
119 19
119 12
119 93
120 18
120 76
120 9
120 32
121 54
121 86
121 10
121 28
122 18
122 53
122 118
122 98
123 27
123 29
123 106
123 48
124 12
124 1
124 17
124 41
125 7
125 1
125 13
125 100
126 13
126 19
126 70
126 43
127 27
127 102
127 3
127 92
128 43
128 41
128 102
128 81
129 102
129 1
129 53
129 22
130 128
130 102
130 43
130 7
131 23
131 57
131 8
131 114
132 112
132 9
132 19
132 39
133 75
133 40
133 73
133 1
134 8
134 27
134 65
134 28
135 120
135 101
135 83
135 5
136 86
136 122
136 71
136 25
137 1
137 24
137 92
137 6
138 17
138 52
138 131
138 30
139 86
139 1
139 135
139 17
140 118
140 133
140 59
140 8
141 105
141 85
141 127
141 3
142 4
142 68
142 6
142 76
143 105
143 42
143 100
143 10
144 104
144 66
144 28
144 4
145 12
145 18
145 10
145 9
146 47
146 143
146 42
146 62
147 79
147 127
147 119
147 1
148 111
148 27
148 87
148 59
149 24
149 34
149 3
149 4
150 49
150 81
150 32
150 120
151 28
151 102
151 142
151 17
152 5
152 84
152 16
152 0
153 17
153 146
153 29
153 125
154 31
154 50
154 92
154 56
155 127
155 29
155 32
155 34
156 109
156 26
156 17
156 46
157 61
157 0
157 92
157 147
158 11
158 73
158 118
158 142
159 18
159 142
159 7
159 68
160 72
160 42
160 76
160 31
161 32
161 14
161 9
161 36
162 87
162 10
162 0
162 147
163 79
163 68
163 140
163 63
164 61
164 5
164 32
164 18
165 92
165 135
165 13
165 18
166 22
166 121
166 31
166 28
167 40
167 149
167 144
167 163
168 113
168 72
168 151
168 7
169 122
169 4
169 86
169 34
170 0
170 138
170 87
170 167
171 22
171 75
171 11
171 42
172 7
172 75
172 4
172 123
173 144
173 77
173 111
173 169
174 108
174 110
174 3
174 18
175 72
175 4
175 119
175 15
176 33
176 86
176 22
176 104
177 115
177 5
177 20
177 66
178 4
178 87
178 82
178 163
179 163
179 121
179 137
179 83
180 163
180 124
180 3
180 6
181 8
181 79
181 118
181 86
182 70
182 82
182 75
182 8
183 92
183 82
183 103
183 0
184 162
184 3
184 4
184 52
185 78
185 3
185 33
185 63
186 30
186 120
186 76
186 45
187 10
187 24
187 47
187 4
188 182
188 100
188 160
188 76
189 187
189 31
189 53
189 93
190 19
190 151
190 157
190 52
191 1
191 21
191 29
191 82
192 43
192 157
192 20
192 122
193 70
193 110
193 121
193 81
194 26
194 90
194 8
194 143
195 162
195 19
195 117
195 12
196 10
196 18
196 124
196 125
197 120
197 4
197 5
197 0
198 89
198 132
198 8
198 9
199 1
199 99
199 5
199 35
200 132
200 124
200 68
200 141
201 131
201 100
201 8
201 75
202 130
202 124
202 193
202 87
203 139
203 92
203 5
203 184
204 1
204 200
204 41
204 127
205 175
205 23
205 109
205 31
206 197
206 175
206 111
206 19
207 24
207 154
207 68
207 9
208 33
208 24
208 55
208 4
209 182
209 170
209 52
209 3
210 128
210 0
210 19
210 4
211 197
211 151
211 14
211 45
212 19
212 82
212 127
212 53
213 136
213 1
213 0
213 172
214 2
214 109
214 24
214 190
215 19
215 24
215 141
215 84
216 106
216 190
216 82
216 78
217 51
217 28
217 13
217 38
218 42
218 171
218 63
218 123
219 92
219 3
219 53
219 33
220 36
220 3
220 115
220 100
221 21
221 9
221 8
221 119
222 145
222 3
222 8
222 74
223 30
223 142
223 41
223 113
224 63
224 93
224 18
224 9
225 159
225 33
225 175
225 122
226 9
226 168
226 5
226 72
227 204
227 27
227 87
227 147
228 28
228 149
228 125
228 56
229 0
229 63
229 104
229 114
230 187
230 188
230 208
230 85
231 94
231 136
231 103
231 134
232 139
232 130
232 65
232 1
233 3
233 204
233 165
233 81
234 65
234 138
234 116
234 4
235 4
235 147
235 165
235 12
236 135
236 114
236 1
236 11
237 176
237 4
237 103
237 66
238 140
238 179
238 52
238 233
239 74
239 87
239 17
239 92
240 24
240 239
240 102
240 83
241 22
241 82
241 163
241 101
242 192
242 157
242 217
242 4
243 170
243 166
243 27
243 161
244 8
244 1
244 106
244 62
245 210
245 6
245 30
245 27
246 4
246 128
246 132
246 11
247 106
247 6
247 188
247 7
248 37
248 18
248 187
248 166
249 100
249 37
249 77
249 28
0 0 0 0 0 1 0 0 0 1 1 0 0 1 1 0 0 0 0 1 1 0 1 1 0 0 0 0 0 1 1 1 1 0 0 0 0 1 1 0 0 0 1 0 0 1 1 0 1 0 0 0 0 0 0 1 0 0 1 0 0 1 1 1 0 1 0 0 1 1 1 1 1 0 0 0 1 1 0 1 0 1 0 1 0 0 0 1 0 0 0 0 0 1 0 1 1 0 0 1 1 1 1 0 1 1 0 0 1 0 0 0 0 1 1 0 0 1 1 1 1 1 0 1 1 0 1 0 0 1 0 1 1 1 0 0 1 0 0 1 0 1 0 0 1 1 1 0 1 0 0 0 1 1 1 1 0 0 0 1 1 1 1 0 0 1 0 1 1 0 0 1 1 1 0 1 1 0 0 1 1 1 1 1 1 1 0 1 1 1 1 0 1 1 0 1 0 0 1 1 1 0 1 1 0 1 0 0 1 0 1 1 1 1 0 0 0 1 0 1 0 0 1 1 0 0 1 0 0 0 1 1 0 1 1 0 0 1 0 1 1 0 0 0 0 0 0 0 0 0
0 1 0 0 1 0 1 0 0 0 0 0 1 0 0 0 0 1 1 1 0 1 0 0 0 1 1 1 1 0 1 0 0 1 0 1 0 1 0 1 0 0 1 0 0 0 0 0 1 0 0 1 1 1 0 0 0 1 1 0 1 0 0 1 1 1 1 0 0 1 1 1 0 0 1 1 0 1 1 0 0 1 0 0 1 1 1 0 0 1 0 1 0 1 0 1 0 1 0 0 0 0 0 1 1 0 1 1 1 1 0 1 0 0 1 1 0 0 1 0 0 1 0 1 1 1 0 1 1 0 1 0 0 0 1 1 0 1 0 0 1 0 1 0 0 1 1 1 1 1 1 0 1 0 1 1 0 1 1 1 0 1 1 0 0 1 1 1 0 0 0 1 0 0 1 0 0 1 1 0 1 0 0 1 0 1 1 1 1 0 1 0 0 0 0 1 1 0 1 0 0 1 0 0 1 0 1 1 0 0 1 0 1 1 1 1 1 0 0 0 0 0 1 1 0 1 0 0 1 1 0 1 1 0 0 1 1 0 1 1 1 0 0 1 0 1 0 0 1 1
0 1 0 1 0 0 0 0 1 1 0 0 1 0 0 0 1 0 1 0 0 1 1 0 1 1 0 1 0 1 0 0 0 1 0 1 1 0 0 1 0 0 0 0 0 0 0 1 1 0 1 0 0 1 0 1 1 0 1 1 0 0 1 0 0 1 0 1 1 0 1 1 1 0 1 0 0 0 1 0 1 0 1 0 0 0 1 0 0 0 0 1 0 0 1 0 1 1 1 0 1 0 0 0 1 0 0 0 1 0 0 1 0 1 1 1 0 0 1 0 1 0 1 1 1 1 0 1 0 0 0 1 1 1 1 0 0 0 0 1 0 1 0 0 0 1 0 0 0 0 1 1 0 1 1 0 1 0 1 1 1 0 0 1 0 0 0 1 0 1 1 0 1 1 0 1 0 0 0 0 1 1 1 0 0 1 0 0 0 0 1 0 1 1 0 1 0 0 0 0 0 1 1 1 0 0 1 0 0 1 1 1 1 0 0 1 0 0 1 0 1 0 1 1 0 0 1 0 1 0 0 1 0 0 1 0 1 1 0 0 0 1 0 1 1 0 0 0 1 0
0 1 1 1 0 0 0 0 0 0 0 0 1 0 1 0 1 1 0 1 1 1 1 0 0 0 0 1 0 0 0 1 1 1 1 0 1 1 0 0 1 0 0 1 0 1 1 1 1 1 0 1 0 0 1 0 1 0 0 1 0 0 0 1 0 1 1 0 0 1 0 1 1 0 1 1 0 1 1 1 1 0 1 0 0 1 0 1 1 0 1 1 0 1 0 0 1 0 1 1 0 0 1 1 0 0 1 0 1 0 0 1 1 0 0 0 0 0 0 0 1 0 1 1 0 1 0 1 0 1 1 0 0 1 1 0 1 0 0 1 0 0 1 1 1 1 0 1 0 0 0 1 1 1 1 1 1 0 0 0 1 0 0 0 0 0 0 0 1 0 0 1 0 1 1 1 0 0 1 1 0 0 1 1 1 0 0 1 0 0 1 1 1 1 0 0 0 1 0 0 0 0 1 1 1 1 0 1 1 1 0 0 1 0 0 1 0 1 1 0 1 1 1 0 0 0 0 0 0 1 1 0 0 1 1 1 0 0 0 0 0 0 1 0 1 0 1 1 1 1
0 0 1 0 0 0 0 0 1 0 1 1 0 0 0 1 0 1 1 1 1 1 0 0 1 0 1 0 1 0 1 0 1 1 0 0 0 0 0 1 1 1 0 0 1 1 1 1 1 0 0 0 0 0 0 1 1 1 0 0 0 1 1 0 1 0 0 1 0 1 0 1 0 1 0 0 1 0 1 0 0 1 0 1 1 1 1 0 0 1 0 1 0 1 1 0 1 0 1 0 1 0 1 0 1 0 0 0 0 0 1 1 0 0 0 0 0 0 1 1 1 0 0 1 1 1 1 0 0 0 1 0 1 0 0 1 0 1 0 1 1 1 1 1 1 1 0 1 1 1 1 1 0 1 0 0 0 1 0 1 1 1 1 1 1 1 1 1 1 0 0 1 0 1 1 0 1 0 0 1 0 0 1 0 1 0 1 1 1 1 1 0 0 0 1 1 0 1 0 0 0 1 0 1 0 1 0 1 1 0 1 1 0 0 1 1 1 1 0 1 1 0 1 1 0 0 1 0 1 1 1 0 0 0 0 0 1 1 0 0 1 1 0 1 1 1 0 1 1 1