50 380 5
0 1
0 2
1 2
0 3
1 3
2 3
0 4
1 4
2 4
3 4
1 5
4 5
0 5
3 5
4 6
0 6
1 6
2 6
4 7
1 7
2 7
0 7
1 8
4 8
7 8
3 8
5 9
1 9
0 9
2 9
1 10
7 10
2 10
6 10
6 11
1 11
3 11
10 11
0 12
1 12
8 12
3 12
0 13
8 13
3 13
9 13
0 14
3 14
9 14
4 14
5 15
1 15
0 15
10 15
14 16
1 16
12 16
0 16
11 17
3 17
0 17
2 17
9 18
0 18
2 18
7 18
6 19
1 19
4 19
0 19
11 20
5 20
0 20
2 20
11 21
6 21
13 21
17 21
11 22
20 22
4 22
18 22
3 23
12 23
8 23
1 23
13 24
2 24
4 24
0 24
8 25
11 25
23 25
1 25
2 26
8 26
10 26
1 26
0 27
16 27
2 27
25 27
27 28
3 28
19 28
21 28
16 29
9 29
14 29
20 29
8 30
23 30
3 30
20 30
30 31
26 31
3 31
0 31
20 32
4 32
5 32
22 32
4 33
2 33
12 33
1 33
4 34
17 34
11 34
6 34
3 35
7 35
25 35
12 35
10 36
4 36
2 36
18 36
25 37
4 37
19 37
18 37
7 38
0 38
14 38
18 38
7 39
25 39
1 39
4 39
2 40
3 40
17 40
30 40
13 41
17 41
3 41
6 41
14 42
25 42
8 42
20 42
1 43
3 43
14 43
11 43
10 44
25 44
11 44
41 44
33 45
25 45
11 45
37 45
1 46
16 46
2 46
38 46
11 47
7 47
22 47
0 47
46 48
0 48
33 48
6 48
24 49
25 49
11 49
1 49
1 0
2 0
2 1
3 0
3 1
3 2
4 0
4 1
4 2
4 3
5 1
5 4
5 0
5 3
6 4
6 0
6 1
6 2
7 4
7 1
7 2
7 0
8 1
8 4
8 7
8 3
9 5
9 1
9 0
9 2
10 1
10 7
10 2
10 6
11 6
11 1
11 3
11 10
12 0
12 1
12 8
12 3
13 0
13 8
13 3
13 9
14 0
14 3
14 9
14 4
15 5
15 1
15 0
15 10
16 14
16 1
16 12
16 0
17 11
17 3
17 0
17 2
18 9
18 0
18 2
18 7
19 6
19 1
19 4
19 0
20 11
20 5
20 0
20 2
21 11
21 6
21 13
21 17
22 11
22 20
22 4
22 18
23 3
23 12
23 8
23 1
24 13
24 2
24 4
24 0
25 8
25 11
25 23
25 1
26 2
26 8
26 10
26 1
27 0
27 16
27 2
27 25
28 27
28 3
28 19
28 21
29 16
29 9
29 14
29 20
30 8
30 23
30 3
30 20
31 30
31 26
31 3
31 0
32 20
32 4
32 5
32 22
33 4
33 2
33 12
33 1
34 4
34 17
34 11
34 6
35 3
35 7
35 25
35 12
36 10
36 4
36 2
36 18
37 25
37 4
37 19
37 18
38 7
38 0
38 14
38 18
39 7
39 25
39 1
39 4
40 2
40 3
40 17
40 30
41 13
41 17
41 3
41 6
42 14
42 25
42 8
42 20
43 1
43 3
43 14
43 11
44 10
44 25
44 11
44 41
45 33
45 25
45 11
45 37
46 1
46 16
46 2
46 38
47 11
47 7
47 22
47 0
48 46
48 0
48 33
48 6
49 24
49 25
49 11
49 1
0 0 0 1 1 1 1 0 1 1 1 1 1 1 0 1 0 0 1 0 1 1 0 1 1 0 0 0 1 0 1 1 0 1 0 1 0 0 1 1 0 0 0 0 1 0 1 1 1 1
0 0 0 1 1 1 1 0 0 0 0 1 0 1 0 0 0 1 1 0 1 0 0 1 1 1 0 1 1 1 1 0 0 1 1 1 0 0 1 1 0 0 0 1 0 1 1 1 0 1
1 1 0 1 0 0 0 0 0 1 1 0 0 0 0 1 0 0 1 0 1 1 1 1 1 1 1 0 0 1 0 1 0 1 0 1 1 1 1 1 1 1 0 0 0 0 0 1 0 1
0 0 1 1 0 0 0 1 0 1 0 1 1 1 0 0 1 0 1 1 0 1 1 1 0 1 1 0 0 0 1 0 1 1 0 0 1 0 0 0 0 0 1 0 0 0 0 0 1 0
0 1 0 1 0 1 0 0 1 0 0 1 1 1 0 1 0 1 0 1 1 1 1 0 1 1 1 0 1 1 0 0 1 1 1 1 0 0 1 0 0 0 1 0 0 0 0 0 1 0