250 1488 5
0 1
0 2
1 2
0 3
1 3
2 3
1 4
2 4
3 4
0 5
1 5
3 5
2 6
0 6
1 6
1 7
2 7
0 7
3 8
2 8
0 8
2 9
1 9
4 9
2 10
4 10
5 10
9 11
4 11
3 11
9 12
3 12
1 12
7 13
11 13
9 13
9 14
8 14
5 14
10 15
3 15
14 15
3 16
2 16
1 16
11 17
2 17
5 17
13 18
0 18
4 18
0 19
4 19
5 19
2 20
9 20
14 20
1 21
0 21
15 21
16 22
21 22
9 22
3 23
2 23
22 23
4 24
9 24
3 24
4 25
9 25
22 25
2 26
10 26
9 26
6 27
10 27
25 27
4 28
11 28
10 28
11 29
2 29
5 29
1 30
7 30
5 30
10 31
13 31
18 31
9 32
20 32
4 32
4 33
1 33
28 33
6 34
20 34
16 34
1 35
24 35
13 35
4 36
24 36
1 36
4 37
1 37
2 37
0 38
17 38
25 38
22 39
34 39
7 39
4 40
16 40
17 40
16 41
13 41
39 41
12 42
15 42
16 42
36 43
35 43
24 43
0 44
14 44
10 44
10 45
34 45
41 45
13 46
38 46
20 46
19 47
24 47
3 47
10 48
36 48
9 48
3 49
0 49
9 49
24 50
16 50
2 50
16 51
50 51
2 51
36 52
5 52
15 52
13 53
8 53
29 53
4 54
7 54
50 54
14 55
15 55
9 55
4 56
2 56
11 56
2 57
3 57
4 57
56 58
19 58
50 58
17 59
10 59
13 59
9 60
25 60
55 60
24 61
10 61
41 61
20 62
30 62
37 62
18 63
7 63
24 63
18 64
9 64
42 64
1 65
12 65
22 65
3 66
50 66
7 66
50 67
21 67
41 67
4 68
67 68
30 68
30 69
4 69
54 69
5 70
30 70
39 70
16 71
13 71
2 71
9 72
57 72
5 72
2 73
39 73
57 73
6 74
10 74
37 74
54 75
9 75
1 75
2 76
40 76
9 76
0 77
56 77
13 77
21 78
49 78
29 78
52 79
2 79
53 79
76 80
13 80
6 80
2 81
23 81
3 81
37 82
69 82
71 82
18 83
14 83
2 83
25 84
10 84
63 84
49 85
15 85
54 85
1 86
11 86
0 86
78 87
7 87
2 87
48 88
13 88
3 88
5 89
0 89
3 89
2 90
10 90
84 90
41 91
40 91
42 91
10 92
49 92
14 92
18 93
45 93
63 93
10 94
11 94
69 94
50 95
30 95
53 95
12 96
83 96
40 96
17 97
25 97
64 97
11 98
0 98
17 98
77 99
38 99
93 99
15 100
38 100
92 100
38 101
63 101
31 101
19 102
69 102
10 102
101 103
54 103
3 103
8 104
50 104
10 104
71 105
25 105
3 105
5 106
30 106
37 106
10 107
62 107
79 107
68 108
105 108
37 108
9 109
2 109
53 109
50 110
67 110
82 110
40 111
102 111
71 111
14 112
2 112
1 112
4 113
102 113
7 113
1 114
2 114
105 114
29 115
60 115
57 115
17 116
49 116
4 116
85 117
10 117
13 117
3 118
1 118
36 118
12 119
94 119
1 119
85 120
44 120
7 120
18 121
77 121
29 121
48 122
14 122
1 122
74 123
69 123
30 123
16 124
14 124
5 124
1 125
90 125
87 125
10 126
4 126
40 126
103 127
24 127
113 127
84 128
69 128
24 128
16 129
13 129
60 129
71 130
39 130
40 130
116 131
74 131
40 131
13 132
22 132
82 132
83 133
20 133
126 133
113 134
4 134
17 134
84 135
14 135
71 135
57 136
130 136
39 136
101 137
99 137
53 137
37 138
64 138
115 138
13 139
3 139
87 139
50 140
42 140
109 140
42 141
36 141
39 141
70 142
16 142
36 142
113 143
78 143
75 143
42 144
106 144
13 144
57 145
25 145
107 145
25 146
141 146
29 146
71 147
23 147
11 147
16 148
18 148
9 148
89 149
28 149
52 149
4 150
24 150
93 150
13 151
24 151
127 151
28 152
53 152
9 152
81 153
12 153
41 153
1 154
16 154
30 154
149 155
34 155
105 155
13 156
17 156
101 156
65 157
24 157
25 157
9 158
36 158
3 158
10 159
18 159
143 159
9 160
5 160
19 160
12 161
14 161
76 161
50 162
11 162
33 162
11 163
82 163
10 163
41 164
161 164
7 164
53 165
25 165
51 165
11 166
1 166
82 166
2 167
93 167
151 167
8 168
35 168
69 168
156 169
95 169
144 169
132 170
2 170
73 170
50 171
158 171
79 171
109 172
3 172
24 172
168 173
119 173
158 173
42 174
19 174
58 174
13 175
126 175
9 175
1 176
8 176
4 176
70 177
127 177
5 177
126 178
109 178
36 178
63 179
125 179
1 179
103 180
147 180
102 180
36 181
62 181
0 181
119 182
129 182
67 182
10 183
72 183
24 183
76 184
80 184
84 184
2 185
76 185
101 185
3 186
37 186
134 186
185 187
116 187
53 187
30 188
3 188
64 188
115 189
89 189
10 189
20 190
0 190
88 190
69 191
15 191
8 191
23 192
127 192
130 192
70 193
118 193
8 193
52 194
184 194
84 194
148 195
1 195
42 195
92 196
130 196
56 196
21 197
44 197
157 197
139 198
9 198
113 198
98 199
22 199
14 199
194 200
19 200
81 200
24 201
64 201
8 201
71 202
24 202
105 202
196 203
86 203
71 203
32 204
8 204
186 204
25 205
203 205
28 205
76 206
190 206
27 206
1 207
50 207
137 207
93 208
9 208
80 208
85 209
24 209
16 209
187 210
69 210
51 210
1 211
171 211
166 211
16 212
82 212
85 212
117 213
13 213
95 213
64 214
7 214
104 214
13 215
82 215
59 215
109 216
144 216
211 216
208 217
15 217
38 217
14 218
57 218
39 218
51 219
217 219
114 219
57 220
150 220
83 220
123 221
117 221
215 221
22 222
94 222
120 222
115 223
126 223
1 223
78 224
203 224
3 224
16 225
111 225
198 225
103 226
9 226
7 226
127 227
106 227
56 227
4 228
48 228
17 228
90 229
57 229
197 229
90 230
56 230
45 230
2 231
158 231
230 231
106 232
101 232
113 232
130 233
63 233
96 233
38 234
125 234
94 234
24 235
90 235
4 235
99 236
23 236
9 236
126 237
117 237
23 237
128 238
156 238
185 238
193 239
21 239
17 239
10 240
206 240
3 240
216 241
39 241
220 241
171 242
6 242
78 242
125 243
101 243
3 243
35 244
240 244
94 244
71 245
39 245
233 245
2 246
8 246
199 246
38 247
146 247
81 247
9 248
127 248
22 248
20 249
127 249
28 249
1 0
2 0
2 1
3 0
3 1
3 2
4 1
4 2
4 3
5 0
5 1
5 3
6 2
6 0
6 1
7 1
7 2
7 0
8 3
8 2
8 0
9 2
9 1
9 4
10 2
10 4
10 5
11 9
11 4
11 3
12 9
12 3
12 1
13 7
13 11
13 9
14 9
14 8
14 5
15 10
15 3
15 14
16 3
16 2
16 1
17 11
17 2
17 5
18 13
18 0
18 4
19 0
19 4
19 5
20 2
20 9
20 14
21 1
21 0
21 15
22 16
22 21
22 9
23 3
23 2
23 22
24 4
24 9
24 3
25 4
25 9
25 22
26 2
26 10
26 9
27 6
27 10
27 25
28 4
28 11
28 10
29 11
29 2
29 5
30 1
30 7
30 5
31 10
31 13
31 18
32 9
32 20
32 4
33 4
33 1
33 28
34 6
34 20
34 16
35 1
35 24
35 13
36 4
36 24
36 1
37 4
37 1
37 2
38 0
38 17
38 25
39 22
39 34
39 7
40 4
40 16
40 17
41 16
41 13
41 39
42 12
42 15
42 16
43 36
43 35
43 24
44 0
44 14
44 10
45 10
45 34
45 41
46 13
46 38
46 20
47 19
47 24
47 3
48 10
48 36
48 9
49 3
49 0
49 9
50 24
50 16
50 2
51 16
51 50
51 2
52 36
52 5
52 15
53 13
53 8
53 29
54 4
54 7
54 50
55 14
55 15
55 9
56 4
56 2
56 11
57 2
57 3
57 4
58 56
58 19
58 50
59 17
59 10
59 13
60 9
60 25
60 55
61 24
61 10
61 41
62 20
62 30
62 37
63 18
63 7
63 24
64 18
64 9
64 42
65 1
65 12
65 22
66 3
66 50
66 7
67 50
67 21
67 41
68 4
68 67
68 30
69 30
69 4
69 54
70 5
70 30
70 39
71 16
71 13
71 2
72 9
72 57
72 5
73 2
73 39
73 57
74 6
74 10
74 37
75 54
75 9
75 1
76 2
76 40
76 9
77 0
77 56
77 13
78 21
78 49
78 29
79 52
79 2
79 53
80 76
80 13
80 6
81 2
81 23
81 3
82 37
82 69
82 71
83 18
83 14
83 2
84 25
84 10
84 63
85 49
85 15
85 54
86 1
86 11
86 0
87 78
87 7
87 2
88 48
88 13
88 3
89 5
89 0
89 3
90 2
90 10
90 84
91 41
91 40
91 42
92 10
92 49
92 14
93 18
93 45
93 63
94 10
94 11
94 69
95 50
95 30
95 53
96 12
96 83
96 40
97 17
97 25
97 64
98 11
98 0
98 17
99 77
99 38
99 93
100 15
100 38
100 92
101 38
101 63
101 31
102 19
102 69
102 10
103 101
103 54
103 3
104 8
104 50
104 10
105 71
105 25
105 3
106 5
106 30
106 37
107 10
107 62
107 79
108 68
108 105
108 37
109 9
109 2
109 53
110 50
110 67
110 82
111 40
111 102
111 71
112 14
112 2
112 1
113 4
113 102
113 7
114 1
114 2
114 105
115 29
115 60
115 57
116 17
116 49
116 4
117 85
117 10
117 13
118 3
118 1
118 36
119 12
119 94
119 1
120 85
120 44
120 7
121 18
121 77
121 29
122 48
122 14
122 1
123 74
123 69
123 30
124 16
124 14
124 5
125 1
125 90
125 87
126 10
126 4
126 40
127 103
127 24
127 113
128 84
128 69
128 24
129 16
129 13
129 60
130 71
130 39
130 40
131 116
131 74
131 40
132 13
132 22
132 82
133 83
133 20
133 126
134 113
134 4
134 17
135 84
135 14
135 71
136 57
136 130
136 39
137 101
137 99
137 53
138 37
138 64
138 115
139 13
139 3
139 87
140 50
140 42
140 109
141 42
141 36
141 39
142 70
142 16
142 36
143 113
143 78
143 75
144 42
144 106
144 13
145 57
145 25
145 107
146 25
146 141
146 29
147 71
147 23
147 11
148 16
148 18
148 9
149 89
149 28
149 52
150 4
150 24
150 93
151 13
151 24
151 127
152 28
152 53
152 9
153 81
153 12
153 41
154 1
154 16
154 30
155 149
155 34
155 105
156 13
156 17
156 101
157 65
157 24
157 25
158 9
158 36
158 3
159 10
159 18
159 143
160 9
160 5
160 19
161 12
161 14
161 76
162 50
162 11
162 33
163 11
163 82
163 10
164 41
164 161
164 7
165 53
165 25
165 51
166 11
166 1
166 82
167 2
167 93
167 151
168 8
168 35
168 69
169 156
169 95
169 144
170 132
170 2
170 73
171 50
171 158
171 79
172 109
172 3
172 24
173 168
173 119
173 158
174 42
174 19
174 58
175 13
175 126
175 9
176 1
176 8
176 4
177 70
177 127
177 5
178 126
178 109
178 36
179 63
179 125
179 1
180 103
180 147
180 102
181 36
181 62
181 0
182 119
182 129
182 67
183 10
183 72
183 24
184 76
184 80
184 84
185 2
185 76
185 101
186 3
186 37
186 134
187 185
187 116
187 53
188 30
188 3
188 64
189 115
189 89
189 10
190 20
190 0
190 88
191 69
191 15
191 8
192 23
192 127
192 130
193 70
193 118
193 8
194 52
194 184
194 84
195 148
195 1
195 42
196 92
196 130
196 56
197 21
197 44
197 157
198 139
198 9
198 113
199 98
199 22
199 14
200 194
200 19
200 81
201 24
201 64
201 8
202 71
202 24
202 105
203 196
203 86
203 71
204 32
204 8
204 186
205 25
205 203
205 28
206 76
206 190
206 27
207 1
207 50
207 137
208 93
208 9
208 80
209 85
209 24
209 16
210 187
210 69
210 51
211 1
211 171
211 166
212 16
212 82
212 85
213 117
213 13
213 95
214 64
214 7
214 104
215 13
215 82
215 59
216 109
216 144
216 211
217 208
217 15
217 38
218 14
218 57
218 39
219 51
219 217
219 114
220 57
220 150
220 83
221 123
221 117
221 215
222 22
222 94
222 120
223 115
223 126
223 1
224 78
224 203
224 3
225 16
225 111
225 198
226 103
226 9
226 7
227 127
227 106
227 56
228 4
228 48
228 17
229 90
229 57
229 197
230 90
230 56
230 45
231 2
231 158
231 230
232 106
232 101
232 113
233 130
233 63
233 96
234 38
234 125
234 94
235 24
235 90
235 4
236 99
236 23
236 9
237 126
237 117
237 23
238 128
238 156
238 185
239 193
239 21
239 17
240 10
240 206
240 3
241 216
241 39
241 220
242 171
242 6
242 78
243 125
243 101
243 3
244 35
244 240
244 94
245 71
245 39
245 233
246 2
246 8
246 199
247 38
247 146
247 81
248 9
248 127
248 22
249 20
249 127
249 28
1 0 0 0 1 1 1 0 1 1 0 1 1 0 1 1 0 1 0 0 0 1 1 0 1 0 0 0 1 0 0 1 0 1 1 1 0 0 0 1 0 1 0 0 0 1 1 0 0 1 1 1 0 1 1 1 1 0 0 1 0 0 1 0 1 0 1 0 1 0 1 0 1 1 1 0 1 0 0 1 0 1 1 0 0 0 0 0 1 1 1 1 0 1 0 0 1 0 1 0 1 0 0 0 1 1 1 0 1 1 1 1 0 0 1 1 0 1 0 0 0 1 0 1 0 0 0 0 0 0 0 1 0 1 1 0 1 0 0 1 0 0 0 1 0 0 1 1 1 1 1 0 0 0 0 0 1 0 1 1 1 1 1 1 0 1 1 0 0 0 0 0 1 0 0 1 1 0 1 1 0 0 0 0 0 1 1 1 0 0 0 0 0 0 0 0 1 0 1 0 1 1 1 1 0 1 1 1 0 0 1 1 1 1 0 1 0 1 0 0 0 1 0 0 0 1 0 0 0 0 1 0 1 1 1 1 1 1 0 1 0 1 1 1 0 0 0 0 1 1
1 1 0 0 0 0 0 0 1 0 0 0 1 1 1 0 0 1 1 1 1 0 0 0 0 1 1 1 0 1 0 0 1 0 1 1 0 0 0 1 0 0 0 1 0 1 1 1 1 0 0 0 1 1 0 1 1 1 0 1 0 1 0 0 0 0 1 1 0 0 1 1 0 1 0 1 1 1 0 0 0 1 0 1 0 1 0 1 0 1 1 1 1 1 1 1 1 0 1 1 0 1 0 0 0 0 0 0 1 0 1 1 1 1 1 1 0 1 0 0 1 0 0 0 0 0 0 1 0 0 0 0 1 0 0 1 0 0 1 0 1 0 1 0 1 1 1 0 0 1 1 1 0 0 1 1 1 1 0 0 1 0 0 1 0 0 0 0 1 0 1 0 1 0 0 0 0 1 1 0 0 0 0 1 1 0 1 1 0 1 1 1 0 0 1 1 0 0 0 1 0 0 0 1 0 1 0 0 1 0 1 0 0 1 0 0 0 0 0 1 1 0 1 0 0 0 0 1 1 0 0 0 0 1 0 0 1 0 0 1 1 1 1 1 1 0 0 1 0 1
1 0 1 1 0 1 0 1 0 0 0 0 1 0 0 0 1 0 1 1 1 0 0 1 1 0 0 1 1 1 0 1 0 1 1 1 0 1 1 1 0 0 1 1 1 0 1 1 0 0 1 0 0 1 1 0 1 1 1 1 0 0 0 0 1 0 1 0 0 0 0 1 0 1 1 1 0 1 0 1 0 0 1 1 1 1 1 0 0 0 1 0 0 1 1 1 0 0 1 0 1 0 0 0 0 0 1 1 1 0 0 1 0 1 0 1 1 0 0 1 1 1 0 1 0 0 1 0 1 0 1 1 1 0 0 1 1 1 1 0 0 0 1 1 0 1 1 1 0 1 0 1 1 1 1 0 1 0 0 1 1 1 1 0 1 0 0 0 1 1 0 1 0 1 1 0 0 0 0 0 0 1 0 0 0 1 0 1 0 0 1 1 1 1 1 1 1 1 1 0 0 1 1 0 0 1 0 0 1 0 1 1 0 1 0 1 0 1 1 1 1 1 0 1 0 1 1 1 0 1 1 0 1 1 1 1 1 0 0 0 0 0 0 0 1 0 0 1 0 0
0 1 0 1 0 1 0 1 0 1 0 1 0 1 1 0 0 0 0 1 0 0 1 0 1 0 1 1 0 1 0 0 0 1 1 1 1 1 0 1 0 0 1 1 1 1 0 0 0 0 1 0 0 1 1 0 1 0 0 0 1 1 1 0 1 1 0 0 1 0 0 1 1 0 0 1 1 0 1 1 0 0 0 0 0 1 1 0 0 1 0 0 1 1 1 1 1 1 1 0 1 0 0 0 1 1 0 1 1 1 1 0 0 1 0 0 0 0 1 0 0 0 1 1 0 1 1 1 0 1 0 1 0 0 1 1 1 0 1 1 1 1 0 0 1 1 0 1 1 0 1 1 0 0 0 1 1 1 1 1 1 0 1 0 0 0 1 1 0 1 1 0 1 1 1 1 1 0 0 1 1 1 1 0 1 0 1 1 0 1 0 0 1 1 0 0 1 0 0 1 1 1 0 0 1 1 1 1 0 1 0 1 0 1 0 0 1 1 0 1 1 1 1 1 0 0 1 0 1 0 0 0 0 0 1 1 1 1 1 1 1 1 0 0 0 0 1 1 1 1
1 0 1 1 1 0 0 1 1 0 0 1 1 1 1 1 1 0 1 1 0 0 1 1 1 1 1 0 0 0 1 1 0 1 0 0 1 1 1 0 1 1 0 0 1 0 0 0 1 1 0 1 1 1 1 1 0 0 0 0 0 0 1 1 0 1 0 1 0 1 1 1 1 0 0 1 0 0 0 0 0 1 0 1 1 0 1 1 0 0 1 1 0 1 0 0 1 0 0 1 1 0 0 1 1 1 1 0 0 1 0 1 0 0 1 1 1 0 1 0 0 1 1 1 0 1 0 0 1 0 0 1 0 1 0 1 1 1 0 1 0 1 1 1 0 0 0 1 0 1 1 0 0 0 0 0 1 1 0 1 0 1 0 0 0 0 1 1 1 1 1 0 1 0 0 1 0 1 1 1 1 0 1 1 0 1 0 0 1 0 1 0 0 0 0 1 0 1 1 1 0 1 0 0 1 1 0 1 0 1 0 0 0 0 0 1 0 0 0 0 1 0 0 0 1 1 0 1 1 0 0 0 1 1 1 0 0 0 1 1 1 0 0 0 1 0 0 1 1 1