250 498 5
0 1
0 2
1 3
3 4
3 5
2 6
0 7
4 8
8 9
4 10
6 11
7 12
3 13
7 14
12 15
5 16
2 17
4 18
9 19
16 20
7 21
0 22
0 23
1 24
11 25
0 26
1 27
12 28
5 29
22 30
3 31
22 32
2 33
3 34
11 35
34 36
11 37
2 38
25 39
1 40
12 41
23 42
2 43
28 44
0 45
4 46
45 47
5 48
47 49
10 50
2 51
46 52
17 53
36 54
6 55
21 56
39 57
4 58
29 59
28 60
57 61
49 62
47 63
21 64
6 65
50 66
54 67
42 68
39 69
68 70
7 71
0 72
15 73
3 74
61 75
29 76
67 77
53 78
52 79
34 80
39 81
40 82
34 83
44 84
22 85
81 86
27 87
6 88
7 89
30 90
4 91
11 92
29 93
34 94
47 95
1 96
11 97
80 98
21 99
43 100
25 101
71 102
47 103
102 104
0 105
0 106
49 107
9 108
32 109
2 110
90 111
20 112
6 113
85 114
82 115
26 116
42 117
63 118
2 119
9 120
3 121
6 122
4 123
77 124
102 125
103 126
2 127
51 128
114 129
101 130
77 131
43 132
1 133
15 134
1 135
55 136
3 137
35 138
129 139
7 140
109 141
58 142
82 143
69 144
60 145
113 146
43 147
95 148
29 149
0 150
127 151
130 152
54 153
51 154
10 155
47 156
101 157
47 158
102 159
3 160
6 161
1 162
60 163
39 164
79 165
77 166
13 167
127 168
35 169
59 170
27 171
50 172
0 173
49 174
43 175
135 176
3 177
55 178
47 179
47 180
26 181
22 182
5 183
0 184
145 185
21 186
15 187
52 188
40 189
34 190
25 191
14 192
43 193
130 194
101 195
27 196
7 197
102 198
192 199
113 200
47 201
46 202
176 203
79 204
129 205
62 206
120 207
192 208
16 209
29 210
63 211
53 212
12 213
124 214
35 215
204 216
16 217
101 218
1 219
218 220
157 221
170 222
90 223
67 224
0 225
23 226
20 227
11 228
45 229
70 230
123 231
213 232
210 233
205 234
72 235
65 236
2 237
25 238
44 239
145 240
101 241
0 242
3 243
21 244
68 245
138 246
76 247
2 248
2 249
1 0
2 0
3 1
4 3
5 3
6 2
7 0
8 4
9 8
10 4
11 6
12 7
13 3
14 7
15 12
16 5
17 2
18 4
19 9
20 16
21 7
22 0
23 0
24 1
25 11
26 0
27 1
28 12
29 5
30 22
31 3
32 22
33 2
34 3
35 11
36 34
37 11
38 2
39 25
40 1
41 12
42 23
43 2
44 28
45 0
46 4
47 45
48 5
49 47
50 10
51 2
52 46
53 17
54 36
55 6
56 21
57 39
58 4
59 29
60 28
61 57
62 49
63 47
64 21
65 6
66 50
67 54
68 42
69 39
70 68
71 7
72 0
73 15
74 3
75 61
76 29
77 67
78 53
79 52
80 34
81 39
82 40
83 34
84 44
85 22
86 81
87 27
88 6
89 7
90 30
91 4
92 11
93 29
94 34
95 47
96 1
97 11
98 80
99 21
100 43
101 25
102 71
103 47
104 102
105 0
106 0
107 49
108 9
109 32
110 2
111 90
112 20
113 6
114 85
115 82
116 26
117 42
118 63
119 2
120 9
121 3
122 6
123 4
124 77
125 102
126 103
127 2
128 51
129 114
130 101
131 77
132 43
133 1
134 15
135 1
136 55
137 3
138 35
139 129
140 7
141 109
142 58
143 82
144 69
145 60
146 113
147 43
148 95
149 29
150 0
151 127
152 130
153 54
154 51
155 10
156 47
157 101
158 47
159 102
160 3
161 6
162 1
163 60
164 39
165 79
166 77
167 13
168 127
169 35
170 59
171 27
172 50
173 0
174 49
175 43
176 135
177 3
178 55
179 47
180 47
181 26
182 22
183 5
184 0
185 145
186 21
187 15
188 52
189 40
190 34
191 25
192 14
193 43
194 130
195 101
196 27
197 7
198 102
199 192
200 113
201 47
202 46
203 176
204 79
205 129
206 62
207 120
208 192
209 16
210 29
211 63
212 53
213 12
214 124
215 35
216 204
217 16
218 101
219 1
220 218
221 157
222 170
223 90
224 67
225 0
226 23
227 20
228 11
229 45
230 70
231 123
232 213
233 210
234 205
235 72
236 65
237 2
238 25
239 44
240 145
241 101
242 0
243 3
244 21
245 68
246 138
247 76
248 2
249 2
0 1 0 1 0 0 1 0 0 1 1 1 0 0 0 0 0 0 1 1 1 1 1 1 0 1 1 0 1 1 0 0 1 0 0 0 0 1 1 0 1 0 0 0 0 0 0 1 0 0 1 0 1 1 1 1 1 1 0 0 0 1 0 0 1 1 0 1 0 1 1 1 0 0 0 0 1 1 1 1 0 1 1 0 0 0 1 0 1 0 1 1 0 1 0 1 0 1 1 0 1 0 0 1 1 1 1 0 1 1 0 1 0 0 1 1 0 1 0 0 1 1 1 1 0 1 1 0 0 1 1 1 1 0 1 1 1 1 1 1 1 1 1 0 0 0 0 1 0 1 1 1 0 1 0 1 0 1 1 1 0 1 0 0 1 0 0 0 1 1 0 0 0 0 1 1 1 1 0 0 0 1 1 0 1 1 0 1 1 0 0 1 1 1 0 0 1 0 0 0 0 1 0 0 0 1 0 1 1 1 0 0 0 1 0 1 0 0 1 0 0 0 0 0 0 1 1 0 0 0 1 1 0 0 1 0 0 1 1 1 0 0 0 0 1 1 1 0 0 1
0 1 1 1 0 1 0 1 0 0 0 0 0 1 1 0 0 1 0 0 0 0 0 0 1 1 0 1 0 0 0 0 0 0 0 1 0 1 1 0 0 0 1 0 1 1 0 1 1 0 1 0 1 0 1 1 1 0 1 1 0 1 0 0 0 1 1 1 0 1 1 0 0 1 1 1 1 0 0 1 1 1 0 0 0 0 1 0 1 0 1 0 1 0 1 0 0 1 1 0 0 1 1 1 0 0 0 1 0 0 0 0 0 0 0 0 0 0 0 0 1 0 0 1 0 0 0 1 0 0 1 0 1 1 0 0 1 0 0 0 0 0 0 0 0 0 0 1 1 1 0 1 0 0 1 1 1 1 0 0 1 0 0 0 0 1 1 1 0 1 0 0 1 1 1 1 0 0 0 1 1 1 1 0 0 0 1 0 0 1 0 1 1 0 0 1 1 1 1 0 1 1 1 1 0 1 1 0 1 1 0 1 1 1 1 0 1 1 1 1 1 0 1 0 1 0 0 1 1 1 1 1 0 1 1 1 0 1 1 1 1 0 0 1 0 1 0 1 0 0
0 1 1 1 0 1 1 1 1 1 1 0 0 0 1 0 1 0 0 1 1 1 0 0 1 0 1 0 1 0 0 1 0 1 1 0 0 0 0 0 0 0 1 0 1 0 1 0 0 0 1 1 0 0 1 1 0 1 0 1 0 0 0 0 1 0 1 1 0 0 0 0 1 0 1 0 1 0 0 1 0 0 1 0 1 0 0 1 1 0 1 0 1 1 1 1 1 1 1 0 0 0 0 0 0 1 1 1 1 0 0 1 0 0 0 1 0 1 1 0 1 1 0 1 1 0 1 0 0 0 1 0 0 1 0 0 1 0 1 0 1 0 1 0 1 0 1 1 0 0 1 1 0 0 1 0 0 0 0 1 0 0 0 0 0 0 1 0 1 0 1 1 0 0 1 0 0 1 1 0 0 1 0 0 0 1 1 1 0 0 1 0 0 1 0 1 1 1 1 0 0 0 0 0 1 0 1 1 1 0 1 0 1 1 0 1 1 0 0 1 1 0 0 0 0 0 0 1 1 1 0 0 1 0 1 1 1 1 1 0 0 0 1 1 0 1 1 0 1 1
1 0 0 0 0 0 0 0 1 0 0 0 1 0 0 0 0 1 0 1 0 0 0 1 1 0 1 1 0 0 0 1 1 1 1 1 1 0 1 0 0 0 0 0 1 0 0 0 1 0 0 1 0 1 0 0 0 1 1 1 1 1 0 1 1 0 0 0 1 1 1 1 0 0 1 1 1 1 0 1 1 0 0 0 0 0 0 1 0 1 0 0 1 0 1 0 0 0 0 1 1 1 0 1 0 0 1 1 0 1 0 0 0 1 0 0 1 0 1 1 0 1 1 1 0 1 1 1 0 0 0 0 0 1 0 0 1 0 0 1 0 1 0 0 1 1 1 1 1 0 1 0 0 0 0 0 0 0 1 0 0 1 1 1 0 1 0 0 1 0 0 1 1 1 0 1 0 0 1 1 0 0 1 1 0 0 0 1 0 0 1 1 0 0 1 0 0 0 0 1 1 0 1 0 1 1 1 0 0 0 1 0 1 1 0 0 1 1 1 0 1 1 1 0 0 1 1 1 0 1 0 0 0 0 0 1 0 1 0 0 0 0 0 1 0 1 1 1 1 0
0 1 1 1 0 1 0 1 0 1 0 1 0 0 1 1 0 0 0 1 1 0 1 1 1 1 0 0 1 0 0 1 0 1 1 1 0 1 0 0 0 0 1 0 0 0 0 1 1 0 1 0 0 1 0 0 1 1 1 0 1 0 0 0 0 0 1 1 1 0 0 1 0 1 0 1 0 0 0 0 0 1 0 0 0 1 1 0 0 0 1 0 0 0 1 0 0 1 0 0 1 0 0 1 0 0 1 0 0 1 1 1 1 0 0 0 0 1 1 1 0 1 1 1 1 0 0 1 0 1 0 0 1 0 0 1 0 0 0 0 1 1 1 1 1 1 1 1 0 1 1 0 1 0 0 0 1 1 1 0 0 1 0 1 0 1 0 0 0 1 0 1 0 0 0 1 1 0 0 0 0 1 1 1 1 0 1 1 1 1 1 1 0 1 1 0 0 1 1 1 1 1 0 0 0 0 0 1 0 1 0 0 1 1 0 0 1 1 0 0 1 0 0 0 1 0 0 0 1 0 0 1 1 1 1 0 1 0 0 1 0 0 0 0 1 1 0 1 0 0