100 390 5
1 1 0 0 0 0 1 1 0 1 0 0 1 1 1 0 0 0 1 1 1 0 1 0 1 0 1 1 1 0 0 1 1 0 1 1 1 0 0 0 1 1 0 0 1 0 0 1 0 1 1 1 0 1 1 1 1 0 1 1 0 0 0 1 0 0 0 1 1 1 1 0 0 1 0 0 1 1 0 0 0 0 1 0 0 1 1 0 0 0 0 1 1 1 0 0 1 0 1 1
0 1 0 1 1 1 0 1 0 0 0 0 0 1 1 1 1 1 1 0 1 0 0 0 1 1 1 1 0 0 0 0 1 0 1 0 1 0 1 1 0 1 0 0 0 0 1 1 1 0 0 0 0 0 0 0 0 1 1 1 1 1 0 1 1 1 1 0 1 1 1 0 0 1 0 1 1 1 0 1 0 1 1 1 0 1 1 0 0 0 1 1 0 1 1 1 0 1 0 0
1 0 1 1 1 1 1 0 0 1 0 1 0 0 0 1 1 1 0 0 1 0 0 0 1 0 0 0 1 0 1 1 0 0 1 1 0 0 1 1 0 0 1 1 1 1 1 1 0 0 0 0 1 0 1 0 0 0 0 1 1 0 1 1 0 1 0 0 1 1 1 0 1 0 1 1 1 1 1 0 0 1 0 0 1 1 1 1 1 0 0 0 1 0 1 1 0 0 1 1
0 0 1 0 0 0 0 0 0 0 1 0 1 0 1 0 0 1 1 0 0 0 0 1 1 0 1 0 0 1 1 0 1 0 0 0 1 0 1 1 1 0 1 0 0 0 1 1 1 0 1 1 1 0 0 0 1 1 1 1 1 0 0 0 1 1 1 0 0 0 1 0 0 1 1 0 1 1 1 0 1 1 0 1 1 0 0 1 1 1 1 0 1 0 1 0 0 1 1 1
0 0 0 0 0 1 1 0 0 1 0 1 1 1 0 1 0 1 0 0 0 0 0 1 1 0 0 1 0 1 1 0 0 1 1 0 0 0 1 1 0 0 1 0 0 0 0 0 1 0 1 0 1 0 0 0 1 0 1 0 0 1 1 0 0 1 0 1 0 1 0 0 1 0 0 1 0 1 1 0 1 1 1 1 1 0 1 1 0 1 1 1 0 1 1 1 0 0 0 1
0 1
0 2
1 2
0 3
1 3
2 3
0 4
1 4
2 4
3 4
2 5
0 5
4 5
3 5
1 6
3 6
2 6
4 6
4 7
6 7
0 7
2 7
4 8
5 8
2 8
0 8
1 9
4 9
0 9
2 9
7 10
1 10
3 10
6 10
3 11
4 11
8 11
2 11
1 12
9 12
7 12
11 12
8 13
5 13
3 13
10 13
11 14
3 14
0 14
1 14
11 15
6 15
7 15
10 15
3 16
9 16
5 16
1 16
10 17
7 17
0 17
9 17
1 18
3 18
7 18
2 18
16 19
1 19
0 19
7 19
4 20
3 20
18 20
14 20
1 21
3 21
2 21
9 21
18 22
1 22
3 22
0 22
14 23
18 23
8 23
9 23
2 24
9 24
10 24
19 24
4 25
10 25
7 25
3 25
9 26
11 26
21 26
4 26
11 27
8 27
0 27
3 27
6 28
17 28
5 28
2 28
7 29
17 29
5 29
3 29
8 30
9 30
12 30
25 30
4 31
1 31
26 31
14 31
1 32
22 32
2 32
14 32
3 33
4 33
6 33
1 33
28 34
9 34
0 34
20 34
4 35
19 35
3 35
34 35
2 36
0 36
9 36
8 36
7 37
28 37
2 37
8 37
27 38
11 38
9 38
28 38
22 39
21 39
2 39
30 39
29 40
0 40
4 40
32 40
26 41
3 41
20 41
15 41
32 42
7 42
19 42
30 42
29 43
16 43
14 43
26 43
11 44
2 44
13 44
10 44
17 45
33 45
14 45
20 45
25 46
29 46
6 46
23 46
1 47
29 47
3 47
14 47
18 48
14 48
17 48
0 48
23 49
1 49
16 49
43 49
43 50
48 50
19 50
22 50
22 51
36 51
6 51
18 51
35 52
9 52
32 52
45 52
3 53
38 53
14 53
8 53
18 54
15 54
9 54
27 54
1 55
22 55
34 55
42 55
16 56
27 56
17 56
20 56
46 57
27 57
44 57
18 57
36 58
4 58
22 58
49 58
4 59
26 59
53 59
32 59
28 60
19 60
0 60
22 60
48 61
49 61
4 61
10 61
41 62
0 62
25 62
8 62
17 63
5 63
3 63
6 63
17 64
3 64
62 64
15 64
42 65
33 65
0 65
32 65
0 66
21 66
35 66
1 66
7 67
49 67
29 67
51 67
9 68
29 68
1 68
26 68
16 69
25 69
62 69
23 69
0 70
35 70
6 70
4 70
49 71
7 71
29 71
59 71
8 72
43 72
62 72
68 72
33 73
54 73
0 73
2 73
1 74
2 74
37 74
20 74
44 75
7 75
4 75
36 75
55 76
24 76
25 76
27 76
46 77
42 77
35 77
51 77
15 78
46 78
74 78
21 78
38 79
4 79
45 79
68 79
28 80
4 80
7 80
14 80
2 81
62 81
34 81
57 81
52 82
6 82
5 82
9 82
42 83
63 83
4 83
68 83
74 84
35 84
7 84
26 84
32 85
73 85
54 85
38 85
17 86
40 86
1 86
67 86
64 87
11 87
45 87
73 87
40 88
25 88
11 88
67 88
68 89
15 89
29 89
67 89
79 90
38 90
32 90
58 90
77 91
7 91
31 91
45 91
63 92
70 92
4 92
74 92
4 93
49 93
34 93
2 93
32 94
79 94
29 94
4 94
26 95
75 95
77 95
91 95
93 96
25 96
90 96
8 96
4 97
0 97
12 97
32 97
73 98
15 98
34 98
2 98
1 99
51 99
19 99
56 99