100 390 5
0 1
0 2
1 2
0 3
1 3
2 3
0 4
1 4
2 4
3 4
1 5
3 5
4 5
0 5
4 6
2 6
0 6
1 6
1 7
5 7
0 7
2 7
3 8
4 8
2 8
1 8
6 9
4 9
1 9
2 9
6 10
3 10
0 10
4 10
6 11
4 11
1 11
0 11
1 12
6 12
10 12
9 12
11 13
3 13
6 13
1 13
4 14
3 14
0 14
12 14
6 15
2 15
11 15
10 15
1 16
12 16
10 16
2 16
9 17
1 17
10 17
16 17
1 18
2 18
5 18
15 18
1 19
0 19
5 19
15 19
1 20
15 20
0 20
9 20
5 21
2 21
1 21
7 21
16 22
10 22
2 22
20 22
16 23
0 23
6 23
15 23
5 24
9 24
4 24
21 24
1 25
3 25
22 25
5 25
7 26
1 26
4 26
0 26
1 27
4 27
26 27
5 27
8 28
1 28
6 28
19 28
24 29
1 29
15 29
3 29
9 30
10 30
5 30
16 30
29 31
3 31
30 31
16 31
5 32
4 32
26 32
15 32
13 33
15 33
25 33
4 33
0 34
28 34
29 34
31 34
13 35
28 35
2 35
23 35
29 36
1 36
23 36
26 36
27 37
23 37
1 37
10 37
15 38
28 38
16 38
1 38
9 39
25 39
1 39
33 39
36 40
9 40
2 40
31 40
8 41
1 41
15 41
0 41
40 42
37 42
29 42
13 42
22 43
9 43
37 43
41 43
11 44
38 44
4 44
7 44
1 45
10 45
5 45
16 45
10 46
7 46
3 46
25 46
23 47
19 47
16 47
1 47
25 48
39 48
6 48
0 48
6 49
10 49
9 49
4 49
8 50
42 50
12 50
11 50
2 51
10 51
25 51
35 51
30 52
37 52
7 52
4 52
1 53
8 53
25 53
10 53
29 54
34 54
28 54
6 54
32 55
30 55
1 55
2 55
42 56
0 56
47 56
46 56
19 57
29 57
47 57
3 57
15 58
46 58
6 58
48 58
32 59
17 59
31 59
50 59
2 60
1 60
35 60
27 60
5 61
9 61
31 61
17 61
6 62
26 62
5 62
54 62
16 63
12 63
8 63
6 63
7 64
36 64
33 64
39 64
15 65
10 65
56 65
28 65
10 66
48 66
1 66
13 66
21 67
37 67
19 67
10 67
60 68
50 68
10 68
2 68
17 69
34 69
48 69
22 69
10 70
19 70
20 70
7 70
60 71
32 71
67 71
1 71
38 72
1 72
45 72
43 72
9 73
11 73
48 73
6 73
9 74
1 74
6 74
13 74
0 75
26 75
23 75
1 75
43 76
11 76
10 76
46 76
5 77
18 77
34 77
58 77
59 78
69 78
33 78
12 78
69 79
49 79
5 79
28 79
13 80
16 80
6 80
29 80
33 81
17 81
47 81
41 81
19 82
15 82
44 82
0 82
13 83
82 83
53 83
12 83
12 84
45 84
39 84
46 84
7 85
11 85
46 85
15 85
43 86
55 86
45 86
63 86
4 87
9 87
55 87
82 87
39 88
70 88
47 88
3 88
10 89
0 89
2 89
75 89
28 90
10 90
34 90
16 90
25 91
85 91
2 91
9 91
81 92
2 92
1 92
33 92
10 93
8 93
4 93
5 93
3 94
12 94
10 94
51 94
15 95
83 95
46 95
72 95
1 96
38 96
6 96
78 96
67 97
16 97
46 97
2 97
47 98
28 98
61 98
10 98
71 99
8 99
45 99
5 99
1 0 0 0 1 0 1 1 1 1 0 1 1 0 0 0 0 1 1 1 1 1 0 0 1 1 1 1 0 0 0 0 1 0 0 0 0 0 0 0 0 0 1 1 1 1 1 0 1 0 1 0 0 1 0 1 1 1 0 1 1 1 0 0 1 1 0 0 0 1 1 0 0 0 1 1 0 1 0 0 0 1 1 1 0 0 0 1 0 0 0 0 1 1 0 1 1 0 0 0
1 1 1 1 0 1 0 1 0 0 0 0 1 1 1 1 0 0 0 1 1 0 1 0 0 0 1 1 1 0 1 0 1 0 0 0 0 0 1 0 1 1 0 1 1 1 1 0 0 1 1 0 1 0 1 0 0 0 0 1 1 0 1 0 0 1 1 1 1 1 0 0 0 0 1 1 0 0 1 1 1 1 0 1 0 1 0 1 0 1 1 0 0 0 0 0 0 0 0 1
0 0 1 1 0 1 0 1 1 0 0 0 1 1 0 0 0 0 1 0 0 0 0 0 1 0 1 1 1 1 0 1 1 0 1 1 1 0 0 0 1 0 1 1 1 0 0 0 1 1 1 0 1 0 0 0 1 1 0 1 0 1 0 0 0 0 0 0 0 0 0 0 0 1 1 1 0 0 1 1 0 1 1 1 1 0 0 1 1 1 1 0 0 1 0 1 1 1 0 0
0 1 1 1 0 1 0 1 0 1 0 0 0 1 0 1 0 1 0 0 1 0 1 1 1 0 0 1 0 0 1 1 1 0 0 1 0 0 1 0 1 0 1 1 0 0 1 0 1 1 0 0 1 0 0 0 1 0 0 1 0 1 1 1 0 1 1 0 0 1 1 1 1 0 0 0 1 1 1 0 0 1 0 1 1 0 1 1 1 1 1 0 0 1 0 0 0 1 1 1
1 0 0 1 0 1 0 1 0 0 1 1 0 0 0 1 1 0 1 1 0 1 0 0 1 0 0 0 0 1 0 0 1 0 1 1 0 1 0 1 1 1 0 1 0 0 1 1 0 0 1 1 0 0 1 0 0 0 1 0 1 1 0 1 1 0 0 0 0 1 0 0 0 1 1 1 1 0 1 1 1 0 1 1 0 1 1 1 1 1 1 0 0 0 0 0 1 1 0 1