100 390 5
0 1
0 2
1 2
0 3
1 3
2 3
0 4
1 4
2 4
3 4
2 5
0 5
3 5
4 5
1 6
3 6
2 6
5 6
1 7
6 7
4 7
0 7
4 8
5 8
1 8
3 8
0 9
4 9
3 9
5 9
5 10
1 10
9 10
7 10
6 11
10 11
4 11
3 11
7 12
11 12
1 12
0 12
1 13
12 13
7 13
10 13
5 14
4 14
7 14
1 14
8 15
4 15
1 15
11 15
5 16
3 16
0 16
4 16
4 17
1 17
5 17
12 17
6 18
4 18
11 18
0 18
1 19
6 19
11 19
5 19
0 20
11 20
5 20
7 20
0 21
13 21
7 21
3 21
7 22
1 22
5 22
13 22
0 23
10 23
15 23
13 23
5 24
7 24
6 24
3 24
4 25
9 25
8 25
11 25
9 26
7 26
12 26
25 26
1 27
3 27
9 27
11 27
14 28
21 28
11 28
1 28
16 29
0 29
7 29
18 29
3 30
19 30
2 30
1 30
29 31
0 31
3 31
4 31
7 32
1 32
16 32
5 32
26 33
10 33
5 33
24 33
18 34
5 34
1 34
10 34
21 35
3 35
19 35
13 35
4 36
26 36
3 36
0 36
22 37
7 37
17 37
33 37
18 38
12 38
22 38
4 38
38 39
10 39
9 39
7 39
34 40
0 40
7 40
18 40
7 41
16 41
12 41
22 41
9 42
8 42
3 42
38 42
1 43
10 43
37 43
39 43
3 44
32 44
37 44
39 44
7 45
5 45
1 45
26 45
10 46
3 46
0 46
37 46
22 47
5 47
4 47
11 47
14 48
11 48
37 48
16 48
29 49
18 49
3 49
9 49
16 50
41 50
28 50
26 50
13 51
18 51
42 51
5 51
26 52
28 52
11 52
1 52
34 53
26 53
46 53
49 53
51 54
5 54
32 54
12 54
53 55
9 55
25 55
7 55
53 56
52 56
11 56
1 56
53 57
47 57
11 57
54 57
3 58
4 58
40 58
1 58
53 59
9 59
3 59
4 59
51 60
10 60
1 60
37 60
54 61
43 61
5 61
14 61
7 62
35 62
26 62
59 62
51 63
20 63
45 63
37 63
4 64
9 64
56 64
34 64
44 65
36 65
16 65
5 65
4 66
24 66
18 66
0 66
4 67
0 67
27 67
57 67
19 68
15 68
4 68
24 68
1 69
37 69
23 69
7 69
33 70
14 70
17 70
59 70
45 71
24 71
21 71
42 71
9 72
8 72
57 72
43 72
37 73
4 73
35 73
53 73
37 74
11 74
18 74
61 74
74 75
48 75
17 75
66 75
33 76
47 76
11 76
37 76
75 77
15 77
1 77
62 77
5 78
48 78
71 78
13 78
32 79
5 79
14 79
16 79
17 80
13 80
5 80
10 80
32 81
26 81
4 81
65 81
57 82
5 82
46 82
18 82
28 83
0 83
46 83
39 83
15 84
71 84
67 84
7 84
60 85
56 85
5 85
37 85
50 86
76 86
3 86
57 86
36 87
44 87
15 87
21 87
57 88
4 88
76 88
28 88
17 89
18 89
32 89
39 89
49 90
16 90
52 90
34 90
39 91
5 91
4 91
80 91
5 92
18 92
20 92
56 92
21 93
5 93
3 93
13 93
23 94
52 94
4 94
20 94
9 95
16 95
0 95
92 95
48 96
16 96
5 96
21 96
50 97
89 97
76 97
47 97
78 98
32 98
68 98
18 98
1 99
29 99
70 99
74 99
1 1 1 0 0 0 0 0 0 1 0 0 1 0 0 1 0 1 1 0 1 0 0 0 1 0 1 0 0 1 1 0 1 1 1 1 0 0 1 1 1 0 1 0 0 0 0 1 0 1 1 1 1 1 1 1 0 0 1 0 0 0 1 0 0 1 0 0 1 0 0 1 1 0 0 0 1 1 0 1 1 0 0 0 0 1 1 1 1 0 1 0 0 1 0 1 1 1 1 1
0 0 1 1 0 1 0 1 1 1 0 1 1 0 0 0 1 0 1 0 1 0 1 0 0 0 0 0 1 1 1 1 1 1 1 1 0 0 1 1 0 1 1 1 1 1 0 1 1 0 1 1 0 0 1 0 0 0 0 1 1 0 1 0 1 1 1 0 1 1 1 0 0 1 0 0 0 0 0 1 1 1 1 1 1 1 0 1 0 0 0 0 1 0 0 0 1 1 0 0
0 0 1 1 1 0 0 1 0 1 0 0 0 0 1 1 1 1 0 0 1 1 1 1 0 1 1 1 0 0 0 1 1 1 0 1 0 1 1 0 0 1 0 0 1 0 0 0 0 1 0 0 1 0 0 1 1 1 1 1 1 1 1 0 0 0 1 0 0 0 0 0 1 0 0 0 0 0 0 1 1 1 0 0 0 0 0 1 1 1 1 1 0 0 0 1 0 1 0 0
1 0 0 1 0 1 0 1 1 1 1 0 1 1 1 1 1 1 0 0 1 1 1 0 1 1 1 1 0 0 1 1 0 1 1 0 1 0 1 1 0 0 1 0 1 0 0 1 1 1 1 1 0 1 0 0 1 1 0 1 1 1 1 0 1 1 1 1 1 1 1 1 1 1 0 1 1 0 1 0 0 0 0 1 1 1 0 1 0 0 1 0 1 0 1 0 0 1 1 0
0 0 0 1 0 0 1 0 0 1 1 1 1 0 0 0 1 1 1 0 1 0 0 0 0 1 0 1 0 0 0 1 0 0 0 1 0 0 1 0 0 1 1 1 0 0 1 1 1 1 1 0 0 1 0 0 0 1 0 1 1 1 0 0 0 1 1 0 0 0 1 0 0 0 1 1 1 0 0 1 0 1 0 0 1 1 1 1 1 0 0 0 1 0 1 1 0 1 1 0