100 588 5
0 1
0 2
1 2
0 3
1 3
2 3
3 4
0 4
1 4
3 5
4 5
2 5
4 6
5 6
3 6
5 7
4 7
2 7
2 8
3 8
5 8
3 9
6 9
4 9
4 10
1 10
5 10
4 11
5 11
9 11
2 12
5 12
0 12
2 13
1 13
5 13
5 14
0 14
12 14
1 15
5 15
3 15
4 16
8 16
6 16
5 17
13 17
3 17
7 18
8 18
14 18
11 19
4 19
13 19
10 20
2 20
11 20
5 21
16 21
4 21
1 22
4 22
2 22
6 23
14 23
4 23
22 24
11 24
1 24
15 25
3 25
6 25
3 26
8 26
23 26
18 27
4 27
19 27
8 28
3 28
17 28
6 29
9 29
19 29
16 30
13 30
28 30
2 31
3 31
22 31
18 32
5 32
7 32
11 33
27 33
4 33
29 34
2 34
11 34
31 35
5 35
11 35
4 36
10 36
21 36
7 37
12 37
2 37
16 38
19 38
6 38
21 39
0 39
4 39
38 40
29 40
16 40
28 41
25 41
39 41
3 42
13 42
22 42
32 43
0 43
36 43
29 44
18 44
42 44
31 45
8 45
5 45
30 46
4 46
5 46
31 47
5 47
25 47
6 48
37 48
34 48
4 49
28 49
20 49
31 50
39 50
7 50
9 51
13 51
16 51
40 52
25 52
41 52
30 53
16 53
38 53
4 54
0 54
6 54
18 55
49 55
39 55
54 56
28 56
32 56
49 57
8 57
35 57
8 58
37 58
3 58
18 59
42 59
0 59
4 60
1 60
0 60
13 61
19 61
2 61
40 62
18 62
43 62
4 63
27 63
43 63
15 64
4 64
5 64
5 65
37 65
1 65
5 66
41 66
55 66
0 67
25 67
6 67
39 68
6 68
32 68
47 69
23 69
4 69
43 70
42 70
11 70
27 71
41 71
5 71
5 72
39 72
28 72
6 73
63 73
14 73
37 74
34 74
43 74
5 75
24 75
25 75
25 76
70 76
22 76
55 77
25 77
5 77
49 78
41 78
1 78
68 79
0 79
70 79
43 80
55 80
5 80
13 81
4 81
35 81
3 82
69 82
8 82
52 83
47 83
77 83
77 84
6 84
25 84
26 85
16 85
9 85
78 86
2 86
5 86
34 87
71 87
82 87
32 88
69 88
39 88
70 89
1 89
0 89
48 90
47 90
63 90
71 91
90 91
9 91
37 92
71 92
4 92
83 93
37 93
16 93
52 94
69 94
49 94
76 95
44 95
54 95
85 96
71 96
10 96
46 97
26 97
1 97
5 98
34 98
43 98
36 99
31 99
60 99
1 0
2 0
2 1
3 0
3 1
3 2
4 3
4 0
4 1
5 3
5 4
5 2
6 4
6 5
6 3
7 5
7 4
7 2
8 2
8 3
8 5
9 3
9 6
9 4
10 4
10 1
10 5
11 4
11 5
11 9
12 2
12 5
12 0
13 2
13 1
13 5
14 5
14 0
14 12
15 1
15 5
15 3
16 4
16 8
16 6
17 5
17 13
17 3
18 7
18 8
18 14
19 11
19 4
19 13
20 10
20 2
20 11
21 5
21 16
21 4
22 1
22 4
22 2
23 6
23 14
23 4
24 22
24 11
24 1
25 15
25 3
25 6
26 3
26 8
26 23
27 18
27 4
27 19
28 8
28 3
28 17
29 6
29 9
29 19
30 16
30 13
30 28
31 2
31 3
31 22
32 18
32 5
32 7
33 11
33 27
33 4
34 29
34 2
34 11
35 31
35 5
35 11
36 4
36 10
36 21
37 7
37 12
37 2
38 16
38 19
38 6
39 21
39 0
39 4
40 38
40 29
40 16
41 28
41 25
41 39
42 3
42 13
42 22
43 32
43 0
43 36
44 29
44 18
44 42
45 31
45 8
45 5
46 30
46 4
46 5
47 31
47 5
47 25
48 6
48 37
48 34
49 4
49 28
49 20
50 31
50 39
50 7
51 9
51 13
51 16
52 40
52 25
52 41
53 30
53 16
53 38
54 4
54 0
54 6
55 18
55 49
55 39
56 54
56 28
56 32
57 49
57 8
57 35
58 8
58 37
58 3
59 18
59 42
59 0
60 4
60 1
60 0
61 13
61 19
61 2
62 40
62 18
62 43
63 4
63 27
63 43
64 15
64 4
64 5
65 5
65 37
65 1
66 5
66 41
66 55
67 0
67 25
67 6
68 39
68 6
68 32
69 47
69 23
69 4
70 43
70 42
70 11
71 27
71 41
71 5
72 5
72 39
72 28
73 6
73 63
73 14
74 37
74 34
74 43
75 5
75 24
75 25
76 25
76 70
76 22
77 55
77 25
77 5
78 49
78 41
78 1
79 68
79 0
79 70
80 43
80 55
80 5
81 13
81 4
81 35
82 3
82 69
82 8
83 52
83 47
83 77
84 77
84 6
84 25
85 26
85 16
85 9
86 78
86 2
86 5
87 34
87 71
87 82
88 32
88 69
88 39
89 70
89 1
89 0
90 48
90 47
90 63
91 71
91 90
91 9
92 37
92 71
92 4
93 83
93 37
93 16
94 52
94 69
94 49
95 76
95 44
95 54
96 85
96 71
96 10
97 46
97 26
97 1
98 5
98 34
98 43
99 36
99 31
99 60
1 0 1 0 0 1 0 0 1 0 1 1 0 1 0 0 0 0 0 1 1 0 0 0 1 0 0 1 1 1 1 1 1 0 1 1 0 0 0 0 0 1 0 1 0 0 1 0 0 1 1 1 0 0 0 1 1 1 1 1 1 1 1 0 1 1 0 0 0 0 0 0 0 0 1 0 1 1 0 1 0 0 0 1 1 1 1 0 1 0 0 1 1 1 1 0 0 1 1 0
1 1 0 0 0 0 1 0 1 0 1 1 1 1 1 0 0 0 1 0 1 0 0 1 1 1 1 1 0 1 1 1 1 1 0 0 0 0 1 0 1 0 1 1 1 1 0 1 1 1 0 0 0 0 0 1 0 1 1 0 1 1 0 0 0 0 1 0 1 0 0 1 0 0 1 0 0 0 0 1 1 1 1 1 1 1 0 1 0 0 0 0 1 0 1 1 0 0 0 0
1 1 1 1 1 1 1 1 1 1 0 0 1 1 1 0 1 1 0 1 1 0 1 1 1 1 0 0 0 0 1 0 1 1 0 0 0 0 0 1 1 1 0 1 0 0 0 0 0 0 0 1 1 1 1 1 1 0 0 1 1 1 0 1 1 1 0 0 0 1 1 1 0 1 0 1 1 1 1 1 0 0 1 0 1 1 1 1 1 0 0 0 0 1 0 1 1 1 1 0
0 0 1 1 1 1 1 0 0 1 1 0 0 1 1 1 0 0 1 1 1 1 1 0 0 0 0 1 1 1 1 1 1 1 1 0 1 1 0 0 1 1 0 0 1 0 0 0 0 0 0 0 0 1 1 0 0 1 1 0 1 0 0 0 1 1 1 1 0 1 0 0 1 1 1 1 0 1 0 0 0 0 1 1 1 0 1 0 0 1 1 0 1 1 1 1 0 1 0 0
0 1 1 0 1 1 0 1 0 0 0 0 1 0 0 1 0 0 1 1 0 0 0 1 1 1 0 0 0 1 1 1 1 0 0 1 0 1 1 0 1 1 0 1 0 1 0 1 1 1 0 1 1 1 0 1 1 0 1 1 1 0 1 0 1 0 1 0 0 0 1 0 1 1 1 0 0 0 1 0 1 1 0 0 1 1 1 1 1 0 1 1 1 0 1 0 0 1 0 1