50 98 5
0 1
1 2
1 3
1 4
1 5
1 6
6 7
7 8
4 9
9 10
1 11
9 12
1 13
4 14
4 15
9 16
1 17
4 18
15 19
1 20
17 21
4 22
5 23
1 24
1 25
4 26
9 27
22 28
1 29
2 30
6 31
10 32
4 33
1 34
1 35
35 36
17 37
1 38
1 39
35 40
16 41
22 42
8 43
34 44
1 45
22 46
15 47
4 48
35 49
1 0
2 1
3 1
4 1
5 1
6 1
7 6
8 7
9 4
10 9
11 1
12 9
13 1
14 4
15 4
16 9
17 1
18 4
19 15
20 1
21 17
22 4
23 5
24 1
25 1
26 4
27 9
28 22
29 1
30 2
31 6
32 10
33 4
34 1
35 1
36 35
37 17
38 1
39 1
40 35
41 16
42 22
43 8
44 34
45 1
46 22
47 15
48 4
49 35
1 1 0 1 1 0 1 1 1 1 1 0 0 1 1 1 1 1 0 1 0 1 0 0 0 1 1 0 1 0 1 1 1 1 0 1 1 1 0 0 0 1 0 1 1 1 0 1 0 0
0 1 1 0 0 0 0 1 1 0 0 0 1 1 1 0 1 0 0 0 1 0 0 1 0 1 1 1 0 1 0 1 1 1 0 1 1 1 1 1 0 1 1 1 1 0 1 0 1 1
1 1 0 0 0 1 1 1 1 0 1 0 0 0 1 0 1 1 0 1 1 1 0 0 1 1 1 0 1 0 1 1 1 1 0 0 1 1 0 0 0 1 1 1 0 0 1 1 0 0
0 0 1 0 1 0 1 0 1 1 1 0 1 0 0 1 0 1 1 1 1 1 1 0 1 0 1 0 1 1 1 0 1 1 0 1 1 1 0 1 1 0 0 1 0 1 1 1 1 1
0 0 1 1 0 1 1 0 1 0 1 0 1 0 1 1 1 1 0 0 1 0 0 1 0 1 0 0 0 1 0 0 0 0 1 0 0 0 1 1 1 1 0 0 0 0 1 0 1 1