100 780 5
0 1
0 2
1 2
0 3
1 3
2 3
0 4
1 4
2 4
3 4
1 5
2 5
0 5
3 5
0 6
3 6
2 6
5 6
3 7
2 7
1 7
6 7
6 8
0 8
7 8
2 8
3 9
6 9
2 9
7 9
1 10
0 10
5 10
3 10
5 11
1 11
2 11
8 11
7 12
1 12
9 12
6 12
5 13
6 13
3 13
0 13
5 14
0 14
6 14
1 14
5 15
9 15
7 15
6 15
14 16
3 16
12 16
1 16
4 17
5 17
12 17
13 17
2 18
17 18
11 18
16 18
0 19
13 19
5 19
2 19
17 20
18 20
13 20
0 20
3 21
17 21
2 21
16 21
14 22
20 22
1 22
3 22
19 23
20 23
3 23
16 23
18 24
0 24
10 24
6 24
20 25
12 25
4 25
23 25
12 26
2 26
5 26
1 26
0 27
13 27
16 27
23 27
17 28
3 28
22 28
15 28
23 29
21 29
1 29
15 29
26 30
0 30
15 30
2 30
1 31
5 31
22 31
6 31
19 32
23 32
0 32
21 32
12 33
30 33
3 33
7 33
3 34
12 34
27 34
5 34
8 35
1 35
22 35
0 35
15 36
5 36
19 36
18 36
11 37
9 37
15 37
8 37
7 38
23 38
27 38
14 38
2 39
14 39
21 39
27 39
3 40
1 40
10 40
0 40
33 41
36 41
14 41
3 41
11 42
15 42
0 42
19 42
23 43
19 43
22 43
20 43
7 44
23 44
12 44
13 44
35 45
15 45
11 45
34 45
37 46
13 46
44 46
2 46
34 47
12 47
40 47
5 47
38 48
5 48
28 48
40 48
35 49
21 49
3 49
20 49
13 50
34 50
3 50
19 50
27 51
11 51
7 51
6 51
8 52
20 52
26 52
35 52
20 53
36 53
37 53
14 53
26 54
50 54
5 54
14 54
19 55
7 55
1 55
36 55
0 56
50 56
25 56
31 56
14 57
19 57
7 57
30 57
3 58
1 58
47 58
13 58
5 59
21 59
41 59
2 59
2 60
27 60
11 60
22 60
48 61
3 61
30 61
2 61
2 62
36 62
5 62
12 62
7 63
10 63
35 63
34 63
34 64
52 64
14 64
18 64
10 65
17 65
23 65
8 65
2 66
12 66
7 66
31 66
18 67
0 67
16 67
6 67
13 68
17 68
15 68
14 68
25 69
30 69
37 69
2 69
8 70
3 70
50 70
35 70
36 71
20 71
14 71
61 71
25 72
43 72
14 72
26 72
65 73
51 73
57 73
25 73
0 74
5 74
43 74
2 74
30 75
3 75
14 75
51 75
30 76
59 76
9 76
18 76
56 77
5 77
0 77
30 77
2 78
61 78
6 78
12 78
9 79
8 79
20 79
3 79
20 80
8 80
3 80
65 80
64 81
14 81
6 81
3 81
6 82
72 82
34 82
50 82
27 83
4 83
29 83
5 83
13 84
60 84
7 84
36 84
18 85
49 85
4 85
15 85
17 86
67 86
72 86
18 86
51 87
0 87
20 87
3 87
14 88
29 88
79 88
44 88
79 89
3 89
63 89
21 89
84 90
20 90
53 90
5 90
25 91
60 91
52 91
39 91
24 92
20 92
3 92
72 92
8 93
47 93
0 93
14 93
0 94
69 94
48 94
70 94
5 95
23 95
32 95
73 95
6 96
0 96
44 96
77 96
6 97
95 97
83 97
29 97
18 98
11 98
22 98
36 98
0 99
23 99
46 99
25 99
1 0
2 0
2 1
3 0
3 1
3 2
4 0
4 1
4 2
4 3
5 1
5 2
5 0
5 3
6 0
6 3
6 2
6 5
7 3
7 2
7 1
7 6
8 6
8 0
8 7
8 2
9 3
9 6
9 2
9 7
10 1
10 0
10 5
10 3
11 5
11 1
11 2
11 8
12 7
12 1
12 9
12 6
13 5
13 6
13 3
13 0
14 5
14 0
14 6
14 1
15 5
15 9
15 7
15 6
16 14
16 3
16 12
16 1
17 4
17 5
17 12
17 13
18 2
18 17
18 11
18 16
19 0
19 13
19 5
19 2
20 17
20 18
20 13
20 0
21 3
21 17
21 2
21 16
22 14
22 20
22 1
22 3
23 19
23 20
23 3
23 16
24 18
24 0
24 10
24 6
25 20
25 12
25 4
25 23
26 12
26 2
26 5
26 1
27 0
27 13
27 16
27 23
28 17
28 3
28 22
28 15
29 23
29 21
29 1
29 15
30 26
30 0
30 15
30 2
31 1
31 5
31 22
31 6
32 19
32 23
32 0
32 21
33 12
33 30
33 3
33 7
34 3
34 12
34 27
34 5
35 8
35 1
35 22
35 0
36 15
36 5
36 19
36 18
37 11
37 9
37 15
37 8
38 7
38 23
38 27
38 14
39 2
39 14
39 21
39 27
40 3
40 1
40 10
40 0
41 33
41 36
41 14
41 3
42 11
42 15
42 0
42 19
43 23
43 19
43 22
43 20
44 7
44 23
44 12
44 13
45 35
45 15
45 11
45 34
46 37
46 13
46 44
46 2
47 34
47 12
47 40
47 5
48 38
48 5
48 28
48 40
49 35
49 21
49 3
49 20
50 13
50 34
50 3
50 19
51 27
51 11
51 7
51 6
52 8
52 20
52 26
52 35
53 20
53 36
53 37
53 14
54 26
54 50
54 5
54 14
55 19
55 7
55 1
55 36
56 0
56 50
56 25
56 31
57 14
57 19
57 7
57 30
58 3
58 1
58 47
58 13
59 5
59 21
59 41
59 2
60 2
60 27
60 11
60 22
61 48
61 3
61 30
61 2
62 2
62 36
62 5
62 12
63 7
63 10
63 35
63 34
64 34
64 52
64 14
64 18
65 10
65 17
65 23
65 8
66 2
66 12
66 7
66 31
67 18
67 0
67 16
67 6
68 13
68 17
68 15
68 14
69 25
69 30
69 37
69 2
70 8
70 3
70 50
70 35
71 36
71 20
71 14
71 61
72 25
72 43
72 14
72 26
73 65
73 51
73 57
73 25
74 0
74 5
74 43
74 2
75 30
75 3
75 14
75 51
76 30
76 59
76 9
76 18
77 56
77 5
77 0
77 30
78 2
78 61
78 6
78 12
79 9
79 8
79 20
79 3
80 20
80 8
80 3
80 65
81 64
81 14
81 6
81 3
82 6
82 72
82 34
82 50
83 27
83 4
83 29
83 5
84 13
84 60
84 7
84 36
85 18
85 49
85 4
85 15
86 17
86 67
86 72
86 18
87 51
87 0
87 20
87 3
88 14
88 29
88 79
88 44
89 79
89 3
89 63
89 21
90 84
90 20
90 53
90 5
91 25
91 60
91 52
91 39
92 24
92 20
92 3
92 72
93 8
93 47
93 0
93 14
94 0
94 69
94 48
94 70
95 5
95 23
95 32
95 73
96 6
96 0
96 44
96 77
97 6
97 95
97 83
97 29
98 18
98 11
98 22
98 36
99 0
99 23
99 46
99 25
0 0 1 0 1 1 1 1 0 0 1 0 0 1 1 0 0 1 1 1 1 0 1 1 0 0 0 0 1 0 0 0 1 1 0 1 1 0 1 0 0 1 1 0 0 0 1 1 1 1 0 1 1 1 1 0 1 1 0 0 1 0 0 0 1 0 1 1 1 0 0 1 1 1 1 0 0 0 0 0 0 0 1 0 0 0 0 0 1 1 0 0 0 1 1 0 1 1 1 1
1 0 1 0 1 0 0 1 0 1 1 0 0 1 1 1 1 1 0 0 1 0 1 1 1 0 1 0 0 0 0 0 0 1 0 1 0 0 0 1 0 0 0 0 0 0 1 0 1 0 0 0 1 1 0 1 1 0 0 0 1 1 1 1 0 0 1 0 0 1 0 0 0 1 1 0 1 1 0 0 1 1 1 1 0 1 1 1 0 0 1 1 1 1 0 1 1 0 0 0
1 1 1 0 0 1 1 1 1 0 0 0 0 0 0 0 1 0 0 0 0 0 0 1 1 1 0 0 1 0 0 1 0 1 0 1 1 1 0 1 0 1 1 1 1 1 0 0 1 0 0 1 1 1 0 1 0 1 1 0 1 0 0 1 1 0 0 0 0 1 0 1 1 0 0 0 0 0 1 0 0 0 1 1 0 0 1 1 0 0 1 0 1 0 0 1 0 1 1 0
0 1 1 1 0 1 0 1 0 1 1 0 0 0 1 1 0 1 1 1 0 1 0 1 0 1 1 1 0 0 1 0 0 0 0 0 1 0 0 0 1 1 1 1 1 0 1 1 0 0 0 1 0 1 0 1 1 1 0 0 1 1 1 0 1 1 0 1 1 1 1 1 1 0 1 1 1 1 0 1 1 0 0 1 0 0 0 0 0 0 1 0 1 0 1 1 0 0 0 0
0 1 1 1 0 1 1 0 1 0 0 1 0 0 1 1 1 1 1 0 1 1 1 1 1 1 0 0 0 0 0 0 1 0 1 1 0 1 0 0 0 0 0 0 1 1 1 0 1 1 1 0 1 1 1 1 0 1 0 1 0 0 0 0 1 0 0 1 1 1 1 0 0 1 0 1 0 1 0 0 0 1 0 1 0 1 1 0 0 1 1 1 0 1 1 1 1 1 1 0