100 780 5
0 1
0 2
1 2
0 3
1 3
2 3
0 4
1 4
2 4
3 4
4 5
3 5
1 5
0 5
4 6
1 6
5 6
2 6
5 7
2 7
0 7
4 7
2 8
5 8
4 8
6 8
1 9
2 9
7 9
3 9
2 10
7 10
4 10
9 10
1 11
4 11
8 11
7 11
5 12
0 12
4 12
8 12
0 13
4 13
12 13
5 13
3 14
6 14
12 14
9 14
4 15
1 15
7 15
11 15
6 16
7 16
3 16
5 16
9 17
1 17
0 17
3 17
3 18
5 18
4 18
14 18
16 19
1 19
13 19
0 19
17 20
18 20
4 20
19 20
1 21
9 21
10 21
13 21
9 22
5 22
4 22
14 22
2 23
14 23
16 23
22 23
4 24
6 24
2 24
13 24
8 25
20 25
17 25
3 25
10 26
3 26
21 26
16 26
2 27
23 27
10 27
3 27
15 28
11 28
21 28
24 28
1 29
13 29
9 29
20 29
23 30
6 30
10 30
19 30
10 31
1 31
15 31
12 31
6 32
4 32
26 32
14 32
6 33
20 33
32 33
16 33
31 34
0 34
22 34
10 34
7 35
30 35
12 35
5 35
20 36
32 36
17 36
4 36
13 37
9 37
11 37
18 37
36 38
2 38
21 38
7 38
4 39
18 39
22 39
0 39
4 40
24 40
7 40
25 40
14 41
0 41
30 41
4 41
33 42
10 42
14 42
11 42
24 43
42 43
12 43
7 43
1 44
6 44
24 44
4 44
14 45
24 45
0 45
22 45
37 46
22 46
34 46
5 46
24 47
22 47
23 47
4 47
15 48
6 48
17 48
5 48
48 49
40 49
2 49
41 49
3 50
5 50
4 50
40 50
4 51
30 51
38 51
36 51
2 52
37 52
51 52
14 52
27 53
6 53
0 53
11 53
41 54
2 54
10 54
0 54
50 55
19 55
37 55
2 55
41 56
3 56
10 56
47 56
8 57
6 57
37 57
2 57
18 58
9 58
12 58
25 58
58 59
14 59
15 59
0 59
7 60
13 60
35 60
31 60
24 61
2 61
35 61
8 61
32 62
1 62
29 62
58 62
53 63
3 63
57 63
54 63
5 64
18 64
15 64
6 64
21 65
36 65
4 65
39 65
56 66
1 66
36 66
48 66
39 67
4 67
12 67
2 67
46 68
13 68
62 68
24 68
57 69
25 69
13 69
59 69
5 70
2 70
1 70
6 70
2 71
39 71
32 71
35 71
6 72
55 72
49 72
0 72
6 73
66 73
16 73
2 73
43 74
57 74
68 74
2 74
13 75
54 75
51 75
56 75
14 76
26 76
39 76
23 76
34 77
5 77
4 77
32 77
2 78
9 78
6 78
41 78
2 79
8 79
6 79
40 79
29 80
8 80
34 80
47 80
30 81
39 81
13 81
60 81
60 82
51 82
78 82
33 82
34 83
19 83
37 83
67 83
60 84
7 84
57 84
11 84
30 85
75 85
13 85
0 85
68 86
23 86
64 86
4 86
42 87
48 87
36 87
21 87
7 88
48 88
59 88
30 88
6 89
23 89
29 89
60 89
11 90
5 90
29 90
32 90
0 91
4 91
47 91
39 91
4 92
72 92
34 92
20 92
72 93
0 93
37 93
69 93
93 94
3 94
7 94
47 94
5 95
1 95
25 95
4 95
75 96
10 96
1 96
69 96
84 97
61 97
46 97
24 97
13 98
6 98
79 98
58 98
6 99
44 99
31 99
35 99
1 0
2 0
2 1
3 0
3 1
3 2
4 0
4 1
4 2
4 3
5 4
5 3
5 1
5 0
6 4
6 1
6 5
6 2
7 5
7 2
7 0
7 4
8 2
8 5
8 4
8 6
9 1
9 2
9 7
9 3
10 2
10 7
10 4
10 9
11 1
11 4
11 8
11 7
12 5
12 0
12 4
12 8
13 0
13 4
13 12
13 5
14 3
14 6
14 12
14 9
15 4
15 1
15 7
15 11
16 6
16 7
16 3
16 5
17 9
17 1
17 0
17 3
18 3
18 5
18 4
18 14
19 16
19 1
19 13
19 0
20 17
20 18
20 4
20 19
21 1
21 9
21 10
21 13
22 9
22 5
22 4
22 14
23 2
23 14
23 16
23 22
24 4
24 6
24 2
24 13
25 8
25 20
25 17
25 3
26 10
26 3
26 21
26 16
27 2
27 23
27 10
27 3
28 15
28 11
28 21
28 24
29 1
29 13
29 9
29 20
30 23
30 6
30 10
30 19
31 10
31 1
31 15
31 12
32 6
32 4
32 26
32 14
33 6
33 20
33 32
33 16
34 31
34 0
34 22
34 10
35 7
35 30
35 12
35 5
36 20
36 32
36 17
36 4
37 13
37 9
37 11
37 18
38 36
38 2
38 21
38 7
39 4
39 18
39 22
39 0
40 4
40 24
40 7
40 25
41 14
41 0
41 30
41 4
42 33
42 10
42 14
42 11
43 24
43 42
43 12
43 7
44 1
44 6
44 24
44 4
45 14
45 24
45 0
45 22
46 37
46 22
46 34
46 5
47 24
47 22
47 23
47 4
48 15
48 6
48 17
48 5
49 48
49 40
49 2
49 41
50 3
50 5
50 4
50 40
51 4
51 30
51 38
51 36
52 2
52 37
52 51
52 14
53 27
53 6
53 0
53 11
54 41
54 2
54 10
54 0
55 50
55 19
55 37
55 2
56 41
56 3
56 10
56 47
57 8
57 6
57 37
57 2
58 18
58 9
58 12
58 25
59 58
59 14
59 15
59 0
60 7
60 13
60 35
60 31
61 24
61 2
61 35
61 8
62 32
62 1
62 29
62 58
63 53
63 3
63 57
63 54
64 5
64 18
64 15
64 6
65 21
65 36
65 4
65 39
66 56
66 1
66 36
66 48
67 39
67 4
67 12
67 2
68 46
68 13
68 62
68 24
69 57
69 25
69 13
69 59
70 5
70 2
70 1
70 6
71 2
71 39
71 32
71 35
72 6
72 55
72 49
72 0
73 6
73 66
73 16
73 2
74 43
74 57
74 68
74 2
75 13
75 54
75 51
75 56
76 14
76 26
76 39
76 23
77 34
77 5
77 4
77 32
78 2
78 9
78 6
78 41
79 2
79 8
79 6
79 40
80 29
80 8
80 34
80 47
81 30
81 39
81 13
81 60
82 60
82 51
82 78
82 33
83 34
83 19
83 37
83 67
84 60
84 7
84 57
84 11
85 30
85 75
85 13
85 0
86 68
86 23
86 64
86 4
87 42
87 48
87 36
87 21
88 7
88 48
88 59
88 30
89 6
89 23
89 29
89 60
90 11
90 5
90 29
90 32
91 0
91 4
91 47
91 39
92 4
92 72
92 34
92 20
93 72
93 0
93 37
93 69
94 93
94 3
94 7
94 47
95 5
95 1
95 25
95 4
96 75
96 10
96 1
96 69
97 84
97 61
97 46
97 24
98 13
98 6
98 79
98 58
99 6
99 44
99 31
99 35
0 1 1 0 0 1 1 1 0 1 1 0 0 0 0 0 0 1 0 1 1 0 1 1 1 0 0 1 0 0 0 1 1 0 0 1 1 0 1 1 1 1 1 0 1 0 0 0 1 0 1 1 1 1 1 1 1 1 1 1 1 1 0 1 1 1 1 1 1 1 0 0 1 0 1 1 1 1 0 0 0 0 0 0 1 0 0 1 1 1 0 0 1 0 1 0 0 1 0 0
0 1 1 0 1 1 0 0 1 0 1 1 1 1 1 1 1 0 1 0 1 1 1 0 1 1 1 0 1 1 0 1 1 1 1 0 0 1 1 1 0 0 0 0 1 1 0 1 0 1 0 1 1 1 0 0 1 1 0 1 1 0 0 0 0 1 0 0 1 0 0 1 1 0 1 1 1 0 1 1 1 0 0 1 1 1 0 1 0 0 0 1 0 0 0 1 1 1 1 1
0 0 1 0 1 1 1 1 1 1 0 0 1 1 1 0 1 0 0 0 0 0 0 1 1 0 0 0 1 1 0 0 1 1 0 1 0 0 0 0 1 1 1 0 1 0 0 0 0 0 1 0 1 1 0 0 0 0 1 1 0 1 0 0 1 1 0 0 0 0 1 0 1 1 0 1 1 0 1 1 0 1 0 0 0 1 1 1 0 1 1 1 1 1 0 0 1 0 1 0
1 1 1 1 0 0 0 0 1 1 1 1 0 0 0 1 0 1 0 1 0 0 0 1 0 0 1 1 0 0 1 1 0 1 0 1 0 1 0 0 1 1 0 1 1 1 1 0 0 1 1 1 1 1 1 1 0 0 1 0 1 0 1 1 1 1 0 1 1 0 1 0 0 0 0 1 0 1 0 0 1 0 1 1 0 0 0 0 0 1 0 0 1 1 1 1 0 0 1 0
0 0 1 1 1 0 1 1 0 0 0 0 0 1 0 0 0 1 0 0 1 0 0 1 1 0 1 0 1 1 0 0 1 1 1 0 1 1 0 0 0 0 1 0 0 0 1 0 0 0 0 1 1 1 1 1 0 1 0 0 1 0 1 1 0 0 1 0 0 0 0 1 0 0 0 1 1 1 1 0 0 1 0 0 0 0 1 1 1 1 1 1 0 1 1 1 0 1 1 0