250 1488 5
0 1
0 2
1 2
0 3
1 3
2 3
3 4
1 4
0 4
0 5
4 5
3 5
5 6
1 6
3 6
3 7
1 7
5 7
5 8
4 8
3 8
5 9
4 9
3 9
5 10
1 10
2 10
1 11
4 11
7 11
8 12
10 12
3 12
5 13
2 13
0 13
10 14
11 14
3 14
6 15
9 15
4 15
3 16
14 16
0 16
7 17
5 17
9 17
13 18
10 18
11 18
14 19
11 19
4 19
3 20
16 20
0 20
15 21
12 21
4 21
4 22
11 22
12 22
14 23
20 23
9 23
8 24
4 24
11 24
14 25
4 25
11 25
7 26
20 26
4 26
10 27
5 27
14 27
23 28
6 28
5 28
23 29
14 29
5 29
5 30
16 30
14 30
10 31
1 31
7 31
30 32
1 32
4 32
10 33
24 33
6 33
18 34
22 34
3 34
14 35
13 35
12 35
14 36
1 36
17 36
15 37
4 37
11 37
30 38
36 38
12 38
2 39
24 39
34 39
5 40
6 40
26 40
23 41
33 41
3 41
5 42
1 42
38 42
20 43
5 43
36 43
22 44
43 44
10 44
4 45
0 45
11 45
15 46
4 46
24 46
36 47
14 47
29 47
33 48
5 48
23 48
13 49
30 49
14 49
18 50
44 50
9 50
0 51
8 51
5 51
30 52
16 52
34 52
29 53
45 53
14 53
5 54
7 54
29 54
11 55
0 55
31 55
6 56
20 56
1 56
34 57
1 57
11 57
19 58
36 58
48 58
12 59
14 59
1 59
7 60
23 60
36 60
27 61
29 61
10 61
17 62
6 62
49 62
13 63
44 63
6 63
12 64
24 64
8 64
43 65
24 65
36 65
31 66
11 66
23 66
51 67
45 67
27 67
48 68
4 68
14 68
6 69
56 69
15 69
8 70
58 70
11 70
22 71
21 71
62 71
49 72
14 72
32 72
55 73
38 73
14 73
0 74
12 74
54 74
18 75
1 75
2 75
52 76
11 76
16 76
11 77
37 77
68 77
24 78
38 78
6 78
5 79
20 79
36 79
74 80
10 80
14 80
79 81
5 81
58 81
3 82
63 82
73 82
81 83
35 83
61 83
13 84
14 84
11 84
44 85
15 85
24 85
14 86
66 86
5 86
60 87
24 87
28 87
43 88
81 88
4 88
4 89
74 89
72 89
12 90
1 90
85 90
44 91
77 91
8 91
15 92
20 92
89 92
14 93
66 93
83 93
11 94
80 94
66 94
33 95
11 95
46 95
73 96
64 96
50 96
12 97
93 97
88 97
20 98
45 98
69 98
26 99
67 99
92 99
55 100
56 100
43 100
4 101
31 101
30 101
7 102
12 102
1 102
102 103
23 103
2 103
11 104
21 104
7 104
49 105
43 105
24 105
82 106
14 106
52 106
96 107
11 107
38 107
43 108
8 108
20 108
103 109
73 109
14 109
40 110
101 110
13 110
46 111
11 111
45 111
68 112
73 112
78 112
102 113
6 113
80 113
18 114
8 114
20 114
100 115
38 115
56 115
24 116
1 116
113 116
71 117
20 117
12 117
23 118
68 118
0 118
13 119
11 119
46 119
11 120
24 120
44 120
19 121
1 121
25 121
7 122
23 122
28 122
111 123
4 123
43 123
81 124
20 124
92 124
12 125
50 125
43 125
19 126
14 126
4 126
20 127
3 127
107 127
11 128
0 128
119 128
88 129
29 129
111 129
5 130
62 130
44 130
49 131
126 131
12 131
131 132
29 132
14 132
120 133
125 133
39 133
51 134
40 134
6 134
30 135
9 135
128 135
17 136
69 136
25 136
23 137
33 137
14 137
48 138
132 138
44 138
43 139
74 139
24 139
58 140
6 140
36 140
103 141
60 141
29 141
57 142
4 142
77 142
22 143
80 143
73 143
24 144
23 144
36 144
61 145
107 145
66 145
116 146
138 146
135 146
117 147
11 147
138 147
34 148
123 148
116 148
46 149
85 149
122 149
63 150
137 150
14 150
126 151
15 151
19 151
89 152
122 152
93 152
13 153
128 153
95 153
24 154
4 154
27 154
43 155
65 155
88 155
151 156
40 156
53 156
122 157
52 157
1 157
29 158
0 158
129 158
107 159
68 159
1 159
143 160
53 160
97 160
102 161
42 161
27 161
33 162
25 162
106 162
19 163
66 163
45 163
120 164
27 164
37 164
20 165
58 165
85 165
0 166
14 166
101 166
36 167
4 167
95 167
97 168
166 168
88 168
141 169
71 169
11 169
49 170
91 170
53 170
52 171
37 171
18 171
95 172
77 172
4 172
90 173
18 173
149 173
157 174
59 174
92 174
29 175
3 175
21 175
121 176
166 176
129 176
23 177
4 177
134 177
24 178
4 178
96 178
46 179
83 179
165 179
7 180
33 180
104 180
44 181
21 181
0 181
128 182
11 182
122 182
10 183
167 183
117 183
25 184
141 184
69 184
113 185
125 185
123 185
176 186
13 186
117 186
116 187
17 187
54 187
134 188
50 188
3 188
167 189
187 189
65 189
187 190
72 190
93 190
63 191
10 191
13 191
28 192
74 192
56 192
26 193
46 193
18 193
34 194
26 194
10 194
2 195
34 195
53 195
33 196
31 196
175 196
112 197
11 197
25 197
23 198
39 198
196 198
130 199
155 199
37 199
11 200
108 200
39 200
135 201
45 201
149 201
128 202
137 202
13 202
31 203
79 203
153 203
123 204
203 204
1 204
1 205
126 205
14 205
99 206
186 206
57 206
192 207
106 207
147 207
99 208
113 208
159 208
53 209
68 209
4 209
84 210
128 210
5 210
114 211
37 211
46 211
163 212
1 212
14 212
187 213
210 213
134 213
4 214
28 214
208 214
119 215
66 215
141 215
167 216
74 216
27 216
69 217
57 217
17 217
13 218
51 218
128 218
143 219
14 219
48 219
75 220
90 220
11 220
97 221
10 221
153 221
123 222
55 222
20 222
129 223
28 223
133 223
187 224
197 224
77 224
29 225
52 225
99 225
101 226
167 226
185 226
13 227
0 227
117 227
116 228
80 228
16 228
23 229
78 229
45 229
22 230
74 230
53 230
154 231
148 231
69 231
211 232
34 232
58 232
139 233
24 233
193 233
187 234
52 234
8 234
123 235
110 235
7 235
48 236
64 236
35 236
3 237
10 237
27 237
166 238
95 238
31 238
52 239
24 239
202 239
8 240
42 240
137 240
26 241
64 241
173 241
25 242
96 242
106 242
138 243
197 243
148 243
11 244
19 244
101 244
75 245
243 245
238 245
232 246
118 246
14 246
15 247
3 247
11 247
240 248
68 248
87 248
101 249
43 249
46 249
1 0
2 0
2 1
3 0
3 1
3 2
4 3
4 1
4 0
5 0
5 4
5 3
6 5
6 1
6 3
7 3
7 1
7 5
8 5
8 4
8 3
9 5
9 4
9 3
10 5
10 1
10 2
11 1
11 4
11 7
12 8
12 10
12 3
13 5
13 2
13 0
14 10
14 11
14 3
15 6
15 9
15 4
16 3
16 14
16 0
17 7
17 5
17 9
18 13
18 10
18 11
19 14
19 11
19 4
20 3
20 16
20 0
21 15
21 12
21 4
22 4
22 11
22 12
23 14
23 20
23 9
24 8
24 4
24 11
25 14
25 4
25 11
26 7
26 20
26 4
27 10
27 5
27 14
28 23
28 6
28 5
29 23
29 14
29 5
30 5
30 16
30 14
31 10
31 1
31 7
32 30
32 1
32 4
33 10
33 24
33 6
34 18
34 22
34 3
35 14
35 13
35 12
36 14
36 1
36 17
37 15
37 4
37 11
38 30
38 36
38 12
39 2
39 24
39 34
40 5
40 6
40 26
41 23
41 33
41 3
42 5
42 1
42 38
43 20
43 5
43 36
44 22
44 43
44 10
45 4
45 0
45 11
46 15
46 4
46 24
47 36
47 14
47 29
48 33
48 5
48 23
49 13
49 30
49 14
50 18
50 44
50 9
51 0
51 8
51 5
52 30
52 16
52 34
53 29
53 45
53 14
54 5
54 7
54 29
55 11
55 0
55 31
56 6
56 20
56 1
57 34
57 1
57 11
58 19
58 36
58 48
59 12
59 14
59 1
60 7
60 23
60 36
61 27
61 29
61 10
62 17
62 6
62 49
63 13
63 44
63 6
64 12
64 24
64 8
65 43
65 24
65 36
66 31
66 11
66 23
67 51
67 45
67 27
68 48
68 4
68 14
69 6
69 56
69 15
70 8
70 58
70 11
71 22
71 21
71 62
72 49
72 14
72 32
73 55
73 38
73 14
74 0
74 12
74 54
75 18
75 1
75 2
76 52
76 11
76 16
77 11
77 37
77 68
78 24
78 38
78 6
79 5
79 20
79 36
80 74
80 10
80 14
81 79
81 5
81 58
82 3
82 63
82 73
83 81
83 35
83 61
84 13
84 14
84 11
85 44
85 15
85 24
86 14
86 66
86 5
87 60
87 24
87 28
88 43
88 81
88 4
89 4
89 74
89 72
90 12
90 1
90 85
91 44
91 77
91 8
92 15
92 20
92 89
93 14
93 66
93 83
94 11
94 80
94 66
95 33
95 11
95 46
96 73
96 64
96 50
97 12
97 93
97 88
98 20
98 45
98 69
99 26
99 67
99 92
100 55
100 56
100 43
101 4
101 31
101 30
102 7
102 12
102 1
103 102
103 23
103 2
104 11
104 21
104 7
105 49
105 43
105 24
106 82
106 14
106 52
107 96
107 11
107 38
108 43
108 8
108 20
109 103
109 73
109 14
110 40
110 101
110 13
111 46
111 11
111 45
112 68
112 73
112 78
113 102
113 6
113 80
114 18
114 8
114 20
115 100
115 38
115 56
116 24
116 1
116 113
117 71
117 20
117 12
118 23
118 68
118 0
119 13
119 11
119 46
120 11
120 24
120 44
121 19
121 1
121 25
122 7
122 23
122 28
123 111
123 4
123 43
124 81
124 20
124 92
125 12
125 50
125 43
126 19
126 14
126 4
127 20
127 3
127 107
128 11
128 0
128 119
129 88
129 29
129 111
130 5
130 62
130 44
131 49
131 126
131 12
132 131
132 29
132 14
133 120
133 125
133 39
134 51
134 40
134 6
135 30
135 9
135 128
136 17
136 69
136 25
137 23
137 33
137 14
138 48
138 132
138 44
139 43
139 74
139 24
140 58
140 6
140 36
141 103
141 60
141 29
142 57
142 4
142 77
143 22
143 80
143 73
144 24
144 23
144 36
145 61
145 107
145 66
146 116
146 138
146 135
147 117
147 11
147 138
148 34
148 123
148 116
149 46
149 85
149 122
150 63
150 137
150 14
151 126
151 15
151 19
152 89
152 122
152 93
153 13
153 128
153 95
154 24
154 4
154 27
155 43
155 65
155 88
156 151
156 40
156 53
157 122
157 52
157 1
158 29
158 0
158 129
159 107
159 68
159 1
160 143
160 53
160 97
161 102
161 42
161 27
162 33
162 25
162 106
163 19
163 66
163 45
164 120
164 27
164 37
165 20
165 58
165 85
166 0
166 14
166 101
167 36
167 4
167 95
168 97
168 166
168 88
169 141
169 71
169 11
170 49
170 91
170 53
171 52
171 37
171 18
172 95
172 77
172 4
173 90
173 18
173 149
174 157
174 59
174 92
175 29
175 3
175 21
176 121
176 166
176 129
177 23
177 4
177 134
178 24
178 4
178 96
179 46
179 83
179 165
180 7
180 33
180 104
181 44
181 21
181 0
182 128
182 11
182 122
183 10
183 167
183 117
184 25
184 141
184 69
185 113
185 125
185 123
186 176
186 13
186 117
187 116
187 17
187 54
188 134
188 50
188 3
189 167
189 187
189 65
190 187
190 72
190 93
191 63
191 10
191 13
192 28
192 74
192 56
193 26
193 46
193 18
194 34
194 26
194 10
195 2
195 34
195 53
196 33
196 31
196 175
197 112
197 11
197 25
198 23
198 39
198 196
199 130
199 155
199 37
200 11
200 108
200 39
201 135
201 45
201 149
202 128
202 137
202 13
203 31
203 79
203 153
204 123
204 203
204 1
205 1
205 126
205 14
206 99
206 186
206 57
207 192
207 106
207 147
208 99
208 113
208 159
209 53
209 68
209 4
210 84
210 128
210 5
211 114
211 37
211 46
212 163
212 1
212 14
213 187
213 210
213 134
214 4
214 28
214 208
215 119
215 66
215 141
216 167
216 74
216 27
217 69
217 57
217 17
218 13
218 51
218 128
219 143
219 14
219 48
220 75
220 90
220 11
221 97
221 10
221 153
222 123
222 55
222 20
223 129
223 28
223 133
224 187
224 197
224 77
225 29
225 52
225 99
226 101
226 167
226 185
227 13
227 0
227 117
228 116
228 80
228 16
229 23
229 78
229 45
230 22
230 74
230 53
231 154
231 148
231 69
232 211
232 34
232 58
233 139
233 24
233 193
234 187
234 52
234 8
235 123
235 110
235 7
236 48
236 64
236 35
237 3
237 10
237 27
238 166
238 95
238 31
239 52
239 24
239 202
240 8
240 42
240 137
241 26
241 64
241 173
242 25
242 96
242 106
243 138
243 197
243 148
244 11
244 19
244 101
245 75
245 243
245 238
246 232
246 118
246 14
247 15
247 3
247 11
248 240
248 68
248 87
249 101
249 43
249 46
0 1 0 0 0 1 1 0 0 0 1 0 0 1 0 0 1 1 0 1 1 0 0 0 1 0 1 0 0 0 1 1 1 0 0 1 1 1 0 1 1 0 0 1 0 1 1 0 0 0 0 1 0 1 1 0 1 0 1 0 1 1 1 1 0 0 1 0 1 1 0 0 1 0 1 0 0 1 1 0 1 1 0 0 1 1 0 0 1 0 0 0 1 1 1 1 0 0 0 0 0 1 1 0 0 1 0 1 1 1 1 1 1 0 0 0 0 0 0 0 0 0 0 1 1 1 0 1 1 1 0 1 0 0 1 1 0 1 0 1 1 1 1 1 1 1 1 0 1 0 1 1 1 1 0 1 1 0 1 0 1 0 1 1 1 1 0 0 0 0 1 0 1 1 0 1 0 1 0 0 1 0 1 0 0 1 0 0 0 1 0 1 0 1 0 0 0 1 1 1 1 0 0 0 1 1 1 0 0 0 0 1 0 1 0 0 0 1 0 0 1 0 0 1 0 0 0 1 0 1 1 0 1 0 1 0 0 1 1 1 0 1 0 0 0 0 1 0 0 0
0 0 0 0 1 1 0 0 1 0 0 0 0 1 0 0 1 1 1 1 0 1 1 1 1 0 1 0 1 0 1 0 1 0 0 1 0 0 1 1 0 0 1 1 0 1 0 1 0 1 1 0 0 1 1 1 0 1 1 0 1 1 0 0 1 1 1 1 1 1 1 1 1 0 1 0 0 0 0 0 1 0 1 0 0 0 0 1 0 1 1 1 0 1 1 1 1 0 1 1 0 1 1 1 1 0 0 1 1 0 0 1 1 1 1 0 0 1 0 1 1 1 1 0 0 0 1 0 1 0 1 1 0 1 0 0 1 1 0 0 0 0 1 0 1 1 0 0 1 1 0 0 1 0 1 1 1 1 0 0 0 1 0 1 1 0 0 0 0 1 1 0 1 1 0 0 1 1 1 0 1 0 0 1 1 1 1 0 1 1 1 1 0 1 0 0 1 0 0 1 1 0 0 1 0 0 1 0 1 1 0 1 1 1 1 0 0 1 0 1 0 0 1 1 0 0 1 0 0 1 1 1 1 1 0 1 1 1 1 1 1 1 0 0 0 1 0 1 0 0
1 0 0 1 1 0 1 0 0 1 0 1 1 0 1 0 1 1 1 1 1 0 1 0 1 1 1 1 1 1 0 1 0 1 1 1 1 0 0 0 0 1 0 0 0 0 1 0 1 1 1 1 0 0 0 0 1 0 1 1 1 1 0 1 1 0 0 0 1 0 0 1 0 0 0 1 1 0 1 1 1 0 1 0 1 0 0 1 0 0 1 0 1 1 0 1 0 1 1 1 1 0 1 0 0 0 1 1 1 0 0 0 0 1 1 0 1 0 1 0 1 1 0 0 0 1 0 1 0 0 0 1 0 0 1 1 0 1 1 0 1 1 1 1 0 1 0 0 0 1 0 1 0 1 1 1 0 0 0 0 0 1 0 0 1 1 0 1 1 1 0 0 1 0 1 1 1 1 1 1 1 0 1 1 0 0 0 1 0 0 0 1 1 0 0 0 0 0 1 1 1 1 0 1 0 0 0 0 1 0 1 0 1 0 0 0 0 0 0 1 0 1 1 0 0 0 1 0 1 1 1 0 1 0 1 1 0 1 0 0 1 1 0 1 0 0 1 0 1 0
1 1 0 0 1 1 1 0 1 1 1 0 0 0 1 1 0 1 1 0 1 0 0 1 1 1 0 1 1 0 1 1 1 0 1 0 1 1 0 0 0 1 0 0 1 1 1 0 1 1 0 1 0 1 1 0 0 1 0 1 1 1 1 0 1 1 0 1 0 1 1 0 1 0 1 0 1 0 1 1 1 0 0 1 0 0 0 1 0 0 1 0 0 1 1 0 1 0 1 1 0 1 0 1 0 0 1 0 0 0 1 1 1 0 1 1 1 1 1 0 1 0 1 0 0 1 0 0 1 0 0 1 1 1 0 0 1 1 1 0 0 0 0 0 0 1 1 0 0 0 1 1 1 0 0 1 1 0 1 0 1 1 0 0 1 1 0 1 1 0 0 1 1 0 0 0 1 0 0 0 1 0 1 1 1 1 0 1 0 0 1 0 1 1 0 0 1 1 1 1 1 1 1 1 0 0 0 1 1 0 0 1 1 1 1 0 1 0 1 1 1 1 1 1 0 1 0 1 0 0 1 0 0 1 0 1 0 1 1 1 0 1 0 0 1 1 0 1 1 1
1 1 1 0 1 1 1 1 0 1 1 0 0 1 1 1 0 0 1 1 0 0 1 1 1 1 0 0 1 0 0 0 1 0 1 0 1 0 0 1 0 0 1 0 1 0 1 0 0 1 0 0 1 1 1 1 0 0 0 1 1 1 0 0 0 1 1 1 1 0 0 1 1 0 1 1 1 1 0 1 1 1 0 0 1 0 0 0 0 1 0 1 1 1 1 1 0 1 1 0 0 1 1 0 1 1 1 1 0 0 0 0 1 0 1 0 1 0 0 1 0 1 1 1 0 1 1 0 0 0 0 0 1 0 0 1 0 0 0 1 0 1 1 0 1 1 1 0 1 1 1 1 1 1 0 0 1 0 1 0 1 1 1 1 0 0 1 1 1 0 1 0 1 1 0 1 1 1 1 1 0 0 0 1 0 1 1 1 0 0 1 1 0 1 1 0 1 0 1 0 0 0 1 1 0 0 1 1 1 1 1 1 1 0 1 0 1 1 1 1 0 0 1 0 0 1 1 0 0 1 0 0 0 0 1 0 0 1 1 1 1 0 1 1 1 0 1 0 1 0