100 390 5
0 1
0 2
1 2
0 3
1 3
2 3
0 4
1 4
2 4
3 4
1 5
4 5
3 5
2 5
4 6
1 6
5 6
0 6
4 7
0 7
3 7
2 7
4 8
0 8
3 8
1 8
0 9
1 9
3 9
4 9
8 10
3 10
0 10
4 10
9 11
6 11
1 11
2 11
6 12
7 12
3 12
4 12
12 13
2 13
3 13
4 13
3 14
1 14
7 14
8 14
14 15
3 15
4 15
13 15
9 16
15 16
1 16
13 16
15 17
2 17
5 17
12 17
11 18
1 18
4 18
6 18
11 19
17 19
5 19
16 19
10 20
16 20
2 20
19 20
1 21
6 21
0 21
10 21
13 22
16 22
10 22
21 22
11 23
3 23
4 23
12 23
4 24
3 24
11 24
15 24
1 25
4 25
2 25
21 25
11 26
14 26
23 26
12 26
3 27
23 27
2 27
21 27
2 28
10 28
15 28
3 28
18 29
0 29
11 29
20 29
11 30
1 30
15 30
26 30
6 31
1 31
16 31
2 31
25 32
4 32
5 32
3 32
19 33
7 33
22 33
6 33
27 34
30 34
2 34
23 34
21 35
2 35
7 35
30 35
11 36
14 36
33 36
5 36
33 37
2 37
26 37
28 37
13 38
2 38
6 38
1 38
35 39
31 39
4 39
24 39
3 40
1 40
15 40
0 40
13 41
1 41
2 41
6 41
0 42
38 42
33 42
23 42
12 43
41 43
20 43
13 43
30 44
15 44
39 44
0 44
1 45
16 45
39 45
40 45
41 46
18 46
15 46
1 46
0 47
13 47
30 47
23 47
2 48
5 48
38 48
11 48
15 49
24 49
12 49
35 49
30 50
5 50
11 50
14 50
11 51
0 51
1 51
28 51
16 52
0 52
8 52
15 52
22 53
46 53
32 53
6 53
51 54
1 54
14 54
47 54
22 55
12 55
20 55
39 55
35 56
11 56
50 56
54 56
35 57
7 57
5 57
11 57
56 58
0 58
43 58
1 58
8 59
11 59
7 59
4 59
1 60
10 60
55 60
53 60
32 61
35 61
2 61
0 61
36 62
38 62
1 62
18 62
1 63
3 63
24 63
17 63
3 64
57 64
6 64
13 64
16 65
1 65
41 65
8 65
5 66
4 66
27 66
6 66
39 67
20 67
37 67
29 67
53 68
16 68
30 68
32 68
5 69
6 69
7 69
19 69
62 70
67 70
13 70
51 70
2 71
39 71
3 71
28 71
8 72
51 72
46 72
5 72
3 73
1 73
65 73
31 73
33 74
17 74
13 74
56 74
6 75
57 75
8 75
12 75
7 76
14 76
12 76
75 76
55 77
17 77
68 77
56 77
75 78
28 78
11 78
12 78
25 79
21 79
15 79
36 79
75 80
24 80
74 80
3 80
2 81
11 81
68 81
46 81
65 82
8 82
16 82
46 82
61 83
24 83
17 83
0 83
28 84
0 84
2 84
15 84
8 85
12 85
84 85
3 85
48 86
59 86
5 86
6 86
40 87
31 87
4 87
21 87
6 88
30 88
4 88
77 88
52 89
45 89
11 89
55 89
4 90
68 90
58 90
19 90
48 91
33 91
60 91
13 91
19 92
3 92
88 92
61 92
82 93
56 93
3 93
58 93
38 94
32 94
33 94
36 94
4 95
36 95
0 95
52 95
61 96
6 96
68 96
10 96
5 97
2 97
19 97
23 97
54 98
30 98
22 98
8 98
59 99
27 99
60 99
16 99
0 1 1 0 1 0 0 1 1 0 0 0 1 0 0 0 0 1 1 0 1 1 1 0 0 1 1 1 1 1 1 0 0 0 1 0 0 1 1 1 0 1 0 0 1 1 1 0 0 0 0 0 1 0 1 0 0 1 0 1 1 0 1 0 1 0 1 1 0 0 1 0 0 0 0 1 0 0 1 1 1 0 0 1 0 0 0 0 1 1 0 1 1 0 1 0 1 0 1 1
0 0 1 0 1 1 0 1 1 1 1 1 1 0 0 0 0 1 0 0 0 0 0 0 1 1 0 1 1 1 0 1 0 0 0 0 0 0 0 1 0 1 0 0 0 0 1 0 1 1 1 0 0 1 0 0 1 1 1 1 0 1 1 0 1 1 1 0 0 1 1 0 0 1 0 0 0 0 1 1 1 1 1 1 1 1 0 1 0 1 1 1 0 0 0 1 0 1 0 0
0 1 1 1 1 1 1 1 1 0 0 1 1 1 1 0 0 1 0 0 0 0 1 1 0 1 1 1 1 0 0 1 1 1 0 0 0 1 1 1 0 0 1 1 0 1 1 1 0 1 0 0 1 1 1 0 1 0 1 1 0 1 1 0 0 0 0 0 0 1 1 0 0 0 0 1 0 1 1 1 0 1 1 1 0 0 1 0 1 1 0 0 1 0 0 0 0 0 1 0
0 0 1 0 0 0 0 0 0 1 0 1 0 0 1 0 0 1 1 0 0 0 0 0 0 0 0 0 1 1 1 1 1 1 1 1 1 1 1 0 1 0 1 0 0 1 1 1 1 0 1 1 0 0 1 0 1 0 1 0 1 1 0 1 1 0 1 1 0 1 1 1 0 0 1 1 1 1 1 1 1 1 0 0 0 0 1 1 0 1 0 1 1 0 1 1 0 1 0 1
0 0 0 0 1 1 0 1 0 0 1 0 1 0 1 0 0 1 1 1 1 0 0 1 0 1 0 1 1 1 1 1 0 1 0 1 0 0 1 1 0 0 0 1 0 0 0 0 1 1 0 1 1 0 1 0 0 0 1 1 0 1 0 0 1 1 1 1 1 1 0 1 0 0 1 0 1 1 0 1 0 0 1 1 1 1 1 0 0 1 0 1 0 1 1 1 1 1 1 0