250 1488 5
0 1
0 2
1 2
0 3
1 3
2 3
2 4
0 4
3 4
4 5
1 5
0 5
4 6
1 6
5 6
3 7
0 7
6 7
6 8
4 8
2 8
0 9
1 9
4 9
3 10
4 10
0 10
4 11
6 11
0 11
2 12
4 12
10 12
1 13
4 13
12 13
13 14
4 14
11 14
3 15
9 15
4 15
1 16
0 16
4 16
14 17
16 17
8 17
2 18
3 18
4 18
6 19
11 19
10 19
10 20
2 20
1 20
9 21
12 21
2 21
1 22
12 22
9 22
19 23
13 23
2 23
7 24
18 24
3 24
20 25
11 25
16 25
11 26
16 26
18 26
20 27
10 27
2 27
26 28
8 28
6 28
1 29
10 29
6 29
1 30
4 30
18 30
1 31
5 31
4 31
13 32
19 32
4 32
5 33
29 33
4 33
1 34
4 34
9 34
2 35
4 35
9 35
14 36
16 36
8 36
30 37
22 37
16 37
16 38
17 38
0 38
0 39
1 39
11 39
13 40
29 40
1 40
31 41
2 41
6 41
29 42
18 42
1 42
15 43
19 43
32 43
5 44
11 44
18 44
12 45
29 45
38 45
4 46
22 46
37 46
30 47
10 47
29 47
1 48
37 48
27 48
4 49
21 49
29 49
12 50
25 50
4 50
4 51
32 51
34 51
4 52
40 52
36 52
46 53
45 53
27 53
5 54
15 54
47 54
4 55
1 55
26 55
4 56
34 56
46 56
3 57
39 57
2 57
5 58
1 58
55 58
1 59
38 59
33 59
47 60
3 60
18 60
0 61
45 61
1 61
1 62
56 62
16 62
5 63
2 63
29 63
1 64
47 64
11 64
34 65
13 65
26 65
47 66
1 66
23 66
0 67
4 67
33 67
14 68
4 68
23 68
9 69
12 69
10 69
8 70
7 70
14 70
5 71
4 71
10 71
17 72
41 72
37 72
20 73
25 73
34 73
22 74
32 74
4 74
47 75
62 75
68 75
32 76
46 76
48 76
4 77
26 77
50 77
17 78
2 78
45 78
56 79
45 79
18 79
2 80
12 80
70 80
12 81
36 81
58 81
22 82
2 82
46 82
10 83
45 83
32 83
1 84
43 84
0 84
30 85
5 85
19 85
66 86
10 86
4 86
53 87
12 87
4 87
81 88
0 88
53 88
80 89
57 89
0 89
88 90
35 90
12 90
25 91
35 91
85 91
21 92
27 92
1 92
79 93
48 93
29 93
12 94
91 94
29 94
9 95
27 95
12 95
19 96
46 96
8 96
31 97
14 97
4 97
26 98
1 98
50 98
72 99
63 99
16 99
15 100
37 100
78 100
46 101
70 101
31 101
46 102
2 102
5 102
27 103
59 103
63 103
4 104
100 104
47 104
9 105
13 105
51 105
33 106
22 106
17 106
105 107
8 107
40 107
36 108
52 108
4 108
29 109
108 109
97 109
26 110
60 110
3 110
41 111
23 111
35 111
46 112
12 112
31 112
4 113
68 113
27 113
20 114
11 114
63 114
46 115
67 115
52 115
4 116
11 116
105 116
68 117
17 117
9 117
104 118
108 118
4 118
17 119
27 119
46 119
34 120
16 120
31 120
61 121
10 121
79 121
9 122
14 122
10 122
5 123
39 123
96 123
4 124
37 124
13 124
110 125
106 125
81 125
81 126
31 126
97 126
93 127
5 127
123 127
4 128
26 128
91 128
59 129
58 129
4 129
27 130
20 130
47 130
14 131
79 131
23 131
79 132
15 132
32 132
6 133
37 133
47 133
4 134
104 134
28 134
30 135
112 135
34 135
114 136
74 136
2 136
4 137
91 137
47 137
47 138
0 138
129 138
0 139
108 139
102 139
116 140
12 140
2 140
29 141
135 141
15 141
6 142
91 142
77 142
35 143
46 143
130 143
93 144
10 144
66 144
12 145
10 145
43 145
19 146
11 146
31 146
47 147
21 147
2 147
27 148
61 148
139 148
113 149
45 149
137 149
113 150
46 150
139 150
129 151
48 151
4 151
112 152
105 152
7 152
6 153
4 153
18 153
26 154
62 154
52 154
42 155
1 155
102 155
46 156
80 156
17 156
102 157
59 157
115 157
4 158
21 158
17 158
39 159
12 159
58 159
142 160
34 160
9 160
18 161
100 161
9 161
17 162
3 162
117 162
30 163
47 163
112 163
30 164
32 164
99 164
4 165
17 165
81 165
8 166
29 166
38 166
10 167
11 167
91 167
59 168
37 168
22 168
87 169
35 169
137 169
113 170
104 170
118 170
92 171
138 171
46 171
18 172
53 172
5 172
0 173
5 173
36 173
15 174
79 174
9 174
5 175
16 175
155 175
167 176
14 176
8 176
1 177
97 177
4 177
28 178
17 178
105 178
122 179
41 179
19 179
59 180
19 180
171 180
1 181
0 181
25 181
56 182
12 182
17 182
91 183
12 183
168 183
81 184
7 184
45 184
15 185
146 185
58 185
23 186
32 186
29 186
17 187
37 187
14 187
125 188
81 188
176 188
35 189
181 189
79 189
18 190
112 190
70 190
152 191
14 191
123 191
157 192
41 192
107 192
84 193
35 193
32 193
3 194
98 194
151 194
188 195
133 195
3 195
5 196
134 196
140 196
24 197
2 197
178 197
118 198
195 198
43 198
151 199
47 199
189 199
12 200
34 200
167 200
145 201
13 201
92 201
100 202
17 202
46 202
67 203
54 203
110 203
133 204
2 204
116 204
112 205
2 205
202 205
54 206
51 206
75 206
98 207
131 207
133 207
16 208
18 208
61 208
4 209
3 209
40 209
167 210
163 210
106 210
136 211
109 211
138 211
52 212
34 212
113 212
1 213
13 213
43 213
196 214
1 214
3 214
15 215
204 215
163 215
1 216
17 216
37 216
77 217
1 217
51 217
202 218
45 218
213 218
22 219
123 219
10 219
2 220
105 220
84 220
88 221
187 221
29 221
168 222
206 222
152 222
92 223
97 223
17 223
4 224
59 224
17 224
134 225
2 225
34 225
3 226
27 226
105 226
5 227
117 227
116 227
181 228
66 228
44 228
12 229
110 229
173 229
31 230
13 230
19 230
118 231
31 231
34 231
218 232
60 232
0 232
77 233
26 233
4 233
229 234
8 234
101 234
21 235
4 235
12 235
55 236
128 236
46 236
24 237
82 237
137 237
45 238
53 238
13 238
100 239
184 239
0 239
191 240
187 240
20 240
186 241
62 241
2 241
18 242
31 242
157 242
104 243
242 243
4 243
34 244
179 244
238 244
181 245
222 245
30 245
4 246
18 246
245 246
14 247
158 247
106 247
227 248
87 248
229 248
4 249
226 249
91 249
1 0
2 0
2 1
3 0
3 1
3 2
4 2
4 0
4 3
5 4
5 1
5 0
6 4
6 1
6 5
7 3
7 0
7 6
8 6
8 4
8 2
9 0
9 1
9 4
10 3
10 4
10 0
11 4
11 6
11 0
12 2
12 4
12 10
13 1
13 4
13 12
14 13
14 4
14 11
15 3
15 9
15 4
16 1
16 0
16 4
17 14
17 16
17 8
18 2
18 3
18 4
19 6
19 11
19 10
20 10
20 2
20 1
21 9
21 12
21 2
22 1
22 12
22 9
23 19
23 13
23 2
24 7
24 18
24 3
25 20
25 11
25 16
26 11
26 16
26 18
27 20
27 10
27 2
28 26
28 8
28 6
29 1
29 10
29 6
30 1
30 4
30 18
31 1
31 5
31 4
32 13
32 19
32 4
33 5
33 29
33 4
34 1
34 4
34 9
35 2
35 4
35 9
36 14
36 16
36 8
37 30
37 22
37 16
38 16
38 17
38 0
39 0
39 1
39 11
40 13
40 29
40 1
41 31
41 2
41 6
42 29
42 18
42 1
43 15
43 19
43 32
44 5
44 11
44 18
45 12
45 29
45 38
46 4
46 22
46 37
47 30
47 10
47 29
48 1
48 37
48 27
49 4
49 21
49 29
50 12
50 25
50 4
51 4
51 32
51 34
52 4
52 40
52 36
53 46
53 45
53 27
54 5
54 15
54 47
55 4
55 1
55 26
56 4
56 34
56 46
57 3
57 39
57 2
58 5
58 1
58 55
59 1
59 38
59 33
60 47
60 3
60 18
61 0
61 45
61 1
62 1
62 56
62 16
63 5
63 2
63 29
64 1
64 47
64 11
65 34
65 13
65 26
66 47
66 1
66 23
67 0
67 4
67 33
68 14
68 4
68 23
69 9
69 12
69 10
70 8
70 7
70 14
71 5
71 4
71 10
72 17
72 41
72 37
73 20
73 25
73 34
74 22
74 32
74 4
75 47
75 62
75 68
76 32
76 46
76 48
77 4
77 26
77 50
78 17
78 2
78 45
79 56
79 45
79 18
80 2
80 12
80 70
81 12
81 36
81 58
82 22
82 2
82 46
83 10
83 45
83 32
84 1
84 43
84 0
85 30
85 5
85 19
86 66
86 10
86 4
87 53
87 12
87 4
88 81
88 0
88 53
89 80
89 57
89 0
90 88
90 35
90 12
91 25
91 35
91 85
92 21
92 27
92 1
93 79
93 48
93 29
94 12
94 91
94 29
95 9
95 27
95 12
96 19
96 46
96 8
97 31
97 14
97 4
98 26
98 1
98 50
99 72
99 63
99 16
100 15
100 37
100 78
101 46
101 70
101 31
102 46
102 2
102 5
103 27
103 59
103 63
104 4
104 100
104 47
105 9
105 13
105 51
106 33
106 22
106 17
107 105
107 8
107 40
108 36
108 52
108 4
109 29
109 108
109 97
110 26
110 60
110 3
111 41
111 23
111 35
112 46
112 12
112 31
113 4
113 68
113 27
114 20
114 11
114 63
115 46
115 67
115 52
116 4
116 11
116 105
117 68
117 17
117 9
118 104
118 108
118 4
119 17
119 27
119 46
120 34
120 16
120 31
121 61
121 10
121 79
122 9
122 14
122 10
123 5
123 39
123 96
124 4
124 37
124 13
125 110
125 106
125 81
126 81
126 31
126 97
127 93
127 5
127 123
128 4
128 26
128 91
129 59
129 58
129 4
130 27
130 20
130 47
131 14
131 79
131 23
132 79
132 15
132 32
133 6
133 37
133 47
134 4
134 104
134 28
135 30
135 112
135 34
136 114
136 74
136 2
137 4
137 91
137 47
138 47
138 0
138 129
139 0
139 108
139 102
140 116
140 12
140 2
141 29
141 135
141 15
142 6
142 91
142 77
143 35
143 46
143 130
144 93
144 10
144 66
145 12
145 10
145 43
146 19
146 11
146 31
147 47
147 21
147 2
148 27
148 61
148 139
149 113
149 45
149 137
150 113
150 46
150 139
151 129
151 48
151 4
152 112
152 105
152 7
153 6
153 4
153 18
154 26
154 62
154 52
155 42
155 1
155 102
156 46
156 80
156 17
157 102
157 59
157 115
158 4
158 21
158 17
159 39
159 12
159 58
160 142
160 34
160 9
161 18
161 100
161 9
162 17
162 3
162 117
163 30
163 47
163 112
164 30
164 32
164 99
165 4
165 17
165 81
166 8
166 29
166 38
167 10
167 11
167 91
168 59
168 37
168 22
169 87
169 35
169 137
170 113
170 104
170 118
171 92
171 138
171 46
172 18
172 53
172 5
173 0
173 5
173 36
174 15
174 79
174 9
175 5
175 16
175 155
176 167
176 14
176 8
177 1
177 97
177 4
178 28
178 17
178 105
179 122
179 41
179 19
180 59
180 19
180 171
181 1
181 0
181 25
182 56
182 12
182 17
183 91
183 12
183 168
184 81
184 7
184 45
185 15
185 146
185 58
186 23
186 32
186 29
187 17
187 37
187 14
188 125
188 81
188 176
189 35
189 181
189 79
190 18
190 112
190 70
191 152
191 14
191 123
192 157
192 41
192 107
193 84
193 35
193 32
194 3
194 98
194 151
195 188
195 133
195 3
196 5
196 134
196 140
197 24
197 2
197 178
198 118
198 195
198 43
199 151
199 47
199 189
200 12
200 34
200 167
201 145
201 13
201 92
202 100
202 17
202 46
203 67
203 54
203 110
204 133
204 2
204 116
205 112
205 2
205 202
206 54
206 51
206 75
207 98
207 131
207 133
208 16
208 18
208 61
209 4
209 3
209 40
210 167
210 163
210 106
211 136
211 109
211 138
212 52
212 34
212 113
213 1
213 13
213 43
214 196
214 1
214 3
215 15
215 204
215 163
216 1
216 17
216 37
217 77
217 1
217 51
218 202
218 45
218 213
219 22
219 123
219 10
220 2
220 105
220 84
221 88
221 187
221 29
222 168
222 206
222 152
223 92
223 97
223 17
224 4
224 59
224 17
225 134
225 2
225 34
226 3
226 27
226 105
227 5
227 117
227 116
228 181
228 66
228 44
229 12
229 110
229 173
230 31
230 13
230 19
231 118
231 31
231 34
232 218
232 60
232 0
233 77
233 26
233 4
234 229
234 8
234 101
235 21
235 4
235 12
236 55
236 128
236 46
237 24
237 82
237 137
238 45
238 53
238 13
239 100
239 184
239 0
240 191
240 187
240 20
241 186
241 62
241 2
242 18
242 31
242 157
243 104
243 242
243 4
244 34
244 179
244 238
245 181
245 222
245 30
246 4
246 18
246 245
247 14
247 158
247 106
248 227
248 87
248 229
249 4
249 226
249 91
1 1 0 1 0 0 0 0 0 0 1 1 0 0 0 1 1 1 1 1 1 0 1 1 0 0 0 0 1 1 0 0 0 1 0 0 1 1 0 1 1 1 0 1 0 0 1 0 1 1 1 1 0 1 0 0 1 0 1 0 1 1 1 1 0 1 1 0 1 0 1 1 0 0 0 0 0 0 0 1 1 0 0 1 1 1 1 1 1 0 0 1 1 1 0 1 0 1 1 1 1 0 0 1 1 1 0 0 0 0 1 0 1 0 0 1 1 1 1 0 1 0 0 0 0 1 1 1 1 1 0 1 1 0 1 1 1 0 0 0 1 1 0 0 0 0 1 1 0 1 0 0 1 0 1 1 1 1 0 0 0 0 1 1 1 0 0 1 1 1 1 1 1 1 0 0 0 1 0 1 0 1 1 1 0 0 0 0 0 0 0 1 0 1 1 0 0 0 1 1 1 0 1 0 0 1 1 0 0 0 0 0 1 1 1 0 1 0 1 1 0 1 0 0 0 0 0 0 0 0 1 1 1 1 1 0 0 1 0 1 0 1 0 0 1 0 1 0 1 1
1 0 1 1 1 1 0 1 1 1 0 1 1 0 1 1 0 1 1 0 0 1 1 1 0 1 0 0 0 1 1 1 0 1 0 1 0 0 0 1 0 0 1 1 1 1 1 0 0 1 0 1 0 1 0 1 1 0 0 1 0 1 1 1 1 1 1 1 1 0 1 1 0 1 0 0 0 0 0 0 1 1 0 0 0 0 0 1 0 0 1 1 0 1 1 0 1 1 1 0 0 1 1 0 1 1 0 0 1 1 0 1 1 0 0 0 1 0 1 0 1 0 1 1 1 1 1 0 1 0 0 0 1 0 0 1 1 1 0 0 0 0 0 0 0 1 0 0 1 1 1 1 1 0 1 1 0 1 0 1 0 1 0 0 1 1 0 0 0 0 1 1 1 0 0 1 1 1 1 0 1 0 1 1 1 0 0 1 1 0 1 1 1 0 1 1 1 1 1 0 0 0 1 1 1 1 1 1 0 0 1 0 1 0 1 0 1 0 0 1 1 1 1 1 0 1 0 1 1 0 0 0 0 0 1 0 0 1 0 1 0 0 0 0 1 1 1 1 0 0
0 0 0 0 0 0 0 1 0 1 1 0 0 1 0 1 1 1 1 0 1 1 1 0 1 0 1 0 1 1 1 1 0 1 0 0 0 0 0 1 1 0 0 1 0 0 0 0 1 1 0 1 1 0 0 0 1 1 1 0 0 0 1 1 1 1 1 0 0 1 0 0 1 1 1 0 0 1 1 1 1 0 1 1 0 0 0 1 0 1 0 0 1 1 0 1 0 0 1 1 0 0 0 0 1 0 0 1 0 1 1 1 1 1 1 0 0 0 1 0 0 1 0 1 0 0 1 1 0 0 1 0 0 1 1 0 1 0 1 0 1 1 1 1 1 1 1 0 0 0 1 1 1 0 0 0 1 1 0 1 1 0 0 0 0 0 0 1 0 0 1 0 1 1 0 1 0 0 1 0 0 1 0 0 1 1 1 1 1 0 1 1 1 0 1 0 1 0 0 0 0 0 1 1 0 1 1 0 1 0 1 0 1 1 0 0 0 1 0 1 0 0 0 1 1 1 0 1 1 1 1 0 1 1 0 1 1 1 0 1 0 1 0 1 1 0 1 0 0 0
1 1 0 1 1 0 1 1 0 0 1 1 0 0 0 1 1 1 0 0 0 0 0 0 0 1 0 0 1 0 1 1 0 0 0 1 0 1 0 1 0 1 0 1 0 1 1 0 1 0 0 1 1 0 0 0 0 1 1 1 0 1 1 0 1 0 0 1 1 1 0 0 1 1 1 0 1 1 1 1 1 0 1 0 1 1 1 1 1 1 1 1 0 0 1 1 0 1 0 1 1 1 0 1 1 0 1 0 1 1 1 0 1 1 0 0 1 1 1 0 1 1 1 1 0 0 1 0 0 1 0 1 0 0 1 1 1 0 1 1 0 1 0 1 0 0 1 1 0 0 1 0 1 1 1 0 0 1 1 0 0 1 0 1 0 0 1 0 1 1 1 0 1 1 0 1 1 1 1 1 1 0 1 1 0 0 0 1 1 0 1 0 0 1 1 1 1 0 0 1 1 1 1 1 0 1 1 0 0 1 1 1 0 0 1 0 0 1 0 0 1 1 0 1 0 1 1 1 1 0 0 1 1 1 0 1 1 1 1 1 1 1 1 1 1 1 0 0 1 0
1 1 1 0 0 0 1 1 1 0 0 0 0 1 0 1 1 1 1 0 1 1 0 0 0 0 0 1 0 1 1 1 0 0 1 1 0 1 1 1 0 1 1 1 1 0 1 0 1 1 1 0 1 0 0 0 1 1 1 0 1 1 1 0 0 1 1 1 1 0 1 1 0 1 0 1 0 1 1 0 1 1 1 0 1 1 0 0 1 0 0 0 1 1 1 1 0 0 1 0 1 0 1 0 0 0 1 1 1 0 0 1 0 1 1 0 1 1 1 1 1 1 1 0 0 0 1 1 1 0 0 1 1 1 0 0 0 1 0 0 0 0 0 0 0 1 0 1 1 1 0 1 1 0 0 1 1 0 0 1 0 0 0 1 0 0 1 0 0 1 1 0 1 1 1 1 0 1 1 1 1 1 1 1 0 0 0 0 1 0 1 1 0 1 1 0 1 0 1 0 1 0 0 0 1 0 0 0 1 1 1 1 1 1 1 1 1 1 0 1 1 1 0 1 1 1 1 1 1 0 0 0 0 0 1 1 1 0 0 1 1 0 1 1 0 0 0 0 0 0