250 994 5
0 1
0 2
1 2
2 3
0 3
3 4
1 4
0 5
3 5
1 6
0 6
6 7
2 7
1 8
3 8
3 9
6 9
2 10
1 10
2 11
3 11
3 12
11 12
11 13
1 13
0 14
3 14
7 15
1 15
7 16
4 16
10 17
9 17
5 18
1 18
8 19
14 19
6 20
2 20
3 21
14 21
0 22
9 22
22 23
12 23
12 24
3 24
3 25
10 25
1 26
9 26
18 27
3 27
23 28
22 28
14 29
27 29
13 30
3 30
3 31
1 31
5 32
7 32
6 33
1 33
25 34
0 34
0 35
9 35
2 36
6 36
31 37
2 37
3 38
32 38
9 39
23 39
5 40
30 40
14 41
25 41
27 42
28 42
4 43
25 43
11 44
24 44
3 45
16 45
3 46
1 46
27 47
10 47
6 48
28 48
1 49
14 49
26 50
14 50
1 51
25 51
9 52
6 52
17 53
1 53
1 54
34 54
9 55
24 55
14 56
7 56
34 57
6 57
2 58
10 58
19 59
5 59
12 60
32 60
0 61
49 61
45 62
28 62
4 63
49 63
31 64
0 64
39 65
12 65
2 66
45 66
53 67
45 67
46 68
7 68
60 69
53 69
31 70
21 70
45 71
49 71
49 72
35 72
7 73
1 73
45 74
48 74
14 75
60 75
16 76
55 76
11 77
6 77
0 78
37 78
64 79
6 79
0 80
14 80
0 81
8 81
4 82
77 82
55 83
26 83
26 84
55 84
42 85
5 85
75 86
2 86
20 87
14 87
5 88
48 88
83 89
6 89
24 90
0 90
76 91
10 91
87 92
1 92
1 93
14 93
45 94
18 94
77 95
16 95
29 96
54 96
47 97
6 97
2 98
85 98
0 99
28 99
22 100
16 100
9 101
20 101
6 102
1 102
93 103
25 103
1 104
19 104
24 105
77 105
11 106
85 106
3 107
12 107
60 108
5 108
5 109
33 109
6 110
2 110
60 111
5 111
70 112
1 112
77 113
42 113
28 114
111 114
0 115
4 115
20 116
18 116
25 117
86 117
24 118
1 118
70 119
36 119
77 120
4 120
35 121
111 121
50 122
84 122
27 123
14 123
14 124
29 124
6 125
21 125
60 126
121 126
69 127
18 127
116 128
22 128
26 129
125 129
93 130
75 130
3 131
84 131
26 132
30 132
40 133
114 133
86 134
16 134
1 135
102 135
131 136
41 136
21 137
31 137
102 138
135 138
29 139
107 139
68 140
63 140
1 141
134 141
108 142
2 142
66 143
1 143
1 144
46 144
117 145
29 145
76 146
100 146
1 147
79 147
60 148
106 148
18 149
48 149
2 150
56 150
18 151
107 151
146 152
99 152
126 153
144 153
24 154
125 154
65 155
2 155
0 156
30 156
136 157
121 157
34 158
3 158
82 159
135 159
83 160
60 160
4 161
154 161
161 162
6 162
71 163
4 163
14 164
74 164
34 165
73 165
0 166
26 166
42 167
5 167
66 168
32 168
70 169
53 169
9 170
87 170
20 171
16 171
52 172
60 172
26 173
60 173
152 174
82 174
163 175
49 175
109 176
9 176
82 177
132 177
9 178
34 178
138 179
9 179
28 180
21 180
25 181
117 181
109 182
75 182
60 183
134 183
75 184
8 184
5 185
147 185
72 186
50 186
29 187
141 187
0 188
42 188
140 189
55 189
121 190
29 190
141 191
122 191
53 192
5 192
14 193
30 193
111 194
1 194
14 195
66 195
174 196
141 196
80 197
45 197
159 198
58 198
129 199
185 199
49 200
77 200
24 201
8 201
60 202
39 202
14 203
32 203
163 204
49 204
4 205
43 205
49 206
2 206
49 207
53 207
5 208
154 208
140 209
172 209
180 210
18 210
14 211
4 211
11 212
152 212
64 213
4 213
31 214
67 214
83 215
64 215
31 216
117 216
47 217
190 217
13 218
149 218
2 219
172 219
64 220
161 220
206 221
211 221
114 222
16 222
49 223
2 223
6 224
1 224
79 225
49 225
154 226
108 226
182 227
8 227
146 228
109 228
21 229
0 229
48 230
14 230
151 231
154 231
41 232
117 232
146 233
163 233
6 234
25 234
26 235
54 235
219 236
171 236
2 237
210 237
60 238
11 238
163 239
238 239
221 240
21 240
67 241
121 241
26 242
138 242
70 243
86 243
14 244
228 244
66 245
123 245
89 246
24 246
17 247
96 247
54 248
6 248
135 249
95 249
1 0
2 0
2 1
3 2
3 0
4 3
4 1
5 0
5 3
6 1
6 0
7 6
7 2
8 1
8 3
9 3
9 6
10 2
10 1
11 2
11 3
12 3
12 11
13 11
13 1
14 0
14 3
15 7
15 1
16 7
16 4
17 10
17 9
18 5
18 1
19 8
19 14
20 6
20 2
21 3
21 14
22 0
22 9
23 22
23 12
24 12
24 3
25 3
25 10
26 1
26 9
27 18
27 3
28 23
28 22
29 14
29 27
30 13
30 3
31 3
31 1
32 5
32 7
33 6
33 1
34 25
34 0
35 0
35 9
36 2
36 6
37 31
37 2
38 3
38 32
39 9
39 23
40 5
40 30
41 14
41 25
42 27
42 28
43 4
43 25
44 11
44 24
45 3
45 16
46 3
46 1
47 27
47 10
48 6
48 28
49 1
49 14
50 26
50 14
51 1
51 25
52 9
52 6
53 17
53 1
54 1
54 34
55 9
55 24
56 14
56 7
57 34
57 6
58 2
58 10
59 19
59 5
60 12
60 32
61 0
61 49
62 45
62 28
63 4
63 49
64 31
64 0
65 39
65 12
66 2
66 45
67 53
67 45
68 46
68 7
69 60
69 53
70 31
70 21
71 45
71 49
72 49
72 35
73 7
73 1
74 45
74 48
75 14
75 60
76 16
76 55
77 11
77 6
78 0
78 37
79 64
79 6
80 0
80 14
81 0
81 8
82 4
82 77
83 55
83 26
84 26
84 55
85 42
85 5
86 75
86 2
87 20
87 14
88 5
88 48
89 83
89 6
90 24
90 0
91 76
91 10
92 87
92 1
93 1
93 14
94 45
94 18
95 77
95 16
96 29
96 54
97 47
97 6
98 2
98 85
99 0
99 28
100 22
100 16
101 9
101 20
102 6
102 1
103 93
103 25
104 1
104 19
105 24
105 77
106 11
106 85
107 3
107 12
108 60
108 5
109 5
109 33
110 6
110 2
111 60
111 5
112 70
112 1
113 77
113 42
114 28
114 111
115 0
115 4
116 20
116 18
117 25
117 86
118 24
118 1
119 70
119 36
120 77
120 4
121 35
121 111
122 50
122 84
123 27
123 14
124 14
124 29
125 6
125 21
126 60
126 121
127 69
127 18
128 116
128 22
129 26
129 125
130 93
130 75
131 3
131 84
132 26
132 30
133 40
133 114
134 86
134 16
135 1
135 102
136 131
136 41
137 21
137 31
138 102
138 135
139 29
139 107
140 68
140 63
141 1
141 134
142 108
142 2
143 66
143 1
144 1
144 46
145 117
145 29
146 76
146 100
147 1
147 79
148 60
148 106
149 18
149 48
150 2
150 56
151 18
151 107
152 146
152 99
153 126
153 144
154 24
154 125
155 65
155 2
156 0
156 30
157 136
157 121
158 34
158 3
159 82
159 135
160 83
160 60
161 4
161 154
162 161
162 6
163 71
163 4
164 14
164 74
165 34
165 73
166 0
166 26
167 42
167 5
168 66
168 32
169 70
169 53
170 9
170 87
171 20
171 16
172 52
172 60
173 26
173 60
174 152
174 82
175 163
175 49
176 109
176 9
177 82
177 132
178 9
178 34
179 138
179 9
180 28
180 21
181 25
181 117
182 109
182 75
183 60
183 134
184 75
184 8
185 5
185 147
186 72
186 50
187 29
187 141
188 0
188 42
189 140
189 55
190 121
190 29
191 141
191 122
192 53
192 5
193 14
193 30
194 111
194 1
195 14
195 66
196 174
196 141
197 80
197 45
198 159
198 58
199 129
199 185
200 49
200 77
201 24
201 8
202 60
202 39
203 14
203 32
204 163
204 49
205 4
205 43
206 49
206 2
207 49
207 53
208 5
208 154
209 140
209 172
210 180
210 18
211 14
211 4
212 11
212 152
213 64
213 4
214 31
214 67
215 83
215 64
216 31
216 117
217 47
217 190
218 13
218 149
219 2
219 172
220 64
220 161
221 206
221 211
222 114
222 16
223 49
223 2
224 6
224 1
225 79
225 49
226 154
226 108
227 182
227 8
228 146
228 109
229 21
229 0
230 48
230 14
231 151
231 154
232 41
232 117
233 146
233 163
234 6
234 25
235 26
235 54
236 219
236 171
237 2
237 210
238 60
238 11
239 163
239 238
240 221
240 21
241 67
241 121
242 26
242 138
243 70
243 86
244 14
244 228
245 66
245 123
246 89
246 24
247 17
247 96
248 54
248 6
249 135
249 95
1 0 1 0 0 0 1 0 1 1 0 0 1 1 1 0 0 0 1 1 0 0 1 1 0 0 0 1 0 1 1 1 1 0 0 0 1 0 0 0 0 0 0 1 0 1 1 0 0 1 1 0 1 1 0 0 0 1 0 1 0 0 1 0 0 1 0 1 0 1 0 1 1 0 1 1 0 0 0 1 1 0 1 0 1 1 0 0 0 0 0 1 1 1 1 1 0 0 0 1 0 0 0 0 1 0 0 1 0 1 0 0 0 1 1 0 0 0 0 0 1 0 1 1 1 1 1 1 0 1 1 1 1 0 1 1 1 0 0 1 0 0 0 0 0 0 0 1 1 0 0 0 1 0 1 1 1 1 1 0 0 1 0 1 1 1 0 1 0 1 0 0 0 1 0 1 0 1 1 0 1 0 0 0 0 0 0 1 0 1 0 0 1 1 0 0 0 1 0 0 1 0 0 1 0 1 0 1 1 1 1 0 1 1 0 0 0 0 0 1 1 1 1 0 1 0 1 0 0 1 1 1 1 0 0 0 0 0 0 0 0 0 1 1 0 0 1 0 1 0
1 0 1 0 0 1 0 1 0 0 0 0 1 0 1 1 0 0 1 1 1 1 0 0 0 1 1 0 0 1 0 0 0 0 1 1 0 1 0 0 0 0 0 0 1 1 1 0 0 0 1 1 0 0 0 0 1 1 1 0 0 0 0 0 0 0 1 1 0 1 1 1 0 1 1 0 1 1 0 0 1 1 0 1 0 1 0 0 0 0 0 1 0 0 0 0 0 0 0 1 0 1 0 0 1 1 0 1 0 0 1 1 1 0 1 1 1 0 1 0 1 1 1 1 1 1 1 0 1 0 0 0 1 1 1 0 1 0 1 0 0 0 0 0 1 0 1 0 1 1 1 1 0 0 0 1 1 0 0 0 1 1 1 0 1 1 1 1 1 1 1 1 1 1 1 1 0 1 0 0 1 0 1 1 0 1 0 1 1 1 0 1 0 1 0 0 0 1 0 1 0 1 1 1 0 1 0 1 0 0 1 0 0 1 1 0 0 1 1 0 0 1 1 1 1 0 0 0 0 1 0 0 1 0 0 0 1 1 1 1 1 0 0 1 1 1 1 1 1 1
1 1 0 0 0 0 1 0 0 1 0 0 1 1 1 1 0 0 1 1 0 0 1 1 0 1 1 0 1 0 1 1 1 1 0 1 1 1 1 1 0 1 0 1 0 1 1 1 0 1 0 1 1 1 0 0 0 1 0 1 1 1 0 0 0 1 0 0 1 0 1 1 1 1 0 0 0 1 0 1 1 0 0 0 1 0 0 1 1 0 0 1 0 1 1 1 0 1 1 1 0 0 1 0 1 0 1 0 1 1 0 0 1 0 0 1 1 0 1 0 0 0 1 1 1 0 1 0 0 0 0 0 1 0 0 1 1 1 0 1 1 1 1 1 1 0 0 0 1 0 0 1 1 1 0 1 0 1 0 0 1 1 1 1 1 1 0 1 1 0 0 1 0 0 0 1 1 0 1 0 1 0 1 0 0 1 0 0 1 0 0 0 1 1 0 0 1 1 0 1 0 1 0 0 0 1 0 0 0 1 0 1 0 1 0 0 1 0 1 1 0 0 1 0 0 0 0 0 1 1 1 0 1 1 0 1 1 1 0 0 0 1 0 0 0 0 1 1 1 1
0 0 1 1 0 1 0 1 1 0 1 0 1 0 1 0 1 0 0 0 1 0 1 0 1 0 0 1 0 0 1 0 1 1 0 0 0 1 0 0 1 1 1 0 0 1 1 1 1 1 1 1 0 1 1 1 1 0 1 1 1 1 1 1 1 1 1 0 0 1 1 1 0 1 1 1 0 0 1 0 0 0 1 0 0 0 1 0 0 1 1 1 1 1 0 1 0 0 1 0 0 0 1 0 0 1 1 1 1 1 1 0 0 0 1 1 1 0 0 0 0 1 1 1 0 0 1 0 1 0 1 1 0 1 1 0 0 0 1 1 0 1 1 0 1 1 0 0 1 1 0 1 0 0 1 0 1 0 1 0 0 1 1 0 1 1 1 1 0 1 1 0 1 1 0 0 1 1 0 1 0 0 1 0 1 1 0 0 0 0 0 0 0 1 1 0 1 0 0 0 1 1 1 0 0 0 1 1 0 1 0 1 0 1 1 1 1 0 1 0 0 1 0 0 0 1 1 1 0 0 0 0 1 0 1 1 0 0 1 0 0 0 1 0 0 1 0 0 1 1
1 0 0 1 1 1 0 0 1 0 1 1 1 1 1 0 1 0 0 0 1 1 1 1 1 1 0 0 0 1 1 1 0 0 0 0 0 1 1 0 0 1 0 0 1 0 1 1 1 0 1 1 0 0 0 0 1 0 1 0 1 0 0 0 0 1 1 0 0 0 0 1 0 0 0 1 1 0 0 0 1 0 0 1 0 0 0 1 0 0 0 0 0 0 0 1 0 0 0 0 1 1 0 1 1 1 1 1 0 0 0 0 1 1 0 0 1 0 1 1 0 1 0 0 0 0 0 0 1 1 1 0 1 0 0 1 1 0 1 0 1 1 1 0 1 0 1 0 0 0 1 1 0 0 0 0 1 1 1 0 0 1 1 0 0 0 0 0 0 0 0 0 0 0 1 1 0 0 0 0 1 0 0 0 0 0 0 0 0 0 1 1 0 0 0 1 0 1 1 0 0 0 1 0 0 0 1 0 0 0 1 0 1 1 1 0 1 0 0 1 1 0 0 0 0 1 1 1 0 0 1 1 0 1 1 0 1 0 0 1 0 1 0 1 1 0 0 0 1 1