250 498 5
0 1
1 2
2 3
0 4
2 5
2 6
2 7
6 8
1 9
7 10
8 11
2 12
11 13
2 14
5 15
5 16
10 17
6 18
13 19
15 20
8 21
8 22
21 23
12 24
6 25
4 26
22 27
22 28
28 29
2 30
1 31
2 32
23 33
24 34
33 35
10 36
10 37
18 38
2 39
24 40
18 41
8 42
36 43
4 44
28 45
4 46
42 47
31 48
23 49
7 50
4 51
5 52
39 53
45 54
34 55
10 56
34 57
22 58
9 59
2 60
48 61
5 62
15 63
13 64
13 65
53 66
45 67
22 68
1 69
31 70
23 71
2 72
72 73
6 74
14 75
40 76
1 77
45 78
72 79
18 80
67 81
55 82
68 83
14 84
23 85
39 86
34 87
68 88
55 89
4 90
9 91
15 92
17 93
5 94
14 95
1 96
47 97
26 98
47 99
96 100
8 101
21 102
5 103
52 104
36 105
22 106
6 107
58 108
1 109
11 110
40 111
24 112
25 113
13 114
95 115
88 116
4 117
75 118
36 119
84 120
6 121
18 122
35 123
2 124
18 125
2 126
71 127
4 128
22 129
50 130
86 131
89 132
58 133
10 134
93 135
33 136
96 137
47 138
47 139
109 140
53 141
33 142
46 143
94 144
2 145
23 146
5 147
2 148
86 149
148 150
31 151
141 152
9 153
8 154
11 155
39 156
111 157
80 158
117 159
125 160
2 161
114 162
96 163
65 164
7 165
11 166
164 167
6 168
48 169
57 170
22 171
113 172
54 173
59 174
56 175
19 176
7 177
147 178
62 179
68 180
176 181
64 182
0 183
2 184
54 185
92 186
54 187
148 188
94 189
40 190
15 191
152 192
180 193
40 194
101 195
29 196
162 197
17 198
60 199
170 200
1 201
86 202
64 203
85 204
132 205
21 206
18 207
27 208
86 209
22 210
2 211
148 212
31 213
145 214
106 215
178 216
85 217
43 218
33 219
106 220
124 221
155 222
40 223
5 224
69 225
71 226
49 227
105 228
100 229
122 230
26 231
162 232
114 233
171 234
14 235
98 236
95 237
198 238
116 239
34 240
198 241
97 242
68 243
77 244
124 245
218 246
201 247
71 248
84 249
1 0
2 1
3 2
4 0
5 2
6 2
7 2
8 6
9 1
10 7
11 8
12 2
13 11
14 2
15 5
16 5
17 10
18 6
19 13
20 15
21 8
22 8
23 21
24 12
25 6
26 4
27 22
28 22
29 28
30 2
31 1
32 2
33 23
34 24
35 33
36 10
37 10
38 18
39 2
40 24
41 18
42 8
43 36
44 4
45 28
46 4
47 42
48 31
49 23
50 7
51 4
52 5
53 39
54 45
55 34
56 10
57 34
58 22
59 9
60 2
61 48
62 5
63 15
64 13
65 13
66 53
67 45
68 22
69 1
70 31
71 23
72 2
73 72
74 6
75 14
76 40
77 1
78 45
79 72
80 18
81 67
82 55
83 68
84 14
85 23
86 39
87 34
88 68
89 55
90 4
91 9
92 15
93 17
94 5
95 14
96 1
97 47
98 26
99 47
100 96
101 8
102 21
103 5
104 52
105 36
106 22
107 6
108 58
109 1
110 11
111 40
112 24
113 25
114 13
115 95
116 88
117 4
118 75
119 36
120 84
121 6
122 18
123 35
124 2
125 18
126 2
127 71
128 4
129 22
130 50
131 86
132 89
133 58
134 10
135 93
136 33
137 96
138 47
139 47
140 109
141 53
142 33
143 46
144 94
145 2
146 23
147 5
148 2
149 86
150 148
151 31
152 141
153 9
154 8
155 11
156 39
157 111
158 80
159 117
160 125
161 2
162 114
163 96
164 65
165 7
166 11
167 164
168 6
169 48
170 57
171 22
172 113
173 54
174 59
175 56
176 19
177 7
178 147
179 62
180 68
181 176
182 64
183 0
184 2
185 54
186 92
187 54
188 148
189 94
190 40
191 15
192 152
193 180
194 40
195 101
196 29
197 162
198 17
199 60
200 170
201 1
202 86
203 64
204 85
205 132
206 21
207 18
208 27
209 86
210 22
211 2
212 148
213 31
214 145
215 106
216 178
217 85
218 43
219 33
220 106
221 124
222 155
223 40
224 5
225 69
226 71
227 49
228 105
229 100
230 122
231 26
232 162
233 114
234 171
235 14
236 98
237 95
238 198
239 116
240 34
241 198
242 97
243 68
244 77
245 124
246 218
247 201
248 71
249 84
1 1 0 1 0 1 1 0 1 1 0 0 0 0 1 1 1 0 0 1 0 1 0 0 1 1 0 0 1 0 0 1 1 0 0 0 0 1 1 1 0 0 1 0 0 1 1 1 1 0 1 0 1 0 0 1 1 1 1 0 1 1 0 0 0 0 0 1 1 1 0 1 0 1 0 1 1 0 1 0 0 0 0 1 0 1 0 1 1 1 0 0 1 0 0 0 1 1 1 0 1 0 1 0 1 0 1 1 0 1 0 1 0 0 0 1 1 0 0 1 1 1 1 0 0 1 0 0 0 0 1 0 1 1 0 1 0 1 0 0 1 0 1 0 0 0 0 0 0 0 0 0 0 1 0 1 1 1 1 0 0 0 1 0 1 0 1 1 0 0 0 1 1 0 1 1 1 1 0 0 1 1 1 1 0 1 0 1 0 0 1 1 1 1 0 1 1 0 0 0 1 0 0 0 1 0 1 1 0 0 0 0 1 1 0 0 1 1 0 0 1 0 0 1 0 1 0 0 0 1 1 1 1 1 0 0 0 1 1 1 0 1 1 1 0 0 1 0 1 1
1 0 0 0 1 0 0 1 0 1 0 1 0 0 0 1 1 1 0 0 1 1 0 0 1 1 0 1 0 0 1 1 0 0 0 0 1 0 0 1 1 1 0 1 0 0 0 0 1 0 0 1 0 0 0 1 1 0 0 1 0 0 0 0 1 0 0 0 1 1 0 1 0 1 0 1 0 1 0 1 1 1 1 0 0 0 0 1 1 0 1 1 0 1 0 1 1 1 0 0 0 1 1 1 1 1 1 1 0 0 1 0 0 1 0 0 1 1 1 0 0 1 0 0 0 1 1 1 1 1 1 0 1 1 1 0 0 1 1 0 1 1 1 0 0 1 0 0 1 0 1 1 1 0 0 0 0 0 1 1 0 1 1 1 0 1 0 1 0 0 0 0 0 0 0 1 0 1 1 1 0 1 1 0 1 0 0 1 1 1 1 0 0 0 0 1 0 1 0 1 0 0 1 1 1 0 0 0 1 1 1 1 1 0 0 1 0 1 0 0 1 1 1 0 1 0 1 1 0 0 1 1 0 1 0 1 0 0 0 1 1 0 1 1 0 1 0 1 0 1
1 1 1 0 0 1 1 1 1 0 1 0 0 0 0 0 0 0 1 1 1 1 0 1 0 0 1 1 1 0 0 0 0 0 0 1 0 0 0 1 1 0 0 1 0 0 0 0 0 1 0 1 0 1 1 0 0 0 1 1 1 0 1 0 1 1 0 1 0 1 1 0 1 1 1 0 1 0 0 1 0 0 0 0 0 1 0 1 0 0 1 1 0 1 0 1 0 1 0 1 1 0 0 0 0 1 1 0 0 1 1 0 1 0 1 1 1 1 1 1 1 1 0 1 0 1 0 0 1 1 1 1 1 1 1 1 0 1 1 1 0 1 1 1 1 1 0 0 1 1 0 0 1 0 0 1 1 0 0 0 1 1 1 1 1 1 1 0 0 0 0 0 0 0 1 1 0 0 0 0 1 0 1 1 1 0 1 1 1 1 0 1 0 1 1 1 0 0 1 0 0 1 1 0 1 0 0 1 0 1 1 1 0 0 0 1 1 0 0 0 1 0 1 1 1 1 0 1 1 0 1 1 0 0 0 0 1 0 1 0 0 1 1 1 1 0 1 1 1 1
0 1 0 1 0 1 0 1 1 0 1 1 0 1 0 0 0 0 1 0 0 1 0 0 1 1 0 1 1 0 0 1 0 1 1 0 1 1 1 0 1 1 1 0 1 1 0 0 0 1 0 0 0 0 0 0 0 0 0 0 1 1 1 0 0 1 0 0 0 0 1 1 1 1 1 1 0 0 1 0 1 0 0 1 0 0 1 1 0 1 0 0 0 0 0 0 0 0 0 1 0 0 0 1 0 0 0 1 0 0 0 1 0 0 0 0 0 0 1 1 0 0 0 0 1 0 1 1 0 0 0 1 1 1 1 0 0 1 1 0 0 0 0 0 1 0 0 1 1 0 1 1 0 1 0 0 0 0 0 0 0 1 0 0 1 1 0 1 0 1 1 0 1 0 0 1 1 0 0 1 0 0 1 0 0 0 1 0 0 1 1 1 0 0 1 0 1 0 0 0 0 1 1 1 1 0 0 0 0 1 1 0 1 1 0 1 0 0 0 1 1 1 1 0 1 0 0 1 0 1 0 0 1 0 1 1 1 1 0 1 0 0 0 0 1 1 0 1 1 1
1 1 1 0 0 0 1 1 0 1 0 1 1 1 0 0 0 0 1 1 0 0 0 0 0 0 0 0 1 1 1 0 0 0 1 0 1 0 0 0 0 1 0 1 1 0 1 0 0 0 0 1 0 1 0 1 0 1 0 1 0 0 1 0 0 0 0 1 1 1 1 0 0 1 0 1 1 1 1 0 1 1 1 0 1 1 1 1 0 0 1 0 1 0 1 0 1 0 0 1 0 0 0 1 0 0 0 0 0 0 0 0 0 0 0 1 1 1 0 1 1 1 1 1 1 0 0 1 0 1 0 0 1 1 0 0 1 1 0 1 1 0 1 1 1 0 1 0 1 1 1 0 0 1 1 1 1 0 0 1 1 0 1 1 0 0 0 1 1 1 1 0 0 0 1 1 0 1 0 0 1 0 1 1 0 0 0 1 1 0 0 0 0 1 0 0 1 0 1 0 1 0 0 1 0 0 0 1 0 0 1 1 1 0 0 1 0 1 0 0 1 1 0 0 1 1 0 0 1 1 1 0 1 0 1 0 0 1 0 1 1 0 0 1 0 1 1 0 1 0