100 780 5
0 1
0 2
1 2
0 3
1 3
2 3
0 4
1 4
2 4
3 4
0 5
4 5
2 5
1 5
1 6
2 6
4 6
5 6
2 7
0 7
3 7
1 7
1 8
0 8
5 8
7 8
4 9
2 9
7 9
8 9
1 10
2 10
0 10
8 10
6 11
1 11
8 11
4 11
3 12
11 12
0 12
4 12
7 13
4 13
9 13
2 13
11 14
4 14
1 14
7 14
4 15
7 15
9 15
12 15
0 16
1 16
7 16
4 16
10 17
13 17
12 17
0 17
12 18
0 18
4 18
15 18
17 19
7 19
4 19
13 19
19 20
0 20
8 20
9 20
19 21
10 21
7 21
9 21
14 22
21 22
15 22
16 22
4 23
2 23
6 23
15 23
18 24
16 24
8 24
17 24
13 25
24 25
0 25
5 25
14 26
16 26
17 26
24 26
12 27
1 27
9 27
0 27
8 28
7 28
26 28
13 28
2 29
1 29
11 29
10 29
7 30
19 30
6 30
12 30
2 31
7 31
30 31
4 31
21 32
1 32
2 32
4 32
26 33
27 33
23 33
11 33
24 34
16 34
33 34
0 34
23 35
5 35
7 35
8 35
15 36
29 36
7 36
12 36
6 37
7 37
29 37
23 37
8 38
13 38
23 38
7 38
11 39
7 39
23 39
26 39
4 40
17 40
37 40
2 40
0 41
4 41
39 41
15 41
4 42
24 42
10 42
32 42
23 43
16 43
12 43
33 43
19 44
27 44
9 44
5 44
0 45
4 45
44 45
27 45
16 46
7 46
20 46
14 46
6 47
29 47
12 47
16 47
14 48
12 48
13 48
37 48
29 49
0 49
4 49
42 49
35 50
8 50
46 50
2 50
16 51
19 51
43 51
4 51
6 52
0 52
3 52
9 52
1 53
9 53
41 53
33 53
45 54
41 54
23 54
7 54
8 55
2 55
48 55
4 55
8 56
0 56
26 56
31 56
16 57
51 57
21 57
2 57
4 58
17 58
2 58
0 58
45 59
47 59
35 59
27 59
4 60
19 60
33 60
10 60
7 61
47 61
50 61
16 61
36 62
54 62
24 62
17 62
9 63
0 63
45 63
4 63
50 64
3 64
0 64
8 64
62 65
14 65
6 65
11 65
65 66
38 66
13 66
2 66
50 67
23 67
66 67
34 67
39 68
49 68
43 68
45 68
32 69
4 69
15 69
37 69
0 70
30 70
17 70
2 70
39 71
4 71
18 71
53 71
42 72
1 72
17 72
45 72
4 73
31 73
59 73
72 73
34 74
44 74
45 74
8 74
72 75
62 75
42 75
18 75
2 76
12 76
11 76
21 76
10 77
9 77
12 77
31 77
14 78
10 78
12 78
23 78
7 79
61 79
58 79
64 79
19 80
34 80
62 80
49 80
12 81
19 81
65 81
15 81
45 82
16 82
0 82
63 82
15 83
18 83
14 83
4 83
17 84
6 84
42 84
62 84
32 85
56 85
67 85
7 85
59 86
15 86
0 86
69 86
49 87
63 87
26 87
25 87
8 88
13 88
84 88
56 88
6 89
51 89
0 89
4 89
62 90
6 90
71 90
18 90
30 91
23 91
64 91
10 91
15 92
79 92
14 92
0 92
4 93
73 93
88 93
43 93
0 94
3 94
32 94
67 94
11 95
41 95
29 95
54 95
15 96
68 96
60 96
5 96
67 97
0 97
15 97
91 97
16 98
43 98
36 98
2 98
7 99
2 99
63 99
93 99
1 0
2 0
2 1
3 0
3 1
3 2
4 0
4 1
4 2
4 3
5 0
5 4
5 2
5 1
6 1
6 2
6 4
6 5
7 2
7 0
7 3
7 1
8 1
8 0
8 5
8 7
9 4
9 2
9 7
9 8
10 1
10 2
10 0
10 8
11 6
11 1
11 8
11 4
12 3
12 11
12 0
12 4
13 7
13 4
13 9
13 2
14 11
14 4
14 1
14 7
15 4
15 7
15 9
15 12
16 0
16 1
16 7
16 4
17 10
17 13
17 12
17 0
18 12
18 0
18 4
18 15
19 17
19 7
19 4
19 13
20 19
20 0
20 8
20 9
21 19
21 10
21 7
21 9
22 14
22 21
22 15
22 16
23 4
23 2
23 6
23 15
24 18
24 16
24 8
24 17
25 13
25 24
25 0
25 5
26 14
26 16
26 17
26 24
27 12
27 1
27 9
27 0
28 8
28 7
28 26
28 13
29 2
29 1
29 11
29 10
30 7
30 19
30 6
30 12
31 2
31 7
31 30
31 4
32 21
32 1
32 2
32 4
33 26
33 27
33 23
33 11
34 24
34 16
34 33
34 0
35 23
35 5
35 7
35 8
36 15
36 29
36 7
36 12
37 6
37 7
37 29
37 23
38 8
38 13
38 23
38 7
39 11
39 7
39 23
39 26
40 4
40 17
40 37
40 2
41 0
41 4
41 39
41 15
42 4
42 24
42 10
42 32
43 23
43 16
43 12
43 33
44 19
44 27
44 9
44 5
45 0
45 4
45 44
45 27
46 16
46 7
46 20
46 14
47 6
47 29
47 12
47 16
48 14
48 12
48 13
48 37
49 29
49 0
49 4
49 42
50 35
50 8
50 46
50 2
51 16
51 19
51 43
51 4
52 6
52 0
52 3
52 9
53 1
53 9
53 41
53 33
54 45
54 41
54 23
54 7
55 8
55 2
55 48
55 4
56 8
56 0
56 26
56 31
57 16
57 51
57 21
57 2
58 4
58 17
58 2
58 0
59 45
59 47
59 35
59 27
60 4
60 19
60 33
60 10
61 7
61 47
61 50
61 16
62 36
62 54
62 24
62 17
63 9
63 0
63 45
63 4
64 50
64 3
64 0
64 8
65 62
65 14
65 6
65 11
66 65
66 38
66 13
66 2
67 50
67 23
67 66
67 34
68 39
68 49
68 43
68 45
69 32
69 4
69 15
69 37
70 0
70 30
70 17
70 2
71 39
71 4
71 18
71 53
72 42
72 1
72 17
72 45
73 4
73 31
73 59
73 72
74 34
74 44
74 45
74 8
75 72
75 62
75 42
75 18
76 2
76 12
76 11
76 21
77 10
77 9
77 12
77 31
78 14
78 10
78 12
78 23
79 7
79 61
79 58
79 64
80 19
80 34
80 62
80 49
81 12
81 19
81 65
81 15
82 45
82 16
82 0
82 63
83 15
83 18
83 14
83 4
84 17
84 6
84 42
84 62
85 32
85 56
85 67
85 7
86 59
86 15
86 0
86 69
87 49
87 63
87 26
87 25
88 8
88 13
88 84
88 56
89 6
89 51
89 0
89 4
90 62
90 6
90 71
90 18
91 30
91 23
91 64
91 10
92 15
92 79
92 14
92 0
93 4
93 73
93 88
93 43
94 0
94 3
94 32
94 67
95 11
95 41
95 29
95 54
96 15
96 68
96 60
96 5
97 67
97 0
97 15
97 91
98 16
98 43
98 36
98 2
99 7
99 2
99 63
99 93
1 0 1 0 0 0 1 1 1 1 1 1 0 1 0 0 1 0 0 0 1 0 0 1 1 0 0 0 0 1 0 1 0 0 0 0 1 1 1 0 1 0 0 0 1 1 1 0 1 1 1 0 0 0 1 0 1 0 1 1 1 1 1 1 1 0 0 1 1 0 0 0 1 0 0 0 0 1 1 1 1 1 1 0 0 1 1 1 0 0 1 0 0 1 1 0 1 0 1 1
1 1 1 1 1 1 0 0 1 0 0 1 0 1 0 0 1 1 0 0 1 1 0 1 0 0 0 1 0 0 0 1 0 1 0 0 0 1 1 0 0 1 0 1 1 1 0 0 1 1 1 0 0 0 0 0 0 0 1 0 1 1 1 0 0 0 0 0 0 1 0 1 0 1 0 1 0 0 1 0 0 0 1 1 0 0 1 0 1 0 1 0 0 0 1 0 0 0 1 1
0 0 1 0 1 1 0 1 0 0 1 1 1 1 0 0 1 1 1 0 0 1 1 0 0 1 1 1 0 0 0 0 0 1 0 0 1 1 1 1 0 0 0 1 0 0 0 0 0 0 1 1 0 1 1 1 1 0 1 0 0 0 0 1 0 0 1 0 0 1 1 1 0 0 0 1 0 1 1 1 1 1 0 0 1 1 0 0 1 1 1 1 1 0 0 1 1 0 1 1
0 0 1 1 0 0 0 1 1 1 0 1 0 0 0 0 0 0 1 1 0 0 1 0 0 1 1 0 1 1 1 1 1 0 1 1 1 0 0 0 1 1 0 0 1 1 1 1 0 0 1 0 0 0 0 0 0 0 1 1 0 0 1 1 1 1 0 1 0 0 1 0 0 0 1 0 0 0 1 1 1 0 0 0 1 0 1 0 1 0 1 0 0 1 0 1 1 0 1 1
1 0 0 0 1 1 0 1 1 0 1 0 1 1 0 0 0 0 0 1 1 0 0 0 1 0 1 1 0 0 1 0 1 1 0 1 1 0 0 1 1 0 0 1 1 0 0 1 1 1 0 1 1 1 1 0 0 0 0 0 0 0 1 1 0 0 0 0 0 0 1 0 1 0 0 0 1 1 0 1 1 1 0 0 0 0 1 1 1 0 1 0 0 1 1 0 1 0 1 0