250 1980 5
0 1
0 2
1 2
0 3
1 3
2 3
0 4
1 4
2 4
3 4
3 5
4 5
1 5
0 5
3 6
4 6
1 6
2 6
3 7
6 7
4 7
0 7
3 8
4 8
5 8
6 8
0 9
1 9
6 9
2 9
7 10
6 10
2 10
3 10
1 11
0 11
8 11
4 11
11 12
0 12
4 12
6 12
4 13
0 13
1 13
8 13
0 14
5 14
1 14
11 14
6 15
2 15
9 15
0 15
12 16
11 16
3 16
13 16
4 17
7 17
5 17
15 17
4 18
5 18
14 18
8 18
12 19
16 19
7 19
3 19
0 20
2 20
16 20
14 20
4 21
0 21
9 21
8 21
19 22
21 22
16 22
4 22
0 23
3 23
4 23
21 23
6 24
10 24
19 24
21 24
0 25
23 25
4 25
3 25
25 26
16 26
19 26
11 26
16 27
10 27
3 27
4 27
2 28
0 28
16 28
21 28
0 29
6 29
1 29
10 29
16 30
11 30
1 30
15 30
19 31
0 31
3 31
4 31
21 32
25 32
18 32
12 32
24 33
29 33
26 33
5 33
8 34
4 34
24 34
21 34
3 35
6 35
21 35
16 35
0 36
1 36
17 36
6 36
36 37
30 37
2 37
26 37
8 38
4 38
27 38
28 38
23 39
1 39
0 39
6 39
18 40
4 40
8 40
0 40
21 41
5 41
15 41
34 41
15 42
17 42
0 42
1 42
9 43
0 43
15 43
10 43
23 44
10 44
3 44
18 44
8 45
6 45
0 45
4 45
40 46
15 46
39 46
0 46
40 47
27 47
18 47
5 47
20 48
19 48
1 48
45 48
10 49
6 49
21 49
11 49
21 50
4 50
45 50
7 50
43 51
11 51
4 51
39 51
32 52
1 52
19 52
30 52
7 53
38 53
51 53
10 53
26 54
24 54
9 54
0 54
44 55
26 55
45 55
24 55
15 56
8 56
41 56
18 56
0 57
4 57
3 57
49 57
9 58
47 58
17 58
26 58
3 59
14 59
0 59
30 59
8 60
55 60
0 60
20 60
52 61
58 61
6 61
18 61
0 62
26 62
15 62
2 62
1 63
15 63
23 63
10 63
11 64
6 64
7 64
52 64
13 65
6 65
0 65
8 65
0 66
31 66
15 66
6 66
60 67
13 67
33 67
20 67
18 68
3 68
40 68
6 68
0 69
54 69
21 69
50 69
8 70
1 70
48 70
65 70
45 71
0 71
43 71
54 71
5 72
3 72
26 72
6 72
71 73
28 73
20 73
24 73
3 74
44 74
53 74
23 74
13 75
2 75
15 75
45 75
15 76
43 76
20 76
39 76
52 77
10 77
0 77
25 77
1 78
25 78
42 78
70 78
11 79
0 79
54 79
1 79
29 80
44 80
0 80
14 80
1 81
50 81
4 81
48 81
78 82
71 82
27 82
0 82
6 83
66 83
60 83
54 83
62 84
51 84
17 84
18 84
61 85
8 85
40 85
52 85
17 86
4 86
8 86
64 86
1 87
7 87
3 87
12 87
63 88
8 88
20 88
52 88
26 89
57 89
4 89
1 89
79 90
1 90
29 90
54 90
75 91
81 91
3 91
20 91
87 92
10 92
80 92
34 92
13 93
50 93
27 93
51 93
20 94
37 94
12 94
16 94
44 95
12 95
4 95
3 95
47 96
89 96
13 96
26 96
37 97
77 97
4 97
56 97
25 98
55 98
69 98
77 98
57 99
90 99
47 99
27 99
62 100
65 100
6 100
86 100
97 101
0 101
5 101
20 101
59 102
6 102
48 102
47 102
11 103
56 103
3 103
4 103
60 104
63 104
44 104
30 104
45 105
39 105
103 105
23 105
66 106
35 106
6 106
9 106
78 107
43 107
31 107
37 107
30 108
67 108
28 108
37 108
25 109
72 109
59 109
5 109
104 110
61 110
63 110
26 110
75 111
88 111
43 111
30 111
19 112
0 112
43 112
6 112
83 113
4 113
112 113
97 113
28 114
99 114
65 114
66 114
98 115
97 115
50 115
13 115
6 116
95 116
2 116
10 116
0 117
24 117
6 117
39 117
51 118
54 118
17 118
1 118
80 119
34 119
16 119
6 119
10 120
98 120
0 120
79 120
10 121
52 121
6 121
3 121
62 122
86 122
114 122
51 122
77 123
66 123
80 123
19 123
42 124
52 124
33 124
120 124
8 125
6 125
27 125
93 125
2 126
122 126
41 126
51 126
118 127
24 127
87 127
56 127
30 128
58 128
77 128
22 128
4 129
5 129
55 129
53 129
81 130
24 130
5 130
0 130
38 131
69 131
77 131
30 131
105 132
14 132
0 132
4 132
125 133
16 133
14 133
8 133
114 134
24 134
95 134
111 134
19 135
2 135
8 135
128 135
91 136
5 136
99 136
59 136
6 137
103 137
78 137
131 137
6 138
9 138
55 138
45 138
34 139
4 139
138 139
61 139
15 140
66 140
37 140
79 140
16 141
120 141
103 141
74 141
117 142
126 142
13 142
78 142
79 143
16 143
123 143
3 143
45 144
60 144
0 144
104 144
0 145
118 145
128 145
124 145
21 146
14 146
43 146
34 146
131 147
2 147
83 147
65 147
49 148
36 148
15 148
4 148
50 149
58 149
89 149
63 149
120 150
49 150
145 150
25 150
60 151
63 151
84 151
15 151
98 152
26 152
24 152
15 152
6 153
5 153
3 153
43 153
6 154
9 154
52 154
53 154
31 155
149 155
23 155
114 155
15 156
10 156
146 156
104 156
95 157
37 157
141 157
52 157
10 158
101 158
64 158
6 158
17 159
79 159
58 159
103 159
157 160
6 160
142 160
115 160
128 161
36 161
124 161
3 161
115 162
55 162
132 162
24 162
120 163
4 163
149 163
6 163
35 164
163 164
17 164
4 164
84 165
89 165
97 165
31 165
83 166
36 166
21 166
24 166
8 167
97 167
1 167
110 167
70 168
48 168
139 168
4 168
0 169
32 169
2 169
61 169
111 170
15 170
19 170
7 170
48 171
20 171
89 171
125 171
37 172
159 172
162 172
143 172
55 173
39 173
136 173
104 173
136 174
70 174
140 174
116 174
106 175
112 175
6 175
148 175
58 176
133 176
141 176
19 176
108 177
15 177
32 177
47 177
0 178
60 178
170 178
103 178
8 179
66 179
95 179
10 179
10 180
162 180
128 180
5 180
20 181
128 181
169 181
54 181
136 182
25 182
35 182
4 182
25 183
127 183
83 183
50 183
72 184
0 184
7 184
20 184
119 185
156 185
126 185
175 185
0 186
50 186
131 186
1 186
4 187
49 187
1 187
91 187
84 188
53 188
102 188
0 188
122 189
78 189
104 189
175 189
47 190
4 190
151 190
181 190
61 191
1 191
34 191
104 191
91 192
170 192
189 192
55 192
10 193
29 193
77 193
94 193
20 194
98 194
137 194
191 194
66 195
91 195
45 195
12 195
61 196
102 196
30 196
92 196
79 197
46 197
54 197
141 197
20 198
128 198
77 198
138 198
74 199
0 199
3 199
129 199
38 200
92 200
120 200
6 200
8 201
103 201
1 201
33 201
161 202
174 202
47 202
89 202
10 203
22 203
95 203
188 203
1 204
79 204
75 204
144 204
201 205
144 205
77 205
53 205
156 206
138 206
15 206
204 206
10 207
75 207
80 207
74 207
141 208
54 208
68 208
157 208
75 209
204 209
153 209
4 209
162 210
177 210
4 210
112 210
124 211
82 211
25 211
17 211
17 212
104 212
6 212
146 212
92 213
158 213
175 213
34 213
181 214
52 214
36 214
3 214
114 215
4 215
23 215
202 215
75 216
207 216
30 216
81 216
119 217
0 217
177 217
55 217
75 218
60 218
0 218
66 218
37 219
0 219
151 219
6 219
213 220
6 220
31 220
193 220
167 221
7 221
65 221
0 221
15 222
23 222
142 222
13 222
207 223
105 223
44 223
8 223
85 224
190 224
123 224
52 224
47 225
10 225
0 225
3 225
10 226
140 226
14 226
23 226
20 227
3 227
91 227
212 227
199 228
0 228
6 228
81 228
58 229
118 229
110 229
6 229
42 230
23 230
3 230
6 230
198 231
98 231
133 231
34 231
11 232
119 232
7 232
186 232
75 233
149 233
116 233
140 233
35 234
24 234
30 234
48 234
89 235
49 235
37 235
98 235
171 236
132 236
59 236
217 236
199 237
85 237
33 237
95 237
56 238
61 238
97 238
163 238
98 239
217 239
174 239
3 239
64 240
77 240
191 240
73 240
140 241
11 241
34 241
47 241
52 242
87 242
19 242
124 242
29 243
20 243
5 243
171 243
6 244
14 244
107 244
97 244
25 245
168 245
80 245
223 245
71 246
194 246
84 246
19 246
57 247
15 247
204 247
38 247
19 248
31 248
217 248
24 248
177 249
79 249
30 249
163 249
1 0
2 0
2 1
3 0
3 1
3 2
4 0
4 1
4 2
4 3
5 3
5 4
5 1
5 0
6 3
6 4
6 1
6 2
7 3
7 6
7 4
7 0
8 3
8 4
8 5
8 6
9 0
9 1
9 6
9 2
10 7
10 6
10 2
10 3
11 1
11 0
11 8
11 4
12 11
12 0
12 4
12 6
13 4
13 0
13 1
13 8
14 0
14 5
14 1
14 11
15 6
15 2
15 9
15 0
16 12
16 11
16 3
16 13
17 4
17 7
17 5
17 15
18 4
18 5
18 14
18 8
19 12
19 16
19 7
19 3
20 0
20 2
20 16
20 14
21 4
21 0
21 9
21 8
22 19
22 21
22 16
22 4
23 0
23 3
23 4
23 21
24 6
24 10
24 19
24 21
25 0
25 23
25 4
25 3
26 25
26 16
26 19
26 11
27 16
27 10
27 3
27 4
28 2
28 0
28 16
28 21
29 0
29 6
29 1
29 10
30 16
30 11
30 1
30 15
31 19
31 0
31 3
31 4
32 21
32 25
32 18
32 12
33 24
33 29
33 26
33 5
34 8
34 4
34 24
34 21
35 3
35 6
35 21
35 16
36 0
36 1
36 17
36 6
37 36
37 30
37 2
37 26
38 8
38 4
38 27
38 28
39 23
39 1
39 0
39 6
40 18
40 4
40 8
40 0
41 21
41 5
41 15
41 34
42 15
42 17
42 0
42 1
43 9
43 0
43 15
43 10
44 23
44 10
44 3
44 18
45 8
45 6
45 0
45 4
46 40
46 15
46 39
46 0
47 40
47 27
47 18
47 5
48 20
48 19
48 1
48 45
49 10
49 6
49 21
49 11
50 21
50 4
50 45
50 7
51 43
51 11
51 4
51 39
52 32
52 1
52 19
52 30
53 7
53 38
53 51
53 10
54 26
54 24
54 9
54 0
55 44
55 26
55 45
55 24
56 15
56 8
56 41
56 18
57 0
57 4
57 3
57 49
58 9
58 47
58 17
58 26
59 3
59 14
59 0
59 30
60 8
60 55
60 0
60 20
61 52
61 58
61 6
61 18
62 0
62 26
62 15
62 2
63 1
63 15
63 23
63 10
64 11
64 6
64 7
64 52
65 13
65 6
65 0
65 8
66 0
66 31
66 15
66 6
67 60
67 13
67 33
67 20
68 18
68 3
68 40
68 6
69 0
69 54
69 21
69 50
70 8
70 1
70 48
70 65
71 45
71 0
71 43
71 54
72 5
72 3
72 26
72 6
73 71
73 28
73 20
73 24
74 3
74 44
74 53
74 23
75 13
75 2
75 15
75 45
76 15
76 43
76 20
76 39
77 52
77 10
77 0
77 25
78 1
78 25
78 42
78 70
79 11
79 0
79 54
79 1
80 29
80 44
80 0
80 14
81 1
81 50
81 4
81 48
82 78
82 71
82 27
82 0
83 6
83 66
83 60
83 54
84 62
84 51
84 17
84 18
85 61
85 8
85 40
85 52
86 17
86 4
86 8
86 64
87 1
87 7
87 3
87 12
88 63
88 8
88 20
88 52
89 26
89 57
89 4
89 1
90 79
90 1
90 29
90 54
91 75
91 81
91 3
91 20
92 87
92 10
92 80
92 34
93 13
93 50
93 27
93 51
94 20
94 37
94 12
94 16
95 44
95 12
95 4
95 3
96 47
96 89
96 13
96 26
97 37
97 77
97 4
97 56
98 25
98 55
98 69
98 77
99 57
99 90
99 47
99 27
100 62
100 65
100 6
100 86
101 97
101 0
101 5
101 20
102 59
102 6
102 48
102 47
103 11
103 56
103 3
103 4
104 60
104 63
104 44
104 30
105 45
105 39
105 103
105 23
106 66
106 35
106 6
106 9
107 78
107 43
107 31
107 37
108 30
108 67
108 28
108 37
109 25
109 72
109 59
109 5
110 104
110 61
110 63
110 26
111 75
111 88
111 43
111 30
112 19
112 0
112 43
112 6
113 83
113 4
113 112
113 97
114 28
114 99
114 65
114 66
115 98
115 97
115 50
115 13
116 6
116 95
116 2
116 10
117 0
117 24
117 6
117 39
118 51
118 54
118 17
118 1
119 80
119 34
119 16
119 6
120 10
120 98
120 0
120 79
121 10
121 52
121 6
121 3
122 62
122 86
122 114
122 51
123 77
123 66
123 80
123 19
124 42
124 52
124 33
124 120
125 8
125 6
125 27
125 93
126 2
126 122
126 41
126 51
127 118
127 24
127 87
127 56
128 30
128 58
128 77
128 22
129 4
129 5
129 55
129 53
130 81
130 24
130 5
130 0
131 38
131 69
131 77
131 30
132 105
132 14
132 0
132 4
133 125
133 16
133 14
133 8
134 114
134 24
134 95
134 111
135 19
135 2
135 8
135 128
136 91
136 5
136 99
136 59
137 6
137 103
137 78
137 131
138 6
138 9
138 55
138 45
139 34
139 4
139 138
139 61
140 15
140 66
140 37
140 79
141 16
141 120
141 103
141 74
142 117
142 126
142 13
142 78
143 79
143 16
143 123
143 3
144 45
144 60
144 0
144 104
145 0
145 118
145 128
145 124
146 21
146 14
146 43
146 34
147 131
147 2
147 83
147 65
148 49
148 36
148 15
148 4
149 50
149 58
149 89
149 63
150 120
150 49
150 145
150 25
151 60
151 63
151 84
151 15
152 98
152 26
152 24
152 15
153 6
153 5
153 3
153 43
154 6
154 9
154 52
154 53
155 31
155 149
155 23
155 114
156 15
156 10
156 146
156 104
157 95
157 37
157 141
157 52
158 10
158 101
158 64
158 6
159 17
159 79
159 58
159 103
160 157
160 6
160 142
160 115
161 128
161 36
161 124
161 3
162 115
162 55
162 132
162 24
163 120
163 4
163 149
163 6
164 35
164 163
164 17
164 4
165 84
165 89
165 97
165 31
166 83
166 36
166 21
166 24
167 8
167 97
167 1
167 110
168 70
168 48
168 139
168 4
169 0
169 32
169 2
169 61
170 111
170 15
170 19
170 7
171 48
171 20
171 89
171 125
172 37
172 159
172 162
172 143
173 55
173 39
173 136
173 104
174 136
174 70
174 140
174 116
175 106
175 112
175 6
175 148
176 58
176 133
176 141
176 19
177 108
177 15
177 32
177 47
178 0
178 60
178 170
178 103
179 8
179 66
179 95
179 10
180 10
180 162
180 128
180 5
181 20
181 128
181 169
181 54
182 136
182 25
182 35
182 4
183 25
183 127
183 83
183 50
184 72
184 0
184 7
184 20
185 119
185 156
185 126
185 175
186 0
186 50
186 131
186 1
187 4
187 49
187 1
187 91
188 84
188 53
188 102
188 0
189 122
189 78
189 104
189 175
190 47
190 4
190 151
190 181
191 61
191 1
191 34
191 104
192 91
192 170
192 189
192 55
193 10
193 29
193 77
193 94
194 20
194 98
194 137
194 191
195 66
195 91
195 45
195 12
196 61
196 102
196 30
196 92
197 79
197 46
197 54
197 141
198 20
198 128
198 77
198 138
199 74
199 0
199 3
199 129
200 38
200 92
200 120
200 6
201 8
201 103
201 1
201 33
202 161
202 174
202 47
202 89
203 10
203 22
203 95
203 188
204 1
204 79
204 75
204 144
205 201
205 144
205 77
205 53
206 156
206 138
206 15
206 204
207 10
207 75
207 80
207 74
208 141
208 54
208 68
208 157
209 75
209 204
209 153
209 4
210 162
210 177
210 4
210 112
211 124
211 82
211 25
211 17
212 17
212 104
212 6
212 146
213 92
213 158
213 175
213 34
214 181
214 52
214 36
214 3
215 114
215 4
215 23
215 202
216 75
216 207
216 30
216 81
217 119
217 0
217 177
217 55
218 75
218 60
218 0
218 66
219 37
219 0
219 151
219 6
220 213
220 6
220 31
220 193
221 167
221 7
221 65
221 0
222 15
222 23
222 142
222 13
223 207
223 105
223 44
223 8
224 85
224 190
224 123
224 52
225 47
225 10
225 0
225 3
226 10
226 140
226 14
226 23
227 20
227 3
227 91
227 212
228 199
228 0
228 6
228 81
229 58
229 118
229 110
229 6
230 42
230 23
230 3
230 6
231 198
231 98
231 133
231 34
232 11
232 119
232 7
232 186
233 75
233 149
233 116
233 140
234 35
234 24
234 30
234 48
235 89
235 49
235 37
235 98
236 171
236 132
236 59
236 217
237 199
237 85
237 33
237 95
238 56
238 61
238 97
238 163
239 98
239 217
239 174
239 3
240 64
240 77
240 191
240 73
241 140
241 11
241 34
241 47
242 52
242 87
242 19
242 124
243 29
243 20
243 5
243 171
244 6
244 14
244 107
244 97
245 25
245 168
245 80
245 223
246 71
246 194
246 84
246 19
247 57
247 15
247 204
247 38
248 19
248 31
248 217
248 24
249 177
249 79
249 30
249 163
0 0 0 0 0 1 0 1 0 0 0 1 1 1 0 1 0 1 0 0 0 0 1 1 1 1 0 0 0 1 0 0 1 0 0 1 1 0 1 0 1 0 1 0 0 0 0 0 0 0 0 1 0 1 0 0 1 1 1 1 0 0 0 1 0 1 0 1 1 1 0 1 0 1 1 0 1 1 0 0 0 0 1 1 0 0 1 0 0 0 0 0 0 0 1 1 1 0 1 1 0 1 0 0 1 0 0 1 0 1 1 0 1 0 0 1 1 0 1 0 0 1 1 0 0 0 1 0 0 0 1 1 0 1 0 1 0 0 0 1 1 0 1 0 1 0 1 1 0 1 0 0 0 1 0 0 1 1 0 1 1 0 1 0 1 0 1 1 1 0 0 1 1 1 0 1 1 1 0 0 0 0 0 1 0 1 1 1 1 0 1 1 0 0 0 0 0 0 0 0 0 0 1 1 0 0 1 1 1 1 1 1 1 1 0 1 0 0 0 1 0 0 0 1 1 0 0 1 0 0 0 1 0 1 0 0 1 1 0 1 0 0 1 0 1 1 1 1 0 0
0 0 1 0 0 1 1 0 0 1 1 1 1 0 0 1 0 0 0 1 1 1 1 0 0 0 1 0 0 0 0 0 0 0 0 0 1 1 0 1 0 1 0 0 1 1 1 0 0 0 0 1 1 1 1 0 0 1 1 0 0 0 0 0 1 1 1 0 1 1 1 1 1 0 0 0 0 0 0 1 0 0 0 0 1 1 0 0 0 0 1 0 0 1 0 1 0 1 1 1 1 1 0 1 0 0 1 1 1 0 1 0 0 1 1 1 1 0 1 1 0 1 0 0 0 0 1 0 1 0 0 0 0 1 1 1 1 1 1 1 1 1 0 0 0 0 0 0 1 0 1 0 0 0 1 0 0 1 1 1 0 1 1 0 0 0 0 0 1 0 0 0 0 1 1 1 1 0 0 1 1 0 1 0 1 1 1 0 1 1 1 0 0 1 0 0 1 1 0 0 1 0 1 1 1 0 1 0 1 0 0 0 1 0 1 1 1 0 1 1 1 1 0 0 1 0 1 0 0 1 1 0 1 0 0 0 0 0 0 0 1 1 0 1 0 1 1 0 0 0
1 0 0 1 0 0 1 1 1 0 1 0 0 1 1 1 1 0 0 0 1 0 1 0 1 1 1 1 0 1 0 1 1 0 1 0 1 0 0 0 0 1 0 0 1 0 1 1 0 1 0 0 0 0 1 1 0 1 1 0 0 1 0 0 1 0 0 0 1 1 0 1 1 1 0 0 1 0 1 0 0 1 1 1 1 1 0 1 0 0 0 0 1 1 0 0 0 1 0 0 1 0 0 0 1 1 1 0 0 0 0 1 1 0 0 1 1 0 0 0 1 1 1 0 1 0 0 0 0 1 1 1 0 1 1 1 0 0 0 1 1 0 0 0 1 0 1 0 1 1 0 0 0 0 1 1 0 0 0 1 1 1 0 0 0 1 0 1 0 1 1 1 1 1 0 1 0 0 0 0 0 0 1 1 0 0 1 0 0 0 0 1 0 0 0 0 0 0 1 0 1 0 1 1 0 1 1 0 0 1 0 0 1 1 1 1 0 1 1 1 1 1 1 1 0 0 0 0 0 0 1 1 0 0 1 0 1 1 0 1 0 0 1 0 0 1 0 0 1 1
1 0 0 0 0 0 0 1 1 1 0 0 1 0 1 1 0 0 0 1 0 1 1 0 1 0 0 0 0 0 0 0 0 1 0 1 0 1 1 0 0 1 1 1 0 1 1 0 0 1 0 0 1 0 1 0 1 1 0 1 0 0 0 1 1 0 1 1 1 0 0 1 1 0 0 1 1 0 0 0 1 1 0 0 1 0 1 1 0 0 1 0 0 1 0 0 0 1 1 0 1 0 1 0 0 0 0 1 1 1 1 1 1 0 1 0 1 1 1 1 0 0 0 1 1 0 1 1 0 1 1 1 0 0 0 1 0 1 1 0 0 1 1 1 0 1 0 1 0 0 1 1 0 1 1 1 0 1 1 0 1 1 0 0 0 1 1 0 0 0 1 0 1 0 0 0 1 0 0 1 0 1 1 1 1 0 1 0 1 1 0 1 0 1 1 1 1 1 1 1 0 1 1 0 1 1 0 0 0 0 0 0 1 0 0 0 1 0 0 0 1 0 0 0 1 0 1 1 0 0 1 1 0 0 0 0 1 1 1 1 0 0 0 0 1 1 0 0 0 0
0 0 0 1 1 0 0 1 0 1 0 0 1 0 0 0 0 1 1 1 0 1 0 0 0 1 1 1 1 0 0 1 1 0 1 0 0 0 1 1 1 0 1 1 0 0 0 0 0 1 0 0 1 1 0 0 1 1 1 1 0 0 1 1 0 1 1 0 0 0 1 1 1 1 1 1 0 1 1 0 1 0 1 1 1 1 0 0 1 0 1 0 0 0 0 0 0 0 1 1 0 0 0 1 0 0 1 1 1 0 0 1 1 1 0 1 0 1 1 0 1 1 0 0 1 0 1 1 1 0 1 0 0 1 1 0 1 0 0 0 0 0 0 0 0 1 0 1 1 1 1 1 1 1 0 0 0 1 0 0 0 1 0 1 0 0 0 0 0 0 0 0 1 0 1 1 1 1 0 1 1 0 1 1 0 0 1 1 0 1 0 0 1 0 0 1 0 0 0 1 0 1 1 0 1 0 1 1 1 0 0 1 1 1 1 0 1 1 0 0 0 0 1 1 1 0 1 0 0 1 0 1 1 0 0 0 0 0 1 1 1 0 0 1 1 0 0 0 0 1