250 1980 5
0 1
0 2
1 2
0 3
1 3
2 3
0 4
1 4
2 4
3 4
2 5
4 5
0 5
3 5
5 6
2 6
3 6
0 6
5 7
0 7
4 7
6 7
7 8
4 8
0 8
6 8
8 9
1 9
5 9
6 9
5 10
6 10
4 10
3 10
0 11
2 11
9 11
3 11
0 12
1 12
4 12
6 12
0 13
2 13
9 13
11 13
2 14
0 14
13 14
5 14
9 15
0 15
7 15
13 15
3 16
5 16
4 16
15 16
1 17
10 17
3 17
9 17
2 18
3 18
13 18
5 18
1 19
13 19
15 19
2 19
13 20
1 20
3 20
4 20
10 21
14 21
8 21
4 21
11 22
3 22
8 22
9 22
3 23
18 23
10 23
14 23
9 24
13 24
2 24
0 24
9 25
6 25
20 25
3 25
21 26
24 26
9 26
4 26
20 27
0 27
5 27
25 27
17 28
13 28
0 28
26 28
8 29
11 29
5 29
13 29
20 30
0 30
29 30
23 30
29 31
0 31
14 31
22 31
5 32
4 32
16 32
12 32
14 33
17 33
16 33
3 33
30 34
3 34
26 34
5 34
3 35
8 35
29 35
5 35
4 36
22 36
5 36
10 36
5 37
3 37
7 37
28 37
4 38
22 38
14 38
5 38
1 39
5 39
3 39
13 39
3 40
6 40
35 40
28 40
26 41
12 41
2 41
36 41
27 42
9 42
26 42
0 42
36 43
29 43
1 43
32 43
13 44
0 44
9 44
6 44
0 45
27 45
5 45
26 45
27 46
1 46
17 46
33 46
21 47
14 47
20 47
0 47
21 48
6 48
28 48
22 48
38 49
2 49
21 49
15 49
17 50
20 50
27 50
29 50
5 51
21 51
17 51
32 51
1 52
43 52
10 52
23 52
5 53
42 53
23 53
49 53
44 54
36 54
35 54
2 54
27 55
44 55
1 55
38 55
11 56
5 56
12 56
0 56
48 57
41 57
9 57
3 57
4 58
2 58
21 58
55 58
49 59
4 59
5 59
54 59
1 60
50 60
16 60
2 60
1 61
9 61
31 61
2 61
36 62
30 62
23 62
41 62
4 63
3 63
8 63
16 63
3 64
7 64
26 64
12 64
27 65
18 65
57 65
33 65
18 66
5 66
26 66
0 66
49 67
64 67
57 67
43 67
9 68
60 68
30 68
28 68
5 69
68 69
55 69
34 69
63 70
54 70
4 70
30 70
5 71
44 71
0 71
64 71
10 72
7 72
13 72
69 72
13 73
8 73
57 73
28 73
58 74
17 74
1 74
4 74
31 75
24 75
9 75
16 75
13 76
33 76
22 76
21 76
4 77
69 77
1 77
26 77
51 78
0 78
10 78
22 78
60 79
3 79
51 79
14 79
64 80
0 80
55 80
38 80
10 81
3 81
21 81
0 81
23 82
35 82
37 82
9 82
2 83
3 83
51 83
44 83
18 84
16 84
78 84
60 84
61 85
29 85
26 85
5 85
26 86
22 86
63 86
10 86
19 87
24 87
64 87
44 87
36 88
83 88
20 88
51 88
33 89
40 89
5 89
13 89
3 90
85 90
9 90
43 90
9 91
17 91
57 91
28 91
51 92
90 92
5 92
26 92
81 93
27 93
3 93
50 93
72 94
77 94
35 94
71 94
3 95
69 95
11 95
48 95
1 96
48 96
8 96
29 96
27 97
72 97
5 97
63 97
32 98
19 98
11 98
5 98
17 99
21 99
11 99
15 99
0 100
5 100
4 100
52 100
60 101
5 101
7 101
43 101
49 102
76 102
12 102
48 102
50 103
14 103
28 103
35 103
71 104
32 104
91 104
74 104
42 105
92 105
72 105
14 105
4 106
0 106
6 106
100 106
36 107
26 107
74 107
51 107
70 108
51 108
31 108
36 108
81 109
2 109
9 109
0 109
35 110
5 110
13 110
51 110
31 111
67 111
40 111
18 111
79 112
70 112
18 112
80 112
32 113
3 113
42 113
8 113
15 114
4 114
88 114
37 114
13 115
42 115
16 115
1 115
4 116
75 116
17 116
111 116
13 117
3 117
44 117
42 117
115 118
5 118
88 118
69 118
54 119
99 119
2 119
22 119
67 120
51 120
72 120
86 120
1 121
8 121
21 121
116 121
106 122
40 122
5 122
86 122
30 123
67 123
63 123
65 123
3 124
34 124
31 124
18 124
5 125
23 125
93 125
46 125
46 126
2 126
20 126
1 126
72 127
93 127
12 127
22 127
71 128
116 128
46 128
85 128
97 129
40 129
124 129
58 129
5 130
98 130
3 130
126 130
27 131
5 131
67 131
91 131
13 132
86 132
3 132
43 132
125 133
26 133
46 133
21 133
1 134
50 134
21 134
70 134
36 135
93 135
3 135
44 135
7 136
101 136
2 136
57 136
38 137
100 137
0 137
103 137
31 138
8 138
55 138
88 138
44 139
28 139
0 139
13 139
31 140
8 140
106 140
125 140
13 141
20 141
112 141
139 141
27 142
30 142
3 142
5 142
2 143
69 143
4 143
106 143
59 144
76 144
3 144
5 144
120 145
19 145
38 145
141 145
25 146
31 146
69 146
60 146
85 147
3 147
121 147
7 147
96 148
58 148
20 148
14 148
48 149
89 149
3 149
20 149
96 150
86 150
23 150
17 150
51 151
11 151
50 151
14 151
21 152
23 152
132 152
3 152
109 153
49 153
78 153
9 153
74 154
3 154
44 154
72 154
44 155
149 155
4 155
60 155
125 156
60 156
16 156
72 156
106 157
95 157
21 157
5 157
74 158
49 158
69 158
91 158
25 159
1 159
75 159
50 159
22 160
72 160
18 160
9 160
55 161
21 161
118 161
91 161
6 162
23 162
20 162
122 162
56 163
27 163
30 163
88 163
119 164
43 164
11 164
120 164
67 165
7 165
127 165
55 165
13 166
133 166
3 166
106 166
74 167
142 167
12 167
137 167
85 168
93 168
155 168
150 168
81 169
119 169
18 169
72 169
111 170
0 170
9 170
35 170
107 171
74 171
103 171
72 171
162 172
102 172
73 172
141 172
19 173
20 173
104 173
8 173
115 174
170 174
36 174
8 174
22 175
13 175
46 175
93 175
97 176
100 176
126 176
8 176
2 177
21 177
35 177
88 177
117 178
154 178
72 178
73 178
9 179
60 179
4 179
38 179
120 180
71 180
66 180
36 180
26 181
126 181
124 181
159 181
159 182
120 182
10 182
126 182
120 183
3 183
71 183
54 183
147 184
25 184
176 184
85 184
31 185
66 185
69 185
40 185
97 186
19 186
120 186
28 186
4 187
65 187
45 187
38 187
2 188
56 188
13 188
104 188
36 189
136 189
53 189
34 189
46 190
1 190
5 190
29 190
13 191
55 191
3 191
133 191
8 192
61 192
140 192
17 192
172 193
5 193
21 193
158 193
81 194
3 194
40 194
42 194
21 195
142 195
50 195
137 195
194 196
18 196
5 196
28 196
9 197
43 197
20 197
164 197
125 198
69 198
0 198
5 198
125 199
126 199
34 199
26 199
5 200
102 200
30 200
181 200
39 201
1 201
153 201
63 201
1 202
105 202
35 202
4 202
1 203
46 203
51 203
4 203
35 204
100 204
47 204
0 204
44 205
75 205
99 205
125 205
23 206
65 206
4 206
85 206
13 207
27 207
11 207
74 207
97 208
59 208
5 208
46 208
86 209
84 209
195 209
110 209
50 210
69 210
60 210
163 210
94 211
85 211
3 211
65 211
105 212
1 212
0 212
3 212
175 213
41 213
112 213
63 213
13 214
147 214
120 214
60 214
117 215
23 215
93 215
106 215
1 216
108 216
57 216
146 216
8 217
145 217
74 217
18 217
215 218
170 218
115 218
95 218
35 219
54 219
187 219
3 219
6 220
127 220
61 220
16 220
103 221
29 221
43 221
102 221
4 222
63 222
194 222
69 222
208 223
149 223
16 223
117 223
0 224
13 224
69 224
28 224
3 225
43 225
13 225
186 225
31 226
26 226
225 226
23 226
204 227
120 227
61 227
8 227
10 228
167 228
66 228
207 228
92 229
105 229
58 229
51 229
62 230
69 230
91 230
57 230
85 231
2 231
213 231
83 231
122 232
180 232
169 232
47 232
12 233
87 233
173 233
214 233
157 234
72 234
1 234
230 234
54 235
14 235
20 235
3 235
82 236
106 236
13 236
162 236
137 237
117 237
120 237
134 237
207 238
30 238
26 238
219 238
3 239
2 239
72 239
125 239
76 240
54 240
132 240
106 240
128 241
40 241
54 241
93 241
135 242
125 242
208 242
213 242
62 243
223 243
100 243
57 243
106 244
147 244
9 244
231 244
224 245
242 245
65 245
11 245
102 246
145 246
18 246
224 246
0 247
3 247
50 247
188 247
43 248
30 248
230 248
19 248
2 249
88 249
60 249
35 249
1 0
2 0
2 1
3 0
3 1
3 2
4 0
4 1
4 2
4 3
5 2
5 4
5 0
5 3
6 5
6 2
6 3
6 0
7 5
7 0
7 4
7 6
8 7
8 4
8 0
8 6
9 8
9 1
9 5
9 6
10 5
10 6
10 4
10 3
11 0
11 2
11 9
11 3
12 0
12 1
12 4
12 6
13 0
13 2
13 9
13 11
14 2
14 0
14 13
14 5
15 9
15 0
15 7
15 13
16 3
16 5
16 4
16 15
17 1
17 10
17 3
17 9
18 2
18 3
18 13
18 5
19 1
19 13
19 15
19 2
20 13
20 1
20 3
20 4
21 10
21 14
21 8
21 4
22 11
22 3
22 8
22 9
23 3
23 18
23 10
23 14
24 9
24 13
24 2
24 0
25 9
25 6
25 20
25 3
26 21
26 24
26 9
26 4
27 20
27 0
27 5
27 25
28 17
28 13
28 0
28 26
29 8
29 11
29 5
29 13
30 20
30 0
30 29
30 23
31 29
31 0
31 14
31 22
32 5
32 4
32 16
32 12
33 14
33 17
33 16
33 3
34 30
34 3
34 26
34 5
35 3
35 8
35 29
35 5
36 4
36 22
36 5
36 10
37 5
37 3
37 7
37 28
38 4
38 22
38 14
38 5
39 1
39 5
39 3
39 13
40 3
40 6
40 35
40 28
41 26
41 12
41 2
41 36
42 27
42 9
42 26
42 0
43 36
43 29
43 1
43 32
44 13
44 0
44 9
44 6
45 0
45 27
45 5
45 26
46 27
46 1
46 17
46 33
47 21
47 14
47 20
47 0
48 21
48 6
48 28
48 22
49 38
49 2
49 21
49 15
50 17
50 20
50 27
50 29
51 5
51 21
51 17
51 32
52 1
52 43
52 10
52 23
53 5
53 42
53 23
53 49
54 44
54 36
54 35
54 2
55 27
55 44
55 1
55 38
56 11
56 5
56 12
56 0
57 48
57 41
57 9
57 3
58 4
58 2
58 21
58 55
59 49
59 4
59 5
59 54
60 1
60 50
60 16
60 2
61 1
61 9
61 31
61 2
62 36
62 30
62 23
62 41
63 4
63 3
63 8
63 16
64 3
64 7
64 26
64 12
65 27
65 18
65 57
65 33
66 18
66 5
66 26
66 0
67 49
67 64
67 57
67 43
68 9
68 60
68 30
68 28
69 5
69 68
69 55
69 34
70 63
70 54
70 4
70 30
71 5
71 44
71 0
71 64
72 10
72 7
72 13
72 69
73 13
73 8
73 57
73 28
74 58
74 17
74 1
74 4
75 31
75 24
75 9
75 16
76 13
76 33
76 22
76 21
77 4
77 69
77 1
77 26
78 51
78 0
78 10
78 22
79 60
79 3
79 51
79 14
80 64
80 0
80 55
80 38
81 10
81 3
81 21
81 0
82 23
82 35
82 37
82 9
83 2
83 3
83 51
83 44
84 18
84 16
84 78
84 60
85 61
85 29
85 26
85 5
86 26
86 22
86 63
86 10
87 19
87 24
87 64
87 44
88 36
88 83
88 20
88 51
89 33
89 40
89 5
89 13
90 3
90 85
90 9
90 43
91 9
91 17
91 57
91 28
92 51
92 90
92 5
92 26
93 81
93 27
93 3
93 50
94 72
94 77
94 35
94 71
95 3
95 69
95 11
95 48
96 1
96 48
96 8
96 29
97 27
97 72
97 5
97 63
98 32
98 19
98 11
98 5
99 17
99 21
99 11
99 15
100 0
100 5
100 4
100 52
101 60
101 5
101 7
101 43
102 49
102 76
102 12
102 48
103 50
103 14
103 28
103 35
104 71
104 32
104 91
104 74
105 42
105 92
105 72
105 14
106 4
106 0
106 6
106 100
107 36
107 26
107 74
107 51
108 70
108 51
108 31
108 36
109 81
109 2
109 9
109 0
110 35
110 5
110 13
110 51
111 31
111 67
111 40
111 18
112 79
112 70
112 18
112 80
113 32
113 3
113 42
113 8
114 15
114 4
114 88
114 37
115 13
115 42
115 16
115 1
116 4
116 75
116 17
116 111
117 13
117 3
117 44
117 42
118 115
118 5
118 88
118 69
119 54
119 99
119 2
119 22
120 67
120 51
120 72
120 86
121 1
121 8
121 21
121 116
122 106
122 40
122 5
122 86
123 30
123 67
123 63
123 65
124 3
124 34
124 31
124 18
125 5
125 23
125 93
125 46
126 46
126 2
126 20
126 1
127 72
127 93
127 12
127 22
128 71
128 116
128 46
128 85
129 97
129 40
129 124
129 58
130 5
130 98
130 3
130 126
131 27
131 5
131 67
131 91
132 13
132 86
132 3
132 43
133 125
133 26
133 46
133 21
134 1
134 50
134 21
134 70
135 36
135 93
135 3
135 44
136 7
136 101
136 2
136 57
137 38
137 100
137 0
137 103
138 31
138 8
138 55
138 88
139 44
139 28
139 0
139 13
140 31
140 8
140 106
140 125
141 13
141 20
141 112
141 139
142 27
142 30
142 3
142 5
143 2
143 69
143 4
143 106
144 59
144 76
144 3
144 5
145 120
145 19
145 38
145 141
146 25
146 31
146 69
146 60
147 85
147 3
147 121
147 7
148 96
148 58
148 20
148 14
149 48
149 89
149 3
149 20
150 96
150 86
150 23
150 17
151 51
151 11
151 50
151 14
152 21
152 23
152 132
152 3
153 109
153 49
153 78
153 9
154 74
154 3
154 44
154 72
155 44
155 149
155 4
155 60
156 125
156 60
156 16
156 72
157 106
157 95
157 21
157 5
158 74
158 49
158 69
158 91
159 25
159 1
159 75
159 50
160 22
160 72
160 18
160 9
161 55
161 21
161 118
161 91
162 6
162 23
162 20
162 122
163 56
163 27
163 30
163 88
164 119
164 43
164 11
164 120
165 67
165 7
165 127
165 55
166 13
166 133
166 3
166 106
167 74
167 142
167 12
167 137
168 85
168 93
168 155
168 150
169 81
169 119
169 18
169 72
170 111
170 0
170 9
170 35
171 107
171 74
171 103
171 72
172 162
172 102
172 73
172 141
173 19
173 20
173 104
173 8
174 115
174 170
174 36
174 8
175 22
175 13
175 46
175 93
176 97
176 100
176 126
176 8
177 2
177 21
177 35
177 88
178 117
178 154
178 72
178 73
179 9
179 60
179 4
179 38
180 120
180 71
180 66
180 36
181 26
181 126
181 124
181 159
182 159
182 120
182 10
182 126
183 120
183 3
183 71
183 54
184 147
184 25
184 176
184 85
185 31
185 66
185 69
185 40
186 97
186 19
186 120
186 28
187 4
187 65
187 45
187 38
188 2
188 56
188 13
188 104
189 36
189 136
189 53
189 34
190 46
190 1
190 5
190 29
191 13
191 55
191 3
191 133
192 8
192 61
192 140
192 17
193 172
193 5
193 21
193 158
194 81
194 3
194 40
194 42
195 21
195 142
195 50
195 137
196 194
196 18
196 5
196 28
197 9
197 43
197 20
197 164
198 125
198 69
198 0
198 5
199 125
199 126
199 34
199 26
200 5
200 102
200 30
200 181
201 39
201 1
201 153
201 63
202 1
202 105
202 35
202 4
203 1
203 46
203 51
203 4
204 35
204 100
204 47
204 0
205 44
205 75
205 99
205 125
206 23
206 65
206 4
206 85
207 13
207 27
207 11
207 74
208 97
208 59
208 5
208 46
209 86
209 84
209 195
209 110
210 50
210 69
210 60
210 163
211 94
211 85
211 3
211 65
212 105
212 1
212 0
212 3
213 175
213 41
213 112
213 63
214 13
214 147
214 120
214 60
215 117
215 23
215 93
215 106
216 1
216 108
216 57
216 146
217 8
217 145
217 74
217 18
218 215
218 170
218 115
218 95
219 35
219 54
219 187
219 3
220 6
220 127
220 61
220 16
221 103
221 29
221 43
221 102
222 4
222 63
222 194
222 69
223 208
223 149
223 16
223 117
224 0
224 13
224 69
224 28
225 3
225 43
225 13
225 186
226 31
226 26
226 225
226 23
227 204
227 120
227 61
227 8
228 10
228 167
228 66
228 207
229 92
229 105
229 58
229 51
230 62
230 69
230 91
230 57
231 85
231 2
231 213
231 83
232 122
232 180
232 169
232 47
233 12
233 87
233 173
233 214
234 157
234 72
234 1
234 230
235 54
235 14
235 20
235 3
236 82
236 106
236 13
236 162
237 137
237 117
237 120
237 134
238 207
238 30
238 26
238 219
239 3
239 2
239 72
239 125
240 76
240 54
240 132
240 106
241 128
241 40
241 54
241 93
242 135
242 125
242 208
242 213
243 62
243 223
243 100
243 57
244 106
244 147
244 9
244 231
245 224
245 242
245 65
245 11
246 102
246 145
246 18
246 224
247 0
247 3
247 50
247 188
248 43
248 30
248 230
248 19
249 2
249 88
249 60
249 35
0 0 0 0 0 1 1 0 1 0 1 1 0 1 0 0 0 1 1 0 0 1 1 1 1 1 1 0 0 0 1 0 0 0 0 1 0 1 1 1 1 0 1 0 0 0 0 1 1 1 1 0 0 1 0 1 0 1 0 0 0 0 0 1 1 1 1 1 1 0 1 0 0 1 0 0 1 0 0 1 1 1 0 0 0 1 1 1 0 1 0 0 1 1 0 0 0 0 0 0 0 1 0 0 0 1 1 1 1 1 1 1 1 1 0 1 1 1 0 1 0 1 0 0 0 1 0 0 0 1 1 0 1 1 1 0 1 0 1 1 1 0 0 1 0 0 1 1 1 0 1 1 0 1 0 1 1 0 1 0 0 0 0 1 0 0 1 1 1 0 0 0 1 0 0 1 0 0 1 1 1 1 0 1 0 1 0 1 1 1 0 0 1 1 0 0 0 0 1 0 0 0 0 0 0 1 1 0 0 1 0 0 0 1 0 1 0 1 1 0 0 0 1 0 0 1 1 1 0 0 1 1 0 1 0 0 1 1 0 1 1 0 0 0 1 0 0 0 0 0
0 1 0 0 0 0 1 1 1 0 0 1 0 0 0 1 0 0 1 1 1 1 1 0 1 0 1 0 0 0 1 1 1 1 0 1 1 0 1 1 0 1 0 0 0 0 0 1 1 1 1 0 0 1 0 0 0 0 1 0 1 0 1 0 1 0 1 1 1 0 0 1 1 1 1 0 0 1 0 0 0 1 0 0 1 1 0 1 0 1 0 0 0 0 1 0 1 1 0 0 1 1 1 0 1 0 1 0 0 0 1 1 1 0 0 1 0 0 0 0 1 0 1 0 1 1 1 1 1 0 0 0 1 1 1 0 0 1 1 0 0 0 0 0 0 0 0 1 0 1 1 1 1 1 1 1 0 1 0 0 0 0 1 0 1 1 1 0 1 0 0 1 0 1 0 0 0 1 1 1 1 0 1 0 0 0 1 0 1 1 1 1 0 1 0 1 0 0 0 1 0 0 0 1 0 0 0 0 1 1 1 1 0 0 1 1 1 1 1 1 1 0 0 0 0 0 0 0 1 1 1 0 0 0 1 1 0 0 1 1 1 1 1 1 0 1 0 0 1 0
0 0 1 1 0 1 1 1 0 1 1 1 0 1 0 1 1 1 0 1 1 0 1 0 1 1 1 1 1 1 1 0 1 1 0 1 0 1 1 0 1 0 1 0 1 0 1 0 1 0 0 0 1 1 0 1 1 0 1 1 0 1 1 0 0 1 0 0 0 1 0 0 1 1 0 0 1 1 1 1 1 0 1 1 0 0 1 0 1 1 1 1 1 0 0 0 1 0 1 1 1 1 1 0 0 1 0 1 0 0 0 0 0 0 0 0 0 0 1 0 1 0 1 1 0 0 0 0 0 1 0 0 1 0 0 0 1 1 1 0 1 1 1 0 1 1 1 0 1 0 1 1 0 0 0 1 0 1 0 0 0 1 1 0 0 1 0 0 1 0 1 1 1 1 1 0 1 0 0 1 1 1 0 0 1 0 0 1 0 1 0 1 0 0 1 1 0 1 1 1 1 1 0 0 0 0 1 1 1 0 1 0 0 0 1 1 1 1 0 0 0 0 0 1 1 1 0 0 0 0 1 1 1 0 1 1 0 0 1 0 0 0 0 0 1 0 1 0 0 0
0 1 0 1 1 0 0 0 1 0 0 1 1 0 0 1 0 1 0 0 0 0 1 0 0 1 0 1 0 1 1 0 0 0 0 0 1 0 1 1 1 1 0 1 0 1 1 1 1 0 0 0 0 0 1 1 1 1 1 1 0 1 0 0 0 1 0 0 1 0 1 0 0 0 1 1 1 0 1 1 0 1 1 1 0 0 0 1 0 0 0 0 0 1 1 0 0 0 1 1 0 1 0 0 0 1 1 0 1 0 1 1 0 0 0 0 1 1 0 0 0 0 0 1 0 1 0 1 0 0 0 1 1 1 1 1 1 1 0 0 1 1 1 0 0 1 1 0 0 0 0 0 1 1 1 0 1 1 0 0 1 0 0 1 1 1 1 1 1 1 1 1 1 1 1 0 1 1 0 0 1 1 1 1 0 0 0 1 1 0 1 0 1 0 0 1 0 1 0 0 0 1 1 0 0 1 0 0 1 0 0 0 1 0 1 1 0 0 1 0 1 1 0 1 1 0 1 1 0 0 0 1 1 0 0 1 1 0 1 1 0 1 0 1 1 1 0 1 1 1
1 1 0 0 1 1 0 1 0 0 1 0 1 0 1 1 0 1 1 0 0 0 0 0 1 1 1 0 0 1 1 0 1 0 1 1 1 0 0 0 0 1 1 1 0 1 1 0 0 0 0 1 1 1 1 1 0 0 0 1 1 0 1 0 0 1 0 1 1 0 1 1 1 1 0 1 0 1 0 0 0 0 1 0 0 0 1 1 0 0 1 0 0 0 0 1 1 0 1 0 0 1 1 0 1 0 0 0 1 0 0 1 1 1 1 1 0 1 0 0 0 0 1 0 1 0 0 0 0 1 0 0 1 1 1 1 1 0 1 1 0 0 0 1 0 1 1 1 1 1 1 1 1 0 1 1 1 0 0 0 1 1 0 0 1 0 1 1 1 0 1 1 1 0 0 1 1 0 1 1 1 1 1 0 0 1 0 0 1 1 1 0 0 0 0 0 0 0 1 0 1 0 1 0 0 0 0 1 1 1 0 1 1 0 1 0 0 1 1 1 0 0 0 0 1 1 1 1 0 1 1 0 1 0 1 1 0 1 0 0 0 0 0 0 0 1 0 0 1 1