100 780 5
0 1
0 2
1 2
0 3
1 3
2 3
0 4
1 4
2 4
3 4
2 5
3 5
4 5
0 5
1 6
2 6
5 6
0 6
0 7
3 7
4 7
6 7
1 8
6 8
3 8
5 8
5 9
3 9
0 9
2 9
0 10
7 10
2 10
8 10
6 11
4 11
1 11
8 11
2 12
6 12
7 12
3 12
10 13
0 13
2 13
9 13
12 14
6 14
11 14
8 14
10 15
3 15
0 15
9 15
13 16
10 16
6 16
7 16
8 17
12 17
7 17
10 17
14 18
1 18
6 18
12 18
9 19
17 19
1 19
14 19
12 20
15 20
17 20
18 20
1 21
19 21
10 21
17 21
21 22
6 22
0 22
7 22
6 23
19 23
3 23
21 23
11 24
8 24
14 24
7 24
13 25
18 25
1 25
5 25
23 26
1 26
5 26
19 26
12 27
5 27
19 27
17 27
0 28
9 28
11 28
2 28
16 29
9 29
3 29
18 29
9 30
18 30
1 30
16 30
21 31
6 31
18 31
19 31
28 32
9 32
29 32
3 32
15 33
11 33
1 33
17 33
8 34
24 34
11 34
26 34
17 35
21 35
11 35
25 35
32 36
6 36
17 36
9 36
19 37
2 37
9 37
6 37
27 38
30 38
8 38
15 38
13 39
26 39
17 39
29 39
13 40
10 40
9 40
6 40
33 41
26 41
29 41
32 41
9 42
5 42
15 42
37 42
2 43
33 43
9 43
40 43
25 44
19 44
14 44
11 44
27 45
20 45
1 45
37 45
25 46
11 46
23 46
35 46
14 47
21 47
1 47
12 47
10 48
14 48
29 48
17 48
40 49
13 49
16 49
41 49
26 50
9 50
5 50
35 50
13 51
1 51
36 51
46 51
15 52
16 52
20 52
3 52
0 53
27 53
1 53
17 53
29 54
19 54
17 54
2 54
47 55
20 55
1 55
7 55
11 56
6 56
1 56
47 56
46 57
29 57
0 57
10 57
26 58
33 58
10 58
2 58
17 59
39 59
1 59
32 59
43 60
35 60
7 60
22 60
29 61
19 61
16 61
3 61
3 62
39 62
33 62
41 62
11 63
1 63
9 63
23 63
21 64
34 64
1 64
33 64
62 65
7 65
51 65
44 65
34 66
5 66
6 66
37 66
46 67
23 67
25 67
44 67
36 68
42 68
25 68
7 68
52 69
49 69
51 69
25 69
10 70
60 70
23 70
18 70
67 71
11 71
26 71
2 71
14 72
19 72
40 72
7 72
14 73
29 73
60 73
2 73
7 74
29 74
57 74
64 74
1 75
47 75
57 75
19 75
19 76
33 76
41 76
45 76
1 77
16 77
9 77
10 77
51 78
43 78
70 78
6 78
14 79
12 79
25 79
9 79
64 80
12 80
7 80
6 80
44 81
78 81
9 81
5 81
41 82
50 82
1 82
17 82
6 83
3 83
63 83
45 83
18 84
54 84
6 84
19 84
82 85
6 85
14 85
15 85
14 86
17 86
12 86
70 86
67 87
26 87
2 87
9 87
41 88
31 88
38 88
36 88
21 89
27 89
84 89
47 89
58 90
19 90
62 90
17 90
70 91
6 91
67 91
81 91
40 92
16 92
82 92
10 92
12 93
33 93
86 93
14 93
15 94
83 94
93 94
69 94
7 95
28 95
18 95
6 95
56 96
29 96
60 96
10 96
9 97
6 97
87 97
4 97
64 98
6 98
11 98
8 98
2 99
11 99
4 99
32 99
1 0
2 0
2 1
3 0
3 1
3 2
4 0
4 1
4 2
4 3
5 2
5 3
5 4
5 0
6 1
6 2
6 5
6 0
7 0
7 3
7 4
7 6
8 1
8 6
8 3
8 5
9 5
9 3
9 0
9 2
10 0
10 7
10 2
10 8
11 6
11 4
11 1
11 8
12 2
12 6
12 7
12 3
13 10
13 0
13 2
13 9
14 12
14 6
14 11
14 8
15 10
15 3
15 0
15 9
16 13
16 10
16 6
16 7
17 8
17 12
17 7
17 10
18 14
18 1
18 6
18 12
19 9
19 17
19 1
19 14
20 12
20 15
20 17
20 18
21 1
21 19
21 10
21 17
22 21
22 6
22 0
22 7
23 6
23 19
23 3
23 21
24 11
24 8
24 14
24 7
25 13
25 18
25 1
25 5
26 23
26 1
26 5
26 19
27 12
27 5
27 19
27 17
28 0
28 9
28 11
28 2
29 16
29 9
29 3
29 18
30 9
30 18
30 1
30 16
31 21
31 6
31 18
31 19
32 28
32 9
32 29
32 3
33 15
33 11
33 1
33 17
34 8
34 24
34 11
34 26
35 17
35 21
35 11
35 25
36 32
36 6
36 17
36 9
37 19
37 2
37 9
37 6
38 27
38 30
38 8
38 15
39 13
39 26
39 17
39 29
40 13
40 10
40 9
40 6
41 33
41 26
41 29
41 32
42 9
42 5
42 15
42 37
43 2
43 33
43 9
43 40
44 25
44 19
44 14
44 11
45 27
45 20
45 1
45 37
46 25
46 11
46 23
46 35
47 14
47 21
47 1
47 12
48 10
48 14
48 29
48 17
49 40
49 13
49 16
49 41
50 26
50 9
50 5
50 35
51 13
51 1
51 36
51 46
52 15
52 16
52 20
52 3
53 0
53 27
53 1
53 17
54 29
54 19
54 17
54 2
55 47
55 20
55 1
55 7
56 11
56 6
56 1
56 47
57 46
57 29
57 0
57 10
58 26
58 33
58 10
58 2
59 17
59 39
59 1
59 32
60 43
60 35
60 7
60 22
61 29
61 19
61 16
61 3
62 3
62 39
62 33
62 41
63 11
63 1
63 9
63 23
64 21
64 34
64 1
64 33
65 62
65 7
65 51
65 44
66 34
66 5
66 6
66 37
67 46
67 23
67 25
67 44
68 36
68 42
68 25
68 7
69 52
69 49
69 51
69 25
70 10
70 60
70 23
70 18
71 67
71 11
71 26
71 2
72 14
72 19
72 40
72 7
73 14
73 29
73 60
73 2
74 7
74 29
74 57
74 64
75 1
75 47
75 57
75 19
76 19
76 33
76 41
76 45
77 1
77 16
77 9
77 10
78 51
78 43
78 70
78 6
79 14
79 12
79 25
79 9
80 64
80 12
80 7
80 6
81 44
81 78
81 9
81 5
82 41
82 50
82 1
82 17
83 6
83 3
83 63
83 45
84 18
84 54
84 6
84 19
85 82
85 6
85 14
85 15
86 14
86 17
86 12
86 70
87 67
87 26
87 2
87 9
88 41
88 31
88 38
88 36
89 21
89 27
89 84
89 47
90 58
90 19
90 62
90 17
91 70
91 6
91 67
91 81
92 40
92 16
92 82
92 10
93 12
93 33
93 86
93 14
94 15
94 83
94 93
94 69
95 7
95 28
95 18
95 6
96 56
96 29
96 60
96 10
97 9
97 6
97 87
97 4
98 64
98 6
98 11
98 8
99 2
99 11
99 4
99 32
0 1 0 0 0 0 1 1 0 0 0 0 0 0 1 0 1 0 0 1 0 1 0 0 0 1 1 1 1 0 1 0 1 0 1 0 0 1 0 0 1 1 1 1 1 0 0 0 1 1 1 1 1 1 0 0 0 1 0 1 0 0 1 0 1 0 1 1 1 1 1 0 1 0 0 0 0 0 0 0 1 0 1 0 0 1 1 1 1 0 1 0 0 0 0 0 1 1 1 0
1 0 1 0 0 1 1 0 1 1 0 1 0 0 0 1 0 1 1 1 0 1 1 0 1 0 1 1 0 1 1 1 1 0 0 1 1 0 1 1 1 0 1 1 0 0 0 0 1 0 0 0 0 0 0 1 0 1 1 1 1 1 1 0 1 1 0 0 1 0 0 0 1 0 0 0 0 0 1 1 0 0 0 1 1 1 0 0 0 1 0 0 0 0 1 1 0 1 0 1
0 0 0 1 1 0 0 0 0 1 0 0 1 1 1 0 1 1 1 0 0 0 0 1 1 1 1 1 1 0 0 1 1 0 1 0 0 1 0 1 0 1 0 0 0 1 0 1 1 0 1 0 1 1 1 1 0 1 0 1 1 1 0 0 0 0 1 1 0 0 0 1 1 0 1 0 0 0 0 0 1 0 0 0 0 0 1 1 0 1 1 1 0 0 0 1 1 0 1 0
0 1 0 1 1 0 1 1 1 1 0 0 0 1 0 1 1 1 1 0 1 0 1 1 1 1 1 1 1 0 0 0 0 0 0 0 1 1 1 0 0 1 1 0 1 1 0 1 1 0 1 1 1 0 1 0 1 1 0 0 0 0 1 1 1 0 1 0 1 1 1 1 0 0 1 1 0 0 0 1 1 0 1 0 0 0 1 0 1 1 0 0 0 0 0 0 0 0 0 1
0 1 1 1 0 0 0 1 1 0 1 0 0 1 0 0 1 0 0 1 0 0 0 1 1 1 0 1 0 1 1 1 0 1 0 0 0 0 0 0 0 1 0 1 1 1 0 0 0 1 1 1 0 0 0 0 0 1 1 1 0 0 0 1 1 0 0 0 0 1 0 0 0 1 0 1 0 0 1 1 0 1 0 0 0 1 0 0 1 1 1 0 0 0 0 1 1 1 1 1