100 780 5
0 1
0 2
1 2
0 3
1 3
2 3
0 4
1 4
2 4
3 4
3 5
4 5
1 5
0 5
4 6
3 6
5 6
0 6
6 7
4 7
5 7
1 7
7 8
5 8
4 8
2 8
1 9
0 9
7 9
4 9
4 10
6 10
3 10
5 10
4 11
1 11
3 11
0 11
5 12
9 12
2 12
4 12
5 13
9 13
12 13
2 13
6 14
11 14
3 14
1 14
8 15
5 15
4 15
7 15
15 16
14 16
2 16
1 16
4 17
0 17
13 17
3 17
4 18
1 18
0 18
5 18
18 19
9 19
5 19
12 19
2 20
3 20
6 20
0 20
12 21
19 21
4 21
2 21
4 22
17 22
3 22
2 22
13 23
3 23
5 23
0 23
8 24
5 24
10 24
13 24
8 25
1 25
20 25
5 25
0 26
10 26
3 26
2 26
21 27
16 27
9 27
3 27
5 28
8 28
18 28
0 28
24 29
27 29
2 29
20 29
7 30
3 30
0 30
2 30
30 31
23 31
8 31
28 31
2 32
0 32
4 32
10 32
18 33
26 33
24 33
0 33
16 34
13 34
6 34
5 34
12 35
32 35
0 35
8 35
9 36
31 36
19 36
6 36
1 37
25 37
4 37
24 37
23 38
4 38
35 38
0 38
23 39
4 39
37 39
20 39
0 40
24 40
2 40
12 40
40 41
2 41
18 41
12 41
6 42
13 42
4 42
0 42
4 43
42 43
3 43
6 43
10 44
27 44
22 44
5 44
3 45
25 45
0 45
26 45
25 46
0 46
19 46
4 46
4 47
2 47
9 47
22 47
28 48
42 48
20 48
13 48
12 49
5 49
0 49
6 49
27 50
0 50
8 50
5 50
29 51
10 51
3 51
28 51
37 52
21 52
2 52
7 52
32 53
44 53
19 53
6 53
49 54
29 54
12 54
19 54
23 55
34 55
2 55
51 55
18 56
3 56
7 56
31 56
2 57
5 57
3 57
28 57
12 58
19 58
51 58
28 58
22 59
28 59
9 59
10 59
4 60
37 60
3 60
39 60
5 61
1 61
46 61
53 61
0 62
56 62
24 62
2 62
5 63
3 63
49 63
50 63
20 64
47 64
23 64
37 64
18 65
27 65
12 65
4 65
0 66
5 66
40 66
10 66
21 67
16 67
28 67
59 67
28 68
26 68
31 68
16 68
51 69
13 69
10 69
16 69
23 70
9 70
68 70
2 70
26 71
23 71
69 71
42 71
65 72
0 72
8 72
10 72
0 73
4 73
28 73
17 73
24 74
71 74
57 74
46 74
0 75
19 75
4 75
45 75
46 76
20 76
0 76
28 76
33 77
73 77
6 77
4 77
29 78
3 78
67 78
32 78
74 79
31 79
62 79
49 79
14 80
3 80
26 80
65 80
1 81
18 81
35 81
5 81
72 82
5 82
10 82
9 82
81 83
46 83
21 83
3 83
37 84
0 84
52 84
80 84
41 85
50 85
73 85
63 85
32 86
27 86
5 86
4 86
32 87
8 87
18 87
81 87
6 88
78 88
37 88
58 88
11 89
5 89
53 89
44 89
40 90
17 90
1 90
3 90
28 91
46 91
86 91
58 91
64 92
90 92
4 92
18 92
20 93
69 93
79 93
8 93
11 94
2 94
22 94
74 94
60 95
17 95
81 95
2 95
46 96
1 96
42 96
40 96
0 97
22 97
24 97
23 97
32 98
53 98
22 98
45 98
20 99
78 99
24 99
46 99
1 0
2 0
2 1
3 0
3 1
3 2
4 0
4 1
4 2
4 3
5 3
5 4
5 1
5 0
6 4
6 3
6 5
6 0
7 6
7 4
7 5
7 1
8 7
8 5
8 4
8 2
9 1
9 0
9 7
9 4
10 4
10 6
10 3
10 5
11 4
11 1
11 3
11 0
12 5
12 9
12 2
12 4
13 5
13 9
13 12
13 2
14 6
14 11
14 3
14 1
15 8
15 5
15 4
15 7
16 15
16 14
16 2
16 1
17 4
17 0
17 13
17 3
18 4
18 1
18 0
18 5
19 18
19 9
19 5
19 12
20 2
20 3
20 6
20 0
21 12
21 19
21 4
21 2
22 4
22 17
22 3
22 2
23 13
23 3
23 5
23 0
24 8
24 5
24 10
24 13
25 8
25 1
25 20
25 5
26 0
26 10
26 3
26 2
27 21
27 16
27 9
27 3
28 5
28 8
28 18
28 0
29 24
29 27
29 2
29 20
30 7
30 3
30 0
30 2
31 30
31 23
31 8
31 28
32 2
32 0
32 4
32 10
33 18
33 26
33 24
33 0
34 16
34 13
34 6
34 5
35 12
35 32
35 0
35 8
36 9
36 31
36 19
36 6
37 1
37 25
37 4
37 24
38 23
38 4
38 35
38 0
39 23
39 4
39 37
39 20
40 0
40 24
40 2
40 12
41 40
41 2
41 18
41 12
42 6
42 13
42 4
42 0
43 4
43 42
43 3
43 6
44 10
44 27
44 22
44 5
45 3
45 25
45 0
45 26
46 25
46 0
46 19
46 4
47 4
47 2
47 9
47 22
48 28
48 42
48 20
48 13
49 12
49 5
49 0
49 6
50 27
50 0
50 8
50 5
51 29
51 10
51 3
51 28
52 37
52 21
52 2
52 7
53 32
53 44
53 19
53 6
54 49
54 29
54 12
54 19
55 23
55 34
55 2
55 51
56 18
56 3
56 7
56 31
57 2
57 5
57 3
57 28
58 12
58 19
58 51
58 28
59 22
59 28
59 9
59 10
60 4
60 37
60 3
60 39
61 5
61 1
61 46
61 53
62 0
62 56
62 24
62 2
63 5
63 3
63 49
63 50
64 20
64 47
64 23
64 37
65 18
65 27
65 12
65 4
66 0
66 5
66 40
66 10
67 21
67 16
67 28
67 59
68 28
68 26
68 31
68 16
69 51
69 13
69 10
69 16
70 23
70 9
70 68
70 2
71 26
71 23
71 69
71 42
72 65
72 0
72 8
72 10
73 0
73 4
73 28
73 17
74 24
74 71
74 57
74 46
75 0
75 19
75 4
75 45
76 46
76 20
76 0
76 28
77 33
77 73
77 6
77 4
78 29
78 3
78 67
78 32
79 74
79 31
79 62
79 49
80 14
80 3
80 26
80 65
81 1
81 18
81 35
81 5
82 72
82 5
82 10
82 9
83 81
83 46
83 21
83 3
84 37
84 0
84 52
84 80
85 41
85 50
85 73
85 63
86 32
86 27
86 5
86 4
87 32
87 8
87 18
87 81
88 6
88 78
88 37
88 58
89 11
89 5
89 53
89 44
90 40
90 17
90 1
90 3
91 28
91 46
91 86
91 58
92 64
92 90
92 4
92 18
93 20
93 69
93 79
93 8
94 11
94 2
94 22
94 74
95 60
95 17
95 81
95 2
96 46
96 1
96 42
96 40
97 0
97 22
97 24
97 23
98 32
98 53
98 22
98 45
99 20
99 78
99 24
99 46
1 1 1 1 0 1 0 1 1 1 1 0 1 0 1 0 1 1 0 1 0 0 0 1 0 0 0 1 0 0 0 1 1 1 1 1 1 1 1 1 0 1 0 1 0 1 0 1 1 1 1 0 0 0 1 0 0 1 1 1 1 0 0 1 1 1 0 0 1 1 1 1 0 0 0 1 0 0 1 0 0 1 1 1 1 1 0 0 1 0 1 0 1 0 1 0 0 1 0 1
0 1 1 0 0 1 1 0 0 1 0 1 0 1 0 0 0 1 0 0 0 1 1 1 1 1 1 0 1 0 1 0 0 0 0 0 1 1 0 1 1 1 1 1 0 1 0 0 0 0 0 1 1 1 0 1 1 0 0 0 1 1 1 1 0 0 1 1 0 1 0 1 1 1 1 1 1 0 0 0 1 0 1 1 0 0 0 1 0 1 0 1 0 1 1 1 1 1 1 0
1 0 0 1 1 1 1 0 1 1 0 0 1 0 1 1 0 1 0 0 0 1 0 0 1 1 0 0 0 1 1 1 1 0 0 1 0 1 1 0 0 1 1 0 0 1 0 1 0 1 0 0 1 0 1 0 0 0 0 1 0 0 1 1 0 1 1 0 1 1 1 0 1 1 0 1 0 1 0 0 1 1 0 0 0 1 1 0 1 0 1 1 0 0 0 1 0 0 0 1
0 0 0 1 1 1 0 0 1 1 0 1 0 1 0 1 1 1 1 0 0 0 1 1 1 1 0 1 1 1 1 1 1 1 0 0 1 1 1 1 1 1 0 0 0 1 1 0 0 0 1 0 1 1 0 1 0 0 1 0 0 0 1 1 0 0 1 0 0 0 0 1 1 0 0 1 0 0 1 0 0 0 1 0 1 1 0 0 1 0 0 0 0 1 0 1 0 0 1 0
1 1 1 0 0 0 1 1 1 1 1 1 1 0 1 0 1 1 1 0 1 1 1 1 0 0 1 1 1 1 0 0 0 1 1 0 1 1 0 1 1 1 1 0 1 0 0 1 1 0 1 0 0 1 0 0 1 1 0 0 0 1 0 1 1 1 1 1 1 1 1 1 1 1 1 0 1 0 0 0 1 1 0 0 0 1 1 1 1 1 0 1 1 0 1 0 1 0 1 1