100 588 5
0 1
0 2
1 2
0 3
1 3
2 3
0 4
2 4
1 4
2 5
3 5
1 5
2 6
5 6
1 6
3 7
4 7
2 7
2 8
1 8
3 8
3 9
0 9
2 9
1 10
2 10
3 10
9 11
2 11
0 11
8 12
0 12
3 12
4 13
0 13
2 13
3 14
8 14
2 14
8 15
7 15
10 15
13 16
11 16
4 16
3 17
2 17
7 17
10 18
5 18
2 18
4 19
3 19
2 19
12 20
13 20
2 20
3 21
17 21
15 21
13 22
5 22
15 22
4 23
2 23
17 23
15 24
2 24
1 24
2 25
22 25
5 25
15 26
4 26
10 26
15 27
4 27
26 27
3 28
17 28
0 28
2 29
19 29
25 29
19 30
13 30
2 30
25 31
4 31
20 31
23 32
20 32
17 32
3 33
22 33
13 33
0 34
24 34
33 34
13 35
30 35
15 35
28 36
1 36
20 36
3 37
17 37
1 37
29 38
10 38
28 38
5 39
29 39
16 39
12 40
32 40
30 40
13 41
2 41
0 41
22 42
34 42
2 42
31 43
15 43
20 43
6 44
41 44
1 44
9 45
13 45
26 45
12 46
4 46
13 46
37 47
43 47
39 47
40 48
28 48
27 48
15 49
22 49
31 49
37 50
15 50
36 50
26 51
17 51
16 51
3 52
22 52
43 52
18 53
3 53
50 53
29 54
30 54
34 54
15 55
20 55
34 55
22 56
19 56
0 56
2 57
10 57
19 57
23 58
19 58
16 58
8 59
44 59
25 59
39 60
25 60
14 60
58 61
59 61
42 61
56 62
16 62
50 62
6 63
20 63
25 63
15 64
11 64
48 64
2 65
59 65
22 65
8 66
63 66
19 66
30 67
31 67
2 67
7 68
38 68
15 68
50 69
17 69
22 69
3 70
36 70
29 70
61 71
3 71
62 71
26 72
0 72
21 72
30 73
12 73
2 73
44 74
20 74
38 74
15 75
21 75
40 75
1 76
71 76
24 76
40 77
12 77
62 77
34 78
22 78
41 78
22 79
16 79
59 79
60 80
33 80
31 80
60 81
2 81
16 81
14 82
54 82
31 82
25 83
62 83
1 83
17 84
10 84
12 84
27 85
36 85
37 85
6 86
38 86
22 86
13 87
21 87
84 87
21 88
55 88
71 88
22 89
7 89
64 89
8 90
15 90
63 90
89 91
59 91
34 91
79 92
37 92
2 92
91 93
16 93
21 93
75 94
16 94
57 94
94 95
43 95
73 95
2 96
23 96
3 96
40 97
20 97
0 97
16 98
23 98
18 98
37 99
75 99
6 99
1 0
2 0
2 1
3 0
3 1
3 2
4 0
4 2
4 1
5 2
5 3
5 1
6 2
6 5
6 1
7 3
7 4
7 2
8 2
8 1
8 3
9 3
9 0
9 2
10 1
10 2
10 3
11 9
11 2
11 0
12 8
12 0
12 3
13 4
13 0
13 2
14 3
14 8
14 2
15 8
15 7
15 10
16 13
16 11
16 4
17 3
17 2
17 7
18 10
18 5
18 2
19 4
19 3
19 2
20 12
20 13
20 2
21 3
21 17
21 15
22 13
22 5
22 15
23 4
23 2
23 17
24 15
24 2
24 1
25 2
25 22
25 5
26 15
26 4
26 10
27 15
27 4
27 26
28 3
28 17
28 0
29 2
29 19
29 25
30 19
30 13
30 2
31 25
31 4
31 20
32 23
32 20
32 17
33 3
33 22
33 13
34 0
34 24
34 33
35 13
35 30
35 15
36 28
36 1
36 20
37 3
37 17
37 1
38 29
38 10
38 28
39 5
39 29
39 16
40 12
40 32
40 30
41 13
41 2
41 0
42 22
42 34
42 2
43 31
43 15
43 20
44 6
44 41
44 1
45 9
45 13
45 26
46 12
46 4
46 13
47 37
47 43
47 39
48 40
48 28
48 27
49 15
49 22
49 31
50 37
50 15
50 36
51 26
51 17
51 16
52 3
52 22
52 43
53 18
53 3
53 50
54 29
54 30
54 34
55 15
55 20
55 34
56 22
56 19
56 0
57 2
57 10
57 19
58 23
58 19
58 16
59 8
59 44
59 25
60 39
60 25
60 14
61 58
61 59
61 42
62 56
62 16
62 50
63 6
63 20
63 25
64 15
64 11
64 48
65 2
65 59
65 22
66 8
66 63
66 19
67 30
67 31
67 2
68 7
68 38
68 15
69 50
69 17
69 22
70 3
70 36
70 29
71 61
71 3
71 62
72 26
72 0
72 21
73 30
73 12
73 2
74 44
74 20
74 38
75 15
75 21
75 40
76 1
76 71
76 24
77 40
77 12
77 62
78 34
78 22
78 41
79 22
79 16
79 59
80 60
80 33
80 31
81 60
81 2
81 16
82 14
82 54
82 31
83 25
83 62
83 1
84 17
84 10
84 12
85 27
85 36
85 37
86 6
86 38
86 22
87 13
87 21
87 84
88 21
88 55
88 71
89 22
89 7
89 64
90 8
90 15
90 63
91 89
91 59
91 34
92 79
92 37
92 2
93 91
93 16
93 21
94 75
94 16
94 57
95 94
95 43
95 73
96 2
96 23
96 3
97 40
97 20
97 0
98 16
98 23
98 18
99 37
99 75
99 6
1 0 0 1 1 0 0 1 0 1 0 1 1 0 1 1 1 1 0 1 1 1 0 0 0 0 0 0 0 1 1 0 1 0 1 0 1 1 1 0 0 0 1 0 0 1 0 1 0 0 0 0 1 1 0 0 0 0 1 1 1 0 0 1 0 0 1 1 1 1 0 1 0 0 1 1 1 0 1 0 1 0 0 1 0 0 1 0 1 1 0 0 0 0 0 0 0 0 0 0
1 0 0 1 1 0 1 0 1 0 0 1 0 1 0 1 0 0 0 1 0 1 0 1 1 0 0 0 0 0 0 1 0 0 0 0 0 1 1 1 1 0 0 0 0 1 0 0 0 1 0 1 0 0 1 1 1 1 1 1 0 0 0 0 0 1 0 0 1 0 0 1 0 0 0 1 1 0 1 0 1 1 1 0 0 0 1 0 1 1 0 0 0 0 0 1 0 0 1 1
0 1 0 1 0 0 0 1 0 0 1 0 0 1 0 0 0 1 1 0 0 0 1 1 0 0 1 0 0 0 1 1 0 1 1 0 0 0 0 1 1 0 1 1 0 0 0 0 0 1 1 0 1 1 0 1 0 0 1 0 1 0 0 1 1 0 1 0 0 1 1 1 0 0 1 0 1 0 1 1 1 0 1 0 0 1 0 0 0 1 0 0 1 0 0 1 0 0 0 0
0 1 1 1 0 1 1 1 0 1 1 0 1 0 1 1 1 1 0 0 1 0 0 1 1 0 0 0 1 1 1 0 0 0 1 1 0 0 1 1 0 0 0 1 1 1 0 0 1 1 0 0 0 0 1 1 1 1 0 0 1 1 0 1 0 1 1 0 1 0 0 0 1 0 0 1 1 0 1 1 0 1 1 1 0 0 1 0 1 0 0 0 0 0 1 1 0 0 1 1
1 1 1 1 1 0 0 1 0 0 0 1 1 1 0 1 1 1 1 1 0 0 1 1 0 0 1 0 0 1 0 1 0 0 0 0 1 1 1 1 0 0 0 0 1 0 1 0 0 1 0 1 1 1 0 1 0 1 1 1 1 1 1 1 1 1 1 0 0 1 1 1 1 1 0 0 0 1 1 1 0 1 0 1 0 1 0 0 1 0 0 1 1 0 0 1 0 1 0 1