100 390 5
0 1
0 2
1 2
0 3
1 3
2 3
0 4
1 4
2 4
3 4
2 5
4 5
1 5
0 5
5 6
4 6
0 6
2 6
0 7
2 7
5 7
1 7
4 8
0 8
1 8
5 8
4 9
1 9
3 9
2 9
0 10
8 10
3 10
4 10
5 11
3 11
1 11
6 11
3 12
6 12
1 12
0 12
9 13
4 13
6 13
7 13
1 14
4 14
6 14
5 14
1 15
5 15
4 15
3 15
2 16
14 16
1 16
5 16
5 17
6 17
12 17
2 17
0 18
3 18
7 18
5 18
0 19
16 19
3 19
1 19
7 20
17 20
5 20
15 20
0 21
3 21
9 21
1 21
5 22
4 22
1 22
12 22
18 23
4 23
16 23
15 23
10 24
4 24
6 24
18 24
1 25
21 25
5 25
20 25
11 26
24 26
8 26
2 26
1 27
0 27
18 27
3 27
0 28
12 28
26 28
5 28
6 29
5 29
1 29
4 29
16 30
20 30
4 30
17 30
1 31
3 31
12 31
4 31
11 32
15 32
20 32
13 32
12 33
13 33
19 33
15 33
2 34
26 34
29 34
7 34
31 35
5 35
17 35
22 35
14 36
31 36
33 36
23 36
18 37
10 37
31 37
7 37
8 38
0 38
31 38
30 38
0 39
24 39
29 39
26 39
10 40
2 40
24 40
13 40
2 41
15 41
5 41
12 41
5 42
3 42
1 42
22 42
1 43
40 43
17 43
42 43
1 44
5 44
22 44
0 44
20 45
10 45
6 45
2 45
8 46
22 46
36 46
3 46
11 47
6 47
23 47
7 47
14 48
10 48
30 48
15 48
30 49
22 49
29 49
40 49
0 50
40 50
36 50
18 50
1 51
4 51
27 51
5 51
5 52
8 52
11 52
0 52
8 53
2 53
48 53
23 53
17 54
5 54
53 54
15 54
34 55
20 55
16 55
54 55
10 56
19 56
5 56
44 56
4 57
51 57
1 57
35 57
37 58
29 58
10 58
0 58
26 59
18 59
47 59
3 59
4 60
22 60
38 60
31 60
7 61
55 61
38 61
52 61
12 62
2 62
19 62
7 62
10 63
16 63
37 63
22 63
2 64
7 64
14 64
28 64
54 65
0 65
15 65
53 65
11 66
40 66
54 66
32 66
3 67
19 67
2 67
6 67
4 68
12 68
34 68
13 68
37 69
26 69
38 69
17 69
19 70
3 70
34 70
47 70
61 71
30 71
44 71
24 71
61 72
53 72
0 72
5 72
2 73
46 73
63 73
39 73
1 74
5 74
24 74
18 74
19 75
36 75
4 75
11 75
53 76
12 76
6 76
4 76
30 77
2 77
0 77
31 77
2 78
40 78
0 78
14 78
77 79
75 79
33 79
57 79
37 80
36 80
0 80
1 80
17 81
22 81
33 81
56 81
1 82
35 82
41 82
75 82
0 83
1 83
53 83
34 83
21 84
55 84
32 84
4 84
26 85
8 85
23 85
3 85
13 86
44 86
22 86
12 86
13 87
56 87
4 87
10 87
87 88
72 88
1 88
73 88
38 89
1 89
15 89
61 89
10 90
66 90
34 90
3 90
61 91
17 91
63 91
35 91
58 92
1 92
23 92
43 92
28 93
88 93
6 93
12 93
18 94
14 94
64 94
5 94
42 95
17 95
19 95
16 95
84 96
1 96
87 96
34 96
6 97
13 97
23 97
80 97
59 98
3 98
4 98
0 98
24 99
0 99
72 99
60 99
0 1 1 1 1 1 0 1 1 0 0 1 1 0 0 1 1 0 1 1 0 0 0 1 1 0 1 0 0 0 1 1 1 0 1 0 1 1 0 1 0 1 0 1 0 0 1 0 1 1 0 1 0 1 0 0 0 1 1 1 1 1 1 0 0 1 0 1 1 1 0 1 0 1 0 0 1 1 1 0 1 0 1 0 1 1 0 0 0 0 0 1 0 0 1 1 0 1 0 0
0 0 1 1 0 1 0 0 0 1 0 0 0 1 0 1 1 0 1 0 1 0 0 1 0 0 1 1 1 1 0 1 0 0 1 0 1 0 0 0 1 1 0 1 1 1 1 0 1 1 0 0 1 1 0 0 0 0 1 1 0 1 1 1 1 1 1 0 1 0 1 0 0 0 1 0 1 0 0 0 0 1 1 1 1 1 1 1 1 1 0 1 0 1 0 0 0 1 1 1
0 1 0 1 0 0 0 1 1 0 1 0 1 1 1 1 1 0 1 1 0 1 0 1 0 1 1 1 0 0 1 0 1 1 0 1 1 1 0 0 1 1 0 0 1 0 0 0 1 0 1 1 1 1 0 0 1 0 1 1 0 0 1 0 1 0 0 0 1 1 0 0 0 1 1 1 1 1 0 1 0 1 0 1 1 0 0 0 0 1 0 0 0 1 1 0 1 0 1 0
0 0 0 1 1 0 1 0 1 0 0 1 0 0 1 1 0 0 0 1 0 0 0 0 1 0 0 1 0 1 1 0 1 1 0 0 1 0 0 0 0 0 0 1 1 0 1 1 0 0 1 0 0 1 0 1 0 1 1 0 0 1 0 1 0 1 0 0 0 0 1 1 0 0 0 0 1 0 0 1 1 1 0 0 1 0 0 0 0 1 1 0 1 1 1 1 1 1 0 0
0 0 1 1 1 1 0 0 1 1 0 1 1 0 1 0 0 0 0 1 1 1 1 1 1 1 0 1 0 1 1 0 1 0 1 0 0 1 0 1 1 0 1 0 1 0 0 0 1 1 0 1 1 1 0 0 1 1 0 1 0 1 0 1 1 0 0 1 1 1 0 0 1 0 0 1 0 1 0 1 1 0 0 1 0 1 1 0 0 1 1 0 0 0 0 1 0 0 0 1