100 780 5
0 1
0 2
1 2
0 3
1 3
2 3
0 4
1 4
2 4
3 4
1 5
3 5
2 5
0 5
4 6
2 6
5 6
3 6
2 7
0 7
3 7
6 7
0 8
4 8
2 8
6 8
0 9
4 9
6 9
2 9
1 10
0 10
6 10
4 10
7 11
6 11
9 11
2 11
6 12
0 12
5 12
8 12
12 13
3 13
9 13
4 13
6 14
2 14
13 14
1 14
0 15
10 15
4 15
3 15
0 16
3 16
15 16
7 16
5 17
4 17
2 17
0 17
9 18
3 18
7 18
8 18
5 19
9 19
12 19
2 19
9 20
16 20
1 20
4 20
15 21
2 21
6 21
18 21
1 22
10 22
3 22
19 22
18 23
2 23
1 23
21 23
6 24
10 24
8 24
9 24
18 25
12 25
8 25
13 25
24 26
1 26
7 26
4 26
16 27
3 27
0 27
15 27
0 28
9 28
16 28
25 28
4 29
14 29
13 29
15 29
0 30
10 30
6 30
17 30
17 31
11 31
8 31
9 31
25 32
14 32
5 32
16 32
1 33
7 33
2 33
4 33
4 34
14 34
3 34
5 34
33 35
20 35
0 35
13 35
9 36
13 36
3 36
6 36
4 37
32 37
6 37
17 37
3 38
23 38
32 38
6 38
21 39
27 39
31 39
4 39
12 40
37 40
3 40
1 40
19 41
9 41
8 41
24 41
4 42
36 42
38 42
20 42
11 43
15 43
39 43
7 43
39 44
20 44
7 44
5 44
23 45
28 45
6 45
0 45
3 46
25 46
32 46
1 46
28 47
18 47
17 47
23 47
9 48
37 48
2 48
7 48
18 49
1 49
10 49
45 49
6 50
3 50
0 50
4 50
6 51
3 51
9 51
33 51
9 52
48 52
47 52
51 52
22 53
8 53
48 53
25 53
9 54
13 54
33 54
1 54
10 55
36 55
1 55
33 55
32 56
9 56
33 56
22 56
12 57
22 57
15 57
32 57
39 58
53 58
19 58
23 58
49 59
54 59
53 59
58 59
53 60
2 60
4 60
45 60
2 61
36 61
8 61
41 61
42 62
9 62
18 62
12 62
46 63
0 63
2 63
49 63
2 64
1 64
9 64
52 64
33 65
17 65
6 65
4 65
53 66
65 66
29 66
12 66
6 67
10 67
49 67
19 67
3 68
14 68
26 68
7 68
66 69
40 69
53 69
17 69
42 70
60 70
9 70
48 70
25 71
19 71
55 71
2 71
49 72
64 72
2 72
54 72
2 73
51 73
6 73
53 73
0 74
32 74
42 74
52 74
40 75
29 75
48 75
68 75
9 76
71 76
2 76
61 76
32 77
48 77
52 77
2 77
17 78
51 78
22 78
6 78
8 79
0 79
1 79
11 79
76 80
9 80
7 80
3 80
34 81
37 81
25 81
7 81
7 82
47 82
58 82
36 82
70 83
1 83
12 83
49 83
63 84
41 84
45 84
76 84
0 85
7 85
39 85
1 85
9 86
49 86
5 86
18 86
42 87
40 87
3 87
32 87
33 88
51 88
22 88
49 88
12 89
72 89
16 89
81 89
21 90
46 90
41 90
45 90
25 91
0 91
53 91
84 91
60 92
46 92
21 92
86 92
7 93
34 93
33 93
14 93
65 94
86 94
2 94
62 94
13 95
0 95
3 95
10 95
34 96
57 96
12 96
61 96
52 97
87 97
12 97
6 97
77 98
4 98
2 98
64 98
71 99
20 99
0 99
4 99
1 0
2 0
2 1
3 0
3 1
3 2
4 0
4 1
4 2
4 3
5 1
5 3
5 2
5 0
6 4
6 2
6 5
6 3
7 2
7 0
7 3
7 6
8 0
8 4
8 2
8 6
9 0
9 4
9 6
9 2
10 1
10 0
10 6
10 4
11 7
11 6
11 9
11 2
12 6
12 0
12 5
12 8
13 12
13 3
13 9
13 4
14 6
14 2
14 13
14 1
15 0
15 10
15 4
15 3
16 0
16 3
16 15
16 7
17 5
17 4
17 2
17 0
18 9
18 3
18 7
18 8
19 5
19 9
19 12
19 2
20 9
20 16
20 1
20 4
21 15
21 2
21 6
21 18
22 1
22 10
22 3
22 19
23 18
23 2
23 1
23 21
24 6
24 10
24 8
24 9
25 18
25 12
25 8
25 13
26 24
26 1
26 7
26 4
27 16
27 3
27 0
27 15
28 0
28 9
28 16
28 25
29 4
29 14
29 13
29 15
30 0
30 10
30 6
30 17
31 17
31 11
31 8
31 9
32 25
32 14
32 5
32 16
33 1
33 7
33 2
33 4
34 4
34 14
34 3
34 5
35 33
35 20
35 0
35 13
36 9
36 13
36 3
36 6
37 4
37 32
37 6
37 17
38 3
38 23
38 32
38 6
39 21
39 27
39 31
39 4
40 12
40 37
40 3
40 1
41 19
41 9
41 8
41 24
42 4
42 36
42 38
42 20
43 11
43 15
43 39
43 7
44 39
44 20
44 7
44 5
45 23
45 28
45 6
45 0
46 3
46 25
46 32
46 1
47 28
47 18
47 17
47 23
48 9
48 37
48 2
48 7
49 18
49 1
49 10
49 45
50 6
50 3
50 0
50 4
51 6
51 3
51 9
51 33
52 9
52 48
52 47
52 51
53 22
53 8
53 48
53 25
54 9
54 13
54 33
54 1
55 10
55 36
55 1
55 33
56 32
56 9
56 33
56 22
57 12
57 22
57 15
57 32
58 39
58 53
58 19
58 23
59 49
59 54
59 53
59 58
60 53
60 2
60 4
60 45
61 2
61 36
61 8
61 41
62 42
62 9
62 18
62 12
63 46
63 0
63 2
63 49
64 2
64 1
64 9
64 52
65 33
65 17
65 6
65 4
66 53
66 65
66 29
66 12
67 6
67 10
67 49
67 19
68 3
68 14
68 26
68 7
69 66
69 40
69 53
69 17
70 42
70 60
70 9
70 48
71 25
71 19
71 55
71 2
72 49
72 64
72 2
72 54
73 2
73 51
73 6
73 53
74 0
74 32
74 42
74 52
75 40
75 29
75 48
75 68
76 9
76 71
76 2
76 61
77 32
77 48
77 52
77 2
78 17
78 51
78 22
78 6
79 8
79 0
79 1
79 11
80 76
80 9
80 7
80 3
81 34
81 37
81 25
81 7
82 7
82 47
82 58
82 36
83 70
83 1
83 12
83 49
84 63
84 41
84 45
84 76
85 0
85 7
85 39
85 1
86 9
86 49
86 5
86 18
87 42
87 40
87 3
87 32
88 33
88 51
88 22
88 49
89 12
89 72
89 16
89 81
90 21
90 46
90 41
90 45
91 25
91 0
91 53
91 84
92 60
92 46
92 21
92 86
93 7
93 34
93 33
93 14
94 65
94 86
94 2
94 62
95 13
95 0
95 3
95 10
96 34
96 57
96 12
96 61
97 52
97 87
97 12
97 6
98 77
98 4
98 2
98 64
99 71
99 20
99 0
99 4
0 0 1 0 0 0 1 1 0 1 0 0 0 0 1 0 0 1 0 1 0 0 0 1 1 0 1 0 0 0 0 0 0 0 1 1 1 0 1 0 0 0 0 0 0 1 0 1 1 1 0 0 0 0 1 0 0 1 0 1 0 1 0 1 0 1 0 1 0 1 1 0 0 0 1 1 1 1 1 1 1 0 0 0 0 1 1 1 1 1 1 0 1 1 1 0 0 1 0 0
0 0 0 0 1 1 0 0 0 1 1 1 0 0 1 1 1 0 1 1 0 0 0 1 1 0 0 0 1 1 0 0 0 0 0 1 1 1 1 0 1 1 1 0 0 0 0 0 0 1 0 1 0 0 0 0 1 0 1 1 1 0 1 0 1 1 1 1 0 1 1 1 1 0 0 0 1 1 1 1 1 0 1 0 1 1 0 0 1 0 0 1 1 0 0 1 1 0 1 1
1 0 0 0 1 0 1 1 1 0 1 1 0 1 0 0 1 0 0 0 0 0 1 1 0 0 1 0 0 0 1 1 0 0 1 1 1 1 0 0 1 1 0 0 1 0 0 0 1 1 1 1 1 0 0 1 1 1 0 0 1 0 0 0 0 1 1 1 1 0 1 0 1 0 0 1 1 1 1 1 0 1 0 1 1 0 0 1 0 0 1 1 0 0 0 1 1 1 1 1
1 1 1 0 1 0 0 1 0 1 1 1 0 1 0 1 0 1 0 0 1 0 1 1 1 1 1 1 0 1 1 1 0 0 1 0 1 1 1 0 0 0 1 1 1 1 1 0 0 0 1 0 0 1 0 0 0 0 0 1 0 0 1 1 1 1 1 0 0 1 1 1 0 0 0 1 0 1 0 0 0 1 0 1 1 1 0 0 0 1 0 1 0 1 0 0 0 0 0 1
0 0 1 1 0 1 0 1 1 1 1 1 1 1 1 0 1 0 1 1 0 0 1 0 1 0 0 1 1 1 1 0 1 0 0 1 0 1 1 1 0 0 0 0 0 1 0 0 0 0 1 0 0 0 1 0 1 0 0 1 0 0 1 1 1 1 1 0 1 0 0 0 0 0 0 0 0 1 0 0 1 0 0 1 0 0 0 0 1 0 0 0 1 0 0 1 0 0 0 1