100 390 5
0 1
0 2
1 2
0 3
1 3
2 3
0 4
1 4
2 4
3 4
4 5
0 5
3 5
1 5
5 6
0 6
1 6
3 6
3 7
2 7
5 7
1 7
2 8
1 8
7 8
3 8
0 9
5 9
6 9
2 9
2 10
5 10
3 10
1 10
0 11
2 11
5 11
6 11
9 12
5 12
6 12
0 12
2 13
6 13
10 13
5 13
6 14
10 14
12 14
4 14
1 15
10 15
14 15
6 15
1 16
3 16
6 16
4 16
6 17
11 17
9 17
4 17
11 18
10 18
1 18
0 18
5 19
6 19
0 19
3 19
1 20
11 20
0 20
6 20
19 21
10 21
9 21
11 21
1 22
2 22
0 22
8 22
9 23
2 23
17 23
0 23
19 24
11 24
1 24
0 24
0 25
20 25
9 25
21 25
19 26
1 26
0 26
14 26
6 27
4 27
24 27
10 27
13 28
21 28
20 28
1 28
21 29
28 29
0 29
25 29
11 30
10 30
25 30
0 30
22 31
26 31
18 31
11 31
19 32
22 32
6 32
18 32
10 33
12 33
0 33
6 33
3 34
20 34
30 34
21 34
2 35
24 35
34 35
12 35
11 36
0 36
24 36
1 36
18 37
6 37
33 37
3 37
5 38
6 38
9 38
2 38
20 39
36 39
1 39
13 39
6 40
11 40
3 40
0 40
33 41
2 41
11 41
5 41
15 42
6 42
4 42
1 42
31 43
38 43
14 43
36 43
28 44
4 44
27 44
21 44
4 45
43 45
41 45
30 45
25 46
20 46
41 46
29 46
37 47
26 47
41 47
15 47
17 48
42 48
44 48
15 48
1 49
0 49
14 49
2 49
19 50
0 50
38 50
44 50
6 51
14 51
35 51
5 51
43 52
0 52
5 52
6 52
50 53
28 53
47 53
12 53
45 54
13 54
2 54
38 54
51 55
11 55
0 55
4 55
3 56
0 56
2 56
12 56
6 57
14 57
52 57
23 57
9 58
54 58
1 58
21 58
10 59
29 59
21 59
40 59
33 60
51 60
5 60
36 60
26 61
3 61
34 61
10 61
20 62
36 62
26 62
1 62
14 63
7 63
20 63
29 63
51 64
44 64
60 64
19 64
29 65
19 65
3 65
6 65
25 66
10 66
3 66
31 66
21 67
57 67
0 67
20 67
19 68
36 68
38 68
20 68
54 69
2 69
37 69
7 69
18 70
0 70
13 70
20 70
70 71
6 71
37 71
4 71
21 72
12 72
1 72
3 72
3 73
15 73
24 73
7 73
38 74
58 74
6 74
67 74
21 75
26 75
8 75
37 75
2 76
63 76
13 76
43 76
33 77
6 77
9 77
2 77
9 78
23 78
40 78
6 78
0 79
13 79
6 79
2 79
46 80
15 80
0 80
1 80
52 81
24 81
67 81
63 81
1 82
21 82
65 82
2 82
45 83
28 83
76 83
0 83
34 84
67 84
8 84
21 84
14 85
20 85
0 85
81 85
76 86
36 86
67 86
41 86
0 87
45 87
52 87
59 87
15 88
8 88
0 88
53 88
59 89
19 89
29 89
2 89
73 90
14 90
1 90
3 90
59 91
2 91
56 91
14 91
7 92
4 92
50 92
6 92
33 93
0 93
14 93
11 93
51 94
11 94
4 94
10 94
4 95
36 95
10 95
3 95
42 96
86 96
25 96
66 96
72 97
48 97
45 97
5 97
1 98
41 98
13 98
7 98
39 99
1 99
72 99
17 99
1 0 1 0 1 1 0 1 1 1 0 1 1 0 1 0 0 1 1 1 1 1 1 1 0 1 1 0 1 0 0 0 1 0 1 1 1 0 1 1 0 1 1 0 1 0 1 1 1 0 0 1 1 1 1 1 1 1 1 1 1 1 0 1 0 1 1 1 0 1 0 0 0 1 0 1 0 0 0 0 0 1 1 1 0 0 0 0 0 1 1 0 1 1 1 0 0 0 1 0
0 1 0 0 0 1 1 1 0 0 0 1 1 0 1 0 0 1 0 1 0 0 1 0 0 0 0 1 1 1 0 0 1 0 1 0 1 0 1 1 1 1 0 1 1 0 0 0 0 0 1 0 0 0 0 1 1 0 1 0 1 1 1 0 0 1 0 1 1 1 1 0 0 1 1 1 0 1 0 1 0 0 0 0 0 0 1 0 1 1 1 0 1 1 1 1 1 1 1 1
0 1 0 1 1 1 1 0 1 1 0 0 1 1 0 1 1 0 0 0 0 1 0 0 1 1 0 0 1 0 0 1 1 1 0 1 0 0 0 1 0 0 1 1 1 0 1 0 1 1 1 1 0 0 0 0 1 0 1 1 1 1 0 1 0 1 0 1 0 0 1 1 0 0 0 1 1 0 1 1 1 1 1 0 1 0 0 1 1 0 0 1 0 1 1 1 0 0 1 0
1 0 0 1 0 1 1 1 1 1 1 1 0 0 0 1 0 0 1 0 1 0 1 1 1 0 0 1 0 1 0 1 0 1 1 1 0 1 0 0 0 0 1 0 1 0 0 1 0 0 1 0 0 0 0 1 0 1 1 1 1 1 1 1 0 1 1 1 1 1 0 1 1 0 1 1 0 1 0 0 0 1 1 0 1 0 1 1 1 1 1 1 0 0 0 0 1 1 1 0
0 1 0 1 0 0 0 0 0 0 0 0 0 1 0 0 0 1 0 0 0 1 1 0 0 0 1 1 0 0 0 1 1 0 1 0 0 1 0 1 0 1 1 1 1 1 1 1 1 1 0 0 1 1 0 1 0 0 0 0 0 0 1 1 0 1 1 0 1 0 1 1 1 1 1 0 0 0 1 1 1 0 1 0 0 1 1 1 0 1 1 0 1 1 0 1 0 1 0 0