250 1980 5
0 1
0 2
1 2
0 3
1 3
2 3
0 4
1 4
2 4
3 4
1 5
2 5
4 5
3 5
1 6
0 6
4 6
3 6
1 7
6 7
4 7
5 7
2 8
1 8
6 8
3 8
6 9
1 9
0 9
2 9
2 10
5 10
9 10
1 10
8 11
0 11
7 11
9 11
0 12
4 12
3 12
6 12
12 13
1 13
7 13
9 13
6 14
1 14
2 14
10 14
8 15
4 15
5 15
3 15
12 16
6 16
8 16
0 16
16 17
9 17
1 17
5 17
11 18
1 18
9 18
4 18
18 19
13 19
9 19
4 19
8 20
19 20
2 20
7 20
19 21
14 21
3 21
1 21
18 22
10 22
3 22
16 22
2 23
11 23
3 23
12 23
22 24
4 24
11 24
0 24
6 25
10 25
2 25
3 25
20 26
6 26
24 26
2 26
0 27
11 27
19 27
20 27
18 28
20 28
2 28
1 28
1 29
3 29
2 29
15 29
12 30
19 30
22 30
20 30
17 31
15 31
0 31
8 31
10 32
8 32
31 32
11 32
5 33
2 33
18 33
12 33
3 34
9 34
17 34
33 34
22 35
11 35
21 35
15 35
13 36
2 36
12 36
26 36
22 37
2 37
8 37
1 37
8 38
30 38
22 38
1 38
24 39
36 39
22 39
8 39
10 40
16 40
3 40
35 40
1 41
10 41
4 41
33 41
4 42
29 42
10 42
12 42
24 43
22 43
4 43
1 43
2 44
27 44
16 44
21 44
12 45
15 45
0 45
43 45
35 46
29 46
27 46
23 46
2 47
30 47
40 47
1 47
4 48
19 48
46 48
38 48
17 49
2 49
24 49
18 49
1 50
9 50
33 50
19 50
24 51
2 51
7 51
12 51
12 52
8 52
10 52
18 52
50 53
12 53
7 53
20 53
39 54
2 54
3 54
12 54
10 55
1 55
11 55
23 55
39 56
16 56
40 56
50 56
18 57
11 57
13 57
7 57
23 58
2 58
4 58
39 58
44 59
26 59
55 59
1 59
45 60
5 60
0 60
1 60
19 61
48 61
32 61
58 61
51 62
40 62
13 62
9 62
10 63
47 63
54 63
4 63
4 64
8 64
27 64
53 64
15 65
26 65
20 65
1 65
52 66
12 66
56 66
26 66
28 67
1 67
27 67
18 67
37 68
20 68
58 68
19 68
2 69
37 69
29 69
10 69
64 70
2 70
5 70
11 70
59 71
11 71
26 71
27 71
52 72
60 72
1 72
27 72
39 73
9 73
1 73
25 73
58 74
45 74
24 74
8 74
46 75
2 75
18 75
40 75
19 76
57 76
70 76
64 76
3 77
0 77
23 77
38 77
76 78
21 78
3 78
60 78
38 79
16 79
12 79
13 79
15 80
26 80
48 80
20 80
77 81
22 81
9 81
39 81
1 82
10 82
3 82
31 82
61 83
22 83
60 83
13 83
37 84
19 84
22 84
42 84
81 85
43 85
5 85
65 85
60 86
49 86
1 86
15 86
11 87
56 87
28 87
42 87
37 88
34 88
62 88
11 88
4 89
6 89
63 89
67 89
7 90
86 90
13 90
54 90
74 91
12 91
89 91
21 91
8 92
14 92
77 92
81 92
86 93
40 93
2 93
10 93
70 94
48 94
41 94
40 94
0 95
19 95
4 95
50 95
54 96
61 96
22 96
10 96
9 97
2 97
31 97
13 97
47 98
4 98
67 98
26 98
63 99
68 99
0 99
1 99
18 100
73 100
79 100
74 100
96 101
90 101
33 101
22 101
10 102
12 102
9 102
6 102
16 103
90 103
27 103
99 103
45 104
92 104
8 104
36 104
82 105
65 105
77 105
47 105
2 106
100 106
28 106
13 106
82 107
16 107
2 107
57 107
2 108
60 108
12 108
27 108
103 109
2 109
58 109
3 109
4 110
81 110
61 110
79 110
104 111
20 111
98 111
77 111
93 112
83 112
52 112
81 112
13 113
33 113
25 113
99 113
35 114
90 114
25 114
28 114
11 115
2 115
62 115
69 115
19 116
30 116
83 116
8 116
9 117
22 117
40 117
45 117
2 118
12 118
22 118
41 118
11 119
40 119
4 119
8 119
37 120
75 120
15 120
9 120
23 121
65 121
7 121
98 121
22 122
7 122
57 122
48 122
4 123
36 123
81 123
6 123
20 124
101 124
96 124
0 124
58 125
1 125
101 125
22 125
64 126
27 126
88 126
91 126
17 127
106 127
96 127
109 127
24 128
72 128
18 128
94 128
69 129
4 129
78 129
38 129
8 130
9 130
114 130
60 130
37 131
63 131
108 131
2 131
40 132
67 132
22 132
118 132
23 133
24 133
9 133
93 133
117 134
35 134
68 134
52 134
17 135
67 135
10 135
9 135
33 136
4 136
133 136
52 136
4 137
74 137
18 137
16 137
18 138
69 138
98 138
53 138
8 139
50 139
2 139
0 139
105 140
40 140
27 140
130 140
124 141
4 141
133 141
93 141
132 142
47 142
8 142
106 142
50 143
23 143
136 143
2 143
86 144
111 144
16 144
51 144
137 145
20 145
48 145
33 145
3 146
40 146
63 146
12 146
79 147
11 147
59 147
8 147
72 148
51 148
18 148
20 148
7 149
2 149
23 149
4 149
85 150
100 150
11 150
117 150
14 151
59 151
136 151
40 151
27 152
77 152
139 152
88 152
12 153
71 153
19 153
22 153
16 154
23 154
37 154
18 154
13 155
141 155
19 155
32 155
78 156
155 156
84 156
136 156
47 157
32 157
143 157
128 157
27 158
11 158
17 158
90 158
101 159
0 159
4 159
67 159
61 160
129 160
87 160
36 160
64 161
0 161
26 161
40 161
7 162
109 162
67 162
4 162
7 163
3 163
6 163
127 163
158 164
103 164
4 164
157 164
50 165
54 165
37 165
5 165
4 166
57 166
38 166
63 166
1 167
12 167
98 167
69 167
7 168
11 168
2 168
84 168
94 169
118 169
42 169
93 169
72 170
11 170
2 170
7 170
99 171
47 171
94 171
144 171
0 172
110 172
7 172
27 172
7 173
129 173
114 173
12 173
165 174
160 174
17 174
4 174
69 175
141 175
20 175
90 175
174 176
87 176
86 176
162 176
122 177
9 177
119 177
3 177
7 178
170 178
58 178
36 178
59 179
105 179
71 179
16 179
138 180
19 180
107 180
3 180
21 181
131 181
0 181
120 181
27 182
7 182
137 182
36 182
1 183
175 183
14 183
43 183
41 184
14 184
16 184
166 184
118 185
46 185
73 185
125 185
24 186
109 186
133 186
19 186
67 187
84 187
141 187
0 187
49 188
155 188
2 188
7 188
8 189
16 189
4 189
157 189
151 190
160 190
169 190
156 190
26 191
109 191
16 191
2 191
47 192
138 192
24 192
106 192
104 193
28 193
20 193
34 193
51 194
7 194
50 194
52 194
84 195
165 195
188 195
16 195
0 196
10 196
46 196
2 196
46 197
58 197
70 197
22 197
5 198
67 198
105 198
115 198
4 199
19 199
24 199
134 199
70 200
13 200
0 200
163 200
11 201
91 201
3 201
55 201
85 202
143 202
41 202
138 202
8 203
115 203
133 203
45 203
111 204
46 204
1 204
167 204
47 205
1 205
130 205
159 205
2 206
5 206
3 206
0 206
62 207
129 207
16 207
185 207
24 208
138 208
206 208
4 208
116 209
192 209
2 209
140 209
1 210
53 210
30 210
52 210
160 211
93 211
30 211
24 211
208 212
24 212
47 212
109 212
4 213
2 213
65 213
19 213
65 214
205 214
3 214
149 214
16 215
137 215
47 215
15 215
12 216
162 216
59 216
0 216
1 217
0 217
53 217
13 217
54 218
118 218
133 218
63 218
202 219
177 219
8 219
51 219
151 220
40 220
2 220
90 220
185 221
112 221
175 221
153 221
133 222
215 222
216 222
59 222
204 223
149 223
4 223
2 223
180 224
165 224
95 224
215 224
187 225
4 225
132 225
206 225
6 226
12 226
117 226
195 226
19 227
73 227
8 227
45 227
129 228
9 228
55 228
161 228
188 229
74 229
125 229
11 229
50 230
51 230
131 230
219 230
8 231
109 231
5 231
4 231
60 232
42 232
57 232
50 232
6 233
162 233
205 233
70 233
0 234
28 234
27 234
7 234
8 235
40 235
33 235
130 235
127 236
6 236
25 236
5 236
167 237
84 237
137 237
165 237
26 238
174 238
131 238
6 238
43 239
75 239
101 239
86 239
37 240
4 240
166 240
232 240
42 241
11 241
120 241
12 241
27 242
19 242
134 242
171 242
59 243
33 243
178 243
37 243
216 244
99 244
195 244
212 244
25 245
4 245
34 245
191 245
19 246
9 246
7 246
74 246
52 247
107 247
190 247
42 247
137 248
117 248
9 248
134 248
50 249
60 249
11 249
138 249
1 0
2 0
2 1
3 0
3 1
3 2
4 0
4 1
4 2
4 3
5 1
5 2
5 4
5 3
6 1
6 0
6 4
6 3
7 1
7 6
7 4
7 5
8 2
8 1
8 6
8 3
9 6
9 1
9 0
9 2
10 2
10 5
10 9
10 1
11 8
11 0
11 7
11 9
12 0
12 4
12 3
12 6
13 12
13 1
13 7
13 9
14 6
14 1
14 2
14 10
15 8
15 4
15 5
15 3
16 12
16 6
16 8
16 0
17 16
17 9
17 1
17 5
18 11
18 1
18 9
18 4
19 18
19 13
19 9
19 4
20 8
20 19
20 2
20 7
21 19
21 14
21 3
21 1
22 18
22 10
22 3
22 16
23 2
23 11
23 3
23 12
24 22
24 4
24 11
24 0
25 6
25 10
25 2
25 3
26 20
26 6
26 24
26 2
27 0
27 11
27 19
27 20
28 18
28 20
28 2
28 1
29 1
29 3
29 2
29 15
30 12
30 19
30 22
30 20
31 17
31 15
31 0
31 8
32 10
32 8
32 31
32 11
33 5
33 2
33 18
33 12
34 3
34 9
34 17
34 33
35 22
35 11
35 21
35 15
36 13
36 2
36 12
36 26
37 22
37 2
37 8
37 1
38 8
38 30
38 22
38 1
39 24
39 36
39 22
39 8
40 10
40 16
40 3
40 35
41 1
41 10
41 4
41 33
42 4
42 29
42 10
42 12
43 24
43 22
43 4
43 1
44 2
44 27
44 16
44 21
45 12
45 15
45 0
45 43
46 35
46 29
46 27
46 23
47 2
47 30
47 40
47 1
48 4
48 19
48 46
48 38
49 17
49 2
49 24
49 18
50 1
50 9
50 33
50 19
51 24
51 2
51 7
51 12
52 12
52 8
52 10
52 18
53 50
53 12
53 7
53 20
54 39
54 2
54 3
54 12
55 10
55 1
55 11
55 23
56 39
56 16
56 40
56 50
57 18
57 11
57 13
57 7
58 23
58 2
58 4
58 39
59 44
59 26
59 55
59 1
60 45
60 5
60 0
60 1
61 19
61 48
61 32
61 58
62 51
62 40
62 13
62 9
63 10
63 47
63 54
63 4
64 4
64 8
64 27
64 53
65 15
65 26
65 20
65 1
66 52
66 12
66 56
66 26
67 28
67 1
67 27
67 18
68 37
68 20
68 58
68 19
69 2
69 37
69 29
69 10
70 64
70 2
70 5
70 11
71 59
71 11
71 26
71 27
72 52
72 60
72 1
72 27
73 39
73 9
73 1
73 25
74 58
74 45
74 24
74 8
75 46
75 2
75 18
75 40
76 19
76 57
76 70
76 64
77 3
77 0
77 23
77 38
78 76
78 21
78 3
78 60
79 38
79 16
79 12
79 13
80 15
80 26
80 48
80 20
81 77
81 22
81 9
81 39
82 1
82 10
82 3
82 31
83 61
83 22
83 60
83 13
84 37
84 19
84 22
84 42
85 81
85 43
85 5
85 65
86 60
86 49
86 1
86 15
87 11
87 56
87 28
87 42
88 37
88 34
88 62
88 11
89 4
89 6
89 63
89 67
90 7
90 86
90 13
90 54
91 74
91 12
91 89
91 21
92 8
92 14
92 77
92 81
93 86
93 40
93 2
93 10
94 70
94 48
94 41
94 40
95 0
95 19
95 4
95 50
96 54
96 61
96 22
96 10
97 9
97 2
97 31
97 13
98 47
98 4
98 67
98 26
99 63
99 68
99 0
99 1
100 18
100 73
100 79
100 74
101 96
101 90
101 33
101 22
102 10
102 12
102 9
102 6
103 16
103 90
103 27
103 99
104 45
104 92
104 8
104 36
105 82
105 65
105 77
105 47
106 2
106 100
106 28
106 13
107 82
107 16
107 2
107 57
108 2
108 60
108 12
108 27
109 103
109 2
109 58
109 3
110 4
110 81
110 61
110 79
111 104
111 20
111 98
111 77
112 93
112 83
112 52
112 81
113 13
113 33
113 25
113 99
114 35
114 90
114 25
114 28
115 11
115 2
115 62
115 69
116 19
116 30
116 83
116 8
117 9
117 22
117 40
117 45
118 2
118 12
118 22
118 41
119 11
119 40
119 4
119 8
120 37
120 75
120 15
120 9
121 23
121 65
121 7
121 98
122 22
122 7
122 57
122 48
123 4
123 36
123 81
123 6
124 20
124 101
124 96
124 0
125 58
125 1
125 101
125 22
126 64
126 27
126 88
126 91
127 17
127 106
127 96
127 109
128 24
128 72
128 18
128 94
129 69
129 4
129 78
129 38
130 8
130 9
130 114
130 60
131 37
131 63
131 108
131 2
132 40
132 67
132 22
132 118
133 23
133 24
133 9
133 93
134 117
134 35
134 68
134 52
135 17
135 67
135 10
135 9
136 33
136 4
136 133
136 52
137 4
137 74
137 18
137 16
138 18
138 69
138 98
138 53
139 8
139 50
139 2
139 0
140 105
140 40
140 27
140 130
141 124
141 4
141 133
141 93
142 132
142 47
142 8
142 106
143 50
143 23
143 136
143 2
144 86
144 111
144 16
144 51
145 137
145 20
145 48
145 33
146 3
146 40
146 63
146 12
147 79
147 11
147 59
147 8
148 72
148 51
148 18
148 20
149 7
149 2
149 23
149 4
150 85
150 100
150 11
150 117
151 14
151 59
151 136
151 40
152 27
152 77
152 139
152 88
153 12
153 71
153 19
153 22
154 16
154 23
154 37
154 18
155 13
155 141
155 19
155 32
156 78
156 155
156 84
156 136
157 47
157 32
157 143
157 128
158 27
158 11
158 17
158 90
159 101
159 0
159 4
159 67
160 61
160 129
160 87
160 36
161 64
161 0
161 26
161 40
162 7
162 109
162 67
162 4
163 7
163 3
163 6
163 127
164 158
164 103
164 4
164 157
165 50
165 54
165 37
165 5
166 4
166 57
166 38
166 63
167 1
167 12
167 98
167 69
168 7
168 11
168 2
168 84
169 94
169 118
169 42
169 93
170 72
170 11
170 2
170 7
171 99
171 47
171 94
171 144
172 0
172 110
172 7
172 27
173 7
173 129
173 114
173 12
174 165
174 160
174 17
174 4
175 69
175 141
175 20
175 90
176 174
176 87
176 86
176 162
177 122
177 9
177 119
177 3
178 7
178 170
178 58
178 36
179 59
179 105
179 71
179 16
180 138
180 19
180 107
180 3
181 21
181 131
181 0
181 120
182 27
182 7
182 137
182 36
183 1
183 175
183 14
183 43
184 41
184 14
184 16
184 166
185 118
185 46
185 73
185 125
186 24
186 109
186 133
186 19
187 67
187 84
187 141
187 0
188 49
188 155
188 2
188 7
189 8
189 16
189 4
189 157
190 151
190 160
190 169
190 156
191 26
191 109
191 16
191 2
192 47
192 138
192 24
192 106
193 104
193 28
193 20
193 34
194 51
194 7
194 50
194 52
195 84
195 165
195 188
195 16
196 0
196 10
196 46
196 2
197 46
197 58
197 70
197 22
198 5
198 67
198 105
198 115
199 4
199 19
199 24
199 134
200 70
200 13
200 0
200 163
201 11
201 91
201 3
201 55
202 85
202 143
202 41
202 138
203 8
203 115
203 133
203 45
204 111
204 46
204 1
204 167
205 47
205 1
205 130
205 159
206 2
206 5
206 3
206 0
207 62
207 129
207 16
207 185
208 24
208 138
208 206
208 4
209 116
209 192
209 2
209 140
210 1
210 53
210 30
210 52
211 160
211 93
211 30
211 24
212 208
212 24
212 47
212 109
213 4
213 2
213 65
213 19
214 65
214 205
214 3
214 149
215 16
215 137
215 47
215 15
216 12
216 162
216 59
216 0
217 1
217 0
217 53
217 13
218 54
218 118
218 133
218 63
219 202
219 177
219 8
219 51
220 151
220 40
220 2
220 90
221 185
221 112
221 175
221 153
222 133
222 215
222 216
222 59
223 204
223 149
223 4
223 2
224 180
224 165
224 95
224 215
225 187
225 4
225 132
225 206
226 6
226 12
226 117
226 195
227 19
227 73
227 8
227 45
228 129
228 9
228 55
228 161
229 188
229 74
229 125
229 11
230 50
230 51
230 131
230 219
231 8
231 109
231 5
231 4
232 60
232 42
232 57
232 50
233 6
233 162
233 205
233 70
234 0
234 28
234 27
234 7
235 8
235 40
235 33
235 130
236 127
236 6
236 25
236 5
237 167
237 84
237 137
237 165
238 26
238 174
238 131
238 6
239 43
239 75
239 101
239 86
240 37
240 4
240 166
240 232
241 42
241 11
241 120
241 12
242 27
242 19
242 134
242 171
243 59
243 33
243 178
243 37
244 216
244 99
244 195
244 212
245 25
245 4
245 34
245 191
246 19
246 9
246 7
246 74
247 52
247 107
247 190
247 42
248 137
248 117
248 9
248 134
249 50
249 60
249 11
249 138
0 1 1 0 1 0 1 1 0 1 1 1 1 0 1 0 0 0 0 0 1 1 0 1 1 1 0 0 0 0 0 0 0 0 0 1 1 0 0 0 0 1 1 1 1 1 1 1 1 0 1 1 0 1 0 0 1 1 0 0 0 1 1 0 1 0 1 1 1 0 0 1 0 1 1 0 1 0 0 0 0 0 1 1 1 1 0 0 1 1 1 1 1 0 1 1 0 0 0 1 0 0 1 1 1 1 0 0 0 0 1 0 0 0 0 1 0 1 1 0 0 0 1 1 1 0 1 0 0 1 1 1 0 0 0 0 0 0 0 1 0 1 0 0 1 0 1 0 1 1 1 0 1 0 1 0 0 0 1 0 0 0 0 0 0 1 0 1 0 0 1 0 0 0 1 1 1 1 0 1 0 1 0 0 1 1 0 0 1 0 0 0 0 1 0 0 1 0 1 0 0 1 1 0 0 1 0 0 1 0 0 1 0 1 1 0 0 0 1 1 0 0 0 0 0 0 1 1 1 0 0 0 1 1 0 1 1 0 1 1 0 0 1 0 1 1 1 1 0 0
0 1 0 0 1 0 0 0 1 0 1 0 0 1 0 0 1 1 1 1 1 1 0 1 1 0 1 0 1 0 0 1 1 0 1 1 0 0 1 0 0 1 0 0 0 1 1 0 1 1 0 1 0 1 0 0 0 0 1 1 0 1 1 0 0 1 0 1 0 1 1 1 0 1 1 0 0 1 0 1 1 1 1 0 1 1 1 1 0 0 0 1 0 1 0 1 0 1 1 0 1 0 0 0 0 0 1 0 0 1 0 0 0 1 0 1 0 0 1 1 0 1 0 1 1 0 0 1 1 1 1 0 0 1 1 0 0 0 0 0 1 1 0 0 1 0 0 0 0 0 0 1 0 0 0 1 0 1 0 1 0 0 0 1 0 1 1 0 1 0 0 0 0 0 1 1 0 1 0 0 0 0 0 1 0 1 1 0 0 0 0 1 1 0 0 0 1 0 0 1 0 0 1 1 1 0 1 0 1 1 1 1 0 0 0 1 1 0 1 1 0 0 1 1 0 1 1 1 0 1 0 0 1 0 0 1 1 0 1 0 0 1 1 1 1 0 0 0 0 0
0 0 0 1 1 0 0 1 1 0 1 1 0 1 0 0 0 1 0 1 1 0 0 0 1 0 1 1 1 1 0 1 0 0 0 1 0 0 0 1 1 0 1 1 0 0 1 0 1 0 0 1 1 0 0 1 1 0 0 0 0 1 0 0 0 0 0 1 1 1 1 1 0 1 0 1 0 0 1 0 1 1 0 1 1 0 0 0 1 1 0 0 0 0 0 0 0 0 1 1 1 0 0 1 1 1 1 0 0 1 0 1 1 0 0 0 0 0 1 0 1 0 0 1 1 1 0 0 1 1 1 0 1 1 1 1 0 0 1 1 0 0 1 1 0 1 1 0 1 1 1 0 0 1 0 1 0 0 1 1 0 1 0 1 1 0 0 0 1 1 0 1 0 1 1 0 0 1 0 0 0 1 0 1 0 1 0 0 1 1 1 0 0 1 0 1 0 1 1 0 1 1 1 0 0 1 1 0 0 1 0 1 0 1 0 1 0 0 0 1 1 0 1 0 1 1 1 1 1 0 1 0 0 1 0 1 0 1 0 1 1 1 0 0 1 0 1 0 1 0
1 1 1 0 0 0 1 0 0 0 1 1 1 1 1 0 0 1 1 0 0 1 1 0 0 0 1 0 0 0 0 1 1 0 1 1 0 0 0 0 0 0 0 0 1 0 0 0 0 1 0 0 1 0 1 1 1 1 0 1 0 0 1 0 0 0 1 0 1 1 1 0 1 0 0 1 0 0 0 0 0 0 1 1 1 0 1 1 1 1 0 1 0 1 1 0 1 0 1 1 0 1 0 0 1 0 1 0 0 0 0 1 1 1 1 1 0 0 0 1 0 0 1 0 1 1 0 0 1 1 1 0 1 1 0 0 0 0 1 1 1 0 0 0 1 0 1 0 1 0 1 0 1 1 1 0 1 0 1 1 1 1 0 1 0 1 1 0 1 1 1 1 1 0 1 1 1 0 1 0 1 0 0 1 1 1 1 0 1 1 0 0 0 1 0 1 0 0 0 1 1 1 0 1 1 0 0 0 1 1 0 1 1 1 1 1 1 0 0 0 1 0 1 1 1 1 1 1 1 0 1 1 0 1 0 1 0 0 0 0 1 1 1 0 1 1 1 0 1 0
1 1 1 1 1 0 0 1 1 0 0 0 0 0 0 1 0 0 1 1 0 0 1 0 1 1 0 0 1 1 0 0 0 0 0 0 0 1 0 1 1 0 1 1 1 0 0 0 0 0 1 0 0 1 0 0 1 0 1 1 0 0 0 0 0 1 1 0 1 0 1 0 0 1 1 0 1 0 1 0 1 0 1 1 0 0 1 0 0 1 0 1 1 1 1 0 1 1 1 1 1 1 1 0 0 0 0 1 0 1 1 0 1 0 0 1 1 0 1 1 0 1 1 1 0 0 1 0 1 0 1 1 0 1 1 1 0 1 1 0 1 0 0 1 0 1 0 0 1 0 1 1 0 1 0 0 1 0 1 1 1 0 1 0 0 0 0 0 0 1 0 1 1 0 0 1 1 0 0 0 1 0 1 1 1 0 1 1 1 0 1 1 0 0 0 0 0 0 1 0 0 0 1 0 1 1 0 1 1 0 1 0 1 1 0 0 0 1 1 0 0 0 0 1 0 1 1 1 0 1 0 0 1 1 0 0 0 0 1 1 0 1 1 1 1 1 1 0 1 0