100 394 5
0 1
0 2
1 2
1 3
0 3
1 4
0 4
3 5
4 5
3 6
1 6
6 7
1 7
2 8
0 8
6 9
1 9
0 10
4 10
1 11
10 11
2 12
1 12
6 13
0 13
6 14
3 14
7 15
1 15
1 16
5 16
1 17
7 17
1 18
3 18
1 19
6 19
2 20
1 20
8 21
6 21
7 22
17 22
4 23
22 23
16 24
10 24
16 25
12 25
20 26
4 26
25 27
0 27
0 28
3 28
4 29
13 29
5 30
1 30
4 31
18 31
6 32
21 32
11 33
8 33
30 34
22 34
33 35
10 35
1 36
26 36
11 37
5 37
16 38
18 38
5 39
6 39
15 40
1 40
3 41
5 41
1 42
2 42
6 43
8 43
17 44
9 44
4 45
7 45
17 46
14 46
26 47
11 47
26 48
11 48
18 49
6 49
4 50
22 50
5 51
23 51
1 52
26 52
38 53
32 53
17 54
11 54
36 55
52 55
17 56
11 56
1 57
12 57
2 58
45 58
14 59
25 59
22 60
11 60
23 61
0 61
1 62
6 62
4 63
39 63
27 64
57 64
4 65
1 65
57 66
0 66
20 67
52 67
31 68
6 68
65 69
25 69
5 70
6 70
16 71
6 71
69 72
4 72
49 73
4 73
11 74
67 74
15 75
4 75
4 76
38 76
11 77
57 77
5 78
50 78
1 79
52 79
1 80
46 80
3 81
80 81
0 82
20 82
6 83
4 83
68 84
5 84
69 85
81 85
65 86
6 86
20 87
6 87
82 88
87 88
6 89
81 89
31 90
80 90
56 91
59 91
1 92
5 92
11 93
6 93
1 94
36 94
5 95
6 95
80 96
8 96
61 97
3 97
4 98
74 98
0 99
85 99
1 0
2 0
2 1
3 1
3 0
4 1
4 0
5 3
5 4
6 3
6 1
7 6
7 1
8 2
8 0
9 6
9 1
10 0
10 4
11 1
11 10
12 2
12 1
13 6
13 0
14 6
14 3
15 7
15 1
16 1
16 5
17 1
17 7
18 1
18 3
19 1
19 6
20 2
20 1
21 8
21 6
22 7
22 17
23 4
23 22
24 16
24 10
25 16
25 12
26 20
26 4
27 25
27 0
28 0
28 3
29 4
29 13
30 5
30 1
31 4
31 18
32 6
32 21
33 11
33 8
34 30
34 22
35 33
35 10
36 1
36 26
37 11
37 5
38 16
38 18
39 5
39 6
40 15
40 1
41 3
41 5
42 1
42 2
43 6
43 8
44 17
44 9
45 4
45 7
46 17
46 14
47 26
47 11
48 26
48 11
49 18
49 6
50 4
50 22
51 5
51 23
52 1
52 26
53 38
53 32
54 17
54 11
55 36
55 52
56 17
56 11
57 1
57 12
58 2
58 45
59 14
59 25
60 22
60 11
61 23
61 0
62 1
62 6
63 4
63 39
64 27
64 57
65 4
65 1
66 57
66 0
67 20
67 52
68 31
68 6
69 65
69 25
70 5
70 6
71 16
71 6
72 69
72 4
73 49
73 4
74 11
74 67
75 15
75 4
76 4
76 38
77 11
77 57
78 5
78 50
79 1
79 52
80 1
80 46
81 3
81 80
82 0
82 20
83 6
83 4
84 68
84 5
85 69
85 81
86 65
86 6
87 20
87 6
88 82
88 87
89 6
89 81
90 31
90 80
91 56
91 59
92 1
92 5
93 11
93 6
94 1
94 36
95 5
95 6
96 80
96 8
97 61
97 3
98 4
98 74
99 0
99 85
0 0 0 1 1 1 0 0 0 1 0 0 1 1 1 0 1 1 0 1 0 0 0 1 0 0 0 1 1 0 1 1 1 0 1 0 1 1 0 0 1 0 0 0 0 1 1 1 1 1 0 0 1 1 0 0 0 0 1 0 1 1 1 0 0 0 1 1 1 1 1 0 0 0 0 0 1 0 1 1 0 1 1 1 0 1 0 0 1 0 1 1 1 1 1 0 1 1 0 1
0 1 0 0 1 1 1 0 0 1 0 1 1 1 1 1 1 1 0 0 1 0 0 0 1 0 1 1 0 0 1 0 1 1 1 1 0 0 0 0 1 0 1 1 1 1 1 0 1 1 0 0 0 0 0 0 0 0 0 0 1 1 0 1 1 1 0 0 1 1 1 0 0 1 1 1 0 1 1 0 0 0 1 0 0 0 1 0 0 0 1 0 0 0 1 0 0 1 1 1
0 0 0 1 0 0 1 1 1 0 0 1 1 1 0 0 1 1 1 1 0 1 0 0 0 1 1 1 0 0 0 1 1 0 0 0 1 0 0 1 0 0 1 0 0 1 1 0 0 0 0 0 0 0 1 1 0 0 0 0 1 1 0 1 1 1 1 1 0 0 1 0 0 0 0 1 0 1 1 1 1 0 1 0 1 1 0 0 0 1 1 1 1 1 1 0 0 1 1 1
1 1 0 0 1 1 0 1 1 0 0 0 0 1 0 0 0 1 1 1 0 0 1 1 0 1 1 0 1 0 0 0 1 1 0 1 0 1 1 0 1 1 0 0 1 0 0 0 1 0 0 0 0 0 0 0 1 1 0 0 0 0 1 1 1 0 0 1 1 0 0 0 1 0 0 1 0 0 0 1 1 1 1 1 1 0 1 0 0 0 0 1 0 1 0 0 1 1 1 0
1 0 1 0 0 0 1 0 0 1 0 1 1 1 1 0 1 0 1 1 0 0 1 0 1 1 0 1 1 0 0 0 0 0 1 1 1 1 0 0 1 0 0 1 1 0 1 0 0 1 0 1 1 0 1 1 0 1 0 0 0 1 0 1 1 0 1 0 1 1 1 0 1 1 0 0 0 0 1 0 1 1 0 1 0 1 1 0 0 1 1 0 0 0 0 0 1 1 0 0