100 198 5
0 1
0 2
2 3
3 4
0 5
1 6
3 7
4 8
4 9
5 10
0 11
4 12
12 13
1 14
5 15
4 16
12 17
12 18
0 19
15 20
11 21
2 22
15 23
5 24
8 25
11 26
15 27
12 28
4 29
24 30
28 31
12 32
23 33
13 34
15 35
30 36
0 37
35 38
20 39
32 40
30 41
37 42
1 43
12 44
1 45
5 46
13 47
5 48
35 49
30 50
0 51
49 52
42 53
4 54
22 55
35 56
5 57
28 58
15 59
54 60
5 61
31 62
15 63
30 64
10 65
12 66
35 67
21 68
28 69
23 70
36 71
6 72
44 73
14 74
35 75
26 76
30 77
21 78
73 79
32 80
32 81
45 82
5 83
9 84
9 85
30 86
0 87
23 88
18 89
60 90
55 91
45 92
83 93
92 94
93 95
3 96
15 97
26 98
39 99
1 0
2 0
3 2
4 3
5 0
6 1
7 3
8 4
9 4
10 5
11 0
12 4
13 12
14 1
15 5
16 4
17 12
18 12
19 0
20 15
21 11
22 2
23 15
24 5
25 8
26 11
27 15
28 12
29 4
30 24
31 28
32 12
33 23
34 13
35 15
36 30
37 0
38 35
39 20
40 32
41 30
42 37
43 1
44 12
45 1
46 5
47 13
48 5
49 35
50 30
51 0
52 49
53 42
54 4
55 22
56 35
57 5
58 28
59 15
60 54
61 5
62 31
63 15
64 30
65 10
66 12
67 35
68 21
69 28
70 23
71 36
72 6
73 44
74 14
75 35
76 26
77 30
78 21
79 73
80 32
81 32
82 45
83 5
84 9
85 9
86 30
87 0
88 23
89 18
90 60
91 55
92 45
93 83
94 92
95 93
96 3
97 15
98 26
99 39
1 1 0 1 1 0 1 1 0 1 0 0 0 0 1 0 1 1 1 0 0 0 0 0 1 0 0 1 0 1 0 1 0 0 1 0 0 1 0 1 0 0 0 0 1 1 1 1 1 0 0 1 1 1 0 0 0 1 0 1 1 0 0 0 0 1 0 0 0 0 0 1 1 0 1 0 1 1 1 0 0 1 1 0 1 0 1 0 1 1 0 1 1 0 0 0 1 0 1 0
1 0 1 1 1 0 1 1 1 0 1 0 1 0 0 1 1 1 0 1 1 0 1 0 1 0 0 0 1 0 1 1 1 1 1 0 1 0 1 0 0 0 0 0 1 0 1 0 1 0 0 0 0 1 1 1 1 1 0 1 1 0 1 0 0 0 0 0 1 1 0 1 1 0 1 1 1 1 0 0 1 1 0 0 1 0 0 1 1 0 0 1 0 0 0 1 1 1 1 0
1 1 1 1 1 0 1 1 0 1 0 0 0 1 1 1 0 0 1 1 1 0 0 1 1 0 1 0 1 1 1 1 1 0 0 0 1 1 0 1 1 0 1 1 0 1 0 0 0 1 0 0 0 1 0 0 1 0 1 1 0 0 0 1 0 0 1 0 1 0 1 0 0 1 1 1 1 1 1 1 0 1 0 1 1 0 1 1 0 0 0 1 0 1 0 1 0 1 1 0
1 0 1 0 1 0 1 0 0 0 1 0 1 1 1 0 1 0 1 0 1 1 0 0 1 0 0 0 1 0 1 1 1 0 1 1 1 0 1 1 1 0 1 1 1 0 1 1 1 1 1 1 0 0 0 0 1 0 0 1 0 0 1 1 1 0 1 0 1 0 0 0 0 0 1 0 1 0 0 0 0 0 0 0 0 1 0 0 0 1 0 0 1 0 1 0 1 1 1 1
1 1 0 0 0 1 0 1 0 1 0 0 1 0 0 0 0 1 0 0 0 1 1 1 0 1 1 0 1 1 0 0 0 1 0 0 0 1 1 1 0 1 1 0 1 0 1 0 1 1 1 1 0 0 0 1 0 0 1 0 1 0 0 1 0 0 0 0 1 1 0 1 0 1 1 1 0 0 1 1 0 0 0 1 0 1 0 0 0 0 1 0 0 1 0 1 1 1 1 1