100 588 5
0 1
0 2
1 2
0 3
1 3
2 3
2 4
3 4
0 4
2 5
0 5
3 5
3 6
2 6
4 6
0 7
2 7
3 7
7 8
2 8
3 8
2 9
7 9
1 9
1 10
8 10
7 10
2 11
1 11
9 11
5 12
2 12
1 12
0 13
2 13
1 13
7 14
6 14
0 14
2 15
11 15
10 15
7 16
10 16
4 16
2 17
1 17
10 17
16 18
3 18
8 18
13 19
14 19
8 19
3 20
16 20
2 20
6 21
2 21
0 21
4 22
8 22
7 22
0 23
12 23
1 23
3 24
18 24
21 24
0 25
21 25
4 25
12 26
10 26
24 26
15 27
21 27
10 27
20 28
18 28
16 28
27 29
16 29
7 29
7 30
28 30
15 30
0 31
9 31
30 31
18 32
1 32
10 32
11 33
24 33
1 33
16 34
18 34
12 34
4 35
10 35
6 35
12 36
19 36
8 36
27 37
29 37
24 37
10 38
1 38
4 38
5 39
12 39
24 39
3 40
32 40
2 40
1 41
16 41
0 41
30 42
24 42
9 42
13 43
0 43
25 43
0 44
4 44
14 44
3 45
7 45
28 45
22 46
2 46
24 46
2 47
9 47
29 47
44 48
4 48
1 48
0 49
10 49
21 49
34 50
1 50
22 50
16 51
29 51
24 51
3 52
21 52
40 52
2 53
37 53
27 53
50 54
38 54
21 54
4 55
52 55
53 55
7 56
15 56
49 56
7 57
23 57
18 57
1 58
4 58
3 58
58 59
7 59
10 59
35 60
42 60
2 60
21 61
28 61
36 61
51 62
27 62
11 62
58 63
2 63
7 63
4 64
28 64
18 64
21 65
12 65
41 65
38 66
8 66
27 66
38 67
2 67
0 67
56 68
64 68
21 68
0 69
6 69
41 69
61 70
39 70
6 70
5 71
69 71
12 71
44 72
10 72
7 72
13 73
41 73
12 73
63 74
16 74
42 74
59 75
53 75
9 75
25 76
64 76
26 76
7 77
76 77
24 77
76 78
69 78
1 78
0 79
47 79
4 79
3 80
10 80
46 80
58 81
57 81
45 81
11 82
68 82
73 82
41 83
3 83
63 83
31 84
56 84
28 84
68 85
15 85
24 85
43 86
37 86
50 86
21 87
10 87
74 87
3 88
24 88
11 88
45 89
3 89
76 89
0 90
74 90
56 90
9 91
62 91
40 91
0 92
25 92
56 92
49 93
31 93
22 93
12 94
5 94
24 94
11 95
21 95
81 95
15 96
5 96
81 96
13 97
78 97
10 97
8 98
36 98
20 98
69 99
3 99
22 99
1 0
2 0
2 1
3 0
3 1
3 2
4 2
4 3
4 0
5 2
5 0
5 3
6 3
6 2
6 4
7 0
7 2
7 3
8 7
8 2
8 3
9 2
9 7
9 1
10 1
10 8
10 7
11 2
11 1
11 9
12 5
12 2
12 1
13 0
13 2
13 1
14 7
14 6
14 0
15 2
15 11
15 10
16 7
16 10
16 4
17 2
17 1
17 10
18 16
18 3
18 8
19 13
19 14
19 8
20 3
20 16
20 2
21 6
21 2
21 0
22 4
22 8
22 7
23 0
23 12
23 1
24 3
24 18
24 21
25 0
25 21
25 4
26 12
26 10
26 24
27 15
27 21
27 10
28 20
28 18
28 16
29 27
29 16
29 7
30 7
30 28
30 15
31 0
31 9
31 30
32 18
32 1
32 10
33 11
33 24
33 1
34 16
34 18
34 12
35 4
35 10
35 6
36 12
36 19
36 8
37 27
37 29
37 24
38 10
38 1
38 4
39 5
39 12
39 24
40 3
40 32
40 2
41 1
41 16
41 0
42 30
42 24
42 9
43 13
43 0
43 25
44 0
44 4
44 14
45 3
45 7
45 28
46 22
46 2
46 24
47 2
47 9
47 29
48 44
48 4
48 1
49 0
49 10
49 21
50 34
50 1
50 22
51 16
51 29
51 24
52 3
52 21
52 40
53 2
53 37
53 27
54 50
54 38
54 21
55 4
55 52
55 53
56 7
56 15
56 49
57 7
57 23
57 18
58 1
58 4
58 3
59 58
59 7
59 10
60 35
60 42
60 2
61 21
61 28
61 36
62 51
62 27
62 11
63 58
63 2
63 7
64 4
64 28
64 18
65 21
65 12
65 41
66 38
66 8
66 27
67 38
67 2
67 0
68 56
68 64
68 21
69 0
69 6
69 41
70 61
70 39
70 6
71 5
71 69
71 12
72 44
72 10
72 7
73 13
73 41
73 12
74 63
74 16
74 42
75 59
75 53
75 9
76 25
76 64
76 26
77 7
77 76
77 24
78 76
78 69
78 1
79 0
79 47
79 4
80 3
80 10
80 46
81 58
81 57
81 45
82 11
82 68
82 73
83 41
83 3
83 63
84 31
84 56
84 28
85 68
85 15
85 24
86 43
86 37
86 50
87 21
87 10
87 74
88 3
88 24
88 11
89 45
89 3
89 76
90 0
90 74
90 56
91 9
91 62
91 40
92 0
92 25
92 56
93 49
93 31
93 22
94 12
94 5
94 24
95 11
95 21
95 81
96 15
96 5
96 81
97 13
97 78
97 10
98 8
98 36
98 20
99 69
99 3
99 22
0 1 0 0 1 0 0 1 1 1 1 0 1 0 1 0 0 1 1 0 1 0 1 0 1 0 1 0 1 1 0 1 0 1 1 0 1 1 1 1 1 0 0 0 0 1 0 1 1 1 0 1 0 1 0 1 1 1 0 0 1 0 0 1 1 0 1 0 1 1 1 0 0 0 1 1 1 1 0 1 0 0 1 1 0 1 1 0 0 1 0 1 0 0 1 0 0 1 1 1
0 0 1 1 0 1 0 1 0 0 0 0 0 0 0 1 0 0 0 1 1 0 0 0 0 1 0 0 0 0 0 0 0 1 1 0 1 0 1 0 1 1 1 1 0 1 1 1 1 1 1 1 0 1 1 1 1 0 0 0 0 1 0 1 1 0 1 0 0 0 0 0 1 1 1 0 1 1 1 0 1 0 0 1 1 1 1 0 0 0 0 1 1 0 0 1 0 0 1 0
1 0 1 1 1 0 0 1 1 1 1 0 0 1 0 1 1 0 1 0 1 1 0 1 0 0 0 0 0 1 0 1 0 0 0 0 1 0 0 0 1 0 0 0 1 1 1 1 0 0 0 0 0 1 0 0 1 1 0 1 1 0 0 0 1 1 0 1 1 1 1 0 0 1 1 1 1 0 0 1 0 0 0 0 1 0 0 1 1 0 1 1 1 1 0 0 1 1 0 0
0 0 1 0 1 0 0 0 1 1 0 0 1 0 0 1 0 1 0 1 1 1 1 0 1 0 1 0 0 1 1 0 1 1 0 1 1 0 0 0 0 0 1 1 0 1 1 1 1 1 1 1 1 1 0 1 0 1 0 1 0 0 0 1 0 0 0 1 1 1 0 1 1 1 1 1 0 1 1 1 0 0 1 0 1 1 0 1 0 1 1 1 1 1 1 1 1 1 0 1
0 1 0 0 0 1 0 1 1 1 1 1 1 0 0 1 1 1 0 1 1 0 1 0 1 1 0 0 1 0 0 0 0 0 1 1 0 1 0 1 0 0 0 1 1 0 0 1 1 1 0 1 1 1 1 1 0 0 1 1 1 0 1 0 0 0 0 0 1 1 1 1 1 1 0 1 0 0 1 1 0 1 1 0 1 1 1 1 1 1 0 1 0 1 0 0 0 1 0 1