50 288 5
0 1
0 2
1 2
0 3
1 3
2 3
0 4
1 4
3 4
4 5
1 5
2 5
4 6
2 6
0 6
5 7
2 7
4 7
2 8
1 8
4 8
3 9
0 9
2 9
1 10
4 10
6 10
9 11
0 11
1 11
6 12
4 12
8 12
2 13
8 13
3 13
0 14
2 14
8 14
2 15
6 15
8 15
1 16
3 16
5 16
1 17
2 17
9 17
0 18
8 18
2 18
8 19
5 19
1 19
16 20
4 20
5 20
0 21
18 21
6 21
15 22
2 22
8 22
6 23
1 23
4 23
4 24
11 24
22 24
1 25
17 25
4 25
6 26
17 26
21 26
18 27
7 27
13 27
22 28
7 28
12 28
2 29
4 29
9 29
16 30
20 30
13 30
25 31
8 31
16 31
12 32
4 32
29 32
26 33
1 33
2 33
2 34
6 34
8 34
1 35
9 35
22 35
12 36
8 36
7 36
22 37
35 37
34 37
32 38
4 38
5 38
32 39
35 39
36 39
12 40
4 40
31 40
19 41
8 41
7 41
16 42
4 42
7 42
5 43
2 43
0 43
3 44
13 44
7 44
37 45
21 45
17 45
13 46
15 46
9 46
14 47
31 47
8 47
16 48
3 48
41 48
13 49
9 49
32 49
1 0
2 0
2 1
3 0
3 1
3 2
4 0
4 1
4 3
5 4
5 1
5 2
6 4
6 2
6 0
7 5
7 2
7 4
8 2
8 1
8 4
9 3
9 0
9 2
10 1
10 4
10 6
11 9
11 0
11 1
12 6
12 4
12 8
13 2
13 8
13 3
14 0
14 2
14 8
15 2
15 6
15 8
16 1
16 3
16 5
17 1
17 2
17 9
18 0
18 8
18 2
19 8
19 5
19 1
20 16
20 4
20 5
21 0
21 18
21 6
22 15
22 2
22 8
23 6
23 1
23 4
24 4
24 11
24 22
25 1
25 17
25 4
26 6
26 17
26 21
27 18
27 7
27 13
28 22
28 7
28 12
29 2
29 4
29 9
30 16
30 20
30 13
31 25
31 8
31 16
32 12
32 4
32 29
33 26
33 1
33 2
34 2
34 6
34 8
35 1
35 9
35 22
36 12
36 8
36 7
37 22
37 35
37 34
38 32
38 4
38 5
39 32
39 35
39 36
40 12
40 4
40 31
41 19
41 8
41 7
42 16
42 4
42 7
43 5
43 2
43 0
44 3
44 13
44 7
45 37
45 21
45 17
46 13
46 15
46 9
47 14
47 31
47 8
48 16
48 3
48 41
49 13
49 9
49 32
1 0 1 0 1 1 0 1 1 1 0 0 0 0 0 0 0 1 0 0 1 0 0 1 0 1 0 0 1 0 1 1 1 0 0 1 1 0 1 1 0 1 0 0 0 1 1 1 1 1
1 0 1 0 0 1 0 1 1 0 1 0 0 1 1 1 1 0 1 1 0 0 1 1 0 1 1 1 1 0 0 1 0 1 0 0 1 1 1 0 0 1 1 1 0 1 0 1 1 0
0 1 1 0 1 0 1 1 1 1 0 0 1 1 1 0 1 0 1 1 1 1 1 0 0 0 1 1 1 1 0 1 0 1 0 0 0 0 1 1 1 1 0 0 1 1 1 0 0 0
0 0 1 1 1 0 1 0 0 1 0 1 0 1 1 1 1 0 1 0 1 0 1 1 1 0 1 0 0 1 1 1 0 0 1 1 0 0 1 0 0 1 0 0 0 0 0 0 1 0
0 0 0 0 1 0 0 1 1 0 1 0 0 1 1 1 1 0 0 1 1 0 1 0 1 1 0 1 1 0 0 1 1 1 1 1 1 1 0 1 1 1 0 1 1 1 0 1 1 0