100 394 5
0 1
0 2
1 2
2 3
0 3
1 4
3 4
3 5
4 5
4 6
3 6
0 7
4 7
0 8
4 8
3 9
7 9
5 10
3 10
10 11
4 11
3 12
8 12
8 13
2 13
10 14
6 14
0 15
4 15
0 16
7 16
12 17
14 17
2 18
10 18
9 19
11 19
10 20
0 20
20 21
11 21
16 22
13 22
0 23
15 23
8 24
1 24
10 25
14 25
24 26
6 26
18 27
6 27
4 28
6 28
3 29
12 29
17 30
27 30
1 31
13 31
4 32
3 32
24 33
1 33
33 34
2 34
34 35
10 35
21 36
1 36
1 37
0 37
4 38
34 38
9 39
3 39
24 40
10 40
4 41
0 41
5 42
7 42
24 43
7 43
4 44
16 44
11 45
7 45
1 46
11 46
6 47
4 47
17 48
40 48
4 49
32 49
4 50
8 50
37 51
43 51
51 52
13 52
43 53
7 53
17 54
1 54
15 55
12 55
26 56
24 56
2 57
4 57
30 58
55 58
8 59
50 59
6 60
4 60
34 61
24 61
40 62
29 62
1 63
14 63
11 64
54 64
24 65
1 65
25 66
34 66
18 67
37 67
28 68
38 68
7 69
10 69
32 70
46 70
23 71
7 71
25 72
8 72
66 73
60 73
33 74
24 74
4 75
0 75
68 76
24 76
43 77
8 77
22 78
31 78
24 79
33 79
28 80
3 80
27 81
31 81
31 82
22 82
23 83
60 83
72 84
42 84
71 85
53 85
45 86
39 86
55 87
24 87
41 88
43 88
24 89
39 89
59 90
21 90
65 91
24 91
11 92
65 92
8 93
33 93
2 94
4 94
72 95
2 95
33 96
61 96
23 97
14 97
32 98
3 98
26 99
31 99
1 0
2 0
2 1
3 2
3 0
4 1
4 3
5 3
5 4
6 4
6 3
7 0
7 4
8 0
8 4
9 3
9 7
10 5
10 3
11 10
11 4
12 3
12 8
13 8
13 2
14 10
14 6
15 0
15 4
16 0
16 7
17 12
17 14
18 2
18 10
19 9
19 11
20 10
20 0
21 20
21 11
22 16
22 13
23 0
23 15
24 8
24 1
25 10
25 14
26 24
26 6
27 18
27 6
28 4
28 6
29 3
29 12
30 17
30 27
31 1
31 13
32 4
32 3
33 24
33 1
34 33
34 2
35 34
35 10
36 21
36 1
37 1
37 0
38 4
38 34
39 9
39 3
40 24
40 10
41 4
41 0
42 5
42 7
43 24
43 7
44 4
44 16
45 11
45 7
46 1
46 11
47 6
47 4
48 17
48 40
49 4
49 32
50 4
50 8
51 37
51 43
52 51
52 13
53 43
53 7
54 17
54 1
55 15
55 12
56 26
56 24
57 2
57 4
58 30
58 55
59 8
59 50
60 6
60 4
61 34
61 24
62 40
62 29
63 1
63 14
64 11
64 54
65 24
65 1
66 25
66 34
67 18
67 37
68 28
68 38
69 7
69 10
70 32
70 46
71 23
71 7
72 25
72 8
73 66
73 60
74 33
74 24
75 4
75 0
76 68
76 24
77 43
77 8
78 22
78 31
79 24
79 33
80 28
80 3
81 27
81 31
82 31
82 22
83 23
83 60
84 72
84 42
85 71
85 53
86 45
86 39
87 55
87 24
88 41
88 43
89 24
89 39
90 59
90 21
91 65
91 24
92 11
92 65
93 8
93 33
94 2
94 4
95 72
95 2
96 33
96 61
97 23
97 14
98 32
98 3
99 26
99 31
0 0 1 0 1 0 1 1 0 1 0 1 0 0 1 1 1 1 0 0 1 1 1 1 0 0 1 0 0 0 1 1 1 1 0 0 1 1 0 1 0 0 0 1 1 1 0 1 0 1 0 0 1 0 0 1 0 0 0 0 1 0 0 1 1 1 1 1 0 1 1 0 0 0 0 0 0 0 0 1 0 1 0 0 0 0 1 1 0 0 0 0 0 0 0 0 0 0 0 1
0 0 1 1 0 0 1 0 1 1 0 0 0 0 1 0 1 0 0 1 1 1 0 0 1 1 0 0 1 0 0 1 1 0 0 0 0 0 1 0 1 0 1 0 0 1 1 1 0 1 1 0 1 0 1 0 1 1 1 1 1 0 1 0 0 1 1 1 0 0 0 0 0 0 0 1 0 1 0 0 0 1 1 1 0 0 1 0 0 1 1 0 0 1 0 1 1 0 1 0
1 0 0 1 1 1 1 0 1 1 1 0 1 1 0 0 0 1 0 1 1 0 1 1 1 0 0 1 1 0 1 1 1 0 1 0 0 1 0 0 0 0 0 0 1 0 1 0 0 1 1 0 0 1 0 1 0 0 1 1 1 0 0 1 0 1 0 1 1 1 1 0 1 0 0 1 0 0 0 1 0 1 0 1 1 0 0 0 0 0 0 1 1 0 0 1 1 0 0 0
0 1 0 0 1 0 0 0 0 1 1 0 0 1 0 1 1 1 0 1 1 1 0 1 0 0 0 1 1 0 0 0 0 0 1 0 0 1 1 0 1 1 0 1 0 0 1 0 0 1 1 0 0 0 1 0 0 1 0 1 0 0 0 0 1 1 0 1 1 1 0 1 0 0 0 1 1 0 1 1 1 0 1 0 1 1 0 1 1 1 1 1 1 0 1 1 0 1 1 1
0 0 1 1 1 0 1 0 0 1 0 0 1 1 0 1 1 0 0 1 1 0 0 1 0 1 1 0 1 1 0 0 0 1 1 0 0 0 1 1 0 0 1 1 0 0 1 1 1 0 1 0 0 0 0 0 0 1 0 1 0 1 0 0 1 1 1 0 0 0 0 1 1 1 1 1 1 0 1 0 0 1 0 0 1 0 1 0 1 0 0 0 0 1 1 0 1 0 1 1