100 198 5
0 1
0 2
1 3
2 4
0 5
5 6
1 7
2 8
3 9
7 10
0 11
10 12
4 13
5 14
14 15
11 16
3 17
12 18
7 19
0 20
7 21
18 22
2 23
14 24
12 25
12 26
13 27
18 28
28 29
12 30
2 31
12 32
0 33
14 34
3 35
25 36
33 37
16 38
23 39
12 40
33 41
36 42
5 43
17 44
33 45
0 46
12 47
36 48
6 49
5 50
12 51
14 52
7 53
5 54
17 55
0 56
12 57
8 58
58 59
28 60
36 61
11 62
12 63
63 64
47 65
20 66
5 67
0 68
51 69
55 70
12 71
2 72
56 73
8 74
55 75
59 76
2 77
0 78
14 79
63 80
2 81
47 82
73 83
77 84
5 85
85 86
62 87
61 88
87 89
60 90
51 91
56 92
72 93
58 94
59 95
5 96
55 97
56 98
1 99
1 0
2 0
3 1
4 2
5 0
6 5
7 1
8 2
9 3
10 7
11 0
12 10
13 4
14 5
15 14
16 11
17 3
18 12
19 7
20 0
21 7
22 18
23 2
24 14
25 12
26 12
27 13
28 18
29 28
30 12
31 2
32 12
33 0
34 14
35 3
36 25
37 33
38 16
39 23
40 12
41 33
42 36
43 5
44 17
45 33
46 0
47 12
48 36
49 6
50 5
51 12
52 14
53 7
54 5
55 17
56 0
57 12
58 8
59 58
60 28
61 36
62 11
63 12
64 63
65 47
66 20
67 5
68 0
69 51
70 55
71 12
72 2
73 56
74 8
75 55
76 59
77 2
78 0
79 14
80 63
81 2
82 47
83 73
84 77
85 5
86 85
87 62
88 61
89 87
90 60
91 51
92 56
93 72
94 58
95 59
96 5
97 55
98 56
99 1
1 0 0 1 1 1 0 1 1 0 0 1 1 0 1 1 1 0 1 1 1 1 0 1 1 1 0 1 0 1 0 1 0 1 1 0 1 1 1 1 1 1 0 0 0 1 0 0 1 0 1 1 1 0 1 0 1 1 0 1 1 0 1 1 0 1 0 0 1 0 1 0 0 1 1 1 0 0 1 0 0 1 1 0 1 0 0 0 1 0 0 0 0 0 0 1 0 1 0 1
1 0 0 1 0 0 0 1 0 0 0 1 1 0 0 1 0 0 1 1 0 1 1 1 1 1 1 1 1 1 1 1 0 0 1 0 1 1 0 0 0 1 0 1 0 0 0 0 1 1 0 1 0 0 1 0 0 1 0 0 0 1 0 1 0 1 0 1 1 1 0 1 1 0 0 1 0 1 1 0 0 1 0 0 0 0 0 1 0 0 1 1 1 1 1 1 0 0 0 0
0 1 1 0 1 0 1 1 1 0 0 0 1 0 1 1 1 1 1 0 0 0 0 0 1 0 0 0 1 0 1 0 1 0 1 1 1 0 1 0 1 1 1 1 0 0 1 1 1 1 0 0 0 1 0 1 0 0 0 0 1 1 1 0 1 1 0 1 0 0 0 1 0 1 0 1 1 1 1 1 1 1 1 1 1 1 1 0 1 1 0 1 1 1 1 0 0 1 0 0
0 0 0 1 0 1 1 1 0 1 0 0 1 0 0 1 1 0 0 1 1 0 1 1 0 1 0 0 1 0 1 0 0 1 0 1 0 1 1 0 1 0 0 0 0 1 1 0 1 1 0 0 1 0 1 1 0 0 0 1 0 1 1 1 0 0 1 1 1 0 0 1 1 0 0 1 0 0 0 1 0 1 1 0 0 0 0 1 0 0 1 0 1 0 1 1 0 1 1 1
1 0 0 0 0 0 0 0 1 1 0 1 0 1 1 0 1 1 1 0 1 1 0 1 1 1 0 1 0 1 1 1 0 0 0 1 1 1 1 1 0 1 1 0 0 1 0 0 1 0 0 1 1 1 0 0 0 1 1 1 0 1 1 0 1 0 1 1 1 0 1 0 0 0 0 0 1 1 1 1 1 1 1 0 0 0 0 0 1 0 0 1 0 0 0 0 0 0 0 0