100 390 5
1 0 0 1 0 0 0 1 0 0 0 0 1 1 0 0 1 1 0 1 1 0 1 0 0 0 1 0 1 1 1 0 0 0 1 1 0 1 1 1 0 0 1 0 0 1 1 1 0 0 1 0 1 1 1 0 1 1 1 1 1 0 1 0 0 0 0 1 0 0 1 1 0 0 0 0 0 1 1 0 0 0 1 0 1 1 0 1 0 0 1 1 1 1 1 1 1 1 1 1
0 1 1 0 1 0 1 1 0 0 1 0 0 1 1 1 1 0 0 1 1 0 1 0 0 1 0 1 1 0 0 0 1 1 0 0 0 1 1 1 1 1 1 0 1 1 0 0 0 0 1 1 0 1 0 1 0 0 1 1 0 0 1 1 0 0 0 0 0 1 1 1 1 0 0 1 0 0 0 1 0 0 0 1 0 0 1 0 0 1 0 0 0 0 1 1 0 0 1 1
1 0 1 0 0 1 0 1 1 1 1 1 0 1 0 0 0 1 0 1 0 1 0 0 0 1 0 1 1 1 0 0 1 1 1 1 0 1 1 0 1 0 0 1 1 0 0 1 1 1 1 0 0 0 0 0 1 1 0 1 0 0 1 1 0 1 0 1 1 0 0 1 0 1 0 0 1 0 1 1 1 1 1 0 1 0 1 1 0 0 1 1 1 1 1 1 1 0 1 1
1 1 0 0 1 0 0 1 0 1 1 1 0 1 0 0 0 1 1 0 0 1 0 1 0 1 1 0 0 1 0 0 1 0 0 0 0 1 0 0 1 0 1 1 0 1 0 0 1 1 1 0 1 1 0 0 1 1 0 0 1 0 1 0 0 0 0 1 1 0 1 1 1 0 1 0 1 0 0 1 1 1 1 1 1 1 1 0 0 1 1 1 1 0 1 1 0 0 1 0
1 1 1 1 0 0 1 1 1 1 0 1 0 1 0 1 0 1 0 0 1 0 1 1 1 0 1 0 0 0 1 1 1 0 0 1 1 0 0 0 0 0 1 1 1 0 1 0 1 1 1 0 1 0 0 1 1 0 1 0 1 0 1 1 0 0 1 0 1 0 0 1 1 0 1 1 0 0 0 0 0 1 0 1 0 1 1 1 0 1 0 0 0 1 0 1 1 0 0 0
0 1
0 2
1 2
0 3
1 3
2 3
0 4
1 4
2 4
3 4
0 5
1 5
3 5
2 5
4 6
2 6
0 6
3 6
2 7
0 7
6 7
1 7
4 8
3 8
6 8
5 8
8 9
2 9
1 9
3 9
9 10
0 10
8 10
6 10
5 11
2 11
3 11
1 11
9 12
1 12
4 12
3 12
10 13
0 13
11 13
7 13
0 14
5 14
12 14
4 14
2 15
9 15
12 15
10 15
2 16
12 16
6 16
1 16
8 17
4 17
7 17
2 17
8 18
2 18
14 18
5 18
16 19
8 19
7 19
5 19
1 20
4 20
9 20
3 20
10 21
1 21
9 21
12 21
7 22
6 22
5 22
10 22
19 23
0 23
1 23
9 23
5 24
1 24
22 24
8 24
18 25
1 25
14 25
6 25
2 26
9 26
1 26
24 26
2 27
18 27
7 27
5 27
27 28
19 28
0 28
9 28
13 29
9 29
1 29
14 29
1 30
13 30
7 30
2 30
10 31
2 31
15 31
11 31
21 32
8 32
31 32
15 32
10 33
22 33
0 33
6 33
3 34
27 34
9 34
12 34
28 35
2 35
26 35
11 35
0 36
1 36
19 36
8 36
5 37
9 37
30 37
8 37
2 38
24 38
30 38
19 38
3 39
30 39
0 39
35 39
10 40
13 40
2 40
33 40
10 41
9 41
11 41
25 41
5 42
4 42
39 42
2 42
23 43
19 43
11 43
8 43
6 44
7 44
36 44
41 44
6 45
0 45
4 45
36 45
44 46
23 46
2 46
45 46
12 47
4 47
45 47
19 47
38 48
6 48
26 48
18 48
11 49
14 49
7 49
34 49
49 50
13 50
45 50
44 50
2 51
21 51
6 51
30 51
44 52
8 52
1 52
39 52
7 53
36 53
26 53
2 53
24 54
30 54
39 54
26 54
51 55
39 55
5 55
7 55
16 56
30 56
54 56
20 56
4 57
24 57
3 57
51 57
6 58
51 58
19 58
38 58
28 59
32 59
6 59
11 59
22 60
50 60
28 60
33 60
22 61
52 61
2 61
1 61
2 62
52 62
44 62
41 62
56 63
57 63
34 63
55 63
38 64
5 64
7 64
51 64
34 65
30 65
62 65
38 65
9 66
4 66
8 66
30 66
39 67
2 67
22 67
54 67
59 68
44 68
4 68
5 68
7 69
3 69
56 69
63 69
46 70
28 70
39 70
55 70
9 71
55 71
64 71
10 71
5 72
51 72
55 72
2 72
8 73
68 73
43 73
64 73
1 74
41 74
13 74
57 74
27 75
45 75
23 75
8 75
37 76
53 76
9 76
12 76
22 77
38 77
59 77
9 77
46 78
38 78
27 78
12 78
10 79
55 79
15 79
0 79
6 80
48 80
68 80
66 80
2 81
68 81
0 81
4 81
2 82
5 82
74 82
17 82
19 83
52 83
7 83
73 83
77 84
58 84
81 84
42 84
41 85
39 85
63 85
57 85
22 86
2 86
0 86
82 86
39 87
2 87
28 87
7 87
25 88
63 88
30 88
20 88
8 89
0 89
60 89
63 89
66 90
27 90
5 90
69 90
8 91
30 91
1 91
59 91
47 92
4 92
56 92
9 92
9 93
39 93
15 93
12 93
0 94
27 94
18 94
71 94
14 95
2 95
85 95
57 95
11 96
16 96
10 96
89 96
88 97
38 97
1 97
76 97
10 98
1 98
42 98
65 98
71 99
22 99
3 99
41 99