100 394 5
0 1
0 2
1 2
1 3
2 3
3 4
1 4
4 5
2 5
2 6
1 6
6 7
3 7
6 8
5 8
2 9
1 9
6 10
2 10
9 11
6 11
8 12
3 12
10 13
2 13
1 14
2 14
2 15
9 15
6 16
7 16
9 17
3 17
3 18
1 18
6 19
3 19
6 20
15 20
2 21
11 21
9 22
2 22
1 23
4 23
2 24
23 24
21 25
16 25
16 26
2 26
15 27
2 27
19 28
17 28
19 29
22 29
9 30
1 30
1 31
2 31
27 32
9 32
15 33
2 33
32 34
18 34
25 35
22 35
2 36
26 36
25 37
6 37
24 38
23 38
9 39
29 39
17 40
8 40
29 41
17 41
25 42
14 42
22 43
40 43
9 44
8 44
32 45
40 45
1 46
19 46
20 47
7 47
3 48
15 48
33 49
27 49
9 50
40 50
33 51
36 51
17 52
2 52
21 53
6 53
15 54
1 54
15 55
31 55
41 56
40 56
28 57
2 57
41 58
38 58
17 59
37 59
36 60
2 60
2 61
36 61
9 62
38 62
7 63
29 63
47 64
23 64
2 65
30 65
15 66
2 66
1 67
22 67
67 68
53 68
38 69
23 69
64 70
21 70
17 71
54 71
7 72
46 72
37 73
30 73
21 74
51 74
9 75
18 75
60 76
3 76
23 77
34 77
48 78
77 78
51 79
3 79
30 80
71 80
63 81
40 81
42 82
1 82
46 83
56 83
61 84
0 84
78 85
74 85
7 86
16 86
64 87
47 87
62 88
1 88
15 89
56 89
9 90
30 90
50 91
63 91
91 92
15 92
90 93
78 93
19 94
61 94
23 95
86 95
38 96
85 96
23 97
6 97
63 98
73 98
38 99
4 99
1 0
2 0
2 1
3 1
3 2
4 3
4 1
5 4
5 2
6 2
6 1
7 6
7 3
8 6
8 5
9 2
9 1
10 6
10 2
11 9
11 6
12 8
12 3
13 10
13 2
14 1
14 2
15 2
15 9
16 6
16 7
17 9
17 3
18 3
18 1
19 6
19 3
20 6
20 15
21 2
21 11
22 9
22 2
23 1
23 4
24 2
24 23
25 21
25 16
26 16
26 2
27 15
27 2
28 19
28 17
29 19
29 22
30 9
30 1
31 1
31 2
32 27
32 9
33 15
33 2
34 32
34 18
35 25
35 22
36 2
36 26
37 25
37 6
38 24
38 23
39 9
39 29
40 17
40 8
41 29
41 17
42 25
42 14
43 22
43 40
44 9
44 8
45 32
45 40
46 1
46 19
47 20
47 7
48 3
48 15
49 33
49 27
50 9
50 40
51 33
51 36
52 17
52 2
53 21
53 6
54 15
54 1
55 15
55 31
56 41
56 40
57 28
57 2
58 41
58 38
59 17
59 37
60 36
60 2
61 2
61 36
62 9
62 38
63 7
63 29
64 47
64 23
65 2
65 30
66 15
66 2
67 1
67 22
68 67
68 53
69 38
69 23
70 64
70 21
71 17
71 54
72 7
72 46
73 37
73 30
74 21
74 51
75 9
75 18
76 60
76 3
77 23
77 34
78 48
78 77
79 51
79 3
80 30
80 71
81 63
81 40
82 42
82 1
83 46
83 56
84 61
84 0
85 78
85 74
86 7
86 16
87 64
87 47
88 62
88 1
89 15
89 56
90 9
90 30
91 50
91 63
92 91
92 15
93 90
93 78
94 19
94 61
95 23
95 86
96 38
96 85
97 23
97 6
98 63
98 73
99 38
99 4
1 0 0 1 0 1 1 1 0 0 0 0 0 0 0 1 0 1 1 0 1 0 1 0 1 1 0 0 0 1 0 1 0 0 1 1 1 1 1 0 0 0 1 0 0 1 1 1 1 0 1 1 0 0 0 1 1 0 0 1 1 0 1 0 1 1 0 1 0 0 1 1 1 0 0 1 0 1 0 1 1 0 1 1 1 1 1 0 0 0 1 1 0 0 1 1 1 1 1 1
0 1 1 1 1 1 1 0 0 1 0 0 0 0 1 0 1 0 0 0 0 1 1 0 1 0 1 1 0 0 1 0 0 0 1 1 0 1 1 1 0 0 0 0 1 0 0 0 1 1 0 1 1 0 1 0 0 1 1 0 1 1 1 0 0 0 1 0 1 1 0 1 0 1 0 0 1 1 1 1 1 0 1 1 1 0 0 0 1 0 1 1 0 0 0 1 1 0 1 1
0 1 0 1 0 1 0 0 1 1 1 1 0 1 1 0 0 1 1 0 0 0 0 1 0 0 1 0 0 1 1 1 1 0 0 1 0 0 0 1 1 0 1 0 1 0 1 0 0 1 1 0 1 0 0 1 0 0 0 1 0 1 0 1 0 1 1 0 1 0 0 0 1 0 0 0 0 0 1 0 0 0 1 1 0 0 0 1 1 1 0 0 1 0 1 0 1 1 0 0
1 0 1 0 1 1 0 1 0 1 1 0 1 0 1 1 0 0 0 1 0 0 0 1 1 1 1 1 0 0 1 0 1 1 1 1 1 1 0 1 1 0 0 0 0 1 0 0 0 1 0 0 0 0 0 1 1 0 0 1 1 1 0 1 1 1 1 1 0 1 0 0 0 1 0 0 0 0 1 0 0 0 0 1 1 1 1 1 0 1 0 1 1 0 0 1 1 1 1 1
1 0 1 1 1 0 0 0 1 0 1 1 0 0 0 0 1 0 0 1 0 0 1 1 1 1 1 0 1 0 1 1 1 1 0 1 0 1 0 1 1 0 0 0 1 1 1 1 0 1 0 0 0 0 0 1 0 1 0 1 0 0 0 0 1 0 0 0 0 1 1 1 0 1 1 0 1 1 1 1 0 0 0 1 0 1 0 0 1 1 1 0 1 1 0 0 0 1 1 0