100 780 5
0 1
0 2
1 2
0 3
1 3
2 3
0 4
1 4
2 4
3 4
1 5
4 5
2 5
3 5
0 6
1 6
2 6
4 6
4 7
6 7
3 7
5 7
6 8
3 8
2 8
0 8
2 9
5 9
8 9
6 9
5 10
9 10
2 10
6 10
1 11
3 11
6 11
2 11
9 12
0 12
5 12
2 12
4 13
0 13
6 13
2 13
2 14
6 14
8 14
0 14
8 15
7 15
12 15
9 15
2 16
8 16
5 16
0 16
6 17
3 17
8 17
1 17
10 18
2 18
8 18
7 18
1 19
0 19
17 19
7 19
18 20
7 20
3 20
15 20
11 21
8 21
3 21
6 21
8 22
18 22
2 22
10 22
9 23
6 23
18 23
21 23
2 24
3 24
20 24
17 24
0 25
6 25
16 25
4 25
1 26
21 26
3 26
2 26
13 27
7 27
17 27
9 27
16 28
8 28
0 28
20 28
15 29
0 29
20 29
23 29
12 30
8 30
16 30
5 30
2 31
28 31
26 31
3 31
16 32
1 32
2 32
9 32
23 33
12 33
21 33
0 33
8 34
22 34
2 34
7 34
6 35
30 35
0 35
7 35
20 36
7 36
27 36
1 36
25 37
4 37
20 37
7 37
6 38
11 38
0 38
37 38
24 39
29 39
2 39
11 39
1 40
5 40
33 40
6 40
5 41
9 41
6 41
20 41
9 42
14 42
16 42
4 42
38 43
7 43
8 43
30 43
3 44
0 44
42 44
41 44
12 45
22 45
13 45
21 45
0 46
21 46
4 46
2 46
0 47
6 47
33 47
7 47
24 48
7 48
37 48
2 48
23 49
20 49
7 49
9 49
3 50
5 50
21 50
7 50
21 51
4 51
43 51
39 51
16 52
14 52
6 52
2 52
42 53
2 53
6 53
1 53
12 54
8 54
30 54
6 54
7 55
44 55
54 55
8 55
53 56
26 56
35 56
12 56
8 57
14 57
1 57
22 57
10 58
12 58
20 58
5 58
30 59
39 59
10 59
7 59
6 60
7 60
11 60
32 60
33 61
12 61
7 61
29 61
16 62
8 62
22 62
61 62
44 63
2 63
29 63
41 63
50 64
6 64
4 64
54 64
4 65
7 65
41 65
2 65
40 66
44 66
9 66
8 66
2 67
7 67
3 67
8 67
11 68
41 68
6 68
54 68
59 69
11 69
6 69
24 69
22 70
10 70
41 70
3 70
69 71
63 71
15 71
41 71
7 72
46 72
47 72
8 72
7 73
10 73
45 73
22 73
22 74
0 74
31 74
20 74
5 75
0 75
3 75
72 75
6 76
46 76
23 76
59 76
8 77
0 77
39 77
64 77
58 78
22 78
10 78
40 78
72 79
0 79
56 79
41 79
0 80
22 80
1 80
67 80
10 81
12 81
19 81
74 81
29 82
1 82
28 82
8 82
24 83
16 83
31 83
2 83
55 84
19 84
64 84
52 84
3 85
0 85
69 85
56 85
49 86
47 86
4 86
5 86
7 87
31 87
3 87
18 87
8 88
21 88
32 88
14 88
19 89
29 89
71 89
9 89
0 90
62 90
1 90
22 90
13 91
29 91
23 91
77 91
0 92
41 92
24 92
14 92
77 93
10 93
18 93
50 93
25 94
52 94
10 94
4 94
51 95
83 95
90 95
60 95
59 96
4 96
2 96
77 96
8 97
20 97
40 97
21 97
63 98
46 98
2 98
10 98
22 99
16 99
5 99
21 99
1 0
2 0
2 1
3 0
3 1
3 2
4 0
4 1
4 2
4 3
5 1
5 4
5 2
5 3
6 0
6 1
6 2
6 4
7 4
7 6
7 3
7 5
8 6
8 3
8 2
8 0
9 2
9 5
9 8
9 6
10 5
10 9
10 2
10 6
11 1
11 3
11 6
11 2
12 9
12 0
12 5
12 2
13 4
13 0
13 6
13 2
14 2
14 6
14 8
14 0
15 8
15 7
15 12
15 9
16 2
16 8
16 5
16 0
17 6
17 3
17 8
17 1
18 10
18 2
18 8
18 7
19 1
19 0
19 17
19 7
20 18
20 7
20 3
20 15
21 11
21 8
21 3
21 6
22 8
22 18
22 2
22 10
23 9
23 6
23 18
23 21
24 2
24 3
24 20
24 17
25 0
25 6
25 16
25 4
26 1
26 21
26 3
26 2
27 13
27 7
27 17
27 9
28 16
28 8
28 0
28 20
29 15
29 0
29 20
29 23
30 12
30 8
30 16
30 5
31 2
31 28
31 26
31 3
32 16
32 1
32 2
32 9
33 23
33 12
33 21
33 0
34 8
34 22
34 2
34 7
35 6
35 30
35 0
35 7
36 20
36 7
36 27
36 1
37 25
37 4
37 20
37 7
38 6
38 11
38 0
38 37
39 24
39 29
39 2
39 11
40 1
40 5
40 33
40 6
41 5
41 9
41 6
41 20
42 9
42 14
42 16
42 4
43 38
43 7
43 8
43 30
44 3
44 0
44 42
44 41
45 12
45 22
45 13
45 21
46 0
46 21
46 4
46 2
47 0
47 6
47 33
47 7
48 24
48 7
48 37
48 2
49 23
49 20
49 7
49 9
50 3
50 5
50 21
50 7
51 21
51 4
51 43
51 39
52 16
52 14
52 6
52 2
53 42
53 2
53 6
53 1
54 12
54 8
54 30
54 6
55 7
55 44
55 54
55 8
56 53
56 26
56 35
56 12
57 8
57 14
57 1
57 22
58 10
58 12
58 20
58 5
59 30
59 39
59 10
59 7
60 6
60 7
60 11
60 32
61 33
61 12
61 7
61 29
62 16
62 8
62 22
62 61
63 44
63 2
63 29
63 41
64 50
64 6
64 4
64 54
65 4
65 7
65 41
65 2
66 40
66 44
66 9
66 8
67 2
67 7
67 3
67 8
68 11
68 41
68 6
68 54
69 59
69 11
69 6
69 24
70 22
70 10
70 41
70 3
71 69
71 63
71 15
71 41
72 7
72 46
72 47
72 8
73 7
73 10
73 45
73 22
74 22
74 0
74 31
74 20
75 5
75 0
75 3
75 72
76 6
76 46
76 23
76 59
77 8
77 0
77 39
77 64
78 58
78 22
78 10
78 40
79 72
79 0
79 56
79 41
80 0
80 22
80 1
80 67
81 10
81 12
81 19
81 74
82 29
82 1
82 28
82 8
83 24
83 16
83 31
83 2
84 55
84 19
84 64
84 52
85 3
85 0
85 69
85 56
86 49
86 47
86 4
86 5
87 7
87 31
87 3
87 18
88 8
88 21
88 32
88 14
89 19
89 29
89 71
89 9
90 0
90 62
90 1
90 22
91 13
91 29
91 23
91 77
92 0
92 41
92 24
92 14
93 77
93 10
93 18
93 50
94 25
94 52
94 10
94 4
95 51
95 83
95 90
95 60
96 59
96 4
96 2
96 77
97 8
97 20
97 40
97 21
98 63
98 46
98 2
98 10
99 22
99 16
99 5
99 21
0 1 1 0 1 0 0 0 1 1 0 1 1 1 1 0 0 1 0 0 0 1 0 0 0 0 1 1 1 1 1 1 1 1 1 0 0 0 0 1 0 0 1 1 1 0 1 1 1 0 1 1 1 0 0 1 1 1 0 0 1 0 1 1 0 1 1 0 1 0 1 0 1 0 1 0 1 1 1 1 1 0 0 1 0 1 0 0 1 0 1 0 1 0 0 0 0 0 0 0
0 0 0 0 0 0 1 1 1 0 0 1 0 0 1 0 0 0 1 0 1 1 1 0 1 1 1 0 0 1 0 0 1 0 0 0 1 1 1 0 0 0 0 1 1 1 0 1 1 1 1 0 0 0 1 1 1 0 1 0 0 0 0 1 1 1 1 0 0 1 1 0 0 1 0 0 1 0 0 1 1 1 1 1 1 1 1 0 1 0 0 0 1 1 1 1 0 0 1 0
0 1 1 0 0 0 1 0 0 0 1 1 0 0 0 0 1 1 1 1 1 1 1 0 1 1 0 1 0 0 0 1 1 0 1 0 1 0 1 1 0 0 1 1 1 0 0 0 0 1 1 1 1 0 1 0 0 0 0 1 0 1 0 0 0 0 1 0 0 1 1 1 0 1 0 0 0 1 0 0 0 1 1 0 1 1 1 0 1 1 0 1 1 0 0 0 0 0 0 0
1 0 0 1 1 0 0 0 1 1 0 1 0 0 1 1 0 1 0 0 1 0 0 1 0 1 1 1 0 0 1 1 1 1 1 0 1 0 0 1 0 0 1 1 0 0 0 0 1 1 1 1 1 1 1 1 1 0 0 1 1 1 1 1 1 0 1 1 0 0 1 0 0 1 1 0 0 0 1 0 0 1 0 0 1 0 1 0 1 1 1 1 0 1 1 1 0 0 1 1
0 1 0 0 1 0 0 1 0 0 0 0 0 0 1 0 0 0 0 1 1 0 1 1 1 1 0 0 1 1 0 0 1 0 1 1 1 0 0 0 1 0 0 1 1 1 0 1 1 0 1 0 0 0 1 0 0 1 0 1 0 1 1 0 0 0 0 1 1 1 1 0 0 1 0 0 1 1 1 0 1 1 0 0 0 0 1 1 0 0 1 1 1 0 1 1 1 1 1 0