100 394 5
0 1
0 2
1 2
1 3
2 3
2 4
1 4
1 5
2 5
4 6
1 6
4 7
6 7
7 8
3 8
2 9
5 9
1 10
7 10
4 11
1 11
1 12
7 12
1 13
2 13
4 14
11 14
1 15
12 15
0 16
8 16
6 17
12 17
16 18
1 18
17 19
9 19
5 20
1 20
5 21
11 21
4 22
13 22
1 23
12 23
11 24
4 24
21 25
1 25
7 26
2 26
5 27
24 27
11 28
9 28
16 29
5 29
3 30
26 30
1 31
4 31
0 32
5 32
11 33
21 33
1 34
13 34
9 35
1 35
5 36
31 36
7 37
18 37
26 38
24 38
22 39
1 39
33 40
0 40
7 41
25 41
28 42
5 42
22 43
17 43
11 44
25 44
21 45
9 45
2 46
13 46
13 47
15 47
10 48
26 48
1 49
17 49
10 50
28 50
37 51
30 51
9 52
2 52
19 53
13 53
3 54
6 54
18 55
1 55
51 56
54 56
1 57
11 57
9 58
4 58
54 59
22 59
22 60
44 60
47 61
9 61
4 62
39 62
49 63
59 63
53 64
11 64
4 65
21 65
29 66
61 66
2 67
39 67
9 68
1 68
1 69
51 69
47 70
4 70
9 71
7 71
40 72
4 72
32 73
35 73
11 74
2 74
4 75
45 75
47 76
19 76
9 77
6 77
55 78
34 78
75 79
37 79
11 80
21 80
0 81
11 81
5 82
8 82
58 83
26 83
17 84
65 84
49 85
14 85
58 86
65 86
64 87
33 87
8 88
57 88
2 89
54 89
63 90
17 90
26 91
78 91
86 92
58 92
9 93
27 93
73 94
0 94
9 95
91 95
22 96
81 96
18 97
25 97
87 98
97 98
4 99
1 99
1 0
2 0
2 1
3 1
3 2
4 2
4 1
5 1
5 2
6 4
6 1
7 4
7 6
8 7
8 3
9 2
9 5
10 1
10 7
11 4
11 1
12 1
12 7
13 1
13 2
14 4
14 11
15 1
15 12
16 0
16 8
17 6
17 12
18 16
18 1
19 17
19 9
20 5
20 1
21 5
21 11
22 4
22 13
23 1
23 12
24 11
24 4
25 21
25 1
26 7
26 2
27 5
27 24
28 11
28 9
29 16
29 5
30 3
30 26
31 1
31 4
32 0
32 5
33 11
33 21
34 1
34 13
35 9
35 1
36 5
36 31
37 7
37 18
38 26
38 24
39 22
39 1
40 33
40 0
41 7
41 25
42 28
42 5
43 22
43 17
44 11
44 25
45 21
45 9
46 2
46 13
47 13
47 15
48 10
48 26
49 1
49 17
50 10
50 28
51 37
51 30
52 9
52 2
53 19
53 13
54 3
54 6
55 18
55 1
56 51
56 54
57 1
57 11
58 9
58 4
59 54
59 22
60 22
60 44
61 47
61 9
62 4
62 39
63 49
63 59
64 53
64 11
65 4
65 21
66 29
66 61
67 2
67 39
68 9
68 1
69 1
69 51
70 47
70 4
71 9
71 7
72 40
72 4
73 32
73 35
74 11
74 2
75 4
75 45
76 47
76 19
77 9
77 6
78 55
78 34
79 75
79 37
80 11
80 21
81 0
81 11
82 5
82 8
83 58
83 26
84 17
84 65
85 49
85 14
86 58
86 65
87 64
87 33
88 8
88 57
89 2
89 54
90 63
90 17
91 26
91 78
92 86
92 58
93 9
93 27
94 73
94 0
95 9
95 91
96 22
96 81
97 18
97 25
98 87
98 97
99 4
99 1
0 0 0 1 0 0 0 0 1 0 1 1 1 1 0 0 1 1 1 1 0 0 0 1 1 0 0 1 0 1 1 1 0 1 0 0 0 0 0 0 1 1 0 1 0 0 0 0 0 0 0 1 0 0 0 1 0 1 0 1 0 1 0 0 0 1 0 1 0 1 1 0 1 1 1 0 1 0 0 1 1 1 1 0 1 0 1 1 1 0 1 1 0 0 1 0 1 1 1 0
1 1 0 1 1 1 0 1 0 1 0 1 1 0 1 0 1 1 0 0 1 0 0 1 1 1 0 1 0 0 0 1 0 1 1 0 0 1 0 0 1 0 1 1 0 1 1 0 0 1 1 0 0 1 1 1 0 1 0 0 1 1 1 0 1 0 0 1 0 0 1 0 1 0 1 1 0 0 0 0 0 1 1 0 0 0 1 0 0 0 0 1 1 0 0 0 1 1 1 0
0 1 0 1 0 0 1 0 1 0 1 0 0 0 1 1 1 0 0 0 1 1 0 0 0 0 1 1 0 0 1 0 0 1 1 0 0 0 0 0 0 1 1 0 1 1 0 0 1 0 0 0 0 0 1 1 1 1 1 0 1 0 1 0 0 1 1 0 1 1 1 1 1 0 0 1 1 0 0 1 1 0 0 1 1 1 1 1 1 1 1 1 0 1 1 0 0 0 0 0
1 0 1 1 0 0 0 0 1 1 0 0 1 1 0 1 1 1 1 1 1 0 1 0 1 1 1 0 1 1 0 1 0 1 0 1 1 1 1 1 1 0 0 0 0 1 0 0 0 0 1 1 1 0 0 1 1 0 0 0 0 0 0 1 1 1 1 0 0 1 0 1 0 0 1 0 0 1 0 1 0 1 0 1 1 0 1 1 0 1 0 1 0 0 0 1 1 0 0 0
1 1 1 1 0 1 1 1 1 1 1 0 0 0 1 0 1 1 0 0 1 1 1 1 1 0 0 0 0 0 1 1 0 1 1 0 0 1 1 1 1 1 0 0 1 1 0 1 1 0 1 1 0 0 1 0 1 1 1 0 0 0 0 1 0 1 1 0 0 1 0 0 0 1 1 0 1 1 0 1 1 0 0 1 1 1 0 1 0 1 1 0 0 1 1 1 1 1 1 0