100 394 5
0 1
0 2
1 2
2 3
0 3
2 4
3 4
1 5
4 5
2 6
3 6
6 7
2 7
1 8
7 8
0 9
1 9
7 10
5 10
4 11
7 11
1 12
3 12
6 13
11 13
0 14
12 14
2 15
1 15
14 16
2 16
10 17
6 17
10 18
4 18
17 19
0 19
0 20
2 20
7 21
0 21
5 22
15 22
13 23
3 23
8 24
4 24
17 25
16 25
17 26
0 26
1 27
22 27
22 28
14 28
0 29
4 29
24 30
10 30
0 31
23 31
27 32
31 32
20 33
24 33
5 34
9 34
27 35
25 35
3 36
10 36
10 37
24 37
1 38
17 38
19 39
34 39
7 40
36 40
1 41
13 41
4 42
13 42
25 43
29 43
5 44
1 44
25 45
20 45
1 46
16 46
25 47
45 47
5 48
24 48
10 49
21 49
11 50
39 50
2 51
17 51
46 52
7 52
2 53
19 53
46 54
48 54
45 55
4 55
34 56
23 56
4 57
11 57
46 58
5 58
0 59
16 59
40 60
46 60
42 61
39 61
17 62
3 62
27 63
35 63
18 64
28 64
5 65
63 65
2 66
17 66
57 67
2 67
66 68
11 68
1 69
23 69
7 70
10 70
0 71
38 71
10 72
46 72
68 73
53 73
2 74
10 74
17 75
39 75
72 76
27 76
48 77
0 77
62 78
46 78
47 79
72 79
31 80
41 80
2 81
20 81
11 82
73 82
39 83
46 83
19 84
54 84
14 85
61 85
60 86
39 86
33 87
59 87
10 88
47 88
5 89
51 89
53 90
70 90
5 91
87 91
10 92
0 92
66 93
0 93
92 94
40 94
17 95
36 95
45 96
2 96
16 97
25 97
10 98
1 98
22 99
61 99
1 0
2 0
2 1
3 2
3 0
4 2
4 3
5 1
5 4
6 2
6 3
7 6
7 2
8 1
8 7
9 0
9 1
10 7
10 5
11 4
11 7
12 1
12 3
13 6
13 11
14 0
14 12
15 2
15 1
16 14
16 2
17 10
17 6
18 10
18 4
19 17
19 0
20 0
20 2
21 7
21 0
22 5
22 15
23 13
23 3
24 8
24 4
25 17
25 16
26 17
26 0
27 1
27 22
28 22
28 14
29 0
29 4
30 24
30 10
31 0
31 23
32 27
32 31
33 20
33 24
34 5
34 9
35 27
35 25
36 3
36 10
37 10
37 24
38 1
38 17
39 19
39 34
40 7
40 36
41 1
41 13
42 4
42 13
43 25
43 29
44 5
44 1
45 25
45 20
46 1
46 16
47 25
47 45
48 5
48 24
49 10
49 21
50 11
50 39
51 2
51 17
52 46
52 7
53 2
53 19
54 46
54 48
55 45
55 4
56 34
56 23
57 4
57 11
58 46
58 5
59 0
59 16
60 40
60 46
61 42
61 39
62 17
62 3
63 27
63 35
64 18
64 28
65 5
65 63
66 2
66 17
67 57
67 2
68 66
68 11
69 1
69 23
70 7
70 10
71 0
71 38
72 10
72 46
73 68
73 53
74 2
74 10
75 17
75 39
76 72
76 27
77 48
77 0
78 62
78 46
79 47
79 72
80 31
80 41
81 2
81 20
82 11
82 73
83 39
83 46
84 19
84 54
85 14
85 61
86 60
86 39
87 33
87 59
88 10
88 47
89 5
89 51
90 53
90 70
91 5
91 87
92 10
92 0
93 66
93 0
94 92
94 40
95 17
95 36
96 45
96 2
97 16
97 25
98 10
98 1
99 22
99 61
0 0 1 1 1 0 0 1 0 0 1 0 1 0 0 0 0 1 0 1 0 0 0 0 0 1 1 1 1 1 0 0 1 0 1 1 0 0 1 1 0 0 1 1 0 1 0 1 0 1 0 1 0 1 0 0 0 0 1 1 0 1 1 0 1 0 0 0 0 1 1 1 1 0 0 0 1 0 1 1 1 1 1 0 1 1 1 0 0 1 0 1 1 0 1 1 0 1 0 1
1 1 1 0 1 0 1 0 0 1 0 1 1 0 1 1 0 1 0 1 0 0 0 0 0 0 0 1 1 0 0 0 0 1 1 0 0 1 1 0 0 0 0 0 1 0 1 1 0 1 1 0 0 0 0 1 0 1 0 1 0 1 0 1 0 0 0 0 1 1 1 0 1 0 0 1 1 0 0 0 0 1 1 1 0 1 1 1 0 1 1 0 0 0 1 1 1 1 1 0
0 0 1 1 0 1 1 1 0 0 1 1 0 1 0 1 0 1 0 1 1 0 0 0 0 0 1 0 1 1 1 0 0 1 0 0 0 1 0 0 1 1 1 0 0 1 0 1 0 1 0 0 1 1 1 1 1 0 1 1 0 1 1 0 1 0 0 1 0 1 1 1 0 0 1 0 1 1 1 1 1 1 1 1 1 1 0 0 1 1 1 0 1 1 0 0 1 0 0 0
0 0 0 1 0 1 1 0 0 0 1 1 1 1 0 0 0 0 1 1 1 0 1 0 1 0 1 1 1 1 0 0 0 0 1 1 0 1 0 0 1 0 0 0 1 1 1 1 0 0 0 1 0 0 1 0 1 1 0 1 1 1 0 0 0 0 0 0 1 0 0 1 1 0 1 0 1 1 1 0 1 0 0 1 0 0 0 1 1 0 1 1 1 0 1 0 0 0 1 1
1 0 0 1 0 1 0 0 1 1 0 1 0 0 1 0 1 1 1 1 1 0 0 1 0 1 0 1 0 0 0 0 0 0 1 0 1 1 1 1 1 1 0 0 0 1 0 1 0 1 1 1 0 1 0 1 0 1 0 0 1 1 0 0 1 1 1 1 1 1 1 0 1 1 1 0 0 1 0 0 1 0 1 1 1 1 1 1 1 1 0 1 1 0 1 0 1 0 0 1