100 390 5
0 1
0 2
1 2
0 3
1 3
2 3
0 4
1 4
2 4
3 4
4 5
3 5
0 5
1 5
1 6
5 6
3 6
0 6
3 7
0 7
5 7
1 7
6 8
4 8
5 8
3 8
3 9
1 9
0 9
5 9
7 10
0 10
1 10
9 10
5 11
3 11
2 11
10 11
6 12
5 12
4 12
2 12
7 13
9 13
6 13
8 13
1 14
12 14
2 14
7 14
5 15
4 15
2 15
1 15
1 16
10 16
8 16
15 16
15 17
4 17
3 17
1 17
1 18
7 18
5 18
0 18
5 19
7 19
0 19
2 19
10 20
12 20
5 20
14 20
3 21
1 21
4 21
16 21
5 22
18 22
10 22
7 22
5 23
15 23
20 23
1 23
15 24
18 24
21 24
8 24
18 25
8 25
0 25
7 25
9 26
6 26
1 26
8 26
11 27
17 27
4 27
24 27
18 28
3 28
6 28
13 28
9 29
20 29
5 29
1 29
14 30
19 30
12 30
5 30
0 31
4 31
7 31
29 31
0 32
8 32
24 32
4 32
14 33
5 33
16 33
4 33
7 34
0 34
26 34
27 34
22 35
10 35
2 35
6 35
3 36
0 36
15 36
32 36
14 37
15 37
7 37
12 37
22 38
29 38
10 38
25 38
18 39
2 39
26 39
30 39
14 40
34 40
0 40
35 40
1 41
8 41
21 41
36 41
33 42
23 42
2 42
1 42
1 43
12 43
4 43
2 43
14 44
37 44
0 44
4 44
43 45
19 45
28 45
15 45
8 46
29 46
0 46
7 46
2 47
19 47
0 47
32 47
37 48
15 48
24 48
29 48
26 49
28 49
15 49
11 49
42 50
47 50
33 50
5 50
21 51
2 51
20 51
4 51
7 52
6 52
18 52
3 52
35 53
4 53
2 53
3 53
42 54
6 54
12 54
34 54
26 55
18 55
24 55
39 55
15 56
16 56
1 56
8 56
5 57
24 57
56 57
15 57
1 58
12 58
23 58
52 58
18 59
5 59
26 59
14 59
7 60
1 60
23 60
8 60
4 61
12 61
1 61
44 61
58 62
37 62
6 62
9 62
26 63
0 63
5 63
29 63
52 64
42 64
31 64
12 64
25 65
4 65
6 65
26 65
1 66
10 66
2 66
25 66
19 67
44 67
38 67
48 67
44 68
56 68
8 68
6 68
58 69
21 69
47 69
59 69
2 70
1 70
64 70
34 70
16 71
1 71
36 71
68 71
48 72
52 72
17 72
1 72
40 73
16 73
12 73
19 73
23 74
4 74
9 74
62 74
24 75
2 75
0 75
73 75
36 76
6 76
29 76
22 76
43 77
40 77
54 77
52 77
10 78
54 78
20 78
21 78
24 79
51 79
48 79
5 79
0 80
46 80
4 80
32 80
51 81
34 81
7 81
27 81
58 82
25 82
11 82
3 82
6 83
82 83
66 83
18 83
27 84
18 84
66 84
4 84
80 85
0 85
72 85
18 85
43 86
63 86
56 86
29 86
1 87
82 87
4 87
33 87
43 88
1 88
30 88
20 88
73 89
39 89
2 89
48 89
9 90
62 90
5 90
64 90
39 91
73 91
31 91
7 91
21 92
27 92
7 92
3 92
32 93
9 93
81 93
42 93
60 94
75 94
6 94
43 94
90 95
7 95
3 95
33 95
87 96
62 96
92 96
27 96
16 97
4 97
85 97
80 97
71 98
37 98
5 98
94 98
8 99
52 99
3 99
30 99
0 1 1 1 0 0 0 0 0 1 1 1 0 0 0 1 0 0 1 0 0 1 1 0 0 0 0 1 0 0 0 1 1 0 0 1 0 1 0 0 0 0 1 1 0 1 1 0 0 1 0 0 1 1 0 1 0 0 1 0 1 0 0 1 0 1 1 0 1 1 1 1 0 1 1 0 0 0 1 0 0 0 1 0 1 0 1 0 0 0 1 0 0 1 0 0 1 1 1 0
1 0 1 0 0 0 0 0 1 1 1 0 0 1 0 1 0 0 1 1 0 0 0 0 0 0 0 0 0 0 0 0 0 1 1 1 1 1 0 0 1 1 0 0 1 0 0 1 1 0 1 0 0 1 1 1 0 1 1 1 0 1 0 0 1 1 1 1 1 1 0 1 0 0 1 0 0 1 1 0 0 1 1 0 1 0 1 1 1 0 1 0 1 1 0 1 1 0 0 1
1 1 0 1 0 0 0 0 1 0 1 1 0 1 1 0 0 1 0 0 1 1 0 0 1 0 0 0 1 0 1 0 0 0 0 1 0 1 0 0 1 0 1 0 1 0 1 1 1 1 1 0 0 0 1 1 0 1 1 1 0 0 0 1 1 1 0 1 0 1 0 0 1 1 1 1 1 1 0 1 0 1 1 1 1 1 1 1 1 0 1 1 0 0 0 1 1 1 1 0
1 1 0 1 0 0 0 1 0 0 0 0 0 1 1 1 0 0 0 0 1 1 0 0 0 1 0 1 0 0 0 0 0 1 0 1 1 0 0 1 0 0 0 0 0 0 1 0 0 0 1 0 1 0 0 1 1 0 1 0 0 0 0 1 0 0 0 0 1 0 0 1 1 1 1 0 0 1 0 0 1 1 1 1 0 0 1 1 0 0 1 1 1 0 0 0 1 1 1 1
1 1 1 1 0 0 0 1 1 0 0 0 0 0 1 0 1 0 0 0 1 0 0 0 1 1 1 0 0 1 1 1 0 0 0 1 1 1 0 0 0 0 1 0 1 0 0 1 0 0 1 0 1 1 0 1 1 0 0 1 1 1 0 0 0 1 1 1 0 1 1 1 0 1 1 1 0 1 0 0 1 1 1 0 1 1 1 0 0 0 0 0 0 0 0 0 0 1 0 0