100 780 5
0 1
0 2
1 2
0 3
1 3
2 3
0 4
1 4
2 4
3 4
1 5
2 5
3 5
0 5
1 6
2 6
5 6
0 6
1 7
5 7
2 7
6 7
1 8
3 8
2 8
6 8
2 9
1 9
3 9
7 9
4 10
6 10
5 10
3 10
1 11
2 11
3 11
4 11
8 12
11 12
1 12
3 12
5 13
6 13
9 13
1 13
2 14
12 14
11 14
10 14
10 15
0 15
4 15
5 15
1 16
4 16
12 16
9 16
13 17
2 17
6 17
7 17
5 18
16 18
17 18
3 18
0 19
15 19
11 19
3 19
6 20
7 20
0 20
9 20
13 21
4 21
20 21
1 21
2 22
19 22
5 22
9 22
3 23
10 23
8 23
1 23
12 24
11 24
3 24
13 24
5 25
0 25
13 25
24 25
4 26
12 26
24 26
1 26
16 27
3 27
19 27
11 27
1 28
11 28
21 28
5 28
9 29
1 29
7 29
21 29
1 30
13 30
6 30
2 30
12 31
7 31
11 31
5 31
6 32
12 32
21 32
5 32
22 33
29 33
11 33
5 33
9 34
0 34
29 34
10 34
23 35
4 35
9 35
12 35
25 36
30 36
34 36
27 36
22 37
7 37
18 37
6 37
6 38
11 38
0 38
26 38
3 39
22 39
12 39
16 39
27 40
34 40
2 40
21 40
19 41
13 41
2 41
12 41
3 42
7 42
28 42
26 42
16 43
2 43
11 43
39 43
35 44
2 44
4 44
5 44
2 45
26 45
20 45
21 45
3 46
5 46
33 46
16 46
27 47
7 47
20 47
28 47
9 48
43 48
13 48
20 48
21 49
11 49
22 49
33 49
15 50
41 50
21 50
11 50
11 51
28 51
35 51
12 51
9 52
12 52
10 52
16 52
49 53
6 53
4 53
2 53
41 54
29 54
33 54
21 54
18 55
2 55
43 55
28 55
4 56
30 56
1 56
18 56
20 57
11 57
26 57
5 57
16 58
36 58
49 58
3 58
13 59
10 59
3 59
33 59
40 60
14 60
28 60
24 60
20 61
54 61
19 61
17 61
28 62
52 62
3 62
44 62
26 63
22 63
5 63
29 63
59 64
24 64
26 64
10 64
11 65
30 65
21 65
18 65
28 66
33 66
26 66
34 66
59 67
1 67
4 67
0 67
2 68
6 68
64 68
21 68
12 69
59 69
19 69
41 69
30 70
42 70
48 70
49 70
53 71
37 71
49 71
28 71
13 72
11 72
4 72
43 72
6 73
68 73
2 73
61 73
26 74
68 74
24 74
5 74
13 75
21 75
72 75
6 75
11 76
6 76
27 76
0 76
51 77
12 77
24 77
14 77
2 78
22 78
75 78
30 78
51 79
9 79
6 79
2 79
41 80
3 80
11 80
28 80
55 81
63 81
31 81
49 81
2 82
12 82
15 82
49 82
58 83
2 83
80 83
5 83
1 84
69 84
72 84
67 84
28 85
49 85
5 85
3 85
80 86
53 86
21 86
72 86
30 87
54 87
0 87
4 87
76 88
1 88
66 88
64 88
69 89
36 89
62 89
19 89
64 90
1 90
75 90
48 90
49 91
20 91
54 91
55 91
19 92
39 92
29 92
20 92
27 93
2 93
65 93
28 93
37 94
4 94
7 94
19 94
35 95
44 95
51 95
34 95
26 96
22 96
20 96
78 96
49 97
40 97
29 97
5 97
10 98
20 98
54 98
85 98
68 99
13 99
16 99
93 99
1 0
2 0
2 1
3 0
3 1
3 2
4 0
4 1
4 2
4 3
5 1
5 2
5 3
5 0
6 1
6 2
6 5
6 0
7 1
7 5
7 2
7 6
8 1
8 3
8 2
8 6
9 2
9 1
9 3
9 7
10 4
10 6
10 5
10 3
11 1
11 2
11 3
11 4
12 8
12 11
12 1
12 3
13 5
13 6
13 9
13 1
14 2
14 12
14 11
14 10
15 10
15 0
15 4
15 5
16 1
16 4
16 12
16 9
17 13
17 2
17 6
17 7
18 5
18 16
18 17
18 3
19 0
19 15
19 11
19 3
20 6
20 7
20 0
20 9
21 13
21 4
21 20
21 1
22 2
22 19
22 5
22 9
23 3
23 10
23 8
23 1
24 12
24 11
24 3
24 13
25 5
25 0
25 13
25 24
26 4
26 12
26 24
26 1
27 16
27 3
27 19
27 11
28 1
28 11
28 21
28 5
29 9
29 1
29 7
29 21
30 1
30 13
30 6
30 2
31 12
31 7
31 11
31 5
32 6
32 12
32 21
32 5
33 22
33 29
33 11
33 5
34 9
34 0
34 29
34 10
35 23
35 4
35 9
35 12
36 25
36 30
36 34
36 27
37 22
37 7
37 18
37 6
38 6
38 11
38 0
38 26
39 3
39 22
39 12
39 16
40 27
40 34
40 2
40 21
41 19
41 13
41 2
41 12
42 3
42 7
42 28
42 26
43 16
43 2
43 11
43 39
44 35
44 2
44 4
44 5
45 2
45 26
45 20
45 21
46 3
46 5
46 33
46 16
47 27
47 7
47 20
47 28
48 9
48 43
48 13
48 20
49 21
49 11
49 22
49 33
50 15
50 41
50 21
50 11
51 11
51 28
51 35
51 12
52 9
52 12
52 10
52 16
53 49
53 6
53 4
53 2
54 41
54 29
54 33
54 21
55 18
55 2
55 43
55 28
56 4
56 30
56 1
56 18
57 20
57 11
57 26
57 5
58 16
58 36
58 49
58 3
59 13
59 10
59 3
59 33
60 40
60 14
60 28
60 24
61 20
61 54
61 19
61 17
62 28
62 52
62 3
62 44
63 26
63 22
63 5
63 29
64 59
64 24
64 26
64 10
65 11
65 30
65 21
65 18
66 28
66 33
66 26
66 34
67 59
67 1
67 4
67 0
68 2
68 6
68 64
68 21
69 12
69 59
69 19
69 41
70 30
70 42
70 48
70 49
71 53
71 37
71 49
71 28
72 13
72 11
72 4
72 43
73 6
73 68
73 2
73 61
74 26
74 68
74 24
74 5
75 13
75 21
75 72
75 6
76 11
76 6
76 27
76 0
77 51
77 12
77 24
77 14
78 2
78 22
78 75
78 30
79 51
79 9
79 6
79 2
80 41
80 3
80 11
80 28
81 55
81 63
81 31
81 49
82 2
82 12
82 15
82 49
83 58
83 2
83 80
83 5
84 1
84 69
84 72
84 67
85 28
85 49
85 5
85 3
86 80
86 53
86 21
86 72
87 30
87 54
87 0
87 4
88 76
88 1
88 66
88 64
89 69
89 36
89 62
89 19
90 64
90 1
90 75
90 48
91 49
91 20
91 54
91 55
92 19
92 39
92 29
92 20
93 27
93 2
93 65
93 28
94 37
94 4
94 7
94 19
95 35
95 44
95 51
95 34
96 26
96 22
96 20
96 78
97 49
97 40
97 29
97 5
98 10
98 20
98 54
98 85
99 68
99 13
99 16
99 93
1 0 1 1 1 0 0 0 1 1 1 0 1 0 1 0 1 1 0 0 1 1 1 1 0 0 1 0 0 0 1 1 1 1 1 0 1 1 0 0 1 0 0 0 1 1 0 0 1 0 0 0 1 1 1 0 1 1 1 1 1 1 0 0 1 1 0 1 1 1 0 0 0 0 0 1 1 0 0 0 1 1 1 0 0 0 0 1 1 1 0 0 1 0 1 0 0 1 0 1
1 0 0 1 1 0 0 0 1 0 1 0 0 0 0 1 0 0 1 0 0 1 1 0 0 1 1 1 1 0 0 1 1 0 1 0 0 0 1 1 1 1 0 0 0 0 0 0 0 0 1 0 1 1 0 0 1 0 1 0 0 1 1 0 0 1 0 1 0 0 0 1 1 0 0 1 1 1 0 1 0 1 0 0 1 1 0 1 1 0 0 0 0 1 0 1 1 0 0 1
1 0 0 0 0 1 0 0 1 1 0 1 0 1 1 1 0 1 1 0 1 0 1 0 0 0 1 1 0 0 0 0 0 0 0 1 0 1 0 1 1 0 0 1 1 1 0 1 0 0 0 0 1 1 1 0 1 1 1 1 1 1 0 1 0 0 1 0 0 0 1 0 0 1 1 1 0 1 1 1 0 1 0 1 0 1 1 0 0 1 0 1 0 0 1 0 1 0 0 0
0 1 0 1 0 0 1 0 1 1 1 0 0 0 0 0 0 0 0 1 0 1 1 0 1 1 0 1 1 0 0 0 1 0 0 0 1 1 1 0 1 1 0 0 1 1 1 1 1 1 1 1 0 0 1 0 0 1 1 0 1 1 1 1 1 1 0 1 1 1 1 1 0 0 1 0 1 1 0 0 0 1 1 1 1 1 0 1 1 1 0 0 1 1 1 1 1 0 0 1
0 0 0 0 0 0 0 1 0 0 0 0 0 0 1 1 0 0 0 0 1 0 1 0 0 1 0 0 0 1 1 1 0 1 0 0 1 1 1 0 1 0 0 0 0 0 1 1 0 1 0 1 0 0 1 0 1 1 1 0 1 1 0 0 0 1 0 1 1 0 1 1 1 0 1 0 0 1 1 0 1 1 0 1 1 1 1 1 1 0 0 0 0 1 0 1 1 0 0 1