250 498 5
0 1
0 2
2 3
1 4
4 5
3 6
6 7
1 8
1 9
6 10
5 11
5 12
9 13
3 14
3 15
9 16
3 17
2 18
3 19
2 20
1 21
20 22
11 23
8 24
18 25
1 26
1 27
1 28
7 29
1 30
13 31
23 32
23 33
5 34
1 35
9 36
30 37
23 38
7 39
2 40
34 41
2 42
1 43
23 44
1 45
3 46
3 47
17 48
44 49
25 50
2 51
44 52
7 53
23 54
41 55
7 56
23 57
4 58
17 59
53 60
32 61
2 62
23 63
25 64
5 65
41 66
6 67
25 68
7 69
67 70
63 71
1 72
30 73
5 74
2 75
58 76
17 77
3 78
0 79
23 80
45 81
65 82
32 83
51 84
8 85
24 86
19 87
4 88
50 89
61 90
44 91
85 92
30 93
10 94
3 95
1 96
7 97
1 98
72 99
1 100
91 101
25 102
21 103
100 104
20 105
53 106
41 107
9 108
8 109
9 110
4 111
99 112
5 113
90 114
58 115
1 116
9 117
34 118
2 119
114 120
9 121
21 122
23 123
37 124
114 125
1 126
37 127
119 128
42 129
53 130
76 131
1 132
82 133
37 134
3 135
2 136
117 137
96 138
4 139
40 140
53 141
1 142
60 143
2 144
141 145
27 146
13 147
146 148
5 149
101 150
32 151
9 152
122 153
142 154
33 155
76 156
127 157
5 158
30 159
8 160
76 161
19 162
3 163
17 164
1 165
61 166
117 167
144 168
75 169
113 170
43 171
170 172
19 173
6 174
63 175
7 176
122 177
156 178
3 179
74 180
144 181
180 182
7 183
58 184
9 185
15 186
181 187
176 188
128 189
145 190
30 191
58 192
5 193
30 194
106 195
35 196
88 197
22 198
187 199
0 200
108 201
169 202
111 203
46 204
108 205
1 206
106 207
145 208
9 209
8 210
109 211
78 212
8 213
143 214
23 215
60 216
2 217
82 218
49 219
169 220
88 221
60 222
3 223
125 224
181 225
5 226
34 227
185 228
48 229
136 230
20 231
147 232
165 233
5 234
100 235
231 236
0 237
145 238
122 239
136 240
38 241
119 242
3 243
184 244
162 245
5 246
78 247
50 248
243 249
1 0
2 0
3 2
4 1
5 4
6 3
7 6
8 1
9 1
10 6
11 5
12 5
13 9
14 3
15 3
16 9
17 3
18 2
19 3
20 2
21 1
22 20
23 11
24 8
25 18
26 1
27 1
28 1
29 7
30 1
31 13
32 23
33 23
34 5
35 1
36 9
37 30
38 23
39 7
40 2
41 34
42 2
43 1
44 23
45 1
46 3
47 3
48 17
49 44
50 25
51 2
52 44
53 7
54 23
55 41
56 7
57 23
58 4
59 17
60 53
61 32
62 2
63 23
64 25
65 5
66 41
67 6
68 25
69 7
70 67
71 63
72 1
73 30
74 5
75 2
76 58
77 17
78 3
79 0
80 23
81 45
82 65
83 32
84 51
85 8
86 24
87 19
88 4
89 50
90 61
91 44
92 85
93 30
94 10
95 3
96 1
97 7
98 1
99 72
100 1
101 91
102 25
103 21
104 100
105 20
106 53
107 41
108 9
109 8
110 9
111 4
112 99
113 5
114 90
115 58
116 1
117 9
118 34
119 2
120 114
121 9
122 21
123 23
124 37
125 114
126 1
127 37
128 119
129 42
130 53
131 76
132 1
133 82
134 37
135 3
136 2
137 117
138 96
139 4
140 40
141 53
142 1
143 60
144 2
145 141
146 27
147 13
148 146
149 5
150 101
151 32
152 9
153 122
154 142
155 33
156 76
157 127
158 5
159 30
160 8
161 76
162 19
163 3
164 17
165 1
166 61
167 117
168 144
169 75
170 113
171 43
172 170
173 19
174 6
175 63
176 7
177 122
178 156
179 3
180 74
181 144
182 180
183 7
184 58
185 9
186 15
187 181
188 176
189 128
190 145
191 30
192 58
193 5
194 30
195 106
196 35
197 88
198 22
199 187
200 0
201 108
202 169
203 111
204 46
205 108
206 1
207 106
208 145
209 9
210 8
211 109
212 78
213 8
214 143
215 23
216 60
217 2
218 82
219 49
220 169
221 88
222 60
223 3
224 125
225 181
226 5
227 34
228 185
229 48
230 136
231 20
232 147
233 165
234 5
235 100
236 231
237 0
238 145
239 122
240 136
241 38
242 119
243 3
244 184
245 162
246 5
247 78
248 50
249 243
0 1 1 1 1 1 0 0 0 1 0 0 1 1 0 1 0 1 0 1 1 1 0 1 1 1 1 0 1 0 1 0 1 0 1 0 1 1 1 0 1 1 0 1 0 0 1 1 0 1 0 0 1 0 0 1 0 0 0 0 1 0 0 1 0 0 1 0 1 0 1 0 1 0 0 0 1 0 1 0 1 0 1 1 0 0 0 0 1 1 0 0 0 0 1 1 0 0 1 0 0 0 1 1 0 1 1 1 1 1 0 1 0 1 0 1 0 0 0 0 1 0 1 0 0 1 0 1 0 0 0 1 1 0 1 1 1 1 1 1 1 1 0 1 0 1 0 1 0 0 0 1 1 0 1 1 1 0 1 1 1 0 0 1 0 0 0 0 0 1 1 1 1 0 1 0 1 0 1 0 1 0 0 1 0 1 1 0 0 0 1 1 1 1 0 1 0 1 1 1 1 0 0 0 0 0 0 0 0 1 0 0 0 0 1 1 1 1 0 0 1 1 1 1 1 0 1 1 0 1 1 1 1 1 1 0 1 1 0 0 0 0 0 0 0 0 0 0 0 0
0 0 1 1 1 0 0 1 0 0 1 1 1 0 1 1 0 1 0 0 0 0 0 1 0 0 0 0 0 0 1 0 0 1 1 0 0 1 1 0 1 1 0 1 0 1 1 0 0 1 0 0 1 0 1 1 1 1 1 0 1 0 0 1 0 0 1 0 1 0 1 0 1 0 0 1 0 0 0 0 1 0 0 0 0 1 0 1 1 0 1 0 0 1 0 0 0 0 1 0 0 0 0 1 0 0 0 1 1 0 1 1 1 1 0 0 1 0 1 0 0 0 0 1 0 0 0 1 0 0 1 1 1 0 0 1 0 1 1 0 1 1 0 0 1 0 1 1 1 1 1 1 1 0 0 0 0 0 0 0 1 1 1 0 1 0 0 0 0 1 1 1 0 1 1 1 0 1 0 1 0 0 0 1 1 1 0 1 0 0 0 1 1 0 0 0 0 0 0 0 1 1 0 1 0 0 1 1 1 0 0 1 0 0 0 1 0 0 0 0 0 1 1 0 0 0 1 0 0 1 0 0 1 0 0 1 0 0 0 0 0 1 1 1 0 0 0 0 0 1
1 1 0 1 1 0 0 1 1 1 1 0 1 1 1 1 0 1 0 0 0 0 0 0 1 0 1 0 1 0 0 1 1 0 1 1 1 0 0 1 1 0 0 0 1 0 0 0 0 0 0 1 0 1 0 1 1 1 1 1 0 1 1 0 1 1 0 1 0 1 0 1 0 1 1 1 0 1 0 0 1 1 1 1 1 0 1 0 1 0 1 0 1 1 1 0 0 0 1 1 1 1 1 0 1 1 0 0 1 0 1 0 1 0 1 1 0 1 1 1 0 0 0 1 0 0 1 1 1 1 1 1 1 1 0 0 1 1 0 1 0 0 1 0 0 1 1 1 1 0 1 1 1 1 1 1 1 0 0 0 0 1 1 0 1 1 1 0 0 1 1 1 1 0 1 0 1 1 0 0 1 1 0 1 1 0 0 0 1 0 1 1 0 0 1 1 1 0 1 0 0 0 0 0 0 0 1 0 1 0 0 1 1 1 0 0 1 1 1 1 1 0 0 1 0 1 0 1 0 1 1 0 0 1 0 1 1 0 1 1 0 1 1 1 0 1 1 1 0 1
1 1 0 1 1 1 1 1 0 0 0 0 0 0 0 0 0 0 1 1 1 0 1 0 0 0 0 1 0 1 0 1 1 0 0 1 0 0 0 0 0 1 1 1 1 0 1 0 0 1 0 0 0 0 1 0 0 0 1 0 0 0 0 1 0 1 0 0 0 1 1 1 0 1 1 1 1 1 0 0 1 0 1 1 1 1 0 1 0 0 0 0 1 1 1 1 1 1 1 0 1 0 1 0 0 0 0 1 0 0 1 1 0 0 1 0 1 1 1 0 1 1 1 0 0 0 0 0 1 0 0 0 1 1 1 0 1 0 1 0 0 1 1 1 1 0 1 1 0 0 0 0 1 1 0 1 1 1 1 1 1 1 0 0 1 0 0 0 1 0 0 1 1 1 1 1 1 0 0 1 1 0 0 1 1 0 1 1 1 0 1 0 0 0 0 1 1 0 0 1 0 1 0 1 1 1 1 1 0 1 0 0 1 0 0 0 1 1 1 0 1 1 0 0 0 0 0 0 1 1 1 0 0 1 1 0 1 1 0 1 1 1 0 0 0 1 0 1 0 1
0 0 0 1 0 1 0 0 1 1 0 0 1 1 0 0 1 1 1 1 0 0 0 1 0 0 1 1 0 1 0 0 0 1 0 0 1 0 1 0 1 0 1 0 1 1 1 1 0 0 1 1 1 0 1 1 0 1 1 0 1 0 1 0 0 1 1 1 1 0 1 0 1 1 0 0 0 1 0 0 1 1 0 0 0 0 0 1 0 0 0 0 0 1 0 1 1 1 0 0 1 0 0 0 0 0 1 0 1 0 1 1 1 0 1 1 1 0 0 1 0 1 1 1 1 1 1 0 1 0 0 1 1 1 0 0 0 0 1 0 0 1 1 1 1 1 1 1 1 1 0 0 0 0 0 0 0 1 1 1 0 0 1 1 0 0 1 1 1 0 0 1 1 0 0 1 0 1 0 0 1 1 1 0 1 0 1 0 1 1 1 0 1 1 0 0 1 0 1 0 0 1 1 0 1 0 0 0 1 0 0 0 0 1 0 1 0 1 0 0 0 1 0 0 0 0 0 1 1 1 1 0 0 1 0 0 0 1 1 0 0 0 0 1 1 1 1 1 0 0