250 498 5
0 1
0 2
0 3
0 4
0 5
1 6
1 7
7 8
7 9
0 10
4 11
0 12
7 13
9 14
14 15
1 16
16 17
9 18
15 19
1 20
6 21
0 22
16 23
14 24
17 25
16 26
16 27
17 28
21 29
2 30
16 31
3 32
2 33
0 34
19 35
23 36
29 37
3 38
29 39
29 40
8 41
21 42
2 43
11 44
18 45
43 46
43 47
5 48
43 49
8 50
50 51
24 52
16 53
50 54
32 55
35 56
1 57
14 58
15 59
32 60
5 61
15 62
48 63
45 64
56 65
16 66
2 67
27 68
34 69
35 70
67 71
8 72
11 73
32 74
67 75
54 76
73 77
50 78
7 79
71 80
11 81
17 82
34 83
37 84
47 85
11 86
29 87
62 88
47 89
60 90
35 91
11 92
82 93
29 94
23 95
86 96
4 97
85 98
6 99
89 100
71 101
90 102
13 103
4 104
29 105
81 106
11 107
51 108
35 109
69 110
11 111
76 112
78 113
113 114
55 115
7 116
0 117
90 118
32 119
37 120
96 121
7 122
116 123
103 124
0 125
0 126
59 127
45 128
1 129
117 130
29 131
5 132
31 133
81 134
13 135
17 136
21 137
40 138
97 139
12 140
49 141
59 142
52 143
58 144
137 145
7 146
2 147
35 148
0 149
37 150
137 151
27 152
19 153
9 154
55 155
112 156
25 157
60 158
29 159
2 160
7 161
62 162
109 163
48 164
50 165
9 166
14 167
45 168
4 169
9 170
5 171
40 172
11 173
43 174
5 175
34 176
60 177
35 178
59 179
32 180
114 181
99 182
25 183
45 184
111 185
34 186
89 187
90 188
10 189
0 190
17 191
159 192
7 193
4 194
59 195
55 196
146 197
116 198
159 199
97 200
180 201
154 202
21 203
32 204
9 205
31 206
47 207
21 208
1 209
11 210
59 211
43 212
27 213
150 214
90 215
62 216
8 217
30 218
81 219
74 220
204 221
132 222
132 223
101 224
128 225
130 226
29 227
148 228
43 229
132 230
217 231
63 232
33 233
8 234
180 235
0 236
77 237
58 238
95 239
220 240
0 241
41 242
35 243
242 244
242 245
160 246
34 247
176 248
223 249
1 0
2 0
3 0
4 0
5 0
6 1
7 1
8 7
9 7
10 0
11 4
12 0
13 7
14 9
15 14
16 1
17 16
18 9
19 15
20 1
21 6
22 0
23 16
24 14
25 17
26 16
27 16
28 17
29 21
30 2
31 16
32 3
33 2
34 0
35 19
36 23
37 29
38 3
39 29
40 29
41 8
42 21
43 2
44 11
45 18
46 43
47 43
48 5
49 43
50 8
51 50
52 24
53 16
54 50
55 32
56 35
57 1
58 14
59 15
60 32
61 5
62 15
63 48
64 45
65 56
66 16
67 2
68 27
69 34
70 35
71 67
72 8
73 11
74 32
75 67
76 54
77 73
78 50
79 7
80 71
81 11
82 17
83 34
84 37
85 47
86 11
87 29
88 62
89 47
90 60
91 35
92 11
93 82
94 29
95 23
96 86
97 4
98 85
99 6
100 89
101 71
102 90
103 13
104 4
105 29
106 81
107 11
108 51
109 35
110 69
111 11
112 76
113 78
114 113
115 55
116 7
117 0
118 90
119 32
120 37
121 96
122 7
123 116
124 103
125 0
126 0
127 59
128 45
129 1
130 117
131 29
132 5
133 31
134 81
135 13
136 17
137 21
138 40
139 97
140 12
141 49
142 59
143 52
144 58
145 137
146 7
147 2
148 35
149 0
150 37
151 137
152 27
153 19
154 9
155 55
156 112
157 25
158 60
159 29
160 2
161 7
162 62
163 109
164 48
165 50
166 9
167 14
168 45
169 4
170 9
171 5
172 40
173 11
174 43
175 5
176 34
177 60
178 35
179 59
180 32
181 114
182 99
183 25
184 45
185 111
186 34
187 89
188 90
189 10
190 0
191 17
192 159
193 7
194 4
195 59
196 55
197 146
198 116
199 159
200 97
201 180
202 154
203 21
204 32
205 9
206 31
207 47
208 21
209 1
210 11
211 59
212 43
213 27
214 150
215 90
216 62
217 8
218 30
219 81
220 74
221 204
222 132
223 132
224 101
225 128
226 130
227 29
228 148
229 43
230 132
231 217
232 63
233 33
234 8
235 180
236 0
237 77
238 58
239 95
240 220
241 0
242 41
243 35
244 242
245 242
246 160
247 34
248 176
249 223
0 1 0 0 1 1 1 0 1 0 1 0 0 0 1 0 0 0 0 1 0 0 1 0 0 0 0 1 0 0 0 0 1 1 0 0 1 1 1 0 1 1 1 0 1 0 1 1 1 0 0 1 0 0 1 1 0 0 1 0 0 0 1 1 0 1 1 0 0 0 1 1 1 0 1 0 1 0 1 1 1 0 0 0 1 0 1 1 1 0 0 1 0 1 0 1 0 1 0 0 1 1 0 0 1 0 1 0 0 1 1 1 1 0 1 0 0 1 0 0 0 1 1 1 1 0 1 1 1 0 1 0 0 0 0 1 1 1 1 1 0 0 1 1 1 1 1 1 1 1 1 1 1 0 0 0 1 0 1 1 1 0 0 0 0 1 1 0 0 1 0 1 0 0 0 0 0 1 1 0 0 0 0 1 0 0 1 0 1 1 0 1 0 1 0 0 0 0 1 1 0 1 0 1 0 0 0 1 1 1 1 0 0 0 1 1 0 0 1 0 0 1 1 0 1 1 1 0 1 1 0 0 1 1 0 1 0 1 0 1 0 0 0 1 1 0 1 1 1 1
0 1 0 1 1 1 0 1 1 1 0 0 1 1 0 0 0 1 1 0 1 0 0 1 0 0 0 1 0 0 0 1 0 0 1 1 0 0 1 0 1 1 1 0 0 0 1 1 0 0 0 0 1 0 0 0 0 0 0 1 0 1 1 0 1 1 1 0 0 1 0 1 0 0 1 0 1 1 1 0 0 1 0 1 0 0 0 1 1 1 0 0 0 0 0 1 0 1 1 0 1 0 1 0 1 0 1 0 1 0 0 0 0 1 1 0 0 0 1 1 1 0 1 0 1 1 0 0 1 1 0 0 0 1 0 0 1 0 1 0 0 0 1 1 1 0 1 0 0 1 1 0 1 1 1 0 1 0 0 0 0 0 1 0 1 1 0 0 1 1 1 0 1 0 1 1 1 0 1 0 1 0 0 1 1 1 0 0 1 1 0 0 0 0 1 1 1 1 0 0 1 0 0 1 1 1 1 1 0 0 1 0 0 1 1 0 1 1 1 0 1 0 0 0 0 1 0 1 1 0 1 1 0 0 0 0 0 0 0 1 0 0 1 0 1 1 0 0 1 1
0 0 0 0 1 1 0 0 0 0 0 0 1 0 1 1 0 0 1 1 1 1 1 0 0 0 0 0 0 1 0 0 0 0 0 0 0 1 0 1 0 1 1 0 0 0 1 0 1 0 1 1 0 0 0 1 1 0 1 0 1 0 0 0 1 1 0 0 1 1 1 1 0 1 1 1 1 1 0 1 0 1 0 1 0 1 0 1 0 0 1 1 0 0 1 1 0 0 0 1 1 0 0 1 1 0 0 1 0 1 1 1 0 0 1 0 0 1 0 1 1 0 1 0 0 0 0 0 1 1 0 0 0 1 0 1 0 0 0 1 0 0 1 0 1 0 0 0 1 0 0 1 0 0 1 1 0 0 1 1 1 0 1 1 1 1 0 0 0 1 0 0 0 1 0 0 1 0 0 1 0 0 0 0 0 0 1 0 1 0 0 1 1 1 1 0 0 0 1 0 0 0 0 1 0 1 0 0 1 1 0 1 0 0 1 0 1 0 0 0 1 1 1 1 1 0 1 1 1 0 1 1 1 0 1 1 1 1 1 0 1 1 1 0 1 0 0 1 1 1
1 0 1 1 0 1 0 1 1 0 0 0 0 0 1 0 0 0 0 0 0 0 1 0 0 0 0 1 0 1 0 0 1 1 0 0 0 1 0 1 1 1 0 1 1 1 0 1 1 0 1 0 0 0 1 0 1 1 0 0 0 1 1 0 0 1 1 0 1 1 1 0 1 0 1 0 1 1 1 1 0 1 0 1 0 0 0 1 1 0 1 1 1 1 1 0 0 0 0 0 1 0 1 1 1 0 0 1 0 1 1 0 1 1 0 1 1 0 0 1 1 0 0 1 1 1 0 1 0 0 1 0 1 1 1 0 0 1 0 1 0 0 0 0 1 0 0 1 1 0 1 1 0 1 1 1 1 0 1 0 1 1 0 0 1 0 0 1 1 0 0 0 1 0 1 0 0 0 1 1 1 1 0 0 1 0 0 1 1 1 0 0 1 1 1 0 0 0 0 1 1 0 1 0 0 0 0 1 1 0 0 0 0 1 1 1 0 0 0 1 0 1 0 0 0 1 1 0 0 1 1 1 0 1 0 1 1 1 1 0 1 1 1 1 1 0 1 1 1 1
0 0 1 1 0 1 0 1 1 1 0 1 1 0 1 0 1 1 1 1 1 1 1 1 1 1 0 0 0 0 1 0 1 0 0 0 1 1 1 1 0 1 1 0 0 0 1 1 0 1 0 0 0 0 1 0 1 1 1 0 1 0 0 1 1 0 0 0 0 0 1 0 0 1 0 0 0 0 0 1 0 0 1 1 1 1 1 1 1 0 0 1 1 0 0 0 0 1 1 1 0 0 1 0 0 1 1 0 0 1 0 0 1 0 1 1 0 1 0 0 0 0 1 0 0 0 1 0 0 0 0 1 0 1 1 1 0 0 1 0 0 1 0 1 1 1 1 0 0 1 0 1 1 1 0 0 0 1 0 1 0 0 0 1 0 0 1 1 1 0 1 1 1 0 1 0 0 0 1 0 1 1 0 0 1 1 1 0 0 1 0 0 0 1 1 0 0 1 1 0 1 0 1 0 0 1 1 0 0 1 1 0 0 0 0 0 0 0 0 0 0 0 1 1 0 0 1 0 0 1 0 1 0 1 1 0 1 1 1 1 1 1 0 0 0 1 1 0 1 0