100 780 5
0 1
0 2
1 2
0 3
1 3
2 3
0 4
1 4
2 4
3 4
1 5
2 5
4 5
3 5
5 6
0 6
3 6
1 6
2 7
5 7
1 7
6 7
7 8
0 8
5 8
1 8
0 9
3 9
7 9
1 9
5 10
3 10
9 10
6 10
1 11
7 11
4 11
9 11
7 12
11 12
3 12
10 12
10 13
12 13
1 13
7 13
2 14
1 14
3 14
0 14
12 15
7 15
0 15
8 15
8 16
11 16
10 16
1 16
6 17
3 17
4 17
5 17
5 18
1 18
3 18
12 18
3 19
1 19
10 19
7 19
5 20
12 20
8 20
13 20
8 21
11 21
4 21
0 21
0 22
7 22
16 22
12 22
19 23
1 23
0 23
5 23
6 24
3 24
4 24
7 24
5 25
15 25
4 25
16 25
14 26
18 26
5 26
23 26
5 27
0 27
19 27
15 27
11 28
23 28
1 28
13 28
23 29
17 29
5 29
12 29
8 30
4 30
5 30
18 30
18 31
11 31
5 31
30 31
3 32
6 32
8 32
5 32
5 33
23 33
28 33
7 33
31 34
5 34
11 34
8 34
3 35
5 35
7 35
4 35
11 36
33 36
22 36
35 36
26 37
5 37
31 37
12 37
2 38
23 38
5 38
24 38
22 39
29 39
25 39
21 39
23 40
22 40
5 40
13 40
6 41
9 41
10 41
18 41
0 42
17 42
25 42
11 42
7 43
21 43
1 43
32 43
5 44
36 44
14 44
1 44
22 45
5 45
7 45
6 45
7 46
45 46
9 46
14 46
4 47
10 47
30 47
27 47
12 48
42 48
22 48
41 48
5 49
14 49
22 49
24 49
3 50
1 50
4 50
14 50
15 51
47 51
2 51
12 51
0 52
5 52
15 52
49 52
0 53
51 53
9 53
12 53
46 54
4 54
33 54
18 54
13 55
10 55
4 55
35 55
53 56
5 56
41 56
50 56
30 57
15 57
31 57
13 57
54 58
52 58
9 58
7 58
10 59
6 59
24 59
17 59
32 60
55 60
46 60
35 60
10 61
55 61
22 61
6 61
11 62
7 62
42 62
5 62
10 63
8 63
36 63
1 63
46 64
54 64
4 64
14 64
5 65
60 65
4 65
14 65
23 66
36 66
16 66
2 66
15 67
25 67
27 67
7 67
30 68
47 68
41 68
1 68
4 69
42 69
12 69
60 69
62 70
42 70
6 70
9 70
41 71
0 71
21 71
1 71
45 72
14 72
55 72
4 72
8 73
55 73
15 73
0 73
11 74
48 74
1 74
41 74
11 75
3 75
22 75
66 75
18 76
3 76
4 76
21 76
44 77
8 77
36 77
47 77
62 78
14 78
0 78
3 78
22 79
44 79
48 79
66 79
14 80
40 80
0 80
33 80
78 81
55 81
17 81
63 81
55 82
51 82
79 82
10 82
10 83
9 83
21 83
12 83
41 84
54 84
64 84
33 84
38 85
60 85
52 85
45 85
6 86
64 86
21 86
80 86
15 87
10 87
1 87
4 87
5 88
1 88
13 88
80 88
19 89
46 89
11 89
8 89
13 90
16 90
1 90
28 90
30 91
48 91
44 91
2 91
51 92
69 92
66 92
46 92
43 93
61 93
8 93
9 93
5 94
2 94
6 94
61 94
5 95
11 95
42 95
78 95
30 96
25 96
5 96
21 96
93 97
55 97
84 97
74 97
78 98
68 98
2 98
46 98
3 99
9 99
55 99
41 99
1 0
2 0
2 1
3 0
3 1
3 2
4 0
4 1
4 2
4 3
5 1
5 2
5 4
5 3
6 5
6 0
6 3
6 1
7 2
7 5
7 1
7 6
8 7
8 0
8 5
8 1
9 0
9 3
9 7
9 1
10 5
10 3
10 9
10 6
11 1
11 7
11 4
11 9
12 7
12 11
12 3
12 10
13 10
13 12
13 1
13 7
14 2
14 1
14 3
14 0
15 12
15 7
15 0
15 8
16 8
16 11
16 10
16 1
17 6
17 3
17 4
17 5
18 5
18 1
18 3
18 12
19 3
19 1
19 10
19 7
20 5
20 12
20 8
20 13
21 8
21 11
21 4
21 0
22 0
22 7
22 16
22 12
23 19
23 1
23 0
23 5
24 6
24 3
24 4
24 7
25 5
25 15
25 4
25 16
26 14
26 18
26 5
26 23
27 5
27 0
27 19
27 15
28 11
28 23
28 1
28 13
29 23
29 17
29 5
29 12
30 8
30 4
30 5
30 18
31 18
31 11
31 5
31 30
32 3
32 6
32 8
32 5
33 5
33 23
33 28
33 7
34 31
34 5
34 11
34 8
35 3
35 5
35 7
35 4
36 11
36 33
36 22
36 35
37 26
37 5
37 31
37 12
38 2
38 23
38 5
38 24
39 22
39 29
39 25
39 21
40 23
40 22
40 5
40 13
41 6
41 9
41 10
41 18
42 0
42 17
42 25
42 11
43 7
43 21
43 1
43 32
44 5
44 36
44 14
44 1
45 22
45 5
45 7
45 6
46 7
46 45
46 9
46 14
47 4
47 10
47 30
47 27
48 12
48 42
48 22
48 41
49 5
49 14
49 22
49 24
50 3
50 1
50 4
50 14
51 15
51 47
51 2
51 12
52 0
52 5
52 15
52 49
53 0
53 51
53 9
53 12
54 46
54 4
54 33
54 18
55 13
55 10
55 4
55 35
56 53
56 5
56 41
56 50
57 30
57 15
57 31
57 13
58 54
58 52
58 9
58 7
59 10
59 6
59 24
59 17
60 32
60 55
60 46
60 35
61 10
61 55
61 22
61 6
62 11
62 7
62 42
62 5
63 10
63 8
63 36
63 1
64 46
64 54
64 4
64 14
65 5
65 60
65 4
65 14
66 23
66 36
66 16
66 2
67 15
67 25
67 27
67 7
68 30
68 47
68 41
68 1
69 4
69 42
69 12
69 60
70 62
70 42
70 6
70 9
71 41
71 0
71 21
71 1
72 45
72 14
72 55
72 4
73 8
73 55
73 15
73 0
74 11
74 48
74 1
74 41
75 11
75 3
75 22
75 66
76 18
76 3
76 4
76 21
77 44
77 8
77 36
77 47
78 62
78 14
78 0
78 3
79 22
79 44
79 48
79 66
80 14
80 40
80 0
80 33
81 78
81 55
81 17
81 63
82 55
82 51
82 79
82 10
83 10
83 9
83 21
83 12
84 41
84 54
84 64
84 33
85 38
85 60
85 52
85 45
86 6
86 64
86 21
86 80
87 15
87 10
87 1
87 4
88 5
88 1
88 13
88 80
89 19
89 46
89 11
89 8
90 13
90 16
90 1
90 28
91 30
91 48
91 44
91 2
92 51
92 69
92 66
92 46
93 43
93 61
93 8
93 9
94 5
94 2
94 6
94 61
95 5
95 11
95 42
95 78
96 30
96 25
96 5
96 21
97 93
97 55
97 84
97 74
98 78
98 68
98 2
98 46
99 3
99 9
99 55
99 41
1 0 0 1 0 1 0 1 1 1 1 0 1 0 1 0 1 1 1 0 0 0 0 0 0 0 1 0 1 0 0 0 1 0 0 1 1 0 1 0 0 1 1 0 1 0 0 0 1 0 1 1 0 0 0 1 0 0 1 0 0 0 1 1 1 1 0 1 1 0 0 0 0 1 0 1 0 1 1 1 0 1 0 1 1 1 1 0 1 1 0 1 1 0 1 1 0 0 0 1
0 1 0 0 1 1 0 0 1 0 1 0 0 1 0 0 0 1 0 0 1 0 1 1 1 0 0 0 0 1 0 1 0 0 0 1 1 0 1 0 1 1 1 1 0 1 1 0 1 1 1 1 1 0 0 1 0 1 1 1 0 0 1 0 0 1 0 1 1 0 1 0 1 0 1 0 0 0 1 1 0 0 1 1 1 1 0 1 1 0 0 0 0 1 1 1 0 0 0 1
1 1 0 0 0 1 1 1 0 0 0 1 0 0 0 0 0 0 1 1 0 0 0 0 0 1 0 0 1 0 1 0 0 1 1 0 1 1 0 0 0 1 0 0 0 0 0 0 0 1 0 1 0 1 1 0 0 1 0 0 1 0 0 0 1 0 1 1 1 0 1 0 1 1 1 1 0 0 0 1 1 1 0 1 1 1 1 0 0 1 1 0 1 1 1 1 0 1 1 1
0 1 0 1 0 0 0 1 1 1 0 0 1 1 1 1 0 1 1 0 1 1 0 1 0 1 1 1 0 1 1 0 1 0 1 0 1 0 0 1 1 0 1 1 1 1 1 1 1 0 0 1 1 1 1 1 1 0 0 0 1 1 1 1 0 1 0 0 1 0 1 1 0 1 0 1 1 1 1 1 0 0 0 0 0 1 1 0 1 1 1 1 0 0 1 0 0 0 1 1
1 1 1 1 0 1 0 1 0 1 0 1 0 1 0 0 0 1 0 1 0 1 0 0 1 0 0 1 0 1 1 1 0 0 1 0 1 1 1 0 1 0 0 0 1 0 1 0 1 1 0 0 0 1 1 1 1 1 1 0 1 0 0 1 0 1 1 0 1 0 0 1 0 0 1 1 1 1 1 1 1 1 0 0 0 1 1 1 0 0 0 0 0 0 1 0 0 0 0 0