50 98 5
0 1
1 2
1 3
2 4
2 5
3 6
1 7
2 8
8 9
7 10
8 11
2 12
1 13
2 14
9 15
14 16
10 17
2 18
2 19
10 20
4 21
12 22
8 23
11 24
11 25
2 26
10 27
2 28
3 29
22 30
11 31
8 32
13 33
2 34
30 35
24 36
2 37
30 38
2 39
24 40
24 41
30 42
2 43
25 44
11 45
23 46
8 47
45 48
17 49
1 0
2 1
3 1
4 2
5 2
6 3
7 1
8 2
9 8
10 7
11 8
12 2
13 1
14 2
15 9
16 14
17 10
18 2
19 2
20 10
21 4
22 12
23 8
24 11
25 11
26 2
27 10
28 2
29 3
30 22
31 11
32 8
33 13
34 2
35 30
36 24
37 2
38 30
39 2
40 24
41 24
42 30
43 2
44 25
45 11
46 23
47 8
48 45
49 17
1 0 0 1 1 1 0 0 1 1 1 0 0 1 0 1 1 0 1 1 1 1 0 1 0 0 1 1 0 0 1 0 1 1 0 1 0 0 0 1 0 0 1 1 1 1 0 1 1 0
0 0 1 0 1 0 1 0 1 1 0 1 1 1 0 0 0 0 1 1 1 0 0 0 1 1 0 0 0 1 1 0 1 1 0 0 1 0 1 0 0 0 0 0 0 0 0 0 0 0
1 1 0 1 0 1 1 1 1 1 1 1 1 0 0 0 1 1 1 1 1 0 1 1 1 1 0 0 1 1 0 0 1 0 0 0 1 0 1 1 1 0 1 1 0 1 1 1 1 1
1 0 0 1 0 0 1 0 0 1 1 1 0 0 0 0 0 1 1 0 1 0 1 1 1 0 1 1 0 1 1 0 0 1 0 0 1 0 0 0 1 1 1 1 1 1 0 0 1 0
1 0 1 0 1 0 0 1 1 1 1 0 1 0 0 1 0 1 0 0 1 1 1 0 1 0 1 0 0 1 1 1 1 1 1 0 1 1 1 1 0 1 0 1 1 0 1 1 0 0