100 390 5
0 1
0 2
1 2
0 3
1 3
2 3
0 4
1 4
2 4
3 4
1 5
4 5
2 5
3 5
3 6
2 6
4 6
1 6
2 7
5 7
4 7
3 7
1 8
5 8
3 8
2 8
2 9
8 9
4 9
5 9
2 10
5 10
4 10
6 10
10 11
5 11
7 11
9 11
2 12
11 12
0 12
3 12
5 13
3 13
2 13
4 13
5 14
1 14
7 14
9 14
14 15
1 15
2 15
4 15
9 16
13 16
0 16
2 16
13 17
4 17
16 17
2 17
9 18
0 18
15 18
2 18
13 19
7 19
17 19
15 19
2 20
6 20
5 20
0 20
13 21
5 21
4 21
16 21
13 22
19 22
4 22
5 22
17 23
21 23
22 23
11 23
8 24
10 24
21 24
9 24
6 25
2 25
21 25
5 25
15 26
23 26
1 26
18 26
8 27
1 27
22 27
15 27
9 28
17 28
7 28
10 28
4 29
24 29
5 29
22 29
16 30
28 30
5 30
20 30
17 31
30 31
7 31
24 31
17 32
29 32
16 32
4 32
4 33
1 33
6 33
21 33
14 34
17 34
31 34
15 34
7 35
14 35
21 35
2 35
14 36
23 36
16 36
13 36
11 37
29 37
26 37
36 37
24 38
6 38
7 38
2 38
32 39
4 39
37 39
17 39
28 40
33 40
5 40
6 40
3 41
15 41
28 41
24 41
37 42
41 42
3 42
30 42
15 43
5 43
7 43
11 43
29 44
34 44
20 44
7 44
2 45
9 45
33 45
30 45
20 46
19 46
5 46
1 46
46 47
1 47
18 47
41 47
10 48
28 48
46 48
5 48
6 49
13 49
14 49
31 49
1 50
39 50
13 50
49 50
3 51
2 51
46 51
8 51
43 52
24 52
47 52
22 52
37 53
20 53
1 53
33 53
37 54
35 54
10 54
5 54
2 55
31 55
5 55
19 55
35 56
30 56
50 56
3 56
6 57
50 57
1 57
13 57
30 58
6 58
14 58
37 58
5 59
44 59
29 59
21 59
38 60
4 60
45 60
11 60
33 61
6 61
2 61
3 61
41 62
50 62
46 62
2 62
51 63
5 63
46 63
30 63
53 64
51 64
13 64
2 64
37 65
4 65
17 65
26 65
25 66
9 66
4 66
11 66
45 67
3 67
5 67
37 67
43 68
22 68
28 68
7 68
36 69
19 69
1 69
49 69
8 70
21 70
32 70
15 70
53 71
1 71
4 71
9 71
10 72
43 72
24 72
46 72
35 73
7 73
20 73
19 73
61 74
17 74
38 74
70 74
27 75
11 75
25 75
6 75
67 76
5 76
55 76
42 76
41 77
30 77
36 77
38 77
67 78
30 78
59 78
15 78
1 79
5 79
16 79
31 79
75 80
18 80
32 80
4 80
73 81
9 81
21 81
20 81
41 82
78 82
5 82
27 82
64 83
78 83
27 83
80 83
2 84
55 84
11 84
46 84
69 85
84 85
77 85
3 85
57 86
9 86
4 86
36 86
28 87
48 87
5 87
76 87
83 88
9 88
10 88
51 88
3 89
34 89
76 89
15 89
5 90
26 90
36 90
31 90
10 91
6 91
2 91
1 91
85 92
45 92
36 92
28 92
78 93
31 93
27 93
4 93
10 94
13 94
33 94
15 94
0 95
2 95
7 95
37 95
73 96
5 96
47 96
38 96
27 97
74 97
94 97
52 97
50 98
84 98
68 98
78 98
32 99
44 99
62 99
94 99
1 1 1 1 0 0 1 1 1 1 1 0 1 1 0 1 0 0 0 0 1 0 0 1 0 1 1 1 0 1 0 1 1 0 1 1 0 0 1 1 1 1 1 1 0 0 1 1 1 1 0 0 1 1 0 0 0 1 0 0 0 1 1 1 1 0 1 0 0 0 1 0 0 0 0 0 0 1 1 0 0 1 0 0 1 0 1 1 1 1 1 1 1 1 0 1 1 0 0 1
0 1 1 0 0 0 1 0 1 1 0 1 1 0 0 1 0 1 0 0 1 1 0 1 0 1 0 1 1 0 0 0 1 1 0 0 1 1 1 1 0 0 0 1 1 0 0 0 1 1 0 1 1 0 0 1 0 1 1 1 0 1 1 1 1 1 0 1 0 1 0 0 1 0 0 1 0 0 1 0 1 0 0 1 1 1 0 1 0 0 0 0 1 1 1 1 1 0 1 1
1 0 0 0 0 0 0 1 1 0 1 0 1 0 1 1 0 0 0 0 1 0 1 0 0 1 1 0 0 0 1 0 1 1 1 1 0 0 0 1 0 1 1 1 1 0 1 0 0 1 1 0 0 1 1 0 0 1 1 0 0 1 0 0 1 1 0 1 0 0 0 0 0 0 0 1 1 0 1 1 0 1 1 1 1 0 0 0 1 0 1 1 0 0 1 1 1 1 0 0
1 0 0 1 0 1 0 1 0 0 1 0 0 1 0 0 0 1 0 1 0 1 1 0 0 0 1 0 1 1 0 1 1 1 0 0 0 0 0 1 1 0 0 0 0 1 0 1 0 1 0 0 1 0 0 0 0 1 1 0 1 1 1 1 1 1 1 0 0 0 0 1 1 0 1 1 0 0 1 0 0 1 0 1 1 1 0 0 0 1 0 1 0 0 1 1 1 0 1 0
1 1 0 1 1 0 1 0 0 0 1 1 0 1 1 1 1 0 0 0 0 1 0 1 0 0 0 0 1 1 0 1 0 0 1 1 0 1 0 1 0 1 0 1 1 1 1 0 0 0 0 0 1 1 0 1 0 0 0 0 0 1 1 0 0 1 0 0 0 1 1 0 1 0 0 1 0 0 1 0 1 0 1 1 1 1 1 1 0 1 0 0 1 1 0 1 1 0 0 0