100 588 5
0 1
0 2
1 2
0 3
1 3
2 3
1 4
3 4
2 4
0 5
2 5
1 5
2 6
0 6
5 6
2 7
6 7
1 7
0 8
2 8
6 8
7 9
5 9
1 9
8 10
5 10
6 10
0 11
5 11
1 11
5 12
7 12
0 12
1 13
9 13
8 13
12 14
2 14
9 14
13 15
4 15
14 15
1 16
3 16
7 16
5 17
16 17
4 17
4 18
8 18
1 18
1 19
12 19
4 19
14 20
13 20
6 20
6 21
12 21
15 21
12 22
5 22
7 22
11 23
6 23
9 23
18 24
6 24
1 24
11 25
1 25
2 25
3 26
5 26
16 26
1 27
6 27
3 27
1 28
2 28
6 28
11 29
0 29
10 29
12 30
5 30
3 30
5 31
8 31
27 31
6 32
13 32
5 32
0 33
3 33
6 33
14 34
13 34
16 34
22 35
2 35
34 35
19 36
11 36
34 36
22 37
0 37
6 37
5 38
37 38
3 38
24 39
0 39
32 39
7 40
9 40
11 40
2 41
4 41
11 41
27 42
39 42
24 42
20 43
2 43
3 43
0 44
24 44
36 44
27 45
2 45
33 45
35 46
6 46
1 46
20 47
4 47
6 47
8 48
39 48
4 48
1 49
8 49
46 49
18 50
40 50
36 50
11 51
30 51
4 51
17 52
12 52
9 52
27 53
12 53
24 53
20 54
2 54
16 54
13 55
38 55
1 55
10 56
0 56
29 56
5 57
4 57
7 57
2 58
7 58
6 58
27 59
4 59
11 59
26 60
57 60
44 60
28 61
13 61
21 61
30 62
59 62
3 62
39 63
3 63
18 63
12 64
8 64
6 64
35 65
7 65
0 65
13 66
62 66
36 66
25 67
66 67
9 67
1 68
4 68
11 68
65 69
1 69
32 69
61 70
66 70
6 70
32 71
68 71
7 71
4 72
28 72
39 72
13 73
4 73
11 73
46 74
6 74
5 74
53 75
6 75
2 75
14 76
60 76
64 76
11 77
0 77
13 77
60 78
6 78
57 78
48 79
78 79
32 79
11 80
13 80
48 80
2 81
4 81
6 81
2 82
28 82
78 82
53 83
34 83
39 83
10 84
21 84
33 84
49 85
34 85
24 85
28 86
15 86
10 86
11 87
38 87
2 87
5 88
0 88
45 88
32 89
5 89
14 89
43 90
29 90
40 90
11 91
47 91
43 91
61 92
0 92
81 92
78 93
25 93
13 93
2 94
54 94
63 94
11 95
5 95
0 95
26 96
11 96
0 96
9 97
84 97
7 97
40 98
70 98
25 98
78 99
5 99
8 99
1 0
2 0
2 1
3 0
3 1
3 2
4 1
4 3
4 2
5 0
5 2
5 1
6 2
6 0
6 5
7 2
7 6
7 1
8 0
8 2
8 6
9 7
9 5
9 1
10 8
10 5
10 6
11 0
11 5
11 1
12 5
12 7
12 0
13 1
13 9
13 8
14 12
14 2
14 9
15 13
15 4
15 14
16 1
16 3
16 7
17 5
17 16
17 4
18 4
18 8
18 1
19 1
19 12
19 4
20 14
20 13
20 6
21 6
21 12
21 15
22 12
22 5
22 7
23 11
23 6
23 9
24 18
24 6
24 1
25 11
25 1
25 2
26 3
26 5
26 16
27 1
27 6
27 3
28 1
28 2
28 6
29 11
29 0
29 10
30 12
30 5
30 3
31 5
31 8
31 27
32 6
32 13
32 5
33 0
33 3
33 6
34 14
34 13
34 16
35 22
35 2
35 34
36 19
36 11
36 34
37 22
37 0
37 6
38 5
38 37
38 3
39 24
39 0
39 32
40 7
40 9
40 11
41 2
41 4
41 11
42 27
42 39
42 24
43 20
43 2
43 3
44 0
44 24
44 36
45 27
45 2
45 33
46 35
46 6
46 1
47 20
47 4
47 6
48 8
48 39
48 4
49 1
49 8
49 46
50 18
50 40
50 36
51 11
51 30
51 4
52 17
52 12
52 9
53 27
53 12
53 24
54 20
54 2
54 16
55 13
55 38
55 1
56 10
56 0
56 29
57 5
57 4
57 7
58 2
58 7
58 6
59 27
59 4
59 11
60 26
60 57
60 44
61 28
61 13
61 21
62 30
62 59
62 3
63 39
63 3
63 18
64 12
64 8
64 6
65 35
65 7
65 0
66 13
66 62
66 36
67 25
67 66
67 9
68 1
68 4
68 11
69 65
69 1
69 32
70 61
70 66
70 6
71 32
71 68
71 7
72 4
72 28
72 39
73 13
73 4
73 11
74 46
74 6
74 5
75 53
75 6
75 2
76 14
76 60
76 64
77 11
77 0
77 13
78 60
78 6
78 57
79 48
79 78
79 32
80 11
80 13
80 48
81 2
81 4
81 6
82 2
82 28
82 78
83 53
83 34
83 39
84 10
84 21
84 33
85 49
85 34
85 24
86 28
86 15
86 10
87 11
87 38
87 2
88 5
88 0
88 45
89 32
89 5
89 14
90 43
90 29
90 40
91 11
91 47
91 43
92 61
92 0
92 81
93 78
93 25
93 13
94 2
94 54
94 63
95 11
95 5
95 0
96 26
96 11
96 0
97 9
97 84
97 7
98 40
98 70
98 25
99 78
99 5
99 8
1 0 0 0 0 0 0 1 1 1 1 1 0 1 0 0 0 1 0 0 0 0 1 1 0 1 1 0 0 1 1 0 1 0 1 1 1 1 0 1 0 0 1 0 1 0 1 1 0 1 0 1 1 1 0 1 0 0 0 1 1 1 0 0 0 0 0 0 1 1 1 0 1 1 1 0 1 1 0 1 0 1 1 1 0 0 1 1 1 0 0 0 1 1 0 0 1 1 0 1
1 0 1 0 0 0 0 1 1 1 1 1 0 0 0 1 1 1 0 1 0 1 0 0 1 1 1 0 1 0 1 1 0 0 0 0 0 0 1 0 0 1 0 1 0 1 0 0 1 1 0 1 1 0 1 1 1 1 0 1 0 0 1 1 1 1 1 1 1 0 0 0 0 1 0 1 1 0 0 1 0 1 0 0 0 1 1 0 0 0 0 1 1 1 1 1 1 1 0 0
1 1 0 1 0 0 1 0 0 1 1 0 1 0 0 1 1 0 0 1 1 0 0 1 0 0 1 1 1 0 1 0 0 0 1 1 0 1 1 1 1 1 0 1 0 0 0 0 1 1 0 0 0 0 0 1 0 0 0 1 0 1 1 0 0 0 1 1 0 0 1 1 0 1 0 1 1 0 0 0 1 0 1 1 0 1 0 1 0 1 0 0 1 0 0 0 1 1 0 1
1 1 1 0 0 0 1 0 1 0 0 0 1 0 1 1 1 0 1 0 1 1 0 1 0 1 0 0 1 0 0 1 0 0 1 0 1 1 1 1 0 0 0 0 0 1 0 0 1 0 0 1 0 1 1 1 1 0 1 0 1 0 0 1 0 1 0 1 1 0 1 1 1 0 1 0 1 0 1 0 1 0 1 0 0 1 1 0 0 0 0 0 0 0 1 0 1 0 0 1
0 0 1 0 1 1 0 0 0 0 1 0 0 0 0 1 1 0 1 1 0 1 1 1 1 0 0 1 0 1 0 1 1 1 1 0 0 0 1 1 0 0 0 0 1 0 1 0 1 1 1 0 1 1 0 0 1 1 0 0 1 0 1 1 1 1 1 0 0 0 1 0 0 1 1 0 1 0 1 0 1 0 0 1 1 1 1 1 0 1 0 0 1 0 1 0 0 0 1 0