100 394 5
0 1
0 2
1 2
2 3
0 3
2 4
0 4
3 5
0 5
0 6
2 6
2 7
4 7
3 8
2 8
3 9
2 9
0 10
8 10
3 11
1 11
0 12
4 12
3 13
0 13
11 14
13 14
0 15
12 15
8 16
5 16
7 17
9 17
0 18
7 18
0 19
15 19
2 20
5 20
13 21
3 21
9 22
16 22
0 23
12 23
20 24
12 24
3 25
12 25
5 26
22 26
26 27
0 27
26 28
16 28
8 29
0 29
8 30
14 30
28 31
19 31
17 32
13 32
2 33
12 33
0 34
32 34
11 35
0 35
11 36
13 36
14 37
6 37
4 38
34 38
23 39
2 39
6 40
3 40
0 41
38 41
4 42
12 42
3 43
6 43
38 44
25 44
8 45
16 45
23 46
33 46
37 47
0 47
5 48
8 48
30 49
22 49
28 50
4 50
18 51
31 51
5 52
8 52
49 53
24 53
39 54
0 54
28 55
8 55
33 56
48 56
2 57
43 57
7 58
3 58
8 59
4 59
55 60
35 60
12 61
0 61
12 62
40 62
46 63
58 63
37 64
56 64
3 65
32 65
0 66
34 66
65 67
37 67
40 68
4 68
11 69
22 69
28 70
7 70
48 71
35 71
0 72
12 72
35 73
41 73
12 74
4 74
2 75
3 75
59 76
35 76
23 77
8 77
40 78
34 78
7 79
68 79
5 80
4 80
23 81
2 81
4 82
1 82
63 83
35 83
59 84
40 84
19 85
47 85
45 86
42 86
33 87
7 87
84 88
0 88
2 89
27 89
52 90
33 90
40 91
32 91
41 92
23 92
17 93
38 93
13 94
0 94
76 95
14 95
5 96
69 96
38 97
8 97
4 98
19 98
60 99
49 99
1 0
2 0
2 1
3 2
3 0
4 2
4 0
5 3
5 0
6 0
6 2
7 2
7 4
8 3
8 2
9 3
9 2
10 0
10 8
11 3
11 1
12 0
12 4
13 3
13 0
14 11
14 13
15 0
15 12
16 8
16 5
17 7
17 9
18 0
18 7
19 0
19 15
20 2
20 5
21 13
21 3
22 9
22 16
23 0
23 12
24 20
24 12
25 3
25 12
26 5
26 22
27 26
27 0
28 26
28 16
29 8
29 0
30 8
30 14
31 28
31 19
32 17
32 13
33 2
33 12
34 0
34 32
35 11
35 0
36 11
36 13
37 14
37 6
38 4
38 34
39 23
39 2
40 6
40 3
41 0
41 38
42 4
42 12
43 3
43 6
44 38
44 25
45 8
45 16
46 23
46 33
47 37
47 0
48 5
48 8
49 30
49 22
50 28
50 4
51 18
51 31
52 5
52 8
53 49
53 24
54 39
54 0
55 28
55 8
56 33
56 48
57 2
57 43
58 7
58 3
59 8
59 4
60 55
60 35
61 12
61 0
62 12
62 40
63 46
63 58
64 37
64 56
65 3
65 32
66 0
66 34
67 65
67 37
68 40
68 4
69 11
69 22
70 28
70 7
71 48
71 35
72 0
72 12
73 35
73 41
74 12
74 4
75 2
75 3
76 59
76 35
77 23
77 8
78 40
78 34
79 7
79 68
80 5
80 4
81 23
81 2
82 4
82 1
83 63
83 35
84 59
84 40
85 19
85 47
86 45
86 42
87 33
87 7
88 84
88 0
89 2
89 27
90 52
90 33
91 40
91 32
92 41
92 23
93 17
93 38
94 13
94 0
95 76
95 14
96 5
96 69
97 38
97 8
98 4
98 19
99 60
99 49
1 0 0 1 1 1 1 0 0 1 0 1 1 0 0 0 0 1 0 1 1 1 1 1 0 0 0 0 1 0 0 1 0 1 1 1 0 0 0 0 1 1 0 1 1 0 0 0 1 1 1 0 0 0 1 1 0 0 1 1 0 1 1 1 1 1 1 0 0 1 0 1 0 1 1 1 1 0 0 1 0 1 0 1 1 1 1 1 0 1 1 0 0 0 0 0 0 1 1 1
0 1 0 1 0 0 0 0 0 1 1 1 1 0 0 0 1 1 1 0 0 0 0 0 1 1 1 0 0 1 0 0 0 1 1 1 0 0 1 1 1 0 0 1 0 0 1 1 1 0 0 0 1 0 0 1 1 1 0 0 0 0 1 0 1 0 0 0 0 0 0 0 1 1 0 1 1 1 0 0 1 0 0 1 1 1 1 1 0 1 0 0 1 1 1 1 1 0 1 0
1 0 1 0 1 1 0 1 1 1 1 1 0 0 1 0 0 0 0 1 1 0 0 1 1 0 1 0 1 0 1 0 1 0 1 1 0 0 0 0 0 0 0 0 1 0 0 1 1 0 1 1 1 1 1 0 1 1 0 1 1 1 0 1 0 0 0 0 0 1 0 0 0 0 1 1 0 1 1 1 1 1 0 1 0 0 1 1 0 1 1 0 1 0 1 0 0 0 0 1
1 0 0 1 0 1 0 1 1 0 0 1 0 0 1 1 0 1 0 1 1 1 1 1 0 0 0 1 0 0 1 1 1 1 1 1 0 0 1 1 0 0 0 0 0 0 1 1 1 1 0 1 0 0 0 0 1 1 0 1 1 1 1 0 0 1 1 0 0 1 0 0 1 1 0 1 1 1 0 1 1 1 0 0 1 1 1 1 1 1 1 1 0 1 1 1 1 0 1 0
0 1 0 0 1 1 1 0 1 1 1 1 0 0 0 0 1 1 1 1 1 0 1 0 1 0 0 1 0 0 0 0 1 0 1 1 0 0 1 1 0 0 0 0 0 0 0 1 1 1 0 0 0 0 0 0 0 1 0 1 0 0 1 0 0 0 1 0 1 1 1 0 0 0 0 1 0 1 0 1 1 0 1 0 0 0 1 1 0 1 0 0 1 1 1 1 1 0 1 1