100 394 5
0 1
0 2
1 2
2 3
0 3
0 4
2 4
3 5
4 5
3 6
2 6
4 7
2 7
0 8
1 8
4 9
2 9
9 10
2 10
4 11
1 11
1 12
0 12
10 13
3 13
8 14
1 14
2 15
6 15
3 16
10 16
10 17
0 17
13 18
16 18
2 19
0 19
4 20
13 20
16 21
1 21
7 22
4 22
15 23
10 23
0 24
13 24
13 25
4 25
7 26
13 26
17 27
11 27
13 28
2 28
6 29
11 29
14 30
28 30
1 31
26 31
10 32
11 32
7 33
0 33
11 34
4 34
1 35
3 35
23 36
11 36
29 37
10 37
34 38
31 38
0 39
5 39
23 40
13 40
8 41
5 41
28 42
27 42
15 43
23 43
41 44
10 44
1 45
0 45
10 46
19 46
7 47
2 47
13 48
1 48
16 49
12 49
27 50
20 50
4 51
0 51
23 52
38 52
39 53
9 53
13 54
9 54
39 55
3 55
31 56
10 56
24 57
4 57
38 58
7 58
54 59
27 59
2 60
54 60
55 61
16 61
11 62
56 62
46 63
13 63
9 64
10 64
16 65
59 65
3 66
1 66
8 67
3 67
40 68
39 68
58 69
41 69
3 70
43 70
1 71
5 71
29 72
43 72
4 73
43 73
71 74
49 74
17 75
6 75
11 76
54 76
11 77
67 77
8 78
2 78
39 79
44 79
38 80
10 80
24 81
11 81
34 82
49 82
10 83
41 83
15 84
42 84
24 85
13 85
58 86
8 86
19 87
28 87
1 88
78 88
16 89
0 89
70 90
27 90
11 91
56 91
10 92
3 92
19 93
33 93
41 94
63 94
8 95
41 95
59 96
93 96
10 97
80 97
20 98
36 98
33 99
11 99
1 0
2 0
2 1
3 2
3 0
4 0
4 2
5 3
5 4
6 3
6 2
7 4
7 2
8 0
8 1
9 4
9 2
10 9
10 2
11 4
11 1
12 1
12 0
13 10
13 3
14 8
14 1
15 2
15 6
16 3
16 10
17 10
17 0
18 13
18 16
19 2
19 0
20 4
20 13
21 16
21 1
22 7
22 4
23 15
23 10
24 0
24 13
25 13
25 4
26 7
26 13
27 17
27 11
28 13
28 2
29 6
29 11
30 14
30 28
31 1
31 26
32 10
32 11
33 7
33 0
34 11
34 4
35 1
35 3
36 23
36 11
37 29
37 10
38 34
38 31
39 0
39 5
40 23
40 13
41 8
41 5
42 28
42 27
43 15
43 23
44 41
44 10
45 1
45 0
46 10
46 19
47 7
47 2
48 13
48 1
49 16
49 12
50 27
50 20
51 4
51 0
52 23
52 38
53 39
53 9
54 13
54 9
55 39
55 3
56 31
56 10
57 24
57 4
58 38
58 7
59 54
59 27
60 2
60 54
61 55
61 16
62 11
62 56
63 46
63 13
64 9
64 10
65 16
65 59
66 3
66 1
67 8
67 3
68 40
68 39
69 58
69 41
70 3
70 43
71 1
71 5
72 29
72 43
73 4
73 43
74 71
74 49
75 17
75 6
76 11
76 54
77 11
77 67
78 8
78 2
79 39
79 44
80 38
80 10
81 24
81 11
82 34
82 49
83 10
83 41
84 15
84 42
85 24
85 13
86 58
86 8
87 19
87 28
88 1
88 78
89 16
89 0
90 70
90 27
91 11
91 56
92 10
92 3
93 19
93 33
94 41
94 63
95 8
95 41
96 59
96 93
97 10
97 80
98 20
98 36
99 33
99 11
1 1 1 1 1 1 0 1 0 0 0 1 0 0 0 0 0 1 0 0 1 1 0 1 1 0 1 0 0 1 0 0 1 0 1 1 1 1 1 0 0 1 1 1 1 1 1 0 1 0 0 1 0 1 1 1 0 1 1 1 1 1 0 0 0 1 0 0 1 1 1 1 1 1 0 0 0 1 0 0 1 1 1 0 1 1 0 0 0 0 0 0 0 1 1 0 1 1 0 0
1 0 0 1 0 0 0 0 0 0 1 1 1 0 0 0 1 0 0 0 0 1 0 0 0 0 1 0 1 1 0 0 0 0 0 0 1 0 1 0 0 0 0 0 0 0 0 1 0 0 1 1 1 0 1 0 1 0 0 0 1 0 1 0 1 0 1 0 0 0 1 0 1 0 0 1 0 1 0 1 0 1 1 0 1 0 1 0 0 1 1 0 0 1 1 1 1 1 1 0
1 0 1 0 1 1 1 1 0 1 0 1 1 0 0 1 0 1 0 1 0 0 0 0 0 1 1 0 1 1 1 0 0 1 1 0 1 1 0 1 1 1 1 0 0 1 0 0 1 0 0 1 0 0 0 0 0 1 1 1 0 1 1 1 1 1 0 1 0 1 1 0 1 1 1 1 1 0 0 0 1 0 1 0 0 0 0 0 1 0 0 0 0 1 1 1 1 0 1 0
1 1 1 0 1 1 0 0 1 0 1 1 1 1 0 1 0 0 1 0 1 1 0 1 1 1 0 0 0 1 0 0 1 1 1 1 1 1 1 0 0 1 0 0 1 1 1 1 0 1 0 1 1 0 1 1 1 0 1 0 0 0 1 0 1 1 0 0 0 0 1 1 0 1 0 0 1 1 1 1 0 0 1 0 0 0 1 0 1 1 0 1 1 0 1 0 0 0 1 0
1 1 0 1 1 1 1 1 1 1 0 0 1 1 1 1 1 0 1 0 1 1 0 1 1 0 1 0 1 0 1 0 1 1 1 0 0 0 0 1 0 0 0 0 1 1 1 0 1 0 1 0 0 1 1 0 0 1 0 0 0 0 0 1 1 0 0 0 1 1 1 0 0 0 1 1 0 0 1 0 0 0 1 1 1 1 0 1 0 0 1 0 1 1 0 1 0 0 1 0