100 390 5
0 1 0 1 1 1 0 1 0 0 1 1 0 1 0 1 1 1 1 1 1 1 1 1 1 1 1 0 0 0 1 1 0 1 0 0 1 0 0 0 1 0 0 0 0 0 0 1 1 1 0 1 0 1 1 1 1 0 1 0 1 0 1 1 1 0 0 0 1 0 1 0 0 0 1 1 0 0 0 1 1 0 0 1 1 1 0 1 0 0 1 1 0 0 0 1 0 0 0 0
0 0 1 0 0 0 0 0 0 0 0 0 1 0 0 0 1 0 0 0 0 1 0 1 1 0 0 1 1 0 1 1 1 1 0 1 0 0 1 0 1 0 0 0 1 1 1 1 0 1 0 1 0 0 1 0 0 0 1 0 0 0 1 1 1 0 1 1 0 1 1 1 1 1 1 0 0 1 0 0 0 0 0 1 0 0 0 0 1 1 0 1 0 1 1 0 1 0 1 1
0 0 0 0 0 1 1 0 0 0 1 0 0 1 0 0 1 1 0 0 1 0 0 1 1 0 0 1 1 0 1 0 0 1 0 1 1 0 0 0 1 1 0 1 0 0 0 1 0 0 1 1 1 0 1 1 1 1 0 1 1 0 1 0 0 1 1 0 0 1 1 0 1 0 1 0 0 1 0 1 1 1 0 1 0 1 1 0 1 0 1 0 0 1 0 0 1 1 0 1
0 1 1 1 0 0 1 1 1 0 1 0 1 1 0 0 1 1 1 0 0 1 1 0 1 1 1 1 0 1 1 1 1 0 1 0 0 0 0 0 0 1 0 1 0 0 0 1 0 1 1 0 0 1 0 1 0 1 1 1 0 0 0 1 1 1 1 1 0 1 0 0 0 1 0 0 1 1 1 1 1 1 0 0 0 1 0 0 1 1 1 0 1 1 1 0 0 1 1 0
1 1 0 1 1 1 1 0 1 1 1 1 0 0 1 0 1 0 1 1 0 1 0 0 1 0 0 0 0 1 1 1 0 0 0 0 0 0 1 1 0 1 1 0 0 0 1 1 1 0 1 1 1 1 1 1 1 1 0 0 1 0 0 1 1 0 1 0 1 1 1 0 0 1 0 1 1 1 0 0 0 1 0 1 0 1 0 1 0 0 0 1 0 0 1 0 0 0 0 0
0 1
0 2
1 2
0 3
1 3
2 3
0 4
1 4
2 4
3 4
3 5
0 5
1 5
2 5
5 6
1 6
3 6
0 6
1 7
5 7
4 7
6 7
4 8
0 8
7 8
5 8
8 9
1 9
0 9
3 9
1 10
0 10
5 10
8 10
8 11
4 11
2 11
0 11
3 12
1 12
8 12
5 12
2 13
0 13
12 13
6 13
11 14
12 14
4 14
9 14
10 15
0 15
11 15
7 15
9 16
6 16
4 16
11 16
12 17
8 17
5 17
0 17
17 18
1 18
10 18
3 18
1 19
11 19
17 19
7 19
6 20
12 20
13 20
19 20
5 21
11 21
9 21
12 21
10 22
6 22
5 22
9 22
10 23
3 23
0 23
9 23
9 24
10 24
15 24
0 24
6 25
0 25
1 25
5 25
3 26
10 26
20 26
25 26
9 27
5 27
8 27
12 27
9 28
4 28
25 28
21 28
26 29
5 29
1 29
3 29
12 30
7 30
0 30
5 30
11 31
25 31
10 31
0 31
3 32
27 32
9 32
5 32
12 33
31 33
11 33
27 33
22 34
19 34
28 34
6 34
22 35
15 35
9 35
1 35
2 36
0 36
5 36
11 36
10 37
15 37
2 37
5 37
33 38
22 38
11 38
9 38
7 39
10 39
29 39
20 39
22 40
23 40
2 40
31 40
5 41
6 41
10 41
2 41
26 42
20 42
37 42
15 42
12 43
38 43
2 43
26 43
18 44
13 44
2 44
10 44
22 45
42 45
5 45
8 45
9 46
1 46
31 46
3 46
39 47
10 47
1 47
23 47
5 48
2 48
28 48
21 48
13 49
29 49
5 49
42 49
10 50
49 50
12 50
34 50
33 51
38 51
27 51
12 51
22 52
18 52
48 52
34 52
22 53
31 53
26 53
18 53
6 54
38 54
15 54
8 54
25 55
32 55
7 55
38 55
16 56
5 56
2 56
50 56
24 57
8 57
26 57
0 57
6 58
22 58
32 58
18 58
2 59
10 59
57 59
56 59
33 60
11 60
1 60
44 60
11 61
34 61
1 61
49 61
4 62
8 62
45 62
13 62
29 63
58 63
7 63
14 63
8 64
6 64
30 64
12 64
22 65
58 65
5 65
24 65
51 66
37 66
10 66
9 66
38 67
3 67
7 67
35 67
6 68
7 68
1 68
2 68
9 69
25 69
64 69
21 69
47 70
1 70
63 70
0 70
11 71
45 71
28 71
58 71
2 72
30 72
48 72
65 72
0 73
71 73
8 73
10 73
41 74
42 74
22 74
19 74
44 75
9 75
5 75
28 75
47 76
50 76
11 76
28 76
10 77
55 77
69 77
59 77
2 78
33 78
24 78
4 78
12 79
5 79
22 79
1 79
76 80
15 80
24 80
0 80
36 81
48 81
39 81
8 81
37 82
41 82
65 82
79 82
3 83
11 83
49 83
2 83
65 84
34 84
75 84
7 84
30 85
68 85
4 85
79 85
24 86
15 86
25 86
29 86
2 87
29 87
12 87
0 87
30 88
25 88
12 88
40 88
8 89
36 89
29 89
0 89
11 90
2 90
29 90
5 90
48 91
8 91
89 91
18 91
7 92
21 92
16 92
5 92
58 93
13 93
73 93
43 93
1 94
3 94
85 94
63 94
2 95
31 95
0 95
34 95
95 96
47 96
0 96
88 96
34 97
79 97
37 97
4 97
19 98
4 98
3 98
21 98
79 99
12 99
62 99
33 99