100 780 5
0 1
0 2
1 2
0 3
1 3
2 3
0 4
1 4
2 4
3 4
0 5
3 5
4 5
1 5
4 6
3 6
0 6
2 6
0 7
1 7
2 7
3 7
7 8
2 8
1 8
4 8
7 9
5 9
2 9
3 9
3 10
6 10
0 10
2 10
3 11
8 11
1 11
5 11
0 12
10 12
9 12
5 12
5 13
9 13
3 13
7 13
12 14
8 14
0 14
4 14
0 15
5 15
9 15
2 15
10 16
2 16
11 16
13 16
12 17
0 17
5 17
2 17
3 18
13 18
10 18
1 18
7 19
5 19
11 19
13 19
4 20
11 20
6 20
17 20
12 21
7 21
6 21
8 21
4 22
15 22
18 22
0 22
5 23
8 23
11 23
7 23
12 24
1 24
2 24
6 24
3 25
20 25
21 25
22 25
11 26
2 26
3 26
1 26
2 27
13 27
6 27
19 27
27 28
1 28
10 28
20 28
22 29
4 29
8 29
27 29
12 30
3 30
20 30
25 30
8 31
1 31
0 31
15 31
1 32
6 32
27 32
8 32
21 33
13 33
27 33
22 33
27 34
1 34
0 34
7 34
13 35
1 35
4 35
33 35
19 36
6 36
24 36
34 36
0 37
22 37
28 37
13 37
33 38
23 38
34 38
11 38
1 39
38 39
5 39
25 39
20 40
3 40
19 40
25 40
30 41
4 41
2 41
25 41
34 42
7 42
6 42
23 42
4 43
21 43
15 43
14 43
41 44
25 44
33 44
31 44
40 45
11 45
30 45
33 45
6 46
5 46
24 46
7 46
30 47
10 47
12 47
7 47
1 48
9 48
39 48
2 48
25 49
4 49
35 49
23 49
22 50
11 50
0 50
3 50
3 51
28 51
11 51
25 51
37 52
1 52
13 52
27 52
25 53
4 53
8 53
52 53
27 54
0 54
52 54
19 54
25 55
12 55
5 55
34 55
6 56
27 56
48 56
37 56
4 57
8 57
11 57
10 57
18 58
27 58
54 58
5 58
2 59
13 59
43 59
4 59
13 60
16 60
4 60
34 60
5 61
9 61
12 61
49 61
11 62
5 62
12 62
16 62
36 63
57 63
16 63
33 63
5 64
33 64
1 64
57 64
52 65
29 65
44 65
10 65
6 66
33 66
13 66
12 66
12 67
34 67
9 67
28 67
11 68
12 68
33 68
42 68
58 69
27 69
36 69
30 69
51 70
4 70
66 70
43 70
8 71
15 71
13 71
5 71
7 72
8 72
5 72
58 72
60 73
28 73
5 73
18 73
63 74
0 74
58 74
24 74
51 75
0 75
34 75
22 75
30 76
11 76
5 76
60 76
66 77
30 77
10 77
50 77
7 78
72 78
1 78
52 78
33 79
13 79
10 79
45 79
20 80
47 80
5 80
22 80
71 81
80 81
51 81
5 81
32 82
35 82
3 82
53 82
22 83
82 83
8 83
35 83
11 84
8 84
27 84
64 84
3 85
35 85
43 85
12 85
63 86
47 86
39 86
54 86
85 87
6 87
8 87
4 87
8 88
0 88
27 88
34 88
70 89
83 89
10 89
4 89
11 90
16 90
10 90
15 90
27 91
82 91
33 91
8 91
5 92
4 92
28 92
7 92
6 93
22 93
26 93
54 93
79 94
54 94
38 94
72 94
40 95
6 95
60 95
89 95
39 96
1 96
36 96
52 96
43 97
15 97
34 97
83 97
74 98
51 98
19 98
75 98
19 99
65 99
77 99
8 99
1 0
2 0
2 1
3 0
3 1
3 2
4 0
4 1
4 2
4 3
5 0
5 3
5 4
5 1
6 4
6 3
6 0
6 2
7 0
7 1
7 2
7 3
8 7
8 2
8 1
8 4
9 7
9 5
9 2
9 3
10 3
10 6
10 0
10 2
11 3
11 8
11 1
11 5
12 0
12 10
12 9
12 5
13 5
13 9
13 3
13 7
14 12
14 8
14 0
14 4
15 0
15 5
15 9
15 2
16 10
16 2
16 11
16 13
17 12
17 0
17 5
17 2
18 3
18 13
18 10
18 1
19 7
19 5
19 11
19 13
20 4
20 11
20 6
20 17
21 12
21 7
21 6
21 8
22 4
22 15
22 18
22 0
23 5
23 8
23 11
23 7
24 12
24 1
24 2
24 6
25 3
25 20
25 21
25 22
26 11
26 2
26 3
26 1
27 2
27 13
27 6
27 19
28 27
28 1
28 10
28 20
29 22
29 4
29 8
29 27
30 12
30 3
30 20
30 25
31 8
31 1
31 0
31 15
32 1
32 6
32 27
32 8
33 21
33 13
33 27
33 22
34 27
34 1
34 0
34 7
35 13
35 1
35 4
35 33
36 19
36 6
36 24
36 34
37 0
37 22
37 28
37 13
38 33
38 23
38 34
38 11
39 1
39 38
39 5
39 25
40 20
40 3
40 19
40 25
41 30
41 4
41 2
41 25
42 34
42 7
42 6
42 23
43 4
43 21
43 15
43 14
44 41
44 25
44 33
44 31
45 40
45 11
45 30
45 33
46 6
46 5
46 24
46 7
47 30
47 10
47 12
47 7
48 1
48 9
48 39
48 2
49 25
49 4
49 35
49 23
50 22
50 11
50 0
50 3
51 3
51 28
51 11
51 25
52 37
52 1
52 13
52 27
53 25
53 4
53 8
53 52
54 27
54 0
54 52
54 19
55 25
55 12
55 5
55 34
56 6
56 27
56 48
56 37
57 4
57 8
57 11
57 10
58 18
58 27
58 54
58 5
59 2
59 13
59 43
59 4
60 13
60 16
60 4
60 34
61 5
61 9
61 12
61 49
62 11
62 5
62 12
62 16
63 36
63 57
63 16
63 33
64 5
64 33
64 1
64 57
65 52
65 29
65 44
65 10
66 6
66 33
66 13
66 12
67 12
67 34
67 9
67 28
68 11
68 12
68 33
68 42
69 58
69 27
69 36
69 30
70 51
70 4
70 66
70 43
71 8
71 15
71 13
71 5
72 7
72 8
72 5
72 58
73 60
73 28
73 5
73 18
74 63
74 0
74 58
74 24
75 51
75 0
75 34
75 22
76 30
76 11
76 5
76 60
77 66
77 30
77 10
77 50
78 7
78 72
78 1
78 52
79 33
79 13
79 10
79 45
80 20
80 47
80 5
80 22
81 71
81 80
81 51
81 5
82 32
82 35
82 3
82 53
83 22
83 82
83 8
83 35
84 11
84 8
84 27
84 64
85 3
85 35
85 43
85 12
86 63
86 47
86 39
86 54
87 85
87 6
87 8
87 4
88 8
88 0
88 27
88 34
89 70
89 83
89 10
89 4
90 11
90 16
90 10
90 15
91 27
91 82
91 33
91 8
92 5
92 4
92 28
92 7
93 6
93 22
93 26
93 54
94 79
94 54
94 38
94 72
95 40
95 6
95 60
95 89
96 39
96 1
96 36
96 52
97 43
97 15
97 34
97 83
98 74
98 51
98 19
98 75
99 19
99 65
99 77
99 8
1 1 1 1 1 1 0 0 1 0 0 1 0 1 0 0 1 1 0 0 0 1 0 1 1 1 1 1 1 1 1 1 1 1 0 0 1 0 0 1 1 0 1 1 0 0 0 1 1 1 1 1 1 1 0 0 1 0 1 0 0 1 0 1 0 0 0 1 0 1 0 1 1 1 0 1 0 0 0 0 0 1 1 1 0 0 0 0 1 1 1 1 1 1 0 1 0 1 1 1
1 1 1 0 1 1 1 0 1 1 0 1 1 0 0 0 1 0 1 1 1 1 1 1 1 0 1 1 1 1 1 0 0 0 1 0 0 0 1 1 1 1 0 0 1 0 0 0 0 0 0 1 0 0 1 1 0 0 1 1 1 1 0 1 1 0 1 0 0 0 0 1 1 0 0 1 0 0 1 1 0 0 1 0 1 0 0 0 0 0 1 1 1 1 0 1 0 0 0 0
0 1 0 1 1 1 0 1 0 0 0 0 0 1 1 0 0 1 0 1 0 1 1 1 0 1 1 1 1 0 1 1 0 1 0 0 0 1 1 1 1 1 0 0 0 0 0 1 1 0 0 1 1 1 0 0 1 1 1 1 1 1 1 1 0 1 0 0 0 1 1 0 0 0 1 1 0 1 0 1 1 0 0 0 0 1 1 0 0 1 1 0 1 0 0 1 0 1 1 1
0 1 1 0 0 0 0 1 1 1 1 1 0 1 0 0 1 1 1 1 0 0 0 1 1 1 1 0 0 1 0 0 1 0 1 1 0 1 1 0 1 1 0 1 1 0 0 0 1 0 1 1 1 1 0 1 0 0 1 0 1 0 0 1 1 0 0 0 0 1 0 1 1 1 0 0 0 1 1 0 0 0 1 0 1 1 0 0 1 0 1 1 1 1 0 0 1 0 0 0
0 0 1 1 1 0 1 0 1 0 1 0 0 0 0 0 0 0 0 1 0 1 1 0 0 1 1 0 1 1 0 1 0 1 0 1 0 0 0 0 0 0 0 0 0 1 1 0 1 1 1 0 1 0 0 0 1 0 1 0 0 1 1 1 1 1 1 1 0 0 1 0 0 1 0 1 1 1 1 0 0 0 1 0 1 0 0 1 1 1 0 0 0 1 0 1 1 0 0 0