100 780 5
0 1
0 2
1 2
0 3
1 3
2 3
0 4
1 4
2 4
3 4
0 5
2 5
1 5
4 5
0 6
5 6
2 6
3 6
5 7
1 7
6 7
4 7
3 8
1 8
6 8
4 8
4 9
1 9
0 9
6 9
7 10
6 10
4 10
2 10
7 11
6 11
0 11
2 11
0 12
2 12
9 12
6 12
4 13
3 13
2 13
1 13
12 14
0 14
6 14
2 14
7 15
12 15
3 15
2 15
13 16
3 16
15 16
0 16
9 17
2 17
14 17
10 17
2 18
1 18
8 18
5 18
7 19
13 19
4 19
5 19
2 20
1 20
4 20
17 20
13 21
3 21
0 21
17 21
19 22
6 22
20 22
0 22
10 23
13 23
2 23
14 23
13 24
6 24
4 24
18 24
20 25
9 25
17 25
5 25
14 26
21 26
6 26
24 26
7 27
6 27
4 27
24 27
2 28
4 28
10 28
18 28
6 29
0 29
20 29
7 29
0 30
3 30
20 30
1 30
20 31
29 31
10 31
11 31
18 32
9 32
3 32
7 32
14 33
4 33
0 33
6 33
0 34
28 34
7 34
4 34
3 35
2 35
27 35
14 35
5 36
1 36
6 36
20 36
20 37
6 37
14 37
34 37
0 38
25 38
29 38
4 38
9 39
27 39
13 39
2 39
10 40
12 40
9 40
2 40
28 41
11 41
15 41
30 41
10 42
20 42
9 42
3 42
42 43
5 43
14 43
16 43
25 44
6 44
7 44
41 44
1 45
27 45
15 45
22 45
4 46
40 46
26 46
20 46
2 47
14 47
0 47
3 47
4 48
37 48
0 48
27 48
13 49
36 49
10 49
16 49
41 50
20 50
0 50
24 50
17 51
33 51
4 51
9 51
5 52
9 52
2 52
10 52
12 53
19 53
39 53
0 53
13 54
6 54
11 54
15 54
33 55
24 55
1 55
28 55
7 56
24 56
26 56
12 56
10 57
14 57
37 57
15 57
14 58
9 58
10 58
18 58
27 59
4 59
45 59
13 59
20 60
7 60
5 60
50 60
3 61
5 61
51 61
45 61
2 62
16 62
17 62
20 62
30 63
10 63
62 63
13 63
4 64
51 64
19 64
28 64
10 65
13 65
8 65
3 65
10 66
22 66
11 66
1 66
13 67
5 67
2 67
61 67
56 68
15 68
18 68
61 68
67 69
4 69
63 69
47 69
66 70
15 70
61 70
9 70
59 71
14 71
28 71
39 71
0 72
15 72
27 72
30 72
38 73
13 73
29 73
71 73
50 74
31 74
19 74
36 74
29 75
1 75
6 75
61 75
2 76
10 76
1 76
9 76
26 77
7 77
4 77
17 77
75 78
20 78
18 78
14 78
49 79
50 79
53 79
13 79
12 80
51 80
54 80
41 80
18 81
1 81
2 81
71 81
42 82
4 82
29 82
36 82
41 83
79 83
17 83
59 83
27 84
9 84
33 84
10 84
10 85
20 85
30 85
27 85
28 86
39 86
27 86
45 86
41 87
52 87
66 87
12 87
74 88
18 88
10 88
55 88
37 89
73 89
2 89
0 89
49 90
52 90
29 90
24 90
40 91
79 91
9 91
29 91
29 92
59 92
40 92
3 92
9 93
41 93
3 93
74 93
28 94
12 94
21 94
9 94
16 95
64 95
70 95
6 95
31 96
75 96
59 96
93 96
4 97
8 97
71 97
31 97
97 98
2 98
50 98
14 98
61 99
15 99
10 99
28 99
1 0
2 0
2 1
3 0
3 1
3 2
4 0
4 1
4 2
4 3
5 0
5 2
5 1
5 4
6 0
6 5
6 2
6 3
7 5
7 1
7 6
7 4
8 3
8 1
8 6
8 4
9 4
9 1
9 0
9 6
10 7
10 6
10 4
10 2
11 7
11 6
11 0
11 2
12 0
12 2
12 9
12 6
13 4
13 3
13 2
13 1
14 12
14 0
14 6
14 2
15 7
15 12
15 3
15 2
16 13
16 3
16 15
16 0
17 9
17 2
17 14
17 10
18 2
18 1
18 8
18 5
19 7
19 13
19 4
19 5
20 2
20 1
20 4
20 17
21 13
21 3
21 0
21 17
22 19
22 6
22 20
22 0
23 10
23 13
23 2
23 14
24 13
24 6
24 4
24 18
25 20
25 9
25 17
25 5
26 14
26 21
26 6
26 24
27 7
27 6
27 4
27 24
28 2
28 4
28 10
28 18
29 6
29 0
29 20
29 7
30 0
30 3
30 20
30 1
31 20
31 29
31 10
31 11
32 18
32 9
32 3
32 7
33 14
33 4
33 0
33 6
34 0
34 28
34 7
34 4
35 3
35 2
35 27
35 14
36 5
36 1
36 6
36 20
37 20
37 6
37 14
37 34
38 0
38 25
38 29
38 4
39 9
39 27
39 13
39 2
40 10
40 12
40 9
40 2
41 28
41 11
41 15
41 30
42 10
42 20
42 9
42 3
43 42
43 5
43 14
43 16
44 25
44 6
44 7
44 41
45 1
45 27
45 15
45 22
46 4
46 40
46 26
46 20
47 2
47 14
47 0
47 3
48 4
48 37
48 0
48 27
49 13
49 36
49 10
49 16
50 41
50 20
50 0
50 24
51 17
51 33
51 4
51 9
52 5
52 9
52 2
52 10
53 12
53 19
53 39
53 0
54 13
54 6
54 11
54 15
55 33
55 24
55 1
55 28
56 7
56 24
56 26
56 12
57 10
57 14
57 37
57 15
58 14
58 9
58 10
58 18
59 27
59 4
59 45
59 13
60 20
60 7
60 5
60 50
61 3
61 5
61 51
61 45
62 2
62 16
62 17
62 20
63 30
63 10
63 62
63 13
64 4
64 51
64 19
64 28
65 10
65 13
65 8
65 3
66 10
66 22
66 11
66 1
67 13
67 5
67 2
67 61
68 56
68 15
68 18
68 61
69 67
69 4
69 63
69 47
70 66
70 15
70 61
70 9
71 59
71 14
71 28
71 39
72 0
72 15
72 27
72 30
73 38
73 13
73 29
73 71
74 50
74 31
74 19
74 36
75 29
75 1
75 6
75 61
76 2
76 10
76 1
76 9
77 26
77 7
77 4
77 17
78 75
78 20
78 18
78 14
79 49
79 50
79 53
79 13
80 12
80 51
80 54
80 41
81 18
81 1
81 2
81 71
82 42
82 4
82 29
82 36
83 41
83 79
83 17
83 59
84 27
84 9
84 33
84 10
85 10
85 20
85 30
85 27
86 28
86 39
86 27
86 45
87 41
87 52
87 66
87 12
88 74
88 18
88 10
88 55
89 37
89 73
89 2
89 0
90 49
90 52
90 29
90 24
91 40
91 79
91 9
91 29
92 29
92 59
92 40
92 3
93 9
93 41
93 3
93 74
94 28
94 12
94 21
94 9
95 16
95 64
95 70
95 6
96 31
96 75
96 59
96 93
97 4
97 8
97 71
97 31
98 97
98 2
98 50
98 14
99 61
99 15
99 10
99 28
0 1 1 1 0 1 0 0 0 0 0 0 1 1 1 1 1 1 0 1 0 0 1 1 0 1 0 1 0 1 0 1 0 1 1 1 0 0 0 0 1 0 1 0 1 0 1 0 1 1 0 1 0 1 0 0 0 1 1 0 1 1 0 0 1 0 0 0 1 1 1 0 0 1 1 1 1 0 0 0 1 0 0 1 1 0 1 1 1 0 1 1 1 0 1 1 1 0 1 1
1 1 1 1 1 1 1 1 1 0 0 0 1 0 1 1 0 0 0 0 0 0 1 0 0 1 0 0 0 0 0 0 0 0 0 1 1 1 0 1 1 1 1 1 0 0 0 1 0 0 0 0 1 0 1 0 1 1 0 1 0 0 1 0 0 0 0 1 0 1 1 1 1 0 1 0 0 1 0 0 0 0 0 1 0 0 0 0 1 1 0 0 0 1 1 1 0 1 1 0
1 0 1 0 0 1 0 1 1 0 0 0 1 1 0 0 1 0 0 1 0 0 1 1 0 1 0 0 0 1 0 0 1 1 0 1 0 0 1 1 0 1 1 0 1 0 1 1 0 0 0 1 1 1 1 0 0 1 1 1 1 1 1 0 0 0 0 1 1 1 1 0 0 1 0 1 0 1 0 0 1 1 1 0 1 1 0 1 1 0 1 1 0 0 1 0 1 0 1 1
0 1 0 0 0 1 0 1 0 0 0 1 1 0 1 1 1 0 0 1 0 0 0 1 0 1 1 1 0 1 0 0 1 0 0 1 1 0 0 1 0 0 1 1 0 1 1 1 0 0 0 0 0 1 1 1 0 0 0 0 0 1 0 1 0 1 0 1 0 0 0 1 1 0 0 1 0 0 0 1 0 1 0 0 0 1 1 1 0 0 0 0 0 1 1 1 0 1 0 1
0 1 1 0 0 0 0 0 1 0 1 0 0 0 0 1 0 0 1 0 1 0 1 1 0 1 1 0 0 1 1 0 1 0 1 0 0 0 1 1 1 0 0 1 0 0 0 0 0 0 0 1 1 0 1 0 0 0 0 1 1 1 1 0 1 0 0 0 0 1 1 0 1 0 0 0 1 1 1 1 0 1 0 1 1 1 0 0 0 1 1 0 0 1 0 1 1 0 1 0