50 194 5
0 1
0 2
1 2
1 3
0 3
0 4
3 4
2 5
1 5
5 6
3 6
4 7
2 7
4 8
2 8
3 9
6 9
1 10
6 10
0 11
3 11
10 12
0 12
6 13
1 13
13 14
7 14
13 15
3 15
2 16
7 16
2 17
5 17
14 18
1 18
1 19
2 19
1 20
2 20
9 21
15 21
1 22
18 22
11 23
19 23
0 24
15 24
15 25
0 25
22 26
15 26
6 27
0 27
4 28
6 28
26 29
0 29
0 30
1 30
2 31
23 31
12 32
22 32
19 33
7 33
22 34
29 34
24 35
0 35
0 36
35 36
18 37
22 37
5 38
7 38
21 39
23 39
2 40
15 40
31 41
40 41
27 42
14 42
41 43
21 43
4 44
34 44
23 45
26 45
24 46
22 46
16 47
40 47
43 48
14 48
0 49
1 49
1 0
2 0
2 1
3 1
3 0
4 0
4 3
5 2
5 1
6 5
6 3
7 4
7 2
8 4
8 2
9 3
9 6
10 1
10 6
11 0
11 3
12 10
12 0
13 6
13 1
14 13
14 7
15 13
15 3
16 2
16 7
17 2
17 5
18 14
18 1
19 1
19 2
20 1
20 2
21 9
21 15
22 1
22 18
23 11
23 19
24 0
24 15
25 15
25 0
26 22
26 15
27 6
27 0
28 4
28 6
29 26
29 0
30 0
30 1
31 2
31 23
32 12
32 22
33 19
33 7
34 22
34 29
35 24
35 0
36 0
36 35
37 18
37 22
38 5
38 7
39 21
39 23
40 2
40 15
41 31
41 40
42 27
42 14
43 41
43 21
44 4
44 34
45 23
45 26
46 24
46 22
47 16
47 40
48 43
48 14
49 0
49 1
0 1 0 1 1 0 0 0 1 0 1 1 1 1 1 0 0 1 1 0 0 0 1 0 0 0 0 1 0 1 0 0 0 0 0 1 0 0 0 1 0 0 0 0 0 1 0 1 0 0
0 0 1 1 1 0 0 1 1 0 0 1 1 0 1 0 0 0 0 0 1 0 0 1 1 0 0 0 0 1 0 1 1 0 1 0 1 1 0 1 0 1 0 1 0 1 1 1 0 0
1 0 1 0 1 1 0 1 1 0 0 1 0 0 1 1 0 1 1 1 1 0 1 1 0 0 0 1 1 0 0 0 0 1 0 0 1 0 0 0 0 1 0 0 0 0 0 0 1 1
0 0 1 1 0 1 0 0 1 0 1 1 0 0 1 1 0 0 1 0 1 0 1 0 0 1 1 1 1 1 1 1 0 1 0 0 1 0 1 0 0 0 0 1 1 1 1 1 0 0
1 1 1 0 0 1 1 0 0 0 0 1 0 0 1 0 0 1 0 1 1 1 1 1 1 1 0 0 1 1 0 0 0 1 0 1 1 1 1 0 0 1 1 1 0 0 1 0 1 1