250 1980 5
0 1
0 2
1 2
0 3
1 3
2 3
0 4
1 4
2 4
3 4
1 5
3 5
4 5
2 5
4 6
0 6
1 6
5 6
5 7
0 7
4 7
6 7
6 8
3 8
1 8
2 8
3 9
5 9
4 9
7 9
0 10
7 10
5 10
4 10
0 11
9 11
6 11
7 11
1 12
9 12
4 12
11 12
4 13
3 13
9 13
10 13
5 14
2 14
4 14
10 14
7 15
8 15
10 15
4 15
9 16
4 16
5 16
15 16
4 17
2 17
6 17
8 17
17 18
10 18
1 18
0 18
8 19
10 19
6 19
18 19
15 20
11 20
19 20
6 20
19 21
12 21
6 21
10 21
4 22
1 22
21 22
3 22
3 23
5 23
8 23
6 23
2 24
6 24
10 24
20 24
0 25
8 25
9 25
23 25
7 26
16 26
14 26
6 26
4 27
19 27
13 27
16 27
21 28
18 28
20 28
3 28
6 29
21 29
5 29
7 29
4 30
6 30
19 30
20 30
26 31
10 31
28 31
25 31
30 32
2 32
11 32
10 32
3 33
19 33
9 33
4 33
2 34
3 34
22 34
9 34
6 35
27 35
31 35
4 35
5 36
17 36
22 36
9 36
12 37
33 37
22 37
20 37
17 38
9 38
7 38
15 38
27 39
1 39
34 39
9 39
19 40
25 40
2 40
27 40
0 41
36 41
35 41
8 41
17 42
25 42
3 42
36 42
25 43
16 43
12 43
32 43
25 44
21 44
1 44
30 44
13 45
41 45
18 45
1 45
13 46
10 46
12 46
25 46
10 47
0 47
25 47
9 47
9 48
46 48
8 48
3 48
44 49
8 49
23 49
4 49
15 50
22 50
10 50
16 50
3 51
15 51
6 51
34 51
16 52
4 52
1 52
18 52
4 53
5 53
9 53
50 53
53 54
46 54
6 54
28 54
48 55
16 55
0 55
21 55
52 56
49 56
46 56
5 56
35 57
10 57
56 57
51 57
3 58
2 58
12 58
7 58
53 59
12 59
0 59
55 59
6 60
46 60
7 60
4 60
38 61
1 61
50 61
5 61
4 62
33 62
41 62
46 62
9 63
25 63
16 63
4 63
29 64
6 64
47 64
17 64
35 65
33 65
63 65
15 65
60 66
0 66
47 66
28 66
33 67
3 67
7 67
0 67
33 68
12 68
11 68
32 68
2 69
68 69
46 69
5 69
7 70
4 70
22 70
65 70
7 71
9 71
1 71
31 71
28 72
45 72
65 72
29 72
10 73
11 73
33 73
4 73
5 74
4 74
10 74
25 74
60 75
5 75
27 75
31 75
3 76
2 76
54 76
5 76
53 77
33 77
52 77
4 77
41 78
60 78
17 78
51 78
66 79
10 79
38 79
57 79
75 80
19 80
26 80
9 80
35 81
18 81
58 81
2 81
25 82
10 82
73 82
0 82
65 83
0 83
36 83
16 83
74 84
31 84
30 84
4 84
52 85
7 85
4 85
33 85
22 86
1 86
35 86
46 86
17 87
4 87
19 87
6 87
49 88
73 88
1 88
12 88
74 89
12 89
66 89
3 89
34 90
64 90
47 90
74 90
41 91
34 91
74 91
3 91
90 92
22 92
8 92
57 92
23 93
12 93
21 93
66 93
41 94
9 94
16 94
10 94
60 95
9 95
0 95
2 95
22 96
40 96
69 96
55 96
54 97
34 97
92 97
52 97
2 98
35 98
26 98
14 98
9 99
82 99
53 99
83 99
38 100
11 100
68 100
43 100
62 101
5 101
92 101
15 101
97 102
86 102
42 102
61 102
47 103
7 103
95 103
12 103
60 104
95 104
98 104
13 104
8 105
95 105
71 105
4 105
75 106
2 106
5 106
41 106
12 107
93 107
82 107
105 107
25 108
89 108
15 108
26 108
6 109
9 109
35 109
4 109
89 110
43 110
8 110
91 110
6 111
54 111
55 111
90 111
8 112
82 112
28 112
32 112
55 113
58 113
29 113
11 113
68 114
7 114
40 114
73 114
10 115
5 115
16 115
58 115
18 116
37 116
73 116
98 116
76 117
4 117
1 117
109 117
2 118
35 118
7 118
68 118
8 119
18 119
26 119
5 119
0 120
94 120
113 120
58 120
52 121
50 121
81 121
44 121
28 122
9 122
73 122
45 122
90 123
5 123
113 123
62 123
19 124
104 124
2 124
10 124
61 125
18 125
91 125
54 125
51 126
114 126
27 126
35 126
101 127
72 127
122 127
5 127
41 128
9 128
22 128
7 128
82 129
94 129
29 129
21 129
37 130
10 130
22 130
122 130
5 131
84 131
128 131
54 131
79 132
50 132
74 132
5 132
107 133
20 133
3 133
43 133
112 134
1 134
17 134
132 134
53 135
9 135
109 135
54 135
61 136
23 136
7 136
18 136
59 137
2 137
65 137
42 137
11 138
95 138
10 138
20 138
71 139
0 139
90 139
10 139
9 140
2 140
3 140
100 140
117 141
75 141
113 141
53 141
15 142
31 142
8 142
4 142
24 143
119 143
33 143
22 143
4 144
112 144
26 144
82 144
30 145
128 145
13 145
6 145
106 146
73 146
85 146
59 146
3 147
124 147
7 147
26 147
82 148
9 148
8 148
118 148
0 149
28 149
86 149
44 149
102 150
97 150
33 150
88 150
64 151
122 151
95 151
70 151
66 152
35 152
31 152
11 152
16 153
5 153
37 153
21 153
14 154
28 154
52 154
3 154
58 155
12 155
138 155
72 155
14 156
12 156
69 156
19 156
81 157
135 157
103 157
85 157
69 158
139 158
50 158
122 158
33 159
10 159
43 159
11 159
110 160
39 160
31 160
36 160
75 161
153 161
21 161
52 161
143 162
29 162
111 162
57 162
19 163
48 163
82 163
7 163
7 164
42 164
121 164
98 164
50 165
163 165
64 165
159 165
102 166
30 166
15 166
19 166
45 167
111 167
30 167
35 167
54 168
118 168
49 168
50 168
135 169
136 169
103 169
69 169
27 170
2 170
12 170
35 170
46 171
7 171
50 171
92 171
0 172
95 172
30 172
82 172
10 173
34 173
109 173
89 173
41 174
4 174
130 174
34 174
87 175
44 175
78 175
25 175
9 176
106 176
59 176
81 176
25 177
2 177
162 177
15 177
26 178
153 178
0 178
85 178
54 179
99 179
91 179
12 179
57 180
149 180
11 180
45 180
7 181
12 181
150 181
123 181
96 182
25 182
19 182
21 182
76 183
1 183
128 183
55 183
111 184
118 184
141 184
40 184
13 185
157 185
1 185
93 185
149 186
91 186
0 186
11 186
173 187
5 187
8 187
35 187
111 188
115 188
179 188
21 188
132 189
79 189
113 189
15 189
26 190
12 190
10 190
7 190
148 191
60 191
67 191
2 191
23 192
145 192
65 192
49 192
99 193
9 193
66 193
130 193
153 194
187 194
49 194
39 194
34 195
45 195
75 195
142 195
147 196
33 196
17 196
54 196
5 197
108 197
28 197
118 197
121 198
90 198
120 198
38 198
54 199
89 199
43 199
108 199
86 200
2 200
5 200
41 200
164 201
188 201
67 201
10 201
21 202
37 202
52 202
143 202
156 203
16 203
103 203
15 203
201 204
119 204
129 204
5 204
50 205
0 205
176 205
45 205
4 206
16 206
104 206
132 206
117 207
21 207
16 207
61 207
20 208
0 208
6 208
68 208
59 209
69 209
86 209
35 209
48 210
8 210
203 210
121 210
33 211
26 211
108 211
184 211
76 212
94 212
131 212
8 212
123 213
203 213
35 213
51 213
136 214
146 214
13 214
36 214
95 215
122 215
9 215
43 215
126 216
179 216
98 216
59 216
4 217
109 217
31 217
118 217
216 218
10 218
23 218
165 218
33 219
124 219
11 219
85 219
90 220
25 220
18 220
167 220
9 221
1 221
63 221
45 221
54 222
220 222
10 222
186 222
200 223
88 223
26 223
3 223
178 224
25 224
134 224
4 224
10 225
12 225
53 225
185 225
119 226
7 226
101 226
22 226
139 227
181 227
67 227
27 227
142 228
29 228
128 228
46 228
2 229
11 229
186 229
23 229
9 230
20 230
102 230
60 230
129 231
43 231
64 231
109 231
23 232
25 232
2 232
223 232
97 233
2 233
0 233
31 233
46 234
55 234
36 234
111 234
63 235
79 235
65 235
169 235
153 236
129 236
1 236
144 236
1 237
17 237
157 237
91 237
140 238
90 238
125 238
19 238
52 239
2 239
6 239
197 239
48 240
43 240
39 240
2 240
93 241
99 241
87 241
28 241
167 242
224 242
142 242
139 242
21 243
109 243
215 243
123 243
21 244
126 244
20 244
63 244
15 245
195 245
115 245
16 245
240 246
193 246
66 246
227 246
83 247
109 247
11 247
63 247
177 248
201 248
2 248
15 248
133 249
27 249
6 249
55 249
1 0
2 0
2 1
3 0
3 1
3 2
4 0
4 1
4 2
4 3
5 1
5 3
5 4
5 2
6 4
6 0
6 1
6 5
7 5
7 0
7 4
7 6
8 6
8 3
8 1
8 2
9 3
9 5
9 4
9 7
10 0
10 7
10 5
10 4
11 0
11 9
11 6
11 7
12 1
12 9
12 4
12 11
13 4
13 3
13 9
13 10
14 5
14 2
14 4
14 10
15 7
15 8
15 10
15 4
16 9
16 4
16 5
16 15
17 4
17 2
17 6
17 8
18 17
18 10
18 1
18 0
19 8
19 10
19 6
19 18
20 15
20 11
20 19
20 6
21 19
21 12
21 6
21 10
22 4
22 1
22 21
22 3
23 3
23 5
23 8
23 6
24 2
24 6
24 10
24 20
25 0
25 8
25 9
25 23
26 7
26 16
26 14
26 6
27 4
27 19
27 13
27 16
28 21
28 18
28 20
28 3
29 6
29 21
29 5
29 7
30 4
30 6
30 19
30 20
31 26
31 10
31 28
31 25
32 30
32 2
32 11
32 10
33 3
33 19
33 9
33 4
34 2
34 3
34 22
34 9
35 6
35 27
35 31
35 4
36 5
36 17
36 22
36 9
37 12
37 33
37 22
37 20
38 17
38 9
38 7
38 15
39 27
39 1
39 34
39 9
40 19
40 25
40 2
40 27
41 0
41 36
41 35
41 8
42 17
42 25
42 3
42 36
43 25
43 16
43 12
43 32
44 25
44 21
44 1
44 30
45 13
45 41
45 18
45 1
46 13
46 10
46 12
46 25
47 10
47 0
47 25
47 9
48 9
48 46
48 8
48 3
49 44
49 8
49 23
49 4
50 15
50 22
50 10
50 16
51 3
51 15
51 6
51 34
52 16
52 4
52 1
52 18
53 4
53 5
53 9
53 50
54 53
54 46
54 6
54 28
55 48
55 16
55 0
55 21
56 52
56 49
56 46
56 5
57 35
57 10
57 56
57 51
58 3
58 2
58 12
58 7
59 53
59 12
59 0
59 55
60 6
60 46
60 7
60 4
61 38
61 1
61 50
61 5
62 4
62 33
62 41
62 46
63 9
63 25
63 16
63 4
64 29
64 6
64 47
64 17
65 35
65 33
65 63
65 15
66 60
66 0
66 47
66 28
67 33
67 3
67 7
67 0
68 33
68 12
68 11
68 32
69 2
69 68
69 46
69 5
70 7
70 4
70 22
70 65
71 7
71 9
71 1
71 31
72 28
72 45
72 65
72 29
73 10
73 11
73 33
73 4
74 5
74 4
74 10
74 25
75 60
75 5
75 27
75 31
76 3
76 2
76 54
76 5
77 53
77 33
77 52
77 4
78 41
78 60
78 17
78 51
79 66
79 10
79 38
79 57
80 75
80 19
80 26
80 9
81 35
81 18
81 58
81 2
82 25
82 10
82 73
82 0
83 65
83 0
83 36
83 16
84 74
84 31
84 30
84 4
85 52
85 7
85 4
85 33
86 22
86 1
86 35
86 46
87 17
87 4
87 19
87 6
88 49
88 73
88 1
88 12
89 74
89 12
89 66
89 3
90 34
90 64
90 47
90 74
91 41
91 34
91 74
91 3
92 90
92 22
92 8
92 57
93 23
93 12
93 21
93 66
94 41
94 9
94 16
94 10
95 60
95 9
95 0
95 2
96 22
96 40
96 69
96 55
97 54
97 34
97 92
97 52
98 2
98 35
98 26
98 14
99 9
99 82
99 53
99 83
100 38
100 11
100 68
100 43
101 62
101 5
101 92
101 15
102 97
102 86
102 42
102 61
103 47
103 7
103 95
103 12
104 60
104 95
104 98
104 13
105 8
105 95
105 71
105 4
106 75
106 2
106 5
106 41
107 12
107 93
107 82
107 105
108 25
108 89
108 15
108 26
109 6
109 9
109 35
109 4
110 89
110 43
110 8
110 91
111 6
111 54
111 55
111 90
112 8
112 82
112 28
112 32
113 55
113 58
113 29
113 11
114 68
114 7
114 40
114 73
115 10
115 5
115 16
115 58
116 18
116 37
116 73
116 98
117 76
117 4
117 1
117 109
118 2
118 35
118 7
118 68
119 8
119 18
119 26
119 5
120 0
120 94
120 113
120 58
121 52
121 50
121 81
121 44
122 28
122 9
122 73
122 45
123 90
123 5
123 113
123 62
124 19
124 104
124 2
124 10
125 61
125 18
125 91
125 54
126 51
126 114
126 27
126 35
127 101
127 72
127 122
127 5
128 41
128 9
128 22
128 7
129 82
129 94
129 29
129 21
130 37
130 10
130 22
130 122
131 5
131 84
131 128
131 54
132 79
132 50
132 74
132 5
133 107
133 20
133 3
133 43
134 112
134 1
134 17
134 132
135 53
135 9
135 109
135 54
136 61
136 23
136 7
136 18
137 59
137 2
137 65
137 42
138 11
138 95
138 10
138 20
139 71
139 0
139 90
139 10
140 9
140 2
140 3
140 100
141 117
141 75
141 113
141 53
142 15
142 31
142 8
142 4
143 24
143 119
143 33
143 22
144 4
144 112
144 26
144 82
145 30
145 128
145 13
145 6
146 106
146 73
146 85
146 59
147 3
147 124
147 7
147 26
148 82
148 9
148 8
148 118
149 0
149 28
149 86
149 44
150 102
150 97
150 33
150 88
151 64
151 122
151 95
151 70
152 66
152 35
152 31
152 11
153 16
153 5
153 37
153 21
154 14
154 28
154 52
154 3
155 58
155 12
155 138
155 72
156 14
156 12
156 69
156 19
157 81
157 135
157 103
157 85
158 69
158 139
158 50
158 122
159 33
159 10
159 43
159 11
160 110
160 39
160 31
160 36
161 75
161 153
161 21
161 52
162 143
162 29
162 111
162 57
163 19
163 48
163 82
163 7
164 7
164 42
164 121
164 98
165 50
165 163
165 64
165 159
166 102
166 30
166 15
166 19
167 45
167 111
167 30
167 35
168 54
168 118
168 49
168 50
169 135
169 136
169 103
169 69
170 27
170 2
170 12
170 35
171 46
171 7
171 50
171 92
172 0
172 95
172 30
172 82
173 10
173 34
173 109
173 89
174 41
174 4
174 130
174 34
175 87
175 44
175 78
175 25
176 9
176 106
176 59
176 81
177 25
177 2
177 162
177 15
178 26
178 153
178 0
178 85
179 54
179 99
179 91
179 12
180 57
180 149
180 11
180 45
181 7
181 12
181 150
181 123
182 96
182 25
182 19
182 21
183 76
183 1
183 128
183 55
184 111
184 118
184 141
184 40
185 13
185 157
185 1
185 93
186 149
186 91
186 0
186 11
187 173
187 5
187 8
187 35
188 111
188 115
188 179
188 21
189 132
189 79
189 113
189 15
190 26
190 12
190 10
190 7
191 148
191 60
191 67
191 2
192 23
192 145
192 65
192 49
193 99
193 9
193 66
193 130
194 153
194 187
194 49
194 39
195 34
195 45
195 75
195 142
196 147
196 33
196 17
196 54
197 5
197 108
197 28
197 118
198 121
198 90
198 120
198 38
199 54
199 89
199 43
199 108
200 86
200 2
200 5
200 41
201 164
201 188
201 67
201 10
202 21
202 37
202 52
202 143
203 156
203 16
203 103
203 15
204 201
204 119
204 129
204 5
205 50
205 0
205 176
205 45
206 4
206 16
206 104
206 132
207 117
207 21
207 16
207 61
208 20
208 0
208 6
208 68
209 59
209 69
209 86
209 35
210 48
210 8
210 203
210 121
211 33
211 26
211 108
211 184
212 76
212 94
212 131
212 8
213 123
213 203
213 35
213 51
214 136
214 146
214 13
214 36
215 95
215 122
215 9
215 43
216 126
216 179
216 98
216 59
217 4
217 109
217 31
217 118
218 216
218 10
218 23
218 165
219 33
219 124
219 11
219 85
220 90
220 25
220 18
220 167
221 9
221 1
221 63
221 45
222 54
222 220
222 10
222 186
223 200
223 88
223 26
223 3
224 178
224 25
224 134
224 4
225 10
225 12
225 53
225 185
226 119
226 7
226 101
226 22
227 139
227 181
227 67
227 27
228 142
228 29
228 128
228 46
229 2
229 11
229 186
229 23
230 9
230 20
230 102
230 60
231 129
231 43
231 64
231 109
232 23
232 25
232 2
232 223
233 97
233 2
233 0
233 31
234 46
234 55
234 36
234 111
235 63
235 79
235 65
235 169
236 153
236 129
236 1
236 144
237 1
237 17
237 157
237 91
238 140
238 90
238 125
238 19
239 52
239 2
239 6
239 197
240 48
240 43
240 39
240 2
241 93
241 99
241 87
241 28
242 167
242 224
242 142
242 139
243 21
243 109
243 215
243 123
244 21
244 126
244 20
244 63
245 15
245 195
245 115
245 16
246 240
246 193
246 66
246 227
247 83
247 109
247 11
247 63
248 177
248 201
248 2
248 15
249 133
249 27
249 6
249 55
1 1 0 1 0 1 1 1 1 1 0 0 0 0 1 1 0 0 0 0 1 0 1 0 1 1 1 0 0 0 0 0 0 1 1 1 1 1 1 0 1 1 0 0 0 0 1 0 0 1 1 1 1 0 0 1 1 1 1 1 1 0 1 0 1 1 1 1 0 0 0 0 0 0 1 0 1 1 1 1 0 1 1 0 1 0 1 0 0 0 1 0 1 1 0 1 1 0 0 1 0 1 1 0 0 1 0 0 1 1 0 0 0 0 0 0 0 1 0 0 0 1 0 1 0 0 0 0 1 1 0 0 0 1 0 1 0 0 0 1 0 1 0 0 0 1 0 1 1 1 0 1 0 1 0 0 0 1 0 1 1 0 0 0 0 1 0 1 1 0 1 1 1 0 0 0 0 1 0 1 1 0 1 1 1 1 0 0 1 0 0 0 0 1 0 0 0 1 1 0 0 1 0 1 0 1 0 1 0 0 1 0 0 1 0 1 1 1 0 0 0 1 0 1 1 0 1 0 1 0 0 0 1 1 1 1 1 0 0 1 0 0 0 1 1 1 0 0 0 0
0 1 0 0 0 1 1 1 0 1 1 1 0 0 1 1 1 1 0 0 1 1 0 1 1 0 0 1 1 1 0 1 1 0 0 0 1 1 1 1 1 0 1 0 1 1 1 0 0 1 0 1 1 0 0 1 1 0 1 1 0 0 1 1 0 0 0 1 1 1 0 1 0 0 0 1 0 1 1 1 0 1 0 0 1 0 1 0 1 1 0 0 0 0 1 0 0 1 0 0 1 0 1 1 0 0 0 1 0 1 0 1 1 0 1 1 1 0 1 0 1 0 1 1 0 1 1 1 0 1 1 1 0 1 0 0 1 1 1 1 1 0 0 1 1 1 0 1 1 1 1 1 0 1 0 1 1 0 0 1 1 0 0 0 1 0 0 0 0 0 1 0 1 1 0 1 1 0 1 1 1 1 1 0 1 0 0 0 0 0 0 0 1 1 0 1 0 1 1 0 0 0 0 0 0 1 0 1 1 1 0 0 0 0 0 0 0 1 0 0 0 1 0 0 0 0 1 1 1 0 0 0 1 1 0 1 0 0 0 0 0 1 0 0 0 1 1 0 1 0
1 0 1 0 0 1 1 0 1 1 1 1 1 0 0 1 0 1 1 0 1 1 0 1 1 1 1 0 0 1 0 1 0 1 1 1 0 1 1 1 0 0 0 0 0 1 0 1 1 1 1 0 1 1 1 1 1 1 1 0 0 1 1 0 0 1 0 0 1 0 0 0 1 0 1 1 1 0 1 0 1 1 1 1 0 1 0 0 1 0 1 1 1 1 0 1 0 1 0 1 1 0 0 1 1 0 0 1 1 1 0 0 0 1 0 1 1 1 1 1 1 1 1 0 0 1 1 0 0 0 1 1 1 1 0 0 0 0 0 0 0 1 0 1 0 1 1 0 1 0 1 0 0 1 0 1 0 1 0 1 1 0 0 1 0 1 0 0 1 0 1 0 1 1 1 1 1 1 0 1 1 1 1 0 0 0 0 1 0 1 0 0 0 1 0 0 0 1 1 1 1 1 1 0 0 1 1 0 0 1 0 0 1 1 0 1 0 0 1 1 1 1 1 0 1 0 1 0 1 1 0 1 1 0 1 0 1 1 1 1 0 0 1 1 0 1 1 0 0 0
1 0 1 0 1 1 0 0 0 1 1 0 1 0 0 0 1 1 0 0 0 0 1 1 0 0 0 1 0 1 0 0 0 0 1 1 0 0 1 1 1 1 0 1 0 0 1 1 1 0 1 0 0 1 1 1 1 0 0 1 1 0 1 1 0 0 1 0 1 0 1 1 1 1 0 1 0 1 0 1 1 1 0 0 1 1 0 1 1 0 1 0 1 0 1 1 0 0 1 0 0 1 1 0 1 0 1 0 0 0 1 0 1 1 0 1 0 1 0 0 0 1 1 1 1 1 1 0 0 1 1 1 1 1 0 0 0 0 0 0 1 0 0 1 1 1 0 1 0 0 0 1 1 0 1 1 1 0 0 0 1 0 0 0 1 0 1 0 1 1 1 0 0 0 1 0 1 1 0 0 0 1 1 0 0 1 1 1 1 1 0 1 1 0 1 1 0 0 1 1 0 0 0 0 1 1 1 0 1 1 0 1 0 0 1 0 1 1 0 1 1 0 0 0 0 1 0 1 0 1 1 0 1 1 0 0 1 1 1 1 0 0 1 1 0 0 1 0 1 1
1 0 1 0 0 1 1 1 0 1 1 0 0 1 0 0 1 1 0 0 0 1 1 0 0 0 0 1 0 0 1 0 1 1 0 0 1 0 1 0 0 0 0 1 1 0 0 0 0 1 0 1 0 1 0 0 1 0 1 0 1 1 0 0 1 0 1 1 1 0 1 1 0 1 1 1 0 1 0 1 1 0 0 1 1 1 0 1 0 1 0 0 0 1 0 0 0 1 1 0 0 0 1 1 1 1 1 1 1 0 1 0 0 0 1 1 0 1 1 0 1 1 1 0 1 1 0 0 0 0 1 1 1 1 1 1 1 0 1 0 1 0 0 1 1 0 0 0 0 0 1 0 0 1 0 1 0 1 1 1 1 1 0 0 1 0 0 1 1 1 1 0 1 1 0 1 0 0 1 0 1 0 0 0 0 1 0 1 0 0 1 0 1 0 1 0 0 0 1 1 0 1 0 0 0 1 1 0 1 0 1 0 0 0 0 1 1 0 0 1 1 0 1 1 1 1 1 0 1 0 0 0 0 0 1 0 1 0 0 0 0 0 0 0 1 0 1 1 1 1