50 98 5
0 1
0 2
0 3
0 4
0 5
3 6
5 7
1 8
5 9
5 10
5 11
5 12
3 13
1 14
5 15
1 16
3 17
5 18
1 19
16 20
5 21
20 22
0 23
5 24
0 25
23 26
20 27
5 28
5 29
22 30
24 31
22 32
21 33
22 34
16 35
1 36
5 37
5 38
32 39
5 40
22 41
31 42
34 43
26 44
1 45
33 46
46 47
7 48
17 49
1 0
2 0
3 0
4 0
5 0
6 3
7 5
8 1
9 5
10 5
11 5
12 5
13 3
14 1
15 5
16 1
17 3
18 5
19 1
20 16
21 5
22 20
23 0
24 5
25 0
26 23
27 20
28 5
29 5
30 22
31 24
32 22
33 21
34 22
35 16
36 1
37 5
38 5
39 32
40 5
41 22
42 31
43 34
44 26
45 1
46 33
47 46
48 7
49 17
1 1 0 1 0 0 0 1 1 0 1 1 0 0 0 0 1 0 0 1 1 1 1 1 0 0 1 1 0 1 1 0 0 1 1 0 0 1 1 1 0 1 0 1 0 0 1 1 0 1
0 0 0 0 1 1 1 0 0 0 1 1 0 1 0 0 0 0 0 0 0 0 1 0 0 0 0 0 0 1 0 0 0 1 0 0 1 0 1 0 1 1 0 1 1 0 0 1 0 1
1 0 0 0 0 0 1 1 0 1 0 1 1 0 1 0 1 1 1 0 0 0 0 1 0 1 1 0 1 0 1 1 0 0 0 0 0 0 0 0 1 0 0 1 1 0 1 1 1 1
0 0 0 1 0 0 0 0 0 1 1 0 0 1 0 1 0 1 1 1 0 1 1 0 0 0 0 1 1 1 0 0 1 0 0 1 1 0 1 0 1 0 0 1 0 1 0 0 0 1
1 0 0 0 1 0 1 1 1 1 0 1 1 1 1 1 0 1 0 1 1 0 1 0 0 0 0 0 0 1 0 1 0 1 1 1 0 1 0 0 1 1 0 1 0 1 0 0 0 0