100 390 5
0 1
0 2
1 2
0 3
1 3
2 3
0 4
1 4
2 4
3 4
3 5
0 5
2 5
1 5
4 6
5 6
0 6
3 6
1 7
6 7
2 7
3 7
1 8
6 8
5 8
2 8
0 9
3 9
6 9
1 9
1 10
2 10
7 10
9 10
7 11
10 11
2 11
6 11
1 12
6 12
9 12
8 12
8 13
5 13
0 13
6 13
7 14
12 14
6 14
3 14
10 15
6 15
2 15
5 15
2 16
5 16
14 16
12 16
0 17
6 17
5 17
2 17
1 18
15 18
5 18
9 18
3 19
5 19
12 19
18 19
5 20
16 20
6 20
0 20
10 21
2 21
6 21
16 21
5 22
16 22
4 22
0 22
3 23
6 23
9 23
21 23
5 24
21 24
20 24
2 24
0 25
24 25
5 25
3 25
25 26
9 26
4 26
5 26
24 27
0 27
2 27
18 27
0 28
12 28
6 28
22 28
18 29
15 29
5 29
2 29
12 30
5 30
26 30
19 30
20 31
21 31
3 31
15 31
9 32
7 32
0 32
17 32
24 33
0 33
30 33
14 33
8 34
24 34
1 34
26 34
25 35
19 35
6 35
20 35
5 36
9 36
2 36
16 36
34 37
14 37
6 37
26 37
24 38
23 38
25 38
37 38
25 39
6 39
29 39
32 39
17 40
24 40
35 40
4 40
21 41
25 41
11 41
14 41
16 42
1 42
3 42
6 42
15 43
35 43
32 43
11 43
28 44
16 44
39 44
10 44
1 45
33 45
5 45
19 45
17 46
4 46
3 46
29 46
2 47
6 47
4 47
26 47
15 48
10 48
8 48
37 48
12 49
1 49
5 49
9 49
5 50
16 50
2 50
35 50
25 51
11 51
18 51
3 51
3 52
1 52
11 52
17 52
9 53
32 53
4 53
34 53
14 54
5 54
4 54
40 54
3 55
18 55
38 55
46 55
25 56
32 56
12 56
8 56
54 57
5 57
20 57
24 57
29 58
13 58
16 58
12 58
47 59
35 59
29 59
10 59
58 60
26 60
46 60
3 60
57 61
18 61
6 61
11 61
59 62
30 62
4 62
45 62
37 63
14 63
1 63
20 63
15 64
35 64
37 64
2 64
5 65
55 65
45 65
38 65
35 66
1 66
32 66
6 66
52 67
14 67
5 67
24 67
25 68
13 68
4 68
37 68
3 69
64 69
62 69
55 69
19 70
36 70
7 70
6 70
7 71
42 71
31 71
66 71
43 72
1 72
16 72
61 72
33 73
43 73
66 73
1 73
48 74
73 74
68 74
33 74
7 75
9 75
44 75
5 75
2 76
54 76
43 76
7 76
5 77
42 77
45 77
14 77
9 78
14 78
53 78
5 78
14 79
5 79
9 79
15 79
3 80
7 80
55 80
26 80
2 81
66 81
25 81
26 81
19 82
46 82
15 82
78 82
18 83
2 83
66 83
1 83
9 84
59 84
5 84
66 84
0 85
1 85
62 85
78 85
40 86
71 86
1 86
75 86
32 87
31 87
28 87
46 87
15 88
43 88
16 88
73 88
73 89
49 89
67 89
6 89
80 90
88 90
84 90
73 90
37 91
2 91
9 91
38 91
18 92
3 92
32 92
24 92
90 93
9 93
59 93
6 93
9 94
37 94
5 94
26 94
42 95
20 95
21 95
59 95
74 96
16 96
8 96
2 96
15 97
10 97
6 97
18 97
43 98
35 98
7 98
4 98
6 99
64 99
0 99
61 99
0 1 1 1 0 0 1 1 1 1 0 0 1 0 0 0 0 0 0 1 0 0 0 0 0 0 0 1 1 0 0 0 1 1 0 1 1 0 0 0 0 1 0 1 0 0 1 0 1 0 0 1 1 0 1 1 0 1 0 1 0 0 1 1 1 0 1 1 1 0 0 0 1 0 0 0 1 1 0 1 0 1 1 0 0 1 1 1 1 0 0 1 1 1 0 0 0 1 1 1
0 0 0 1 0 1 1 1 0 0 0 1 1 0 1 1 1 0 0 1 0 0 1 0 1 1 1 0 1 0 0 1 1 1 1 0 1 0 0 1 0 0 1 1 1 0 0 0 1 0 0 1 0 1 0 0 0 1 1 1 1 1 1 1 1 1 1 1 1 1 0 0 0 0 1 1 1 0 0 0 0 0 0 0 1 1 0 0 1 0 0 0 1 0 0 0 1 0 0 1
1 1 1 1 0 1 0 1 0 0 1 1 0 0 0 1 0 1 1 0 0 0 0 1 0 1 0 0 1 1 0 0 0 0 0 1 0 0 0 0 0 1 0 0 0 1 1 1 0 0 1 0 0 0 1 1 0 0 1 1 0 1 1 0 0 1 1 0 0 0 1 0 0 0 0 0 1 1 1 0 1 0 0 0 0 0 0 0 0 0 1 1 1 0 1 1 1 1 1 0
0 1 1 0 0 0 0 1 0 1 0 1 1 0 0 1 0 1 0 1 1 0 1 1 1 0 1 1 0 1 1 1 0 0 0 1 1 1 1 0 0 1 1 1 1 0 1 0 1 0 0 1 1 0 0 1 0 0 1 1 1 0 0 1 0 1 1 0 1 0 0 1 0 1 0 1 0 0 1 0 0 1 1 0 1 0 0 1 1 0 0 1 1 1 1 0 1 1 1 0
0 1 1 0 0 1 0 0 1 0 0 0 0 1 0 0 0 0 1 0 0 0 1 1 1 0 1 0 0 1 1 1 1 0 1 0 0 0 0 0 0 1 0 0 1 1 0 1 1 1 1 1 1 0 0 1 0 1 1 1 0 1 0 1 0 0 0 0 0 1 0 1 0 0 0 1 1 0 1 1 0 0 1 0 0 0 0 1 1 1 1 1 1 0 0 0 0 1 0 0