100 390 5
0 1
0 2
1 2
0 3
1 3
2 3
0 4
1 4
2 4
3 4
3 5
0 5
2 5
4 5
5 6
2 6
3 6
1 6
2 7
6 7
3 7
5 7
3 8
1 8
4 8
5 8
7 9
1 9
3 9
2 9
0 10
3 10
1 10
2 10
1 11
8 11
2 11
3 11
3 12
2 12
10 12
11 12
12 13
4 13
8 13
2 13
7 14
8 14
1 14
10 14
7 15
6 15
4 15
12 15
11 16
3 16
10 16
15 16
12 17
8 17
6 17
16 17
2 18
17 18
6 18
4 18
3 19
5 19
4 19
17 19
3 20
1 20
5 20
4 20
1 21
6 21
8 21
20 21
15 22
4 22
7 22
21 22
5 23
22 23
18 23
0 23
3 24
13 24
1 24
6 24
8 25
18 25
5 25
13 25
2 26
14 26
4 26
5 26
5 27
2 27
14 27
15 27
5 28
25 28
4 28
26 28
11 29
3 29
15 29
4 29
8 30
3 30
26 30
16 30
18 31
14 31
11 31
4 31
18 32
26 32
3 32
24 32
18 33
2 33
8 33
31 33
7 34
24 34
22 34
2 34
11 35
19 35
18 35
2 35
18 36
2 36
4 36
3 36
27 37
11 37
5 37
2 37
3 38
2 38
37 38
0 38
11 39
32 39
26 39
17 39
26 40
13 40
8 40
1 40
4 41
16 41
23 41
7 41
38 42
32 42
11 42
13 42
16 43
23 43
11 43
2 43
18 44
17 44
15 44
35 44
27 45
14 45
36 45
26 45
30 46
26 46
31 46
1 46
8 47
37 47
4 47
2 47
35 48
6 48
14 48
29 48
1 49
46 49
3 49
9 49
2 50
7 50
11 50
4 50
12 51
5 51
4 51
44 51
16 52
15 52
8 52
2 52
17 53
4 53
52 53
18 53
1 54
2 54
27 54
45 54
8 55
18 55
16 55
12 55
4 56
23 56
53 56
46 56
47 57
18 57
19 57
3 57
5 58
37 58
4 58
56 58
32 59
1 59
36 59
17 59
17 60
48 60
20 60
21 60
35 61
3 61
1 61
22 61
52 62
39 62
22 62
45 62
14 63
4 63
7 63
56 63
6 64
3 64
20 64
21 64
52 65
26 65
63 65
15 65
39 66
43 66
3 66
42 66
15 67
46 67
2 67
1 67
13 68
2 68
23 68
3 68
5 69
17 69
2 69
39 69
41 70
4 70
51 70
39 70
37 71
5 71
15 71
3 71
33 72
8 72
32 72
1 72
7 73
70 73
2 73
61 73
17 74
66 74
71 74
18 74
12 75
23 75
16 75
26 75
24 76
26 76
8 76
40 76
34 77
19 77
14 77
18 77
1 78
75 78
40 78
25 78
4 79
41 79
38 79
62 79
41 80
24 80
8 80
5 80
76 81
6 81
23 81
33 81
25 82
1 82
3 82
55 82
22 83
67 83
56 83
20 83
22 84
2 84
32 84
36 84
4 85
3 85
39 85
2 85
73 86
1 86
83 86
66 86
19 87
74 87
21 87
11 87
44 88
7 88
3 88
40 88
4 89
1 89
3 89
26 89
53 90
32 90
89 90
48 90
38 91
41 91
2 91
3 91
57 92
3 92
4 92
64 92
18 93
11 93
7 93
43 93
88 94
40 94
14 94
15 94
89 95
42 95
52 95
62 95
8 96
73 96
1 96
2 96
72 97
21 97
37 97
63 97
7 98
69 98
35 98
18 98
60 99
29 99
6 99
3 99
0 1 0 1 0 0 0 0 0 0 0 0 1 0 0 0 0 1 0 1 1 0 1 0 1 1 0 1 1 1 1 0 0 0 1 1 0 0 1 0 1 0 1 0 1 0 1 0 1 0 1 0 1 1 0 0 1 1 1 1 1 0 1 0 0 1 0 1 0 1 0 0 0 0 1 1 1 0 0 1 1 1 1 0 1 0 0 0 0 0 1 0 1 0 1 0 0 0 0 0
1 0 1 1 0 1 0 0 1 1 1 0 1 0 1 0 1 1 1 0 1 1 1 1 1 0 1 0 1 1 1 0 1 1 0 0 1 0 0 0 0 1 1 0 0 0 1 0 1 0 1 0 1 0 1 1 1 1 0 1 0 0 1 1 0 0 1 1 0 1 0 0 0 0 1 1 0 1 1 1 1 1 0 0 0 0 0 0 1 1 1 0 1 0 0 0 1 1 1 1
0 0 1 0 1 0 0 1 1 1 1 1 0 0 1 0 0 1 0 0 0 1 1 0 0 1 1 0 0 0 1 1 1 0 1 0 0 0 0 1 1 0 0 1 1 0 1 1 0 1 1 1 0 0 1 0 1 1 0 1 0 0 1 0 0 1 0 0 1 1 1 1 0 0 0 0 1 1 1 0 0 0 0 1 1 1 0 0 1 0 0 0 1 0 0 1 1 0 1 1
0 0 1 0 1 0 0 0 0 1 1 0 0 1 0 0 1 0 1 1 0 1 0 1 0 1 0 1 0 1 0 0 0 0 0 1 1 1 1 0 0 0 0 1 0 0 1 1 1 0 0 1 0 0 0 0 1 0 1 1 1 1 1 1 0 1 0 1 1 0 0 1 1 0 1 1 1 1 0 0 1 0 0 1 0 0 0 0 1 1 0 1 0 1 1 1 0 0 0 1
1 1 1 0 0 0 1 1 1 0 1 0 0 1 1 0 1 0 1 1 1 1 1 1 0 0 0 1 1 0 1 1 1 0 1 1 0 0 1 0 0 0 1 1 0 0 0 1 1 1 1 0 0 0 0 0 1 1 1 0 1 1 0 1 1 1 1 0 1 1 1 1 1 1 1 1 1 0 1 0 0 1 1 1 0 1 0 1 0 1 1 1 0 0 1 0 0 0 1 0