100 390 5
0 1
0 2
1 2
0 3
1 3
2 3
0 4
1 4
2 4
3 4
0 5
1 5
2 5
3 5
4 6
3 6
5 6
1 6
5 7
2 7
6 7
0 7
7 8
4 8
2 8
5 8
3 9
1 9
2 9
4 9
3 10
1 10
8 10
4 10
0 11
2 11
1 11
8 11
8 12
9 12
10 12
7 12
10 13
9 13
3 13
7 13
0 14
9 14
10 14
2 14
5 15
3 15
6 15
1 15
9 16
5 16
10 16
15 16
5 17
0 17
8 17
9 17
13 18
4 18
15 18
12 18
9 19
11 19
1 19
13 19
2 20
18 20
1 20
4 20
3 21
5 21
6 21
18 21
18 22
7 22
1 22
4 22
1 23
4 23
10 23
20 23
10 24
3 24
4 24
12 24
18 25
6 25
1 25
21 25
5 26
7 26
13 26
6 26
8 27
19 27
22 27
1 27
9 28
6 28
4 28
3 28
22 29
9 29
21 29
28 29
8 30
1 30
24 30
0 30
21 31
8 31
26 31
18 31
9 32
28 32
20 32
23 32
30 33
4 33
31 33
1 33
1 34
3 34
31 34
7 34
10 35
9 35
28 35
19 35
26 36
35 36
9 36
4 36
9 37
14 37
30 37
34 37
3 38
15 38
33 38
4 38
2 39
8 39
6 39
29 39
15 40
39 40
3 40
35 40
1 41
15 41
10 41
24 41
17 42
36 42
32 42
6 42
20 43
3 43
13 43
26 43
5 44
26 44
6 44
27 44
6 45
44 45
24 45
11 45
15 46
20 46
4 46
32 46
23 47
26 47
18 47
3 47
0 48
12 48
45 48
2 48
30 49
23 49
9 49
15 49
3 50
10 50
4 50
7 50
23 51
5 51
1 51
15 51
1 52
14 52
48 52
9 52
12 53
29 53
23 53
22 53
0 54
2 54
23 54
9 54
11 55
40 55
4 55
47 55
36 56
9 56
4 56
15 56
17 57
48 57
13 57
3 57
38 58
25 58
56 58
8 58
8 59
36 59
3 59
47 59
6 60
3 60
10 60
25 60
9 61
21 61
10 61
20 61
1 62
20 62
59 62
4 62
14 63
16 63
44 63
2 63
2 64
37 64
17 64
12 64
4 65
11 65
15 65
25 65
4 66
30 66
49 66
17 66
28 67
21 67
3 67
20 67
4 68
45 68
42 68
61 68
11 69
55 69
4 69
36 69
2 70
17 70
3 70
66 70
25 71
42 71
48 71
67 71
5 72
47 72
9 72
55 72
60 73
13 73
24 73
6 73
45 74
69 74
36 74
24 74
16 75
23 75
36 75
9 75
4 76
1 76
14 76
2 76
11 77
58 77
68 77
21 77
26 78
24 78
21 78
27 78
42 79
33 79
14 79
3 79
21 80
31 80
59 80
45 80
3 81
27 81
67 81
18 81
36 82
14 82
13 82
38 82
17 83
8 83
42 83
37 83
24 84
17 84
68 84
9 84
40 85
41 85
65 85
12 85
80 86
82 86
4 86
18 86
6 87
21 87
56 87
20 87
0 88
9 88
21 88
23 88
34 89
69 89
38 89
12 89
89 90
1 90
8 90
35 90
14 91
75 91
69 91
88 91
10 92
25 92
17 92
6 92
76 93
1 93
3 93
39 93
22 94
51 94
88 94
5 94
7 95
1 95
48 95
72 95
63 96
36 96
4 96
27 96
95 97
20 97
50 97
75 97
4 98
35 98
9 98
6 98
62 99
44 99
39 99
8 99
0 0 0 0 1 1 0 1 1 1 0 1 0 1 0 0 0 0 1 0 1 0 1 1 1 1 0 1 1 1 0 1 1 1 0 1 0 1 0 1 1 0 1 1 1 1 0 0 1 1 1 1 0 0 0 0 1 1 0 1 0 0 1 1 1 0 1 1 1 0 1 1 0 0 0 0 0 1 0 0 0 0 1 0 1 1 1 0 0 1 0 1 1 0 0 1 1 0 1 0
0 0 0 0 0 1 1 0 1 0 0 0 0 1 1 1 1 0 1 0 0 1 0 0 0 1 1 1 1 1 1 1 0 1 0 1 1 1 1 1 0 0 1 0 1 0 0 0 0 0 0 1 0 0 0 0 1 1 0 1 0 0 1 1 0 0 0 1 1 0 0 1 1 0 1 0 0 0 0 1 1 1 0 1 0 0 1 0 0 1 0 1 0 1 1 0 0 1 0 1
0 1 1 1 0 0 0 1 0 1 1 0 1 0 1 1 0 0 0 0 0 1 0 0 0 1 1 1 0 1 0 0 1 1 0 1 0 1 1 1 1 1 0 1 1 0 1 1 0 1 0 0 1 0 0 1 1 0 0 0 0 1 1 0 1 1 0 0 0 1 0 1 1 0 0 1 0 0 0 1 0 0 1 1 0 0 1 0 1 1 1 0 1 0 0 0 0 0 1 1
0 0 1 0 0 1 0 1 0 0 0 0 1 1 1 0 0 0 0 0 0 1 1 1 0 1 0 1 0 1 0 0 0 1 1 1 1 1 0 1 1 1 1 0 0 0 1 1 0 0 0 1 0 1 0 0 1 0 1 0 0 1 0 0 1 1 0 1 0 1 1 1 0 1 1 1 1 0 0 1 0 0 1 0 0 0 0 0 0 0 0 0 0 1 1 0 0 0 1 0
0 0 1 1 1 1 1 0 1 0 1 1 0 0 0 0 1 1 1 1 0 1 0 0 0 1 0 1 1 0 0 0 1 0 0 0 0 1 0 1 0 0 1 0 1 0 0 1 1 1 1 0 0 0 0 0 1 1 1 1 0 0 0 1 1 0 0 1 1 1 1 1 1 0 0 0 0 1 1 1 0 1 0 1 0 1 0 1 0 0 0 0 1 1 0 1 1 0 0 0