250 994 5
0 1
0 2
1 2
1 3
2 3
3 4
0 4
3 5
0 5
2 6
0 6
0 7
3 7
5 8
1 8
3 9
6 9
4 10
1 10
5 11
3 11
0 12
11 12
3 13
1 13
11 14
1 14
2 15
8 15
0 16
13 16
3 17
0 17
15 18
3 18
18 19
10 19
16 20
0 20
19 21
14 21
0 22
19 22
2 23
6 23
14 24
17 24
1 25
8 25
1 26
5 26
13 27
2 27
10 28
0 28
1 29
11 29
12 30
2 30
14 31
29 31
7 32
30 32
18 33
13 33
19 34
9 34
18 35
6 35
3 36
17 36
19 37
3 37
6 38
10 38
19 39
30 39
7 40
3 40
3 41
1 41
19 42
0 42
27 43
15 43
41 44
20 44
9 45
0 45
2 46
15 46
3 47
19 47
13 48
17 48
6 49
1 49
1 50
7 50
10 51
29 51
9 52
0 52
13 53
15 53
10 54
26 54
6 55
39 55
14 56
38 56
43 57
36 57
6 58
3 58
20 59
12 59
17 60
1 60
3 61
29 61
3 62
53 62
47 63
3 63
1 64
32 64
2 65
40 65
50 66
19 66
0 67
6 67
8 68
2 68
45 69
21 69
8 70
39 70
63 71
18 71
48 72
63 72
18 73
28 73
3 74
23 74
34 75
47 75
30 76
54 76
76 77
1 77
17 78
33 78
3 79
1 79
15 80
32 80
7 81
0 81
19 82
13 82
30 83
15 83
62 84
23 84
45 85
60 85
0 86
71 86
77 87
54 87
39 88
17 88
30 89
41 89
19 90
72 90
37 91
13 91
43 92
7 92
78 93
7 93
3 94
68 94
61 95
3 95
80 96
15 96
93 97
28 97
82 98
93 98
1 99
88 99
74 100
43 100
23 101
56 101
49 102
73 102
45 103
2 103
22 104
19 104
75 105
63 105
88 106
68 106
74 107
18 107
52 108
32 108
13 109
0 109
76 110
23 110
65 111
68 111
19 112
73 112
25 113
6 113
1 114
0 114
3 115
59 115
12 116
93 116
103 117
32 117
6 118
45 118
117 119
86 119
52 120
58 120
15 121
106 121
7 122
56 122
17 123
3 123
0 124
103 124
48 125
1 125
13 126
31 126
23 127
22 127
33 128
19 128
109 129
2 129
8 130
25 130
119 131
2 131
39 132
98 132
117 133
31 133
101 134
2 134
91 135
117 135
104 136
0 136
60 137
122 137
72 138
2 138
3 139
91 139
2 140
27 140
6 141
26 141
9 142
23 142
128 143
93 143
109 144
52 144
18 145
103 145
11 146
2 146
52 147
110 147
13 148
28 148
113 149
19 149
54 150
59 150
5 151
75 151
76 152
136 152
147 153
43 153
0 154
65 154
98 155
10 155
110 156
101 156
7 157
119 157
16 158
0 158
2 159
153 159
88 160
70 160
91 161
57 161
126 162
52 162
120 163
11 163
135 164
48 164
15 165
14 165
11 166
73 166
0 167
23 167
57 168
3 168
13 169
27 169
9 170
72 170
2 171
10 171
150 172
12 172
0 173
15 173
45 174
19 174
126 175
127 175
3 176
43 176
124 177
7 177
151 178
37 178
19 179
82 179
92 180
72 180
0 181
116 181
126 182
93 182
110 183
167 183
22 184
20 184
59 185
45 185
83 186
114 186
13 187
23 187
1 188
19 188
23 189
141 189
112 190
44 190
92 191
23 191
15 192
120 192
1 193
68 193
13 194
97 194
52 195
9 195
194 196
24 196
2 197
76 197
0 198
194 198
2 199
110 199
21 200
2 200
48 201
94 201
33 202
126 202
114 203
48 203
90 204
165 204
200 205
168 205
98 206
196 206
15 207
104 207
121 208
62 208
127 209
93 209
151 210
124 210
39 211
10 211
178 212
192 212
17 213
0 213
138 214
0 214
70 215
112 215
37 216
20 216
117 217
136 217
24 218
3 218
22 219
203 219
73 220
14 220
153 221
37 221
161 222
74 222
179 223
126 223
2 224
179 224
3 225
150 225
2 226
39 226
28 227
35 227
16 228
39 228
13 229
163 229
13 230
169 230
7 231
56 231
47 232
62 232
23 233
0 233
145 234
1 234
9 235
8 235
34 236
83 236
4 237
54 237
185 238
109 238
88 239
234 239
198 240
193 240
19 241
25 241
54 242
187 242
133 243
237 243
88 244
13 244
158 245
111 245
19 246
1 246
49 247
114 247
189 248
150 248
9 249
0 249
1 0
2 0
2 1
3 1
3 2
4 3
4 0
5 3
5 0
6 2
6 0
7 0
7 3
8 5
8 1
9 3
9 6
10 4
10 1
11 5
11 3
12 0
12 11
13 3
13 1
14 11
14 1
15 2
15 8
16 0
16 13
17 3
17 0
18 15
18 3
19 18
19 10
20 16
20 0
21 19
21 14
22 0
22 19
23 2
23 6
24 14
24 17
25 1
25 8
26 1
26 5
27 13
27 2
28 10
28 0
29 1
29 11
30 12
30 2
31 14
31 29
32 7
32 30
33 18
33 13
34 19
34 9
35 18
35 6
36 3
36 17
37 19
37 3
38 6
38 10
39 19
39 30
40 7
40 3
41 3
41 1
42 19
42 0
43 27
43 15
44 41
44 20
45 9
45 0
46 2
46 15
47 3
47 19
48 13
48 17
49 6
49 1
50 1
50 7
51 10
51 29
52 9
52 0
53 13
53 15
54 10
54 26
55 6
55 39
56 14
56 38
57 43
57 36
58 6
58 3
59 20
59 12
60 17
60 1
61 3
61 29
62 3
62 53
63 47
63 3
64 1
64 32
65 2
65 40
66 50
66 19
67 0
67 6
68 8
68 2
69 45
69 21
70 8
70 39
71 63
71 18
72 48
72 63
73 18
73 28
74 3
74 23
75 34
75 47
76 30
76 54
77 76
77 1
78 17
78 33
79 3
79 1
80 15
80 32
81 7
81 0
82 19
82 13
83 30
83 15
84 62
84 23
85 45
85 60
86 0
86 71
87 77
87 54
88 39
88 17
89 30
89 41
90 19
90 72
91 37
91 13
92 43
92 7
93 78
93 7
94 3
94 68
95 61
95 3
96 80
96 15
97 93
97 28
98 82
98 93
99 1
99 88
100 74
100 43
101 23
101 56
102 49
102 73
103 45
103 2
104 22
104 19
105 75
105 63
106 88
106 68
107 74
107 18
108 52
108 32
109 13
109 0
110 76
110 23
111 65
111 68
112 19
112 73
113 25
113 6
114 1
114 0
115 3
115 59
116 12
116 93
117 103
117 32
118 6
118 45
119 117
119 86
120 52
120 58
121 15
121 106
122 7
122 56
123 17
123 3
124 0
124 103
125 48
125 1
126 13
126 31
127 23
127 22
128 33
128 19
129 109
129 2
130 8
130 25
131 119
131 2
132 39
132 98
133 117
133 31
134 101
134 2
135 91
135 117
136 104
136 0
137 60
137 122
138 72
138 2
139 3
139 91
140 2
140 27
141 6
141 26
142 9
142 23
143 128
143 93
144 109
144 52
145 18
145 103
146 11
146 2
147 52
147 110
148 13
148 28
149 113
149 19
150 54
150 59
151 5
151 75
152 76
152 136
153 147
153 43
154 0
154 65
155 98
155 10
156 110
156 101
157 7
157 119
158 16
158 0
159 2
159 153
160 88
160 70
161 91
161 57
162 126
162 52
163 120
163 11
164 135
164 48
165 15
165 14
166 11
166 73
167 0
167 23
168 57
168 3
169 13
169 27
170 9
170 72
171 2
171 10
172 150
172 12
173 0
173 15
174 45
174 19
175 126
175 127
176 3
176 43
177 124
177 7
178 151
178 37
179 19
179 82
180 92
180 72
181 0
181 116
182 126
182 93
183 110
183 167
184 22
184 20
185 59
185 45
186 83
186 114
187 13
187 23
188 1
188 19
189 23
189 141
190 112
190 44
191 92
191 23
192 15
192 120
193 1
193 68
194 13
194 97
195 52
195 9
196 194
196 24
197 2
197 76
198 0
198 194
199 2
199 110
200 21
200 2
201 48
201 94
202 33
202 126
203 114
203 48
204 90
204 165
205 200
205 168
206 98
206 196
207 15
207 104
208 121
208 62
209 127
209 93
210 151
210 124
211 39
211 10
212 178
212 192
213 17
213 0
214 138
214 0
215 70
215 112
216 37
216 20
217 117
217 136
218 24
218 3
219 22
219 203
220 73
220 14
221 153
221 37
222 161
222 74
223 179
223 126
224 2
224 179
225 3
225 150
226 2
226 39
227 28
227 35
228 16
228 39
229 13
229 163
230 13
230 169
231 7
231 56
232 47
232 62
233 23
233 0
234 145
234 1
235 9
235 8
236 34
236 83
237 4
237 54
238 185
238 109
239 88
239 234
240 198
240 193
241 19
241 25
242 54
242 187
243 133
243 237
244 88
244 13
245 158
245 111
246 19
246 1
247 49
247 114
248 189
248 150
249 9
249 0
1 0 0 1 1 1 0 1 0 1 0 1 0 1 0 0 0 0 1 0 1 0 1 1 1 0 1 1 1 1 1 0 1 1 1 1 0 0 1 1 1 0 0 0 1 0 1 0 1 0 1 0 1 1 0 0 1 0 0 0 0 0 0 0 0 0 1 0 0 0 0 1 0 0 1 0 0 1 1 1 0 0 0 0 0 1 1 1 0 0 0 0 1 0 0 0 0 0 0 0 1 0 0 0 1 0 1 0 0 0 1 1 0 1 1 1 1 1 0 0 1 0 1 0 1 1 0 0 0 0 1 0 1 0 1 1 1 1 0 0 0 1 1 1 1 0 0 0 1 0 1 1 1 1 1 1 0 0 0 1 1 0 1 1 0 1 0 1 1 1 0 1 1 0 1 0 1 1 1 1 0 0 0 0 1 1 0 0 1 0 1 0 1 0 0 0 1 0 1 1 1 1 0 1 0 1 1 0 0 0 0 0 1 0 0 1 1 0 0 0 0 0 0 0 1 1 0 0 1 1 0 0 0 1 1 1 1 0 0 1 1 0 0 1 1 0 0 0 1 1
0 1 0 1 0 1 0 0 1 1 0 0 0 0 0 1 1 0 0 1 1 1 1 0 0 0 0 0 0 0 0 0 1 1 1 0 1 1 0 0 1 0 0 0 1 1 0 0 1 0 0 0 0 0 0 1 1 1 0 0 0 0 0 0 0 1 1 0 0 0 1 1 0 0 0 0 1 1 1 1 0 0 1 0 0 1 1 1 1 0 1 0 1 0 1 0 0 0 0 0 0 0 1 1 1 1 0 1 0 1 1 0 1 0 1 1 0 1 1 1 1 0 1 0 0 0 1 1 1 1 0 1 0 1 1 1 1 0 1 0 1 1 1 1 0 1 0 0 1 0 1 0 1 1 1 0 0 0 1 0 1 0 0 0 0 0 0 1 1 0 1 1 0 0 1 1 0 0 1 1 1 1 1 0 1 1 0 1 0 1 1 0 1 1 1 0 1 1 0 1 0 1 0 0 1 0 0 1 1 0 1 0 0 0 1 0 0 1 0 1 0 1 0 1 1 0 1 1 1 0 1 1 1 0 1 0 0 1 0 1 1 1 1 1 0 0 1 1 0 1
0 1 1 1 1 0 0 0 0 1 1 1 1 1 0 1 0 0 0 0 1 1 0 0 0 0 0 1 1 0 1 1 0 1 1 0 1 1 0 0 1 1 1 0 1 1 0 0 0 0 1 0 1 1 1 0 0 1 0 1 1 1 1 1 1 0 0 1 1 1 0 1 0 1 1 1 1 1 0 0 1 0 1 1 1 1 0 1 0 1 1 1 1 0 1 1 1 1 1 0 0 0 1 0 1 0 1 1 0 1 0 0 0 0 0 0 1 1 0 1 0 0 1 1 0 1 1 0 1 1 1 0 0 0 0 0 0 0 0 1 0 0 0 0 0 1 1 1 1 1 1 1 0 0 1 0 1 0 1 1 0 0 0 0 0 0 1 0 1 1 0 1 0 0 1 0 0 0 1 1 0 0 0 1 0 0 1 0 1 0 1 1 1 0 0 0 1 0 0 1 1 1 1 0 1 0 0 1 1 0 1 1 0 1 1 1 1 0 1 1 0 0 0 0 0 1 0 0 1 0 1 1 0 0 1 1 1 0 0 1 0 0 1 0 0 1 0 0 1 0
1 0 0 0 0 1 1 0 1 0 0 0 0 1 0 0 0 0 1 0 0 1 1 1 1 0 0 1 0 0 0 0 1 0 1 0 0 0 1 0 0 1 0 1 1 0 1 0 1 1 0 0 1 0 0 0 0 0 0 0 0 0 0 1 0 0 1 0 0 0 1 1 0 1 0 1 1 1 1 0 0 0 1 0 1 1 0 1 1 1 1 1 1 0 0 0 0 1 1 0 1 1 1 0 0 1 1 0 1 0 1 1 0 0 1 0 0 1 1 1 1 1 0 1 0 1 0 1 0 0 1 0 0 1 1 1 0 1 1 0 1 1 1 0 1 0 1 0 0 1 1 1 1 1 0 1 0 0 0 0 0 0 1 1 1 1 0 0 0 1 1 1 1 1 1 0 1 0 0 0 0 0 0 1 1 1 0 0 0 1 1 0 1 0 1 1 1 0 0 0 1 1 1 1 1 0 1 1 1 1 1 0 0 0 1 0 1 0 1 1 1 1 1 1 1 1 1 1 1 0 1 0 1 0 1 1 1 1 0 1 0 0 0 0 1 1 1 1 0 0
1 1 0 0 0 0 0 0 0 1 1 0 1 1 1 0 1 1 0 0 1 0 0 1 1 0 1 0 0 1 1 1 0 0 0 1 0 1 1 1 0 1 1 0 1 1 0 1 0 1 1 0 0 1 1 0 1 0 0 1 0 0 0 0 1 0 0 0 1 0 0 0 0 0 0 0 0 0 1 1 1 1 0 0 0 1 1 0 1 0 1 1 1 0 1 0 1 1 1 1 0 1 0 0 0 1 0 0 0 1 0 0 1 0 1 0 1 0 0 0 0 1 0 1 0 1 0 0 1 1 0 0 0 0 1 1 1 1 1 1 1 1 0 0 0 1 1 1 1 1 1 0 0 1 1 0 0 1 0 0 1 0 1 0 0 0 1 0 1 0 0 0 0 0 0 1 1 1 1 0 1 0 1 1 1 1 1 0 0 0 0 1 0 1 1 1 1 0 1 1 1 0 0 0 0 1 1 0 0 0 0 1 1 0 1 0 0 0 0 1 0 0 0 1 1 0 0 0 0 1 1 1 1 0 1 1 0 0 1 0 0 1 1 0 0 1 0 0 0 0