250 994 5
0 1
0 2
1 2
1 3
0 3
1 4
0 4
1 5
3 5
3 6
1 6
1 7
6 7
3 8
5 8
8 9
1 9
3 10
0 10
5 11
8 11
8 12
11 12
3 13
6 13
8 14
11 14
1 15
0 15
0 16
9 16
16 17
1 17
3 18
0 18
13 19
10 19
7 20
17 20
3 21
9 21
3 22
16 22
22 23
21 23
3 24
9 24
5 25
3 25
16 26
3 26
22 27
16 27
9 28
0 28
12 29
1 29
21 30
14 30
1 31
29 31
18 32
1 32
1 33
13 33
28 34
6 34
15 35
19 35
5 36
24 36
6 37
5 37
36 38
3 38
10 39
12 39
32 40
36 40
2 41
22 41
5 42
17 42
3 43
7 43
0 44
9 44
13 45
34 45
37 46
7 46
44 47
15 47
1 48
35 48
6 49
10 49
1 50
6 50
5 51
9 51
6 52
51 52
1 53
16 53
20 54
11 54
37 55
53 55
8 56
19 56
3 57
54 57
10 58
53 58
3 59
17 59
5 60
59 60
11 61
5 61
16 62
3 62
56 63
51 63
2 64
16 64
27 65
1 65
51 66
35 66
36 67
1 67
3 68
46 68
39 69
16 69
54 70
53 70
65 71
14 71
71 72
66 72
50 73
3 73
16 74
9 74
5 75
31 75
1 76
34 76
76 77
12 77
54 78
34 78
6 79
13 79
6 80
3 80
53 81
3 81
54 82
74 82
44 83
64 83
13 84
28 84
1 85
9 85
74 86
83 86
3 87
43 87
12 88
83 88
10 89
60 89
9 90
52 90
11 91
53 91
43 92
51 92
80 93
13 93
3 94
32 94
34 95
36 95
58 96
81 96
32 97
1 97
57 98
38 98
44 99
1 99
16 100
0 100
95 101
3 101
97 102
42 102
16 103
53 103
63 104
83 104
16 105
54 105
79 106
53 106
91 107
37 107
47 108
41 108
33 109
16 109
79 110
108 110
107 111
3 111
5 112
60 112
2 113
78 113
11 114
72 114
8 115
5 115
39 116
61 116
74 117
53 117
42 118
13 118
87 119
64 119
94 120
5 120
15 121
5 121
16 122
78 122
37 123
73 123
27 124
42 124
39 125
58 125
91 126
3 126
74 127
104 127
5 128
83 128
119 129
22 129
76 130
72 130
0 131
126 131
50 132
131 132
5 133
9 133
83 134
109 134
5 135
110 135
115 136
89 136
9 137
42 137
42 138
3 138
74 139
25 139
115 140
53 140
68 141
104 141
0 142
16 142
61 143
41 143
50 144
34 144
31 145
53 145
1 146
58 146
121 147
35 147
5 148
71 148
66 149
3 149
147 150
114 150
61 151
79 151
104 152
28 152
22 153
108 153
77 154
138 154
12 155
58 155
72 156
102 156
142 157
8 157
134 158
45 158
114 159
152 159
78 160
40 160
128 161
156 161
130 162
6 162
142 163
61 163
130 164
39 164
80 165
79 165
83 166
134 166
34 167
87 167
109 168
83 168
116 169
19 169
121 170
104 170
53 171
65 171
52 172
36 172
165 173
90 173
31 174
74 174
18 175
25 175
99 176
44 176
31 177
43 177
87 178
23 178
56 179
3 179
158 180
43 180
11 181
115 181
16 182
109 182
20 183
126 183
50 184
183 184
26 185
57 185
58 186
105 186
2 187
16 187
35 188
5 188
142 189
181 189
173 190
66 190
13 191
159 191
171 192
82 192
36 193
9 193
42 194
113 194
44 195
134 195
107 196
57 196
160 197
50 197
85 198
50 198
133 199
117 199
8 200
125 200
39 201
109 201
71 202
181 202
60 203
191 203
26 204
138 204
5 205
31 205
3 206
117 206
15 207
6 207
171 208
34 208
60 209
17 209
176 210
1 210
134 211
17 211
115 212
77 212
211 213
107 213
87 214
19 214
134 215
177 215
85 216
87 216
171 217
69 217
14 218
2 218
156 219
205 219
193 220
5 220
20 221
54 221
42 222
65 222
103 223
50 223
39 224
53 224
3 225
106 225
0 226
134 226
184 227
149 227
37 228
16 228
177 229
125 229
224 230
3 230
183 231
2 231
214 232
53 232
53 233
117 233
195 234
1 234
145 235
2 235
61 236
74 236
1 237
66 237
60 238
147 238
179 239
53 239
129 240
30 240
1 241
23 241
204 242
11 242
167 243
171 243
153 244
134 244
201 245
32 245
128 246
100 246
229 247
159 247
104 248
55 248
9 249
5 249
1 0
2 0
2 1
3 1
3 0
4 1
4 0
5 1
5 3
6 3
6 1
7 1
7 6
8 3
8 5
9 8
9 1
10 3
10 0
11 5
11 8
12 8
12 11
13 3
13 6
14 8
14 11
15 1
15 0
16 0
16 9
17 16
17 1
18 3
18 0
19 13
19 10
20 7
20 17
21 3
21 9
22 3
22 16
23 22
23 21
24 3
24 9
25 5
25 3
26 16
26 3
27 22
27 16
28 9
28 0
29 12
29 1
30 21
30 14
31 1
31 29
32 18
32 1
33 1
33 13
34 28
34 6
35 15
35 19
36 5
36 24
37 6
37 5
38 36
38 3
39 10
39 12
40 32
40 36
41 2
41 22
42 5
42 17
43 3
43 7
44 0
44 9
45 13
45 34
46 37
46 7
47 44
47 15
48 1
48 35
49 6
49 10
50 1
50 6
51 5
51 9
52 6
52 51
53 1
53 16
54 20
54 11
55 37
55 53
56 8
56 19
57 3
57 54
58 10
58 53
59 3
59 17
60 5
60 59
61 11
61 5
62 16
62 3
63 56
63 51
64 2
64 16
65 27
65 1
66 51
66 35
67 36
67 1
68 3
68 46
69 39
69 16
70 54
70 53
71 65
71 14
72 71
72 66
73 50
73 3
74 16
74 9
75 5
75 31
76 1
76 34
77 76
77 12
78 54
78 34
79 6
79 13
80 6
80 3
81 53
81 3
82 54
82 74
83 44
83 64
84 13
84 28
85 1
85 9
86 74
86 83
87 3
87 43
88 12
88 83
89 10
89 60
90 9
90 52
91 11
91 53
92 43
92 51
93 80
93 13
94 3
94 32
95 34
95 36
96 58
96 81
97 32
97 1
98 57
98 38
99 44
99 1
100 16
100 0
101 95
101 3
102 97
102 42
103 16
103 53
104 63
104 83
105 16
105 54
106 79
106 53
107 91
107 37
108 47
108 41
109 33
109 16
110 79
110 108
111 107
111 3
112 5
112 60
113 2
113 78
114 11
114 72
115 8
115 5
116 39
116 61
117 74
117 53
118 42
118 13
119 87
119 64
120 94
120 5
121 15
121 5
122 16
122 78
123 37
123 73
124 27
124 42
125 39
125 58
126 91
126 3
127 74
127 104
128 5
128 83
129 119
129 22
130 76
130 72
131 0
131 126
132 50
132 131
133 5
133 9
134 83
134 109
135 5
135 110
136 115
136 89
137 9
137 42
138 42
138 3
139 74
139 25
140 115
140 53
141 68
141 104
142 0
142 16
143 61
143 41
144 50
144 34
145 31
145 53
146 1
146 58
147 121
147 35
148 5
148 71
149 66
149 3
150 147
150 114
151 61
151 79
152 104
152 28
153 22
153 108
154 77
154 138
155 12
155 58
156 72
156 102
157 142
157 8
158 134
158 45
159 114
159 152
160 78
160 40
161 128
161 156
162 130
162 6
163 142
163 61
164 130
164 39
165 80
165 79
166 83
166 134
167 34
167 87
168 109
168 83
169 116
169 19
170 121
170 104
171 53
171 65
172 52
172 36
173 165
173 90
174 31
174 74
175 18
175 25
176 99
176 44
177 31
177 43
178 87
178 23
179 56
179 3
180 158
180 43
181 11
181 115
182 16
182 109
183 20
183 126
184 50
184 183
185 26
185 57
186 58
186 105
187 2
187 16
188 35
188 5
189 142
189 181
190 173
190 66
191 13
191 159
192 171
192 82
193 36
193 9
194 42
194 113
195 44
195 134
196 107
196 57
197 160
197 50
198 85
198 50
199 133
199 117
200 8
200 125
201 39
201 109
202 71
202 181
203 60
203 191
204 26
204 138
205 5
205 31
206 3
206 117
207 15
207 6
208 171
208 34
209 60
209 17
210 176
210 1
211 134
211 17
212 115
212 77
213 211
213 107
214 87
214 19
215 134
215 177
216 85
216 87
217 171
217 69
218 14
218 2
219 156
219 205
220 193
220 5
221 20
221 54
222 42
222 65
223 103
223 50
224 39
224 53
225 3
225 106
226 0
226 134
227 184
227 149
228 37
228 16
229 177
229 125
230 224
230 3
231 183
231 2
232 214
232 53
233 53
233 117
234 195
234 1
235 145
235 2
236 61
236 74
237 1
237 66
238 60
238 147
239 179
239 53
240 129
240 30
241 1
241 23
242 204
242 11
243 167
243 171
244 153
244 134
245 201
245 32
246 128
246 100
247 229
247 159
248 104
248 55
249 9
249 5
1 0 1 1 0 0 0 0 0 1 0 0 0 0 1 0 0 1 0 0 1 0 0 1 1 1 1 1 0 1 1 0 1 1 0 0 1 0 1 1 0 0 0 1 1 0 1 1 0 0 0 1 1 0 1 0 0 0 0 0 0 1 0 0 1 0 0 0 1 0 0 0 1 0 1 0 1 0 0 0 1 1 0 0 1 0 0 1 1 0 1 1 1 1 0 1 1 0 1 1 0 1 0 1 0 1 0 0 0 1 0 0 1 1 1 0 0 1 1 1 1 0 1 0 1 1 1 0 1 1 1 0 1 0 1 1 1 0 0 1 0 1 0 1 1 1 0 1 0 0 1 1 1 0 0 0 0 0 1 1 0 0 1 1 0 0 0 1 0 0 0 1 1 0 1 0 0 1 0 0 0 0 0 1 0 0 0 0 0 1 0 0 0 0 1 1 0 1 1 1 0 1 1 0 0 0 0 0 1 1 1 1 0 0 1 0 0 0 1 1 1 1 0 1 1 0 1 0 0 1 1 1 0 1 1 0 1 0 0 1 0 0 0 1 0 0 1 0 1 1
0 0 0 0 1 1 1 1 0 0 0 0 0 0 0 1 1 0 1 1 1 1 1 0 1 0 1 0 1 1 1 0 0 1 1 1 0 0 0 0 1 1 1 1 0 0 0 1 1 0 0 1 0 1 0 1 0 1 1 0 0 0 0 1 1 0 0 0 0 1 0 0 1 1 1 0 1 1 0 1 0 1 0 0 0 0 1 0 0 1 0 0 0 1 1 1 0 1 1 1 1 1 1 1 1 0 1 1 1 0 0 0 1 0 1 0 0 0 1 0 0 1 0 1 0 1 0 0 0 1 1 1 0 0 1 0 1 1 1 1 0 1 1 1 1 1 0 0 0 1 0 1 0 1 1 0 0 1 0 0 1 0 1 0 1 1 0 1 0 1 0 1 0 0 1 1 0 0 1 0 1 1 0 1 0 0 0 1 1 0 0 1 0 0 0 1 0 0 0 0 0 0 1 1 1 1 0 1 1 0 0 0 0 1 0 0 1 1 0 1 0 1 0 1 0 1 1 1 1 0 1 1 0 1 1 0 0 1 0 1 1 1 1 1 1 0 0 1 1 1
1 0 1 1 1 1 0 0 1 1 0 1 1 1 0 1 0 0 0 0 1 1 0 1 1 1 1 1 0 0 0 1 0 0 1 1 1 0 1 1 0 1 1 1 1 0 1 1 1 0 0 0 0 0 0 0 1 1 0 1 1 0 1 0 0 1 1 0 0 1 0 1 0 0 1 0 1 1 0 1 1 0 0 0 1 0 0 1 1 1 1 1 1 0 1 0 0 1 1 0 1 1 0 0 1 0 1 1 1 1 0 1 1 1 1 0 0 0 1 0 0 0 0 1 1 1 0 0 0 0 0 0 0 1 1 1 1 0 1 0 1 1 1 0 0 1 0 1 1 0 0 0 0 1 1 0 1 0 1 1 1 1 0 1 0 1 1 0 0 1 1 0 1 0 1 1 0 1 1 1 1 0 0 0 0 1 0 1 0 0 0 1 0 1 0 1 1 1 0 1 1 0 0 0 0 1 0 1 0 1 1 0 0 0 0 0 0 1 0 1 0 1 0 1 0 0 1 0 0 1 1 1 1 1 1 0 1 1 0 1 1 0 1 0 1 0 0 0 1 0
0 0 1 0 0 1 0 1 1 1 0 0 0 1 0 0 1 1 0 0 0 1 1 1 1 0 1 1 1 0 0 0 0 1 0 0 1 1 0 0 1 1 1 1 0 1 1 0 1 1 0 0 0 0 0 0 1 0 0 0 1 0 1 0 0 0 0 1 0 1 1 0 0 1 1 1 1 1 1 0 0 1 1 0 1 1 0 1 0 1 0 0 0 0 0 1 1 0 1 0 0 0 0 1 0 0 0 1 0 0 1 1 1 0 1 1 0 1 0 1 1 0 1 1 0 0 1 1 0 0 0 1 0 0 0 1 0 0 1 0 0 1 1 1 1 0 0 0 0 1 0 1 0 0 1 1 1 1 1 1 1 1 0 0 1 0 0 0 1 0 0 0 0 1 1 1 1 1 1 0 1 0 0 0 0 1 1 1 0 0 0 1 0 1 1 0 1 0 1 0 1 0 1 0 0 0 1 1 0 1 1 0 0 1 0 1 1 1 1 1 1 0 1 1 1 1 0 1 1 0 0 0 0 1 1 0 1 0 1 0 0 1 1 0 1 1 1 1 0 0
1 0 0 0 0 0 0 1 1 0 0 0 1 1 1 1 1 0 0 0 1 1 0 0 0 0 0 1 1 1 0 1 0 0 1 1 1 0 1 0 0 1 1 1 0 0 1 1 1 0 0 0 0 0 1 0 0 0 0 1 0 0 0 0 1 1 1 0 0 0 1 0 0 0 1 1 0 0 1 0 0 0 0 0 1 0 0 1 0 0 1 0 0 1 1 1 1 1 1 0 0 0 0 0 0 0 0 1 1 1 1 0 1 0 1 0 1 1 0 1 0 1 1 0 0 1 0 1 0 0 0 1 1 0 1 0 0 0 0 0 0 0 1 1 1 0 1 1 0 0 1 0 0 1 0 1 1 0 0 0 1 0 1 0 1 1 1 1 0 0 0 1 0 0 1 1 0 0 1 0 0 1 0 1 1 1 0 1 1 0 0 1 1 1 1 1 1 1 1 0 0 1 0 1 0 1 1 0 1 1 1 1 1 0 1 1 0 1 1 1 0 0 1 0 1 0 1 1 0 0 0 0 0 0 0 1 1 0 1 0 1 0 0 0 1 0 1 1 1 1