100 588 5
0 1
0 2
1 2
0 3
1 3
2 3
1 4
3 4
0 4
1 5
0 5
3 5
4 6
1 6
2 6
2 7
4 7
0 7
3 8
0 8
5 8
8 9
0 9
1 9
4 10
2 10
1 10
4 11
8 11
10 11
10 12
6 12
4 12
5 13
0 13
7 13
8 14
0 14
1 14
10 15
5 15
9 15
4 16
13 16
9 16
16 17
10 17
15 17
0 18
3 18
13 18
14 19
8 19
6 19
1 20
5 20
15 20
4 21
10 21
14 21
20 22
17 22
13 22
6 23
12 23
11 23
17 24
8 24
16 24
5 25
8 25
4 25
3 26
15 26
25 26
24 27
19 27
15 27
27 28
0 28
22 28
0 29
11 29
15 29
11 30
12 30
0 30
12 31
8 31
22 31
16 32
0 32
18 32
2 33
9 33
4 33
1 34
0 34
2 34
9 35
4 35
13 35
25 36
4 36
8 36
17 37
1 37
3 37
24 38
26 38
5 38
2 39
7 39
15 39
22 40
30 40
24 40
28 41
15 41
13 41
8 42
12 42
32 42
1 43
0 43
34 43
23 44
4 44
38 44
3 45
9 45
20 45
7 46
11 46
13 46
32 47
5 47
3 47
47 48
30 48
22 48
15 49
5 49
12 49
20 50
11 50
40 50
27 51
13 51
17 51
42 52
14 52
30 52
37 53
20 53
14 53
9 54
41 54
0 54
1 55
39 55
0 55
2 56
28 56
43 56
41 57
53 57
0 57
52 58
7 58
4 58
7 59
12 59
0 59
0 60
1 60
15 60
5 61
36 61
47 61
8 62
23 62
47 62
19 63
2 63
34 63
6 64
3 64
45 64
40 65
0 65
45 65
4 66
46 66
20 66
15 67
12 67
41 67
2 68
1 68
3 68
10 69
24 69
65 69
4 70
56 70
5 70
31 71
0 71
57 71
15 72
1 72
11 72
24 73
35 73
5 73
16 74
12 74
15 74
15 75
38 75
20 75
24 76
41 76
1 76
8 77
0 77
23 77
20 78
1 78
15 78
14 79
51 79
2 79
70 80
4 80
10 80
7 81
15 81
16 81
58 82
67 82
38 82
21 83
12 83
0 83
19 84
12 84
5 84
1 85
70 85
73 85
9 86
75 86
17 86
42 87
2 87
17 87
16 88
2 88
52 88
10 89
15 89
41 89
38 90
67 90
76 90
56 91
53 91
32 91
3 92
63 92
22 92
23 93
90 93
46 93
61 94
50 94
62 94
62 95
10 95
40 95
16 96
22 96
23 96
3 97
22 97
24 97
1 98
91 98
7 98
22 99
1 99
15 99
1 0
2 0
2 1
3 0
3 1
3 2
4 1
4 3
4 0
5 1
5 0
5 3
6 4
6 1
6 2
7 2
7 4
7 0
8 3
8 0
8 5
9 8
9 0
9 1
10 4
10 2
10 1
11 4
11 8
11 10
12 10
12 6
12 4
13 5
13 0
13 7
14 8
14 0
14 1
15 10
15 5
15 9
16 4
16 13
16 9
17 16
17 10
17 15
18 0
18 3
18 13
19 14
19 8
19 6
20 1
20 5
20 15
21 4
21 10
21 14
22 20
22 17
22 13
23 6
23 12
23 11
24 17
24 8
24 16
25 5
25 8
25 4
26 3
26 15
26 25
27 24
27 19
27 15
28 27
28 0
28 22
29 0
29 11
29 15
30 11
30 12
30 0
31 12
31 8
31 22
32 16
32 0
32 18
33 2
33 9
33 4
34 1
34 0
34 2
35 9
35 4
35 13
36 25
36 4
36 8
37 17
37 1
37 3
38 24
38 26
38 5
39 2
39 7
39 15
40 22
40 30
40 24
41 28
41 15
41 13
42 8
42 12
42 32
43 1
43 0
43 34
44 23
44 4
44 38
45 3
45 9
45 20
46 7
46 11
46 13
47 32
47 5
47 3
48 47
48 30
48 22
49 15
49 5
49 12
50 20
50 11
50 40
51 27
51 13
51 17
52 42
52 14
52 30
53 37
53 20
53 14
54 9
54 41
54 0
55 1
55 39
55 0
56 2
56 28
56 43
57 41
57 53
57 0
58 52
58 7
58 4
59 7
59 12
59 0
60 0
60 1
60 15
61 5
61 36
61 47
62 8
62 23
62 47
63 19
63 2
63 34
64 6
64 3
64 45
65 40
65 0
65 45
66 4
66 46
66 20
67 15
67 12
67 41
68 2
68 1
68 3
69 10
69 24
69 65
70 4
70 56
70 5
71 31
71 0
71 57
72 15
72 1
72 11
73 24
73 35
73 5
74 16
74 12
74 15
75 15
75 38
75 20
76 24
76 41
76 1
77 8
77 0
77 23
78 20
78 1
78 15
79 14
79 51
79 2
80 70
80 4
80 10
81 7
81 15
81 16
82 58
82 67
82 38
83 21
83 12
83 0
84 19
84 12
84 5
85 1
85 70
85 73
86 9
86 75
86 17
87 42
87 2
87 17
88 16
88 2
88 52
89 10
89 15
89 41
90 38
90 67
90 76
91 56
91 53
91 32
92 3
92 63
92 22
93 23
93 90
93 46
94 61
94 50
94 62
95 62
95 10
95 40
96 16
96 22
96 23
97 3
97 22
97 24
98 1
98 91
98 7
99 22
99 1
99 15
1 0 1 0 0 0 0 1 1 0 0 0 1 1 1 0 1 0 1 1 0 0 1 1 0 1 0 1 0 1 0 1 1 1 0 0 1 0 0 0 0 1 1 1 1 1 1 1 1 0 0 0 0 1 0 0 0 1 0 0 1 1 1 1 0 0 0 1 1 1 0 0 1 1 0 0 0 0 1 1 1 0 0 0 1 0 1 1 0 1 0 0 1 0 0 0 0 1 0 1
1 0 1 1 0 0 0 1 1 1 1 1 1 0 0 1 0 1 1 0 0 0 1 0 0 0 1 0 0 1 0 1 0 0 0 0 1 1 0 1 1 1 1 0 0 0 0 0 0 0 0 1 0 0 1 1 1 1 1 1 0 0 1 1 0 1 1 0 0 1 0 0 0 0 1 0 1 0 1 0 0 1 0 1 0 0 0 0 1 0 0 0 0 1 0 0 1 1 0 0
1 1 0 0 0 1 0 1 1 0 0 0 1 0 0 0 1 0 0 0 1 0 0 0 0 0 0 1 1 0 0 0 0 0 1 0 1 0 0 1 1 0 1 0 1 1 1 1 0 1 0 0 1 0 0 0 0 1 0 0 1 0 1 1 1 1 1 1 0 0 1 0 0 1 0 0 0 0 0 0 1 1 0 1 1 0 0 1 0 1 0 0 0 0 0 1 0 0 1 0
0 0 0 1 0 0 0 1 1 0 1 1 1 0 1 1 1 1 0 1 0 0 0 0 1 0 1 1 0 0 1 0 0 0 0 0 1 1 1 0 0 0 0 1 1 0 0 0 1 0 0 0 0 1 0 0 1 1 1 0 1 0 1 1 0 0 1 1 0 0 0 1 0 0 1 0 0 1 0 0 1 1 0 1 1 1 0 1 0 0 0 1 0 0 1 0 0 1 1 1
0 0 0 0 0 0 1 0 0 0 1 0 1 1 1 0 1 1 1 0 0 0 0 0 1 1 1 1 1 0 0 0 0 1 1 0 1 0 0 0 0 1 1 1 0 0 1 1 1 1 0 1 1 0 1 0 0 1 1 1 1 0 0 1 1 1 1 0 1 0 0 0 0 1 1 1 0 1 1 0 0 1 0 1 0 1 0 0 1 1 0 1 0 0 1 0 0 0 0 1