250 1488 5
0 1
0 2
1 2
0 3
1 3
2 3
2 4
1 4
3 4
3 5
4 5
1 5
5 6
2 6
1 6
5 7
0 7
3 7
0 8
5 8
3 8
3 9
0 9
7 9
3 10
9 10
2 10
3 11
1 11
0 11
3 12
1 12
9 12
2 13
0 13
3 13
0 14
9 14
10 14
14 15
0 15
10 15
3 16
9 16
15 16
3 17
9 17
7 17
12 18
2 18
6 18
17 19
15 19
4 19
14 20
6 20
16 20
0 21
1 21
6 21
18 22
1 22
20 22
14 23
5 23
15 23
9 24
3 24
14 24
23 25
1 25
14 25
5 26
6 26
13 26
26 27
21 27
10 27
2 28
1 28
26 28
14 29
24 29
6 29
3 30
26 30
11 30
26 31
7 31
0 31
8 32
31 32
2 32
12 33
0 33
9 33
14 34
2 34
32 34
4 35
7 35
3 35
21 36
7 36
19 36
21 37
9 37
24 37
1 38
24 38
6 38
1 39
34 39
33 39
12 40
21 40
5 40
10 41
1 41
8 41
27 42
18 42
28 42
3 43
17 43
37 43
7 44
27 44
12 44
1 45
9 45
5 45
33 46
27 46
24 46
4 47
22 47
1 47
45 48
14 48
30 48
41 49
33 49
36 49
14 50
1 50
27 50
49 51
7 51
32 51
14 52
41 52
9 52
24 53
6 53
12 53
0 54
41 54
11 54
47 55
27 55
4 55
39 56
30 56
14 56
15 57
29 57
7 57
1 58
2 58
7 58
20 59
13 59
39 59
1 60
0 60
28 60
41 61
4 61
43 61
3 62
60 62
7 62
22 63
39 63
46 63
35 64
1 64
27 64
22 65
34 65
58 65
41 66
48 66
14 66
3 67
54 67
7 67
67 68
3 68
43 68
3 69
56 69
26 69
41 70
14 70
2 70
25 71
4 71
41 71
41 72
38 72
34 72
41 73
1 73
6 73
2 74
44 74
15 74
13 75
22 75
3 75
74 76
10 76
17 76
28 77
10 77
19 77
17 78
48 78
64 78
38 79
39 79
64 79
23 80
67 80
38 80
14 81
64 81
24 81
14 82
10 82
50 82
22 83
74 83
61 83
72 84
59 84
9 84
37 85
64 85
6 85
22 86
61 86
2 86
38 87
66 87
23 87
19 88
28 88
29 88
3 89
57 89
62 89
9 90
88 90
44 90
0 91
81 91
9 91
24 92
48 92
49 92
0 93
71 93
3 93
22 94
12 94
75 94
64 95
26 95
7 95
49 96
21 96
76 96
12 97
62 97
1 97
17 98
36 98
28 98
11 99
12 99
19 99
41 100
46 100
18 100
3 101
60 101
92 101
1 102
2 102
3 102
9 103
36 103
41 103
1 104
73 104
82 104
3 105
32 105
44 105
95 106
87 106
0 106
39 107
22 107
11 107
87 108
33 108
11 108
1 109
70 109
99 109
3 110
105 110
51 110
64 111
1 111
62 111
6 112
86 112
2 112
3 113
9 113
92 113
14 114
47 114
51 114
86 115
78 115
58 115
76 116
102 116
59 116
51 117
12 117
82 117
14 118
17 118
59 118
112 119
19 119
74 119
52 120
2 120
65 120
108 121
83 121
70 121
8 122
48 122
25 122
63 123
38 123
27 123
35 124
23 124
59 124
9 125
41 125
11 125
97 126
18 126
17 126
60 127
27 127
34 127
33 128
57 128
23 128
100 129
0 129
119 129
99 130
48 130
0 130
19 131
10 131
61 131
64 132
53 132
113 132
16 133
44 133
84 133
61 134
18 134
30 134
36 135
123 135
5 135
6 136
43 136
73 136
2 137
44 137
71 137
117 138
87 138
97 138
104 139
12 139
29 139
103 140
116 140
2 140
128 141
49 141
122 141
9 142
86 142
5 142
33 143
108 143
41 143
119 144
52 144
36 144
23 145
0 145
45 145
131 146
4 146
51 146
82 147
145 147
14 147
56 148
26 148
52 148
89 149
30 149
97 149
26 150
31 150
111 150
92 151
2 151
1 151
108 152
32 152
80 152
42 153
8 153
26 153
135 154
93 154
86 154
140 155
2 155
128 155
125 156
24 156
119 156
86 157
2 157
39 157
82 158
23 158
112 158
105 159
1 159
70 159
137 160
89 160
9 160
5 161
8 161
22 161
14 162
15 162
48 162
41 163
26 163
99 163
10 164
17 164
14 164
74 165
7 165
148 165
53 166
135 166
75 166
26 167
86 167
116 167
19 168
100 168
6 168
58 169
86 169
48 169
101 170
1 170
116 170
17 171
108 171
11 171
1 172
46 172
38 172
11 173
18 173
60 173
123 174
5 174
1 174
59 175
2 175
0 175
138 176
79 176
87 176
114 177
10 177
27 177
161 178
82 178
109 178
9 179
14 179
115 179
107 180
4 180
14 180
131 181
23 181
2 181
69 182
44 182
2 182
176 183
30 183
1 183
0 184
88 184
86 184
148 185
9 185
40 185
9 186
8 186
51 186
161 187
41 187
130 187
16 188
64 188
22 188
5 189
82 189
26 189
88 190
10 190
15 190
50 191
6 191
179 191
178 192
183 192
111 192
3 193
17 193
26 193
5 194
73 194
2 194
0 195
158 195
43 195
116 196
2 196
90 196
14 197
9 197
71 197
2 198
3 198
28 198
68 199
111 199
138 199
23 200
54 200
12 200
145 201
155 201
6 201
176 202
183 202
16 202
113 203
41 203
35 203
4 204
60 204
102 204
92 205
55 205
184 205
15 206
102 206
180 206
14 207
25 207
119 207
37 208
150 208
46 208
176 209
15 209
122 209
17 210
144 210
102 210
60 211
138 211
3 211
128 212
19 212
116 212
186 213
164 213
109 213
125 214
138 214
194 214
8 215
44 215
116 215
14 216
13 216
85 216
86 217
87 217
148 217
193 218
217 218
9 218
59 219
17 219
3 219
61 220
22 220
183 220
60 221
168 221
0 221
216 222
186 222
132 222
54 223
102 223
2 223
131 224
144 224
221 224
186 225
105 225
3 225
87 226
39 226
10 226
59 227
46 227
4 227
57 228
162 228
54 228
9 229
102 229
17 229
15 230
140 230
126 230
96 231
180 231
33 231
0 232
19 232
24 232
88 233
132 233
209 233
21 234
79 234
49 234
3 235
10 235
81 235
214 236
127 236
211 236
29 237
223 237
111 237
14 238
140 238
108 238
32 239
14 239
11 239
137 240
198 240
35 240
98 241
131 241
125 241
44 242
2 242
120 242
26 243
15 243
109 243
75 244
27 244
14 244
173 245
33 245
140 245
99 246
12 246
75 246
38 247
43 247
8 247
107 248
49 248
72 248
30 249
125 249
106 249
1 0
2 0
2 1
3 0
3 1
3 2
4 2
4 1
4 3
5 3
5 4
5 1
6 5
6 2
6 1
7 5
7 0
7 3
8 0
8 5
8 3
9 3
9 0
9 7
10 3
10 9
10 2
11 3
11 1
11 0
12 3
12 1
12 9
13 2
13 0
13 3
14 0
14 9
14 10
15 14
15 0
15 10
16 3
16 9
16 15
17 3
17 9
17 7
18 12
18 2
18 6
19 17
19 15
19 4
20 14
20 6
20 16
21 0
21 1
21 6
22 18
22 1
22 20
23 14
23 5
23 15
24 9
24 3
24 14
25 23
25 1
25 14
26 5
26 6
26 13
27 26
27 21
27 10
28 2
28 1
28 26
29 14
29 24
29 6
30 3
30 26
30 11
31 26
31 7
31 0
32 8
32 31
32 2
33 12
33 0
33 9
34 14
34 2
34 32
35 4
35 7
35 3
36 21
36 7
36 19
37 21
37 9
37 24
38 1
38 24
38 6
39 1
39 34
39 33
40 12
40 21
40 5
41 10
41 1
41 8
42 27
42 18
42 28
43 3
43 17
43 37
44 7
44 27
44 12
45 1
45 9
45 5
46 33
46 27
46 24
47 4
47 22
47 1
48 45
48 14
48 30
49 41
49 33
49 36
50 14
50 1
50 27
51 49
51 7
51 32
52 14
52 41
52 9
53 24
53 6
53 12
54 0
54 41
54 11
55 47
55 27
55 4
56 39
56 30
56 14
57 15
57 29
57 7
58 1
58 2
58 7
59 20
59 13
59 39
60 1
60 0
60 28
61 41
61 4
61 43
62 3
62 60
62 7
63 22
63 39
63 46
64 35
64 1
64 27
65 22
65 34
65 58
66 41
66 48
66 14
67 3
67 54
67 7
68 67
68 3
68 43
69 3
69 56
69 26
70 41
70 14
70 2
71 25
71 4
71 41
72 41
72 38
72 34
73 41
73 1
73 6
74 2
74 44
74 15
75 13
75 22
75 3
76 74
76 10
76 17
77 28
77 10
77 19
78 17
78 48
78 64
79 38
79 39
79 64
80 23
80 67
80 38
81 14
81 64
81 24
82 14
82 10
82 50
83 22
83 74
83 61
84 72
84 59
84 9
85 37
85 64
85 6
86 22
86 61
86 2
87 38
87 66
87 23
88 19
88 28
88 29
89 3
89 57
89 62
90 9
90 88
90 44
91 0
91 81
91 9
92 24
92 48
92 49
93 0
93 71
93 3
94 22
94 12
94 75
95 64
95 26
95 7
96 49
96 21
96 76
97 12
97 62
97 1
98 17
98 36
98 28
99 11
99 12
99 19
100 41
100 46
100 18
101 3
101 60
101 92
102 1
102 2
102 3
103 9
103 36
103 41
104 1
104 73
104 82
105 3
105 32
105 44
106 95
106 87
106 0
107 39
107 22
107 11
108 87
108 33
108 11
109 1
109 70
109 99
110 3
110 105
110 51
111 64
111 1
111 62
112 6
112 86
112 2
113 3
113 9
113 92
114 14
114 47
114 51
115 86
115 78
115 58
116 76
116 102
116 59
117 51
117 12
117 82
118 14
118 17
118 59
119 112
119 19
119 74
120 52
120 2
120 65
121 108
121 83
121 70
122 8
122 48
122 25
123 63
123 38
123 27
124 35
124 23
124 59
125 9
125 41
125 11
126 97
126 18
126 17
127 60
127 27
127 34
128 33
128 57
128 23
129 100
129 0
129 119
130 99
130 48
130 0
131 19
131 10
131 61
132 64
132 53
132 113
133 16
133 44
133 84
134 61
134 18
134 30
135 36
135 123
135 5
136 6
136 43
136 73
137 2
137 44
137 71
138 117
138 87
138 97
139 104
139 12
139 29
140 103
140 116
140 2
141 128
141 49
141 122
142 9
142 86
142 5
143 33
143 108
143 41
144 119
144 52
144 36
145 23
145 0
145 45
146 131
146 4
146 51
147 82
147 145
147 14
148 56
148 26
148 52
149 89
149 30
149 97
150 26
150 31
150 111
151 92
151 2
151 1
152 108
152 32
152 80
153 42
153 8
153 26
154 135
154 93
154 86
155 140
155 2
155 128
156 125
156 24
156 119
157 86
157 2
157 39
158 82
158 23
158 112
159 105
159 1
159 70
160 137
160 89
160 9
161 5
161 8
161 22
162 14
162 15
162 48
163 41
163 26
163 99
164 10
164 17
164 14
165 74
165 7
165 148
166 53
166 135
166 75
167 26
167 86
167 116
168 19
168 100
168 6
169 58
169 86
169 48
170 101
170 1
170 116
171 17
171 108
171 11
172 1
172 46
172 38
173 11
173 18
173 60
174 123
174 5
174 1
175 59
175 2
175 0
176 138
176 79
176 87
177 114
177 10
177 27
178 161
178 82
178 109
179 9
179 14
179 115
180 107
180 4
180 14
181 131
181 23
181 2
182 69
182 44
182 2
183 176
183 30
183 1
184 0
184 88
184 86
185 148
185 9
185 40
186 9
186 8
186 51
187 161
187 41
187 130
188 16
188 64
188 22
189 5
189 82
189 26
190 88
190 10
190 15
191 50
191 6
191 179
192 178
192 183
192 111
193 3
193 17
193 26
194 5
194 73
194 2
195 0
195 158
195 43
196 116
196 2
196 90
197 14
197 9
197 71
198 2
198 3
198 28
199 68
199 111
199 138
200 23
200 54
200 12
201 145
201 155
201 6
202 176
202 183
202 16
203 113
203 41
203 35
204 4
204 60
204 102
205 92
205 55
205 184
206 15
206 102
206 180
207 14
207 25
207 119
208 37
208 150
208 46
209 176
209 15
209 122
210 17
210 144
210 102
211 60
211 138
211 3
212 128
212 19
212 116
213 186
213 164
213 109
214 125
214 138
214 194
215 8
215 44
215 116
216 14
216 13
216 85
217 86
217 87
217 148
218 193
218 217
218 9
219 59
219 17
219 3
220 61
220 22
220 183
221 60
221 168
221 0
222 216
222 186
222 132
223 54
223 102
223 2
224 131
224 144
224 221
225 186
225 105
225 3
226 87
226 39
226 10
227 59
227 46
227 4
228 57
228 162
228 54
229 9
229 102
229 17
230 15
230 140
230 126
231 96
231 180
231 33
232 0
232 19
232 24
233 88
233 132
233 209
234 21
234 79
234 49
235 3
235 10
235 81
236 214
236 127
236 211
237 29
237 223
237 111
238 14
238 140
238 108
239 32
239 14
239 11
240 137
240 198
240 35
241 98
241 131
241 125
242 44
242 2
242 120
243 26
243 15
243 109
244 75
244 27
244 14
245 173
245 33
245 140
246 99
246 12
246 75
247 38
247 43
247 8
248 107
248 49
248 72
249 30
249 125
249 106
0 1 0 0 0 0 1 0 0 1 1 1 1 1 1 1 0 1 0 0 1 1 1 1 1 1 0 1 0 0 1 0 0 0 1 1 0 0 0 0 1 1 0 1 0 1 1 1 1 1 0 0 1 1 0 0 1 1 1 0 1 0 1 0 0 1 0 1 1 1 1 0 0 1 1 0 1 0 0 0 0 0 0 1 0 0 1 1 0 1 0 0 1 1 0 0 0 0 0 1 1 0 1 1 0 1 0 0 1 0 1 1 0 1 0 0 0 1 0 0 0 0 0 1 1 1 0 0 0 1 1 0 0 0 1 0 1 1 0 0 1 1 1 1 0 0 1 0 1 1 1 1 1 0 1 0 0 1 1 0 1 1 0 1 0 0 1 1 1 1 1 1 0 0 1 0 1 0 1 0 1 0 0 0 0 1 1 0 0 1 0 1 1 1 1 1 0 0 0 1 1 1 0 1 0 1 1 1 1 0 0 1 0 1 0 0 1 0 1 1 1 1 1 1 1 1 1 1 1 1 0 0 0 1 0 0 0 0 1 1 0 1 0 1 1 1 1 1 0 0
0 1 1 1 1 0 1 1 0 1 1 0 0 1 0 1 0 1 0 0 0 0 0 0 0 1 1 1 1 0 1 1 1 1 0 1 0 0 0 0 0 0 0 0 1 0 0 0 0 0 1 0 0 0 0 0 0 1 1 1 1 0 1 0 1 0 0 0 1 0 0 1 1 1 0 0 1 1 0 1 0 0 1 0 1 0 1 1 0 0 0 0 1 0 1 0 0 1 0 1 0 0 1 0 1 0 0 1 0 0 1 1 1 0 0 0 0 1 0 1 0 1 1 0 0 1 0 1 0 0 0 0 0 0 1 0 0 0 1 1 1 1 0 1 1 1 1 0 0 1 1 1 0 1 1 1 1 0 0 0 1 0 0 1 1 1 1 1 1 0 0 1 0 0 1 0 0 1 1 1 1 0 0 1 1 0 1 0 0 0 1 0 0 1 1 0 1 1 1 1 0 1 1 1 0 0 0 1 1 0 1 0 0 1 1 0 0 0 0 1 0 0 1 0 1 0 1 1 0 1 0 0 0 0 0 0 1 0 1 1 0 1 1 1 0 1 1 0 0 1
1 1 1 1 1 0 1 1 1 0 0 1 0 0 0 0 1 1 1 1 1 1 1 0 0 1 0 1 0 1 1 1 0 0 1 0 1 1 1 0 1 1 0 1 0 0 1 1 1 1 0 1 1 1 1 1 0 1 1 0 0 0 1 0 1 1 0 1 0 1 1 1 0 1 0 0 0 0 0 0 1 0 0 0 1 1 0 1 0 0 1 1 1 0 0 0 0 1 0 1 1 1 0 0 1 1 0 1 1 1 1 1 0 0 0 0 1 1 1 1 1 0 0 1 1 1 1 1 0 1 1 1 1 1 0 1 0 1 1 1 0 0 1 1 0 1 1 1 0 0 1 1 1 1 1 0 1 0 1 1 0 1 0 1 1 0 0 1 1 1 1 0 0 1 1 0 0 0 0 1 1 1 0 0 0 1 1 0 1 0 1 1 1 1 0 1 1 1 1 0 0 1 1 1 0 0 0 1 0 0 1 1 1 1 0 0 0 0 1 1 1 1 1 1 1 0 1 1 0 0 0 0 1 1 1 0 0 0 1 0 0 0 0 0 1 1 1 1 1 0
1 0 1 0 0 0 1 1 0 1 0 0 0 1 1 0 1 1 1 1 1 1 1 1 1 0 1 1 0 0 1 0 1 1 1 0 1 0 0 1 0 0 1 0 1 1 1 1 1 1 0 0 0 1 0 1 1 1 1 1 1 1 0 0 0 0 1 0 0 0 0 1 0 1 0 1 1 1 0 1 1 1 0 0 0 1 1 1 0 1 0 1 0 1 1 1 0 0 0 0 0 0 0 1 1 1 0 1 0 0 0 1 0 1 1 0 0 0 0 1 0 1 0 0 1 1 1 0 1 1 0 1 1 0 0 0 0 1 1 1 0 1 1 0 0 1 1 1 1 0 1 0 0 1 0 0 0 0 1 0 1 1 0 1 1 1 1 1 0 1 1 0 1 1 0 1 1 1 1 1 0 1 1 1 1 0 0 0 1 1 1 1 0 0 1 1 1 1 0 0 0 0 1 0 1 0 0 1 1 1 1 1 0 1 1 1 1 0 0 1 1 0 0 1 0 1 1 0 0 1 1 0 1 1 0 1 1 1 0 0 1 0 1 1 1 1 1 1 0 1
0 0 0 1 0 0 0 0 1 1 1 0 0 0 0 1 0 1 0 1 0 1 0 1 0 0 0 0 0 1 0 0 0 0 1 0 0 0 1 0 1 1 0 0 0 0 1 1 0 0 1 1 0 1 0 0 0 0 1 1 0 0 1 0 1 0 1 1 1 0 0 1 0 1 0 1 1 0 1 0 0 0 1 0 0 0 0 1 1 0 0 1 0 1 0 0 0 0 0 0 1 1 1 1 1 0 0 0 1 1 1 1 1 0 1 0 1 0 1 0 1 1 1 1 0 0 0 1 0 1 1 1 1 0 1 1 1 0 1 0 1 0 0 1 0 0 1 1 0 1 0 0 1 0 0 1 1 1 1 1 0 1 0 1 1 0 1 1 0 0 0 1 1 1 1 1 1 0 1 1 0 0 1 1 0 1 1 1 1 0 0 0 0 1 0 1 1 0 0 0 0 1 0 1 0 0 0 0 0 0 0 1 1 1 0 1 1 0 1 0 1 0 0 1 1 0 1 0 0 1 1 0 0 0 0 1 1 1 1 1 0 0 1 0 1 0 1 1 1 1